6.946265697479248047e-01
5.458333492279052734e-01
4.882970154285430908e-01
6.259618401527404785e-01
4.466559886932373047e-01
3.230461478233337402e-01
9.192864894866943359e-01
5.283300876617431641e-01
5.215342044830322266e-01
6.606498956680297852e-01
4.249523580074310303e-01
2.837643027305603027e-01
2.275029569864273071e-01
5.399472713470458984e-01
5.167923569679260254e-01
2.786322534084320068e-01
4.513680040836334229e-01
6.464341878890991211e-01
6.416422724723815918e-01
5.309448242187500000e-01
8.052012324333190918e-01
6.409603357315063477e-01
3.402988910675048828e-01
6.257410645484924316e-01
7.886632680892944336e-01
5.727701187133789062e-01
7.008299231529235840e-01
4.835611581802368164e-01
5.248349905014038086e-01
5.252084136009216309e-01
8.733470439910888672e-01
7.746657133102416992e-01
4.451388120651245117e-01
4.849682748317718506e-01
3.814638555049896240e-01
4.161313772201538086e-01
7.054407596588134766e-01
3.809738755226135254e-01
4.226510226726531982e-01
4.708109498023986816e-01
3.773098587989807129e-01
8.798022866249084473e-01
3.752256929874420166e-01
3.968214094638824463e-01
1.215049266815185547e+00
4.965773820877075195e-01
5.875229835510253906e-01
3.684334158897399902e-01
9.269251823425292969e-01
6.102535724639892578e-01
7.451989650726318359e-01
5.565418004989624023e-01
4.495840668678283691e-01
4.680053889751434326e-01
5.973855853080749512e-01
3.159864246845245361e-01
5.996116399765014648e-01
2.835282683372497559e-01
6.734714508056640625e-01
5.613196492195129395e-01
4.235137104988098145e-01
7.588460445404052734e-01
6.309254169464111328e-01
5.678909420967102051e-01
4.757205843925476074e-01
5.045250654220581055e-01
7.255944013595581055e-01
6.028443574905395508e-01
4.281695187091827393e-01
5.128947496414184570e-01
6.282209157943725586e-01
6.361708641052246094e-01
4.466524422168731689e-01
6.232830286026000977e-01
3.273859322071075439e-01
6.928197145462036133e-01
3.450840413570404053e-01
2.996507287025451660e-01
3.385443091392517090e-01
4.206655025482177734e-01
5.101897716522216797e-01
6.632131338119506836e-01
8.242007493972778320e-01
3.595485091209411621e-01
6.332120895385742188e-01
4.278940260410308838e-01
8.755625486373901367e-01
5.005019903182983398e-01
4.755277931690216064e-01
4.948476552963256836e-01
5.733963251113891602e-01
3.755435347557067871e-01
4.236451983451843262e-01
2.968066334724426270e-01
5.788111686706542969e-01
4.503223896026611328e-01
5.198733806610107422e-01
6.174870133399963379e-01
4.205092787742614746e-01
4.267442226409912109e-01
3.828287422657012939e-01
4.617201387882232666e-01
6.075128316879272461e-01
3.181535601615905762e-01
7.237502336502075195e-01
4.667404294013977051e-01
4.529390335083007812e-01
3.445969223976135254e-01
6.115181446075439453e-01
2.888146042823791504e-01
6.008235216140747070e-01
4.468327462673187256e-01
5.914460420608520508e-01
4.295719861984252930e-01
5.210481882095336914e-01
1.301975548267364502e-01
3.842598199844360352e-01
3.323111832141876221e-01
8.898003101348876953e-01
4.935965240001678467e-01
8.613449335098266602e-01
1.352645754814147949e-01
7.089967727661132812e-01
7.114550471305847168e-01
4.757769107818603516e-01
6.558387279510498047e-01
5.409277677536010742e-01
6.731768846511840820e-01
5.913744568824768066e-01
8.169478774070739746e-01
5.910509824752807617e-01
4.641776084899902344e-01
7.659164667129516602e-01
6.367427706718444824e-01
9.330016374588012695e-01
3.074873685836791992e-01
5.438758134841918945e-01
8.476523756980895996e-01
3.450195193290710449e-01
3.147352039813995361e-01
5.919874310493469238e-01
4.502719640731811523e-01
5.388356447219848633e-01
8.027650117874145508e-01
6.170105338096618652e-01
3.766161799430847168e-01
6.409956216812133789e-01
3.894549012184143066e-01
5.403929948806762695e-01
5.104341506958007812e-01
5.675445199012756348e-01
6.387646794319152832e-01
4.300943315029144287e-01
6.206098198890686035e-01
6.032022237777709961e-01
6.301078796386718750e-01
5.614144206047058105e-01
4.337500631809234619e-01
4.654734730720520020e-01
4.918540120124816895e-01
3.784019947052001953e-01
7.214226722717285156e-01
8.463034033775329590e-01
