5.742666125297546387e-01
5.517839789390563965e-01
3.935556113719940186e-01
3.765445947647094727e-01
3.725603818893432617e-01
4.119735956192016602e-01
5.105426311492919922e-01
3.805689811706542969e-01
3.003710508346557617e-01
5.179976820945739746e-01
2.324643433094024658e-01
4.943680763244628906e-01
5.851470232009887695e-01
6.479841470718383789e-01
3.893615305423736572e-01
2.891941368579864502e-01
3.157188892364501953e-01
4.387573599815368652e-01
5.273731350898742676e-01
5.736745595932006836e-01
4.382035732269287109e-01
4.683005511760711670e-01
3.703677654266357422e-01
3.739049732685089111e-01
2.002536654472351074e-01
7.171185016632080078e-01
3.387238383293151855e-01
9.992688894271850586e-01
4.120531678199768066e-01
3.959037065505981445e-01
2.242684960365295410e-01
2.080309092998504639e-01
4.619270563125610352e-01
4.283027052879333496e-01
3.437826633453369141e-01
4.483170509338378906e-01
2.281260490417480469e-01
5.654146075248718262e-01
7.678238153457641602e-01
4.344004690647125244e-01
1.134190559387207031e+00
2.394995093345642090e-01
5.399845838546752930e-01
4.964708387851715088e-01
4.129304289817810059e-01
8.050412535667419434e-01
5.206736326217651367e-01
5.293164253234863281e-01
6.116766929626464844e-01
3.844320774078369141e-01
3.004115223884582520e-01
2.593265771865844727e-01
2.480549216270446777e-01
1.378977745771408081e-01
5.301504135131835938e-01
4.007133245468139648e-01
5.776085853576660156e-01
2.803120017051696777e-01
4.901466071605682373e-01
4.248217940330505371e-01
3.505809903144836426e-01
4.681317210197448730e-01
4.310265779495239258e-01
4.174085557460784912e-01
6.011378169059753418e-01
8.104040026664733887e-01
5.162005424499511719e-01
5.299042463302612305e-01
1.109431236982345581e-01
6.463883519172668457e-01
7.410260438919067383e-01
3.664627969264984131e-01
4.374937117099761963e-01
8.086788654327392578e-01
3.099853396415710449e-01
3.684638440608978271e-01
6.325306892395019531e-01
3.324928283691406250e-01
3.626170158386230469e-01
9.143187999725341797e-01
4.257211685180664062e-01
5.786025524139404297e-01
9.032479524612426758e-01
3.171911537647247314e-01
2.795985341072082520e-01
5.572788715362548828e-01
5.953078269958496094e-01
4.809934198856353760e-01
6.935962438583374023e-01
5.481034517288208008e-01
5.237289667129516602e-01
3.790812492370605469e-01
4.504552483558654785e-01
4.158617854118347168e-01
5.098857879638671875e-01
6.960564255714416504e-01
4.219866096973419189e-01
6.613358259201049805e-01
4.147277474403381348e-01
3.920333683490753174e-01
9.820657968521118164e-01
3.408560156822204590e-01
4.306661486625671387e-01
5.959924459457397461e-01
3.044016063213348389e-01
3.687041401863098145e-01
4.526147544384002686e-01
6.178793907165527344e-01
4.626493453979492188e-01
3.860293626785278320e-01
7.678598761558532715e-01
4.663463234901428223e-01
4.124228954315185547e-01
3.708714842796325684e-01
7.566833496093750000e-01
3.915118575096130371e-01
2.850885391235351562e-01
5.374265313148498535e-01
6.483411788940429688e-01
5.341296195983886719e-01
5.818485021591186523e-01
9.639632105827331543e-01
3.445948958396911621e-01
4.151639044284820557e-01
4.135520756244659424e-01
3.858140408992767334e-01
6.788049936294555664e-01
2.896773815155029297e-01
2.537308931350708008e-01
3.693384528160095215e-01
2.242560684680938721e-01
3.019198775291442871e-01
3.477227389812469482e-01
5.529428720474243164e-01
5.562441349029541016e-01
3.794657588005065918e-01
7.239496111869812012e-01
4.337041378021240234e-01
2.409593015909194946e-01
4.382317066192626953e-01
4.555494189262390137e-01
6.990513801574707031e-01
3.712503612041473389e-01
3.393375873565673828e-01
3.121078908443450928e-01
3.459979295730590820e-01
5.285950899124145508e-01
3.974137306213378906e-01
4.267606735229492188e-01
3.421197831630706787e-01
4.898334443569183350e-01
8.949617147445678711e-01
1.594760119915008545e-01
4.992392063140869141e-01
4.106594324111938477e-01
4.534516632556915283e-01
2.908695042133331299e-01
4.021533727645874023e-01
4.720990955829620361e-01
5.031274557113647461e-01
3.639328777790069580e-01
4.656225740909576416e-01
9.413077831268310547e-01
