4.349980354309082031e-01
6.335875391960144043e-01
4.137710034847259521e-01
3.357079029083251953e-01
4.981887936592102051e-01
1.049335479736328125e+00
4.291425943374633789e-01
4.117060899734497070e-01
7.541948556900024414e-01
5.852934122085571289e-01
3.011357188224792480e-01
2.940980195999145508e-01
4.211516976356506348e-01
3.466092348098754883e-01
4.657576680183410645e-01
3.420918881893157959e-01
2.139153480529785156e-01
6.921515464782714844e-01
6.629519462585449219e-01
5.391076803207397461e-01
2.592919468879699707e-01
4.363269805908203125e-01
4.738815426826477051e-01
4.605973958969116211e-01
4.669739603996276855e-01
5.834211707115173340e-01
2.091161757707595825e-01
5.577247142791748047e-01
5.637271404266357422e-01
4.329042434692382812e-01
6.780418157577514648e-01
5.529484748840332031e-01
5.358183383941650391e-01
5.333265066146850586e-01
4.880644381046295166e-01
5.205238461494445801e-01
3.823022842407226562e-01
4.453905820846557617e-01
5.104798674583435059e-01
4.623346328735351562e-01
5.782081484794616699e-01
6.045093536376953125e-01
4.511095881462097168e-01
5.766973495483398438e-01
5.641596317291259766e-01
3.313185870647430420e-01
7.811636924743652344e-01
8.554578423500061035e-01
4.755390882492065430e-01
6.673973798751831055e-01
6.239613294601440430e-01
4.019766747951507568e-01
7.626969218254089355e-01
6.265654563903808594e-01
2.948955893516540527e-01
3.149792551994323730e-01
4.715757369995117188e-01
4.050252437591552734e-01
4.587061405181884766e-01
5.355433821678161621e-01
4.277631640434265137e-01
3.676624298095703125e-01
3.963670134544372559e-01
5.031007528305053711e-01
7.751219272613525391e-01
3.740130662918090820e-01
3.882158994674682617e-01
5.677189230918884277e-01
7.853835821151733398e-01
5.758508443832397461e-01
5.740696787834167480e-01
4.219980835914611816e-01
2.845589816570281982e-01
4.426386356353759766e-01
4.912731051445007324e-01
9.186432361602783203e-01
3.116774260997772217e-01
5.020457506179809570e-01
5.708580017089843750e-01
5.696458816528320312e-01
3.337333202362060547e-01
2.758697867393493652e-01
6.064218282699584961e-01
3.280536532402038574e-01
3.681985139846801758e-01
3.805547952651977539e-01
3.333527445793151855e-01
5.657991170883178711e-01
8.104011416435241699e-01
3.734578490257263184e-01
4.943806231021881104e-01
3.612849414348602295e-01
4.699091017246246338e-01
3.870542943477630615e-01
4.744375348091125488e-01
6.413828730583190918e-01
8.621332049369812012e-01
9.845730066299438477e-01
6.595455408096313477e-01
3.787355422973632812e-01
4.444817900657653809e-01
5.044862627983093262e-01
5.003717541694641113e-01
7.211326956748962402e-01
4.781067073345184326e-01
3.803831040859222412e-01
2.529323399066925049e-01
5.380370616912841797e-01
4.366703331470489502e-01
4.208335876464843750e-01
4.308382272720336914e-01
5.629323720932006836e-01
4.524972438812255859e-01
4.646859169006347656e-01
6.056313514709472656e-01
4.435982108116149902e-01
3.727080523967742920e-01
5.643073916435241699e-01
5.936578512191772461e-01
6.214799880981445312e-01
5.404933691024780273e-01
6.058292984962463379e-01
3.155552148818969727e-01
4.522681832313537598e-01
4.444040656089782715e-01
9.144937992095947266e-01
2.189415395259857178e-01
4.204501211643218994e-01
6.957899332046508789e-01
3.683426976203918457e-01
3.597154021263122559e-01
9.041244983673095703e-01
3.187786936759948730e-01
6.499891281127929688e-01
5.726909041404724121e-01
3.893506526947021484e-01
4.813128113746643066e-01
6.362571716308593750e-01
3.643232882022857666e-01
2.918960154056549072e-01
5.662125349044799805e-01
3.381512761116027832e-01
6.645204424858093262e-01
2.505929470062255859e-01
4.347385764122009277e-01
6.856595277786254883e-01
4.012790918350219727e-01
4.116995334625244141e-01
4.055173993110656738e-01
2.470826953649520874e-01
4.757544994354248047e-01
3.634345829486846924e-01
3.299404084682464600e-01
5.944696664810180664e-01
4.540254771709442139e-01
5.204538106918334961e-01
3.622604012489318848e-01
4.907142817974090576e-01
5.267640352249145508e-01
5.715051293373107910e-01
5.365020036697387695e-01
6.005402207374572754e-01
4.549019634723663330e-01
