7.685303688049316406e-02
1.400757879018783569e-01
9.519677609205245972e-02
1.363851130008697510e-01
7.489911466836929321e-02
4.199819564819335938e-01
2.552720904350280762e-01
1.063890010118484497e-01
7.083975523710250854e-02
1.308823376893997192e-01
2.390508651733398438e-01
1.409364938735961914e-01
1.098299324512481689e-01
1.071780249476432800e-01
1.568760573863983154e-01
9.368734806776046753e-02
1.163818240165710449e-01
4.302173852920532227e-02
3.086195513606071472e-02
1.369060873985290527e-01
7.809595018625259399e-02
1.218013614416122437e-01
1.723609715700149536e-01
7.333117723464965820e-02
1.880778670310974121e-01
1.140110641717910767e-01
1.958154290914535522e-01
1.772252470254898071e-02
1.843995600938796997e-01
3.388760685920715332e-01
2.218097001314163208e-01
1.177333518862724304e-01
1.185978949069976807e-01
1.996687352657318115e-01
1.160547956824302673e-01
1.692419648170471191e-01
6.283553689718246460e-02
1.452840119600296021e-01
1.498754769563674927e-01
3.700902312994003296e-02
1.967289745807647705e-01
3.163672387599945068e-01
1.215952783823013306e-01
2.185985743999481201e-01
5.755769833922386169e-02
2.093849703669548035e-02
2.052362859249114990e-01
2.590684592723846436e-01
1.423771083354949951e-01
7.641894370317459106e-02
2.441944330930709839e-01
1.835398077964782715e-01
1.708792150020599365e-01
3.698687851428985596e-01
1.335583478212356567e-01
1.357632130384445190e-01
1.492778956890106201e-01
2.725286483764648438e-01
2.485707402229309082e-01
8.440072834491729736e-02
1.457289308309555054e-01
7.656402885913848877e-02
7.991550117731094360e-02
1.788311600685119629e-01
2.165471464395523071e-01
8.294591307640075684e-02
4.613591730594635010e-02
1.292325854301452637e-01
6.480965763330459595e-02
6.105263531208038330e-02
3.086459934711456299e-01
2.066292166709899902e-01
1.455763578414916992e-01
2.975851893424987793e-01
1.865515708923339844e-01
4.703895449638366699e-01
2.945481054484844208e-02
1.339911073446273804e-01
3.007439970970153809e-01
8.804389834403991699e-02
1.661562621593475342e-01
1.061342284083366394e-01
2.375824451446533203e-01
1.539701670408248901e-01
1.982521414756774902e-01
2.165001034736633301e-01
1.071166470646858215e-01
7.311443984508514404e-02
9.920868277549743652e-02
2.100354284048080444e-01
2.574401199817657471e-01
1.807605773210525513e-01
1.548051536083221436e-01
1.751743257045745850e-01
4.587283730506896973e-02
1.606594622135162354e-01
1.192349717020988464e-01
3.135763108730316162e-02
3.200276494026184082e-01
8.923324942588806152e-02
1.731174737215042114e-01
9.992507100105285645e-02
2.366462945938110352e-01
3.083735704421997070e-02
3.838003873825073242e-01
1.770149171352386475e-01
2.557079195976257324e-01
2.731545865535736084e-01
1.876544952392578125e-01
2.448394894599914551e-01
9.856370836496353149e-02
7.925608009099960327e-02
1.342239826917648315e-01
4.449332058429718018e-01
2.467576116323471069e-01
7.005170732736587524e-02
4.909092187881469727e-01
1.877512931823730469e-01
1.618051826953887939e-01
2.661810517311096191e-01
7.428787648677825928e-02
3.009418845176696777e-01
2.789808809757232666e-01
9.151270985603332520e-02
2.172302454710006714e-01
2.171148657798767090e-01
2.354043424129486084e-01
1.999628394842147827e-01
2.151765227317810059e-01
6.042021885514259338e-02
5.253462493419647217e-02
1.239606738090515137e-01
2.213767766952514648e-01
6.959334015846252441e-02
1.901048868894577026e-01
1.877289712429046631e-01
1.613633632659912109e-01
1.610140055418014526e-01
6.475661695003509521e-02
9.412905573844909668e-02
2.781840413808822632e-02
1.841755509376525879e-01
4.186469912528991699e-01
6.586707383394241333e-02
6.685888767242431641e-02
2.662354111671447754e-01
3.019322082400321960e-02
1.685710251331329346e-01
1.355370581150054932e-01
7.378454506397247314e-02
1.964196860790252686e-01
5.697318911552429199e-02
1.531315445899963379e-01
2.736674845218658447e-01
3.870546817779541016e-02
1.206881180405616760e-01
9.102886915206909180e-02
1.098157167434692383e-01
6.637053936719894409e-02
2.295573949813842773e-01
1.426769345998764038e-01
1.966857761144638062e-01
1.085895150899887085e-01
2.352173626422882080e-01
1.185016781091690063e-01
2.223701775074005127e-01
2.253132313489913940e-01
1.451294124126434326e-01
1.032463312149047852e-01
2.200587242841720581e-01
3.021579384803771973e-01
3.960508108139038086e-02
2.278544753789901733e-01
1.015710681676864624e-01
2.608549892902374268e-01
1.593173742294311523e-01
1.734605878591537476e-01
9.447234123945236206e-02
1.109014004468917847e-01
6.047407910227775574e-02
9.316504001617431641e-02
1.690002381801605225e-01
3.074175491929054260e-02
3.555804491043090820e-01
1.303634643554687500e-01
1.035255268216133118e-01
2.065536528825759888e-01
2.210576534271240234e-01
1.692610532045364380e-01
3.753333166241645813e-02
1.024396568536758423e-01
8.540382236242294312e-02
2.006225287914276123e-01
3.964641392230987549e-01
3.598974645137786865e-02
1.175716295838356018e-01
2.934266030788421631e-01
2.874523997306823730e-01
2.030092477798461914e-01
1.138696298003196716e-01
2.058999836444854736e-01
2.189814746379852295e-01
1.911057829856872559e-01
1.807163506746292114e-01
2.288842946290969849e-01
8.921168744564056396e-02
4.124121367931365967e-02
2.669087350368499756e-01
1.305190026760101318e-01
1.259059160947799683e-01
4.711181297898292542e-02
1.181108281016349792e-01
3.586732968688011169e-02
4.365405440330505371e-02
2.935061454772949219e-01
2.509973943233489990e-01
8.490622043609619141e-02
1.979770958423614502e-01
4.042313098907470703e-01
8.732617646455764771e-02
2.150397300720214844e-01
1.417755931615829468e-01
1.381032019853591919e-01
3.457508683204650879e-01
6.657874584197998047e-02
1.958259046077728271e-01
8.704514801502227783e-02
6.332132220268249512e-02
1.673813164234161377e-01
2.928153276443481445e-01
2.475937008857727051e-01
2.909063696861267090e-01
1.158898547291755676e-01
1.002755761146545410e-01
9.076976776123046875e-02
2.514556050300598145e-02
2.302341014146804810e-01
6.025955826044082642e-02
4.773319885134696960e-02
5.327971279621124268e-02
7.817763090133666992e-02
6.808432191610336304e-02
5.368229746818542480e-02
2.525435686111450195e-01
1.582148075103759766e-01
9.385894238948822021e-02
3.586152568459510803e-02
2.181738242506980896e-02
3.770686388015747070e-01
1.365438699722290039e-01
1.200295984745025635e-01
1.751421391963958740e-01
1.542591899633407593e-01
1.373362243175506592e-01
1.157345920801162720e-01
3.340857475996017456e-02
1.639042943716049194e-01
1.074047610163688660e-01
3.745126724243164062e-01
1.060980185866355896e-01
1.659232825040817261e-01
2.173722088336944580e-01
7.350555062294006348e-02
1.418256461620330811e-01
3.390320762991905212e-02
3.622810915112495422e-02
1.288348883390426636e-01
1.053267568349838257e-01
1.399887502193450928e-01
9.500284492969512939e-02
9.385047852993011475e-02
4.487385973334312439e-02
9.069272130727767944e-02
9.134238958358764648e-02
1.315246224403381348e-01
2.081236988306045532e-01
2.168366163969039917e-01
8.466784656047821045e-02
1.786608099937438965e-01
3.837971091270446777e-01
5.852065980434417725e-02
7.490549236536026001e-02
3.101493120193481445e-01
2.943609654903411865e-01
2.619222700595855713e-01
3.421660065650939941e-01
5.721899867057800293e-02
1.572406589984893799e-01
7.694598287343978882e-02
3.085573911666870117e-01
3.189826756715774536e-02
2.803263664245605469e-01
7.424281537532806396e-02
9.262060374021530151e-02
9.500431269407272339e-02
2.239400744438171387e-01
2.330761551856994629e-01
8.386223018169403076e-02
1.160391420125961304e-01
1.682292371988296509e-01
1.033972799777984619e-01
2.045841962099075317e-01
2.207723259925842285e-01
2.713649868965148926e-01
2.477113008499145508e-01
1.757342517375946045e-01
4.292758703231811523e-01
8.212414383888244629e-02
2.102320790290832520e-01
2.315001748502254486e-02
1.049016043543815613e-01
2.442996203899383545e-01
1.683799922466278076e-01
1.788111031055450439e-01
1.769685000181198120e-01
1.513720601797103882e-01
2.115288376808166504e-01
3.850102052092552185e-02
1.260809600353240967e-01
2.755442261695861816e-01
2.721633911132812500e-01
1.486497372388839722e-01
2.729324698448181152e-01
1.208392977714538574e-01
4.429327696561813354e-02
2.738616466522216797e-01
1.365339159965515137e-01
9.316163510084152222e-02
3.029861748218536377e-01
3.968166187405586243e-02
1.348356604576110840e-01
2.274038828909397125e-02
2.565867826342582703e-02
2.005319148302078247e-01
4.010124132037162781e-02
2.126094847917556763e-01
9.339371323585510254e-02
2.153557091951370239e-01
1.968152821063995361e-01
1.291547566652297974e-01
2.392118424177169800e-02
1.596742123365402222e-01
2.214709222316741943e-01
5.101088434457778931e-02
1.121133267879486084e-01
3.476668894290924072e-02
1.446038186550140381e-01
1.122195422649383545e-01
7.040849328041076660e-02
2.321332693099975586e-01
1.161437034606933594e-01
2.181814163923263550e-01
4.160965681076049805e-01
1.730447411537170410e-01
3.869391083717346191e-01
1.792299747467041016e-01
2.800968885421752930e-01
9.261649101972579956e-02
9.485687315464019775e-02
2.592730820178985596e-01
7.639579474925994873e-02
1.439803838729858398e-01
8.754337579011917114e-02
2.514274418354034424e-01
6.608797609806060791e-02
2.791675627231597900e-01
1.851726323366165161e-01
2.548679709434509277e-01
1.950938701629638672e-01
6.050611659884452820e-02
2.740562558174133301e-01
5.965378135442733765e-02
2.309738546609878540e-01
1.297592520713806152e-01
1.371131241321563721e-01
2.275626063346862793e-01
2.349572032690048218e-01
1.974526941776275635e-01
3.826151192188262939e-01
2.759938538074493408e-01
2.877412438392639160e-01
1.214001178741455078e-01
1.695249378681182861e-01
2.597157359123229980e-01
2.233937084674835205e-01
1.533222198486328125e-01
4.141707420349121094e-01
2.040931731462478638e-01
1.562514752149581909e-01
1.777151376008987427e-01
3.965216875076293945e-02
1.513542532920837402e-01
1.564974784851074219e-01
1.982973068952560425e-01
1.397380083799362183e-01
2.526855282485485077e-02
1.401809900999069214e-01
1.934498548507690430e-01
1.262035667896270752e-01
1.090022921562194824e-01
3.712872266769409180e-01
2.559482157230377197e-01
6.156329065561294556e-02
2.814483940601348877e-01
1.306133717298507690e-01
2.157038450241088867e-02
3.196726441383361816e-01
4.997772276401519775e-01
1.309797316789627075e-01
1.271860152482986450e-01
8.637841045856475830e-02
1.214330941438674927e-01
9.402747452259063721e-02
2.314777672290802002e-02
3.123370185494422913e-02
2.023744285106658936e-01
2.578529119491577148e-01
9.876997768878936768e-02
1.139417067170143127e-01
1.252149343490600586e-01
1.635024249553680420e-01
1.820388585329055786e-01
2.261835634708404541e-01
3.898153081536293030e-02
3.247926235198974609e-01
3.621185421943664551e-01
1.912017464637756348e-01
3.516054749488830566e-01
6.120389103889465332e-01
1.543225795030593872e-01
4.394706711173057556e-02
2.158174961805343628e-01
3.391827940940856934e-01
2.343066483736038208e-01
2.884768247604370117e-01
1.783641427755355835e-01
1.933496892452239990e-01
1.157956719398498535e-01
2.155593484640121460e-01
1.399613320827484131e-01
1.486377716064453125e-01
1.475968211889266968e-01
2.005308270454406738e-01
5.092355608940124512e-02
4.118862748146057129e-02
3.272192776203155518e-01
1.095967143774032593e-01
5.780407041311264038e-02
2.218353748321533203e-01
4.044472575187683105e-01
2.096237540245056152e-01
1.025722250342369080e-01
2.110077887773513794e-01
5.590683221817016602e-02
1.930074542760848999e-01
2.535700798034667969e-01
1.281593292951583862e-01
1.230763718485832214e-01
2.200721949338912964e-02
1.057397201657295227e-01
1.995148062705993652e-01
1.389431059360504150e-01
3.284942209720611572e-01
7.913483679294586182e-02
1.859767735004425049e-01
9.991563856601715088e-02
5.431941151618957520e-01
1.149406284093856812e-01
1.600552797317504883e-01
3.363510370254516602e-01
1.010237708687782288e-01
3.546149134635925293e-01
2.174030244350433350e-01
3.089944124221801758e-01
5.763875320553779602e-02
1.420850902795791626e-01
1.391233503818511963e-01
2.160722911357879639e-01
2.616711556911468506e-01
1.097246930003166199e-01
1.037139371037483215e-01
9.472105652093887329e-02
1.769123226404190063e-01
2.017465233802795410e-01
3.340170383453369141e-01
1.247702538967132568e-01
4.228450059890747070e-01
2.092126011848449707e-01
4.568012952804565430e-01
3.553718328475952148e-02
3.189295828342437744e-01
1.316632628440856934e-01
1.852176189422607422e-01
2.661570012569427490e-01
1.171498745679855347e-01
3.869564831256866455e-02
1.383694559335708618e-01
2.229242920875549316e-01
2.009777873754501343e-01
2.710441350936889648e-01
2.019590884447097778e-01
1.520864963531494141e-01
6.050221249461174011e-02
2.340437471866607666e-01
2.117517590522766113e-01
9.857508540153503418e-02
2.304799258708953857e-01
7.616832852363586426e-02
1.827948093414306641e-01
2.325098216533660889e-01
8.863587677478790283e-02
5.423923209309577942e-02
2.497630566358566284e-01
2.294566780328750610e-01
3.886284530162811279e-01
1.498218029737472534e-01
2.126811146736145020e-01
4.812237247824668884e-02
1.903291046619415283e-01
1.794872134923934937e-01
2.254110574722290039e-01
1.585582196712493896e-01
6.683390587568283081e-02
4.919486865401268005e-02
6.368198990821838379e-02
5.533318221569061279e-02
7.817617058753967285e-02
1.016017943620681763e-01
7.787410169839859009e-02
5.619823560118675232e-02
5.324108600616455078e-01
3.538008779287338257e-02
1.103429347276687622e-01
4.368276521563529968e-02
2.668989598751068115e-01
2.021814733743667603e-01
3.236856162548065186e-01
1.951465606689453125e-01
1.031449735164642334e-01
1.783352941274642944e-01
4.557897895574569702e-02
3.678942322731018066e-01
1.448622196912765503e-01
1.926942616701126099e-01
2.165318429470062256e-01
3.870366513729095459e-01
1.857645809650421143e-01
4.867660626769065857e-02
1.880336701869964600e-01
4.059210419654846191e-01
2.260568737983703613e-01
1.423499882221221924e-01
1.593370437622070312e-01
2.717944979667663574e-01
1.685186475515365601e-01
1.197103932499885559e-01
3.637458011507987976e-02
6.740777194499969482e-02
1.724460273981094360e-01
1.259201616048812866e-01
1.698362976312637329e-01
2.218969911336898804e-01
1.229289621114730835e-01
3.115919232368469238e-02
3.564513623714447021e-01
9.546744823455810547e-02
8.274209499359130859e-02
3.066731095314025879e-01
2.026642709970474243e-01
1.275898814201354980e-01
8.053869754076004028e-02
7.739727199077606201e-02
1.378470361232757568e-01
2.051408588886260986e-01
1.605570167303085327e-01
1.912446618080139160e-01
3.197903558611869812e-02
1.591808162629604340e-02
1.881645619869232178e-01
1.157654896378517151e-01
6.943006068468093872e-02
4.501612856984138489e-02
2.350841164588928223e-01
1.452172100543975830e-01
2.867785692214965820e-01
2.680772244930267334e-01
1.794629096984863281e-01
3.168930113315582275e-01
1.122935414314270020e-01
3.087573945522308350e-01
8.357094228267669678e-02
4.293127655982971191e-01
1.284248828887939453e-01
6.369383633136749268e-02
1.706549525260925293e-01
7.883031666278839111e-02
2.475192844867706299e-01
1.778604984283447266e-01
9.008360654115676880e-02
1.592544168233871460e-01
6.394354999065399170e-02
1.318551599979400635e-01
2.130293548107147217e-01
6.733782589435577393e-02
1.145777553319931030e-01
8.093106001615524292e-02
1.016982719302177429e-01
3.189653754234313965e-01
1.910798847675323486e-01
2.021474540233612061e-01
1.632792800664901733e-01
4.601340889930725098e-01
4.234685748815536499e-02
2.104219794273376465e-01
9.019926190376281738e-02
1.526372432708740234e-01
6.033846363425254822e-02
9.465026855468750000e-02
2.799671888351440430e-01
3.012686073780059814e-01
2.207859754562377930e-01
8.293454349040985107e-02
1.965086013078689575e-01
6.564246118068695068e-02
9.009754657745361328e-02
2.489545345306396484e-01
1.405437290668487549e-01
1.764585375785827637e-01
2.115029096603393555e-01
1.708917617797851562e-01
4.081577062606811523e-01
1.882677376270294189e-01
1.620472967624664307e-01
1.555630564689636230e-01
1.294396221637725830e-01
1.392777860164642334e-01
3.823561072349548340e-01
2.721754647791385651e-02
1.685261279344558716e-01
5.205796286463737488e-02
3.586896955966949463e-01
8.356234431266784668e-02
1.469809710979461670e-01
1.322726458311080933e-01
1.417140662670135498e-01
1.811023801565170288e-01
2.389760315418243408e-01
4.916396737098693848e-02
2.109057903289794922e-01
1.463385075330734253e-01
2.888901904225349426e-02
5.407141894102096558e-02
7.763613015413284302e-02
3.563525378704071045e-01
3.331765532493591309e-01
3.689196705818176270e-01
1.716060489416122437e-01
1.319604218006134033e-01
1.648169457912445068e-01
1.007436364889144897e-01
5.257252603769302368e-02
3.547019362449645996e-01
1.298408061265945435e-01
6.257154047489166260e-02
7.918784022331237793e-02
5.544287338852882385e-02
1.770702302455902100e-01
3.053393065929412842e-01
1.512078940868377686e-01
1.929888725280761719e-01
2.543032765388488770e-01
1.459726840257644653e-01
1.130290254950523376e-01
5.553254485130310059e-02
2.655681371688842773e-01
1.809211820363998413e-01
2.267009615898132324e-01
1.097100377082824707e-01
1.238693371415138245e-01
2.965065240859985352e-01
4.753802120685577393e-01
1.073742061853408813e-01
2.129486501216888428e-01
6.804827600717544556e-02
1.699912548065185547e-01
1.951400637626647949e-01
3.138012588024139404e-01
2.763417065143585205e-01
1.489621698856353760e-01
1.965515315532684326e-01
1.356166303157806396e-01
5.119533836841583252e-02
1.533400863409042358e-01
8.823771029710769653e-02
9.551192820072174072e-02
3.857043385505676270e-01
1.020985022187232971e-01
1.750189214944839478e-01
8.819583803415298462e-02
2.835661768913269043e-01
1.456366032361984253e-01
2.000488787889480591e-01
1.480055898427963257e-01
3.060827553272247314e-01
2.568457722663879395e-01
5.130464583635330200e-02
2.392353266477584839e-01
2.429209798574447632e-01
2.644933760166168213e-02
1.902164071798324585e-01
1.875471621751785278e-01
8.143378794193267822e-02
1.859585344791412354e-01
1.748557537794113159e-01
2.958470582962036133e-02
8.796865493059158325e-02
2.743433415889739990e-01
1.401242017745971680e-01
1.432178616523742676e-01
1.415204405784606934e-01
1.892748475074768066e-01
6.671260297298431396e-02
9.724821150302886963e-02
1.630086600780487061e-01
1.582065969705581665e-01
3.772860467433929443e-01
4.343612194061279297e-01
2.679144740104675293e-01
3.573101758956909180e-01
2.292027026414871216e-01
2.646293044090270996e-01
7.111133635044097900e-02
1.159959957003593445e-01
1.458541154861450195e-01
2.136239558458328247e-01
1.701392531394958496e-01
3.249101042747497559e-01
2.062420845031738281e-01
2.395710349082946777e-01
8.264009654521942139e-02
6.392079591751098633e-02
6.172693148255348206e-02
2.238079011440277100e-01
8.445328474044799805e-02
1.525973677635192871e-01
1.428675651550292969e-01
7.405076920986175537e-02
5.512211099267005920e-02
3.618009388446807861e-01
1.205769926309585571e-01
1.761192679405212402e-01
1.908498853445053101e-01
6.533703207969665527e-02
1.701508611440658569e-01
1.876130104064941406e-01
2.427458465099334717e-01
2.475564777851104736e-01
1.740585416555404663e-01
1.376976519823074341e-01
8.896625787019729614e-02
2.415973246097564697e-01
3.483685553073883057e-01
5.668846368789672852e-01
1.918729692697525024e-01
1.652876734733581543e-01
8.593361079692840576e-02
2.023051977157592773e-01
2.384400218725204468e-01
1.160858422517776489e-01
4.002323001623153687e-02
1.907185018062591553e-01
7.640950381755828857e-02
3.967792689800262451e-01
1.473827660083770752e-01
1.115900427103042603e-01
4.720767587423324585e-02
2.507204115390777588e-01
7.811029255390167236e-02
1.850384771823883057e-01
1.092592477798461914e-01
7.508198916912078857e-02
1.047298312187194824e-01
5.942090973258018494e-02
3.519696742296218872e-02
3.489720821380615234e-02
1.819639205932617188e-01
1.034490466117858887e-01
1.496136486530303955e-01
6.263347715139389038e-02
5.150526762008666992e-02
2.212812453508377075e-01
1.435088366270065308e-01
1.035401821136474609e-01
9.219495207071304321e-02
6.060299277305603027e-01
1.522476971149444580e-01
8.810658007860183716e-02
5.203140377998352051e-01
9.174777567386627197e-02
1.767753511667251587e-01
6.839877367019653320e-02
5.279845744371414185e-02
8.464556932449340820e-02
7.386010885238647461e-02
1.785710752010345459e-01
1.543149650096893311e-01
1.341748386621475220e-01
2.506489679217338562e-02
2.903331816196441650e-01
3.335920274257659912e-01
7.375703006982803345e-02
4.901104420423507690e-02
1.660722941160202026e-01
3.665178641676902771e-02
4.323557019233703613e-02
1.077080592513084412e-01
1.618389636278152466e-01
1.171657964587211609e-01
1.020561605691909790e-01
4.797004163265228271e-01
2.506664991378784180e-01
2.567288279533386230e-01
1.772184073925018311e-01
5.605689436197280884e-02
8.430022001266479492e-02
8.580106496810913086e-02
2.949459254741668701e-01
3.479423522949218750e-01
5.989291891455650330e-02
3.441481888294219971e-01
5.090017318725585938e-01
2.357546389102935791e-01
2.008489668369293213e-01
1.122182980179786682e-01
2.453320175409317017e-01
1.100851669907569885e-01
3.846516907215118408e-01
2.549495175480842590e-02
2.378740906715393066e-01
8.652254194021224976e-02
3.278749436140060425e-02
3.952484577894210815e-02
3.534144163131713867e-01
5.155098438262939453e-02
1.674983650445938110e-02
1.384091079235076904e-01
7.746113836765289307e-02
2.322953343391418457e-01
3.333093971014022827e-02
1.010037362575531006e-01
2.704424262046813965e-01
2.353523373603820801e-01
1.882946342229843140e-01
1.226823255419731140e-01
1.837278604507446289e-01
1.099373772740364075e-01
1.827578246593475342e-01
3.021428175270557404e-02
4.386136233806610107e-01
2.117729783058166504e-01
4.878365993499755859e-02
6.264930963516235352e-02
1.644464731216430664e-01
1.227208971977233887e-01
1.165886223316192627e-01
1.046088039875030518e-01
2.266763895750045776e-01
5.629040002822875977e-01
1.200144886970520020e-01
4.479010403156280518e-02
1.555435657501220703e-01
1.116882562637329102e-01
2.188322544097900391e-01
1.858904212713241577e-01
1.962299495935440063e-01
5.509208440780639648e-01
1.770613789558410645e-01
6.641472131013870239e-02
1.352139264345169067e-01
1.762859523296356201e-01
4.792999029159545898e-01
1.089972108602523804e-01
9.131653606891632080e-02
1.152956560254096985e-01
6.805324554443359375e-02
1.864312887191772461e-01
4.540139064192771912e-02
2.598512768745422363e-01
1.476861536502838135e-01
2.122992873191833496e-01
5.812907218933105469e-02
6.203254312276840210e-02
1.607225537300109863e-01
1.174864172935485840e-01
1.354499906301498413e-01
1.399414986371994019e-01
2.726638913154602051e-01
9.897574782371520996e-02
3.431569784879684448e-02
2.276528775691986084e-01
1.026903539896011353e-01
3.280161917209625244e-01
3.779802620410919189e-01
3.422298729419708252e-01
1.311018466949462891e-01
2.152618914842605591e-01
1.529265344142913818e-01
4.423732459545135498e-01
9.500650316476821899e-02
1.372078210115432739e-01
1.957031339406967163e-01
2.518748044967651367e-01
8.113782852888107300e-02
6.335003674030303955e-02
1.070951819419860840e-01
2.272776961326599121e-01
2.091326862573623657e-01
4.227468669414520264e-01
2.955380976200103760e-01
2.539893388748168945e-01
2.920857965946197510e-01
1.912305057048797607e-01
1.414572298526763916e-01
2.132618427276611328e-01
4.442111253738403320e-01
2.463853657245635986e-01
3.246088325977325439e-01
1.576901674270629883e-01
1.938079297542572021e-01
5.042964220046997070e-01
1.795968413352966309e-01
2.618037462234497070e-01
1.347572654485702515e-01
1.233071386814117432e-01
2.977251112461090088e-01
1.969883143901824951e-01
1.051705628633499146e-01
1.095445752143859863e-01
1.030060648918151855e-01
1.727683544158935547e-01
1.308531910181045532e-01
2.137295901775360107e-01
2.312619388103485107e-01
2.120371907949447632e-01
3.114511072635650635e-01
4.026188850402832031e-01
3.775762319564819336e-01
1.215786337852478027e-01
2.924553155899047852e-01
1.870587766170501709e-01
3.048456311225891113e-01
4.315434396266937256e-01
3.802063465118408203e-01
2.550606727600097656e-01
3.667199611663818359e-01
1.865746229887008667e-01
3.142790794372558594e-01
2.411412149667739868e-01
1.664855629205703735e-01
1.561241298913955688e-01
2.826586365699768066e-01
1.354771554470062256e-01
1.826653778553009033e-01
1.766734719276428223e-01
1.438097506761550903e-01
8.267100900411605835e-02
2.211073189973831177e-01
9.091855585575103760e-02
1.458981782197952271e-01
1.430539339780807495e-01
1.087210476398468018e-01
1.212702393531799316e-01
7.755678892135620117e-02
3.471801802515983582e-02
2.257715463638305664e-01
1.482070237398147583e-01
5.143770575523376465e-02
2.276658713817596436e-01
1.285730749368667603e-01
1.256624162197113037e-01
6.192531064152717590e-02
1.504731178283691406e-01
1.919233649969100952e-01
3.961333930492401123e-01
1.478027701377868652e-01
9.281973540782928467e-02
2.202874720096588135e-01
1.949014961719512939e-01
8.947917073965072632e-02
6.801941245794296265e-02
1.576269865036010742e-01
3.481348752975463867e-01
1.717328280210494995e-01
5.593500286340713501e-02
9.600665420293807983e-02
3.382567763328552246e-01
1.235911324620246887e-01
1.319762021303176880e-01
1.113921403884887695e-01
3.588964045047760010e-02
1.918674111366271973e-01
8.572613447904586792e-02
1.485801637172698975e-01
1.434984654188156128e-01
2.839928492903709412e-02
3.684468939900398254e-02
1.712597459554672241e-01
2.337119169533252716e-02
2.817065715789794922e-01
7.902029156684875488e-02
9.651708602905273438e-02
1.580279320478439331e-01
1.904778927564620972e-01
1.691843569278717041e-01
3.317901864647865295e-02
1.914052814245223999e-01
5.402347445487976074e-02
4.914442449808120728e-02
7.608555257320404053e-02
2.032570838928222656e-01
1.666950806975364685e-02
2.640437521040439606e-02
6.362974643707275391e-02
2.269807457923889160e-01
9.630756825208663940e-02
5.442630872130393982e-02
2.175418138504028320e-01
1.317355781793594360e-01
2.058866173028945923e-01
3.520080447196960449e-01
7.625152170658111572e-02
4.150435328483581543e-01
3.919747471809387207e-02
1.695332378149032593e-01
3.945288062095642090e-01
9.939956665039062500e-02
2.067793905735015869e-01
2.574900090694427490e-01
1.860381066799163818e-01
4.878801479935646057e-02
2.888388633728027344e-01
1.129252761602401733e-01
7.267497479915618896e-02
3.125734329223632812e-01
3.169335722923278809e-01
1.423729360103607178e-01
7.785490155220031738e-02
4.661508649587631226e-02
1.372163891792297363e-01
1.924653351306915283e-01
1.037394106388092041e-01
1.834660172462463379e-01
1.086175665259361267e-01
2.410750985145568848e-01
2.266852855682373047e-01
1.541234403848648071e-01
3.114175796508789062e-01
1.066647544503211975e-01
2.311215177178382874e-02
1.235555857419967651e-01
5.826997384428977966e-02
3.208107948303222656e-01
7.111930847167968750e-02
7.830329239368438721e-02
5.444759130477905273e-02
9.031659364700317383e-02
2.237185984849929810e-01
8.112777024507522583e-02
2.442080974578857422e-01
3.891682624816894531e-02
1.218364089727401733e-01
2.473533153533935547e-01
1.831183731555938721e-01
1.114343702793121338e-01
2.261128276586532593e-01
7.172996550798416138e-02
1.767541170120239258e-01
1.071000769734382629e-01
1.921790987253189087e-01
2.799579501152038574e-01
1.299329996109008789e-01
8.841879665851593018e-02
1.119828149676322937e-01
5.195593088865280151e-02
3.097696900367736816e-01
4.951010942459106445e-01
4.683860540390014648e-01
1.842937171459197998e-01
1.974374651908874512e-01
3.966892361640930176e-01
1.338862478733062744e-01
7.985582947731018066e-02
6.737740337848663330e-02
1.285996735095977783e-01
5.804554745554924011e-02
1.831032633781433105e-01
1.052250713109970093e-01
2.483515441417694092e-01
3.269855082035064697e-01
2.760386168956756592e-01
5.224225521087646484e-01
1.062878370285034180e-01
7.788819819688796997e-02
2.141430824995040894e-01
1.141813844442367554e-01
9.478734433650970459e-02
3.666633963584899902e-01
1.133691817522048950e-01
2.931587956845760345e-02
8.459271490573883057e-02
1.676294207572937012e-01
3.429791331291198730e-01
1.236958354711532593e-01
4.007851332426071167e-02
1.812351495027542114e-01
8.122174441814422607e-02
1.273757368326187134e-01
1.851222515106201172e-01
2.716100513935089111e-01
1.503328979015350342e-01
8.773829787969589233e-02
