1.608388125896453857e-01
2.763383276760578156e-02
7.605292648077011108e-02
7.340218871831893921e-02
2.425836399197578430e-02
4.808542877435684204e-02
1.155928969383239746e-01
1.320184320211410522e-01
2.568448148667812347e-02
2.964781522750854492e-01
1.600754112005233765e-01
1.872865483164787292e-02
2.008670866489410400e-01
7.985845208168029785e-02
2.703818082809448242e-01
2.423459738492965698e-01
1.376661956310272217e-01
1.408937573432922363e-01
9.391109645366668701e-02
8.647474646568298340e-02
6.940173357725143433e-02
1.061445176601409912e-01
2.119056880474090576e-01
1.763187944889068604e-01
9.990468621253967285e-02
3.956294059753417969e-02
2.487803250551223755e-02
1.768448762595653534e-02
6.725703179836273193e-02
1.341565251350402832e-01
1.088205575942993164e-01
1.325174719095230103e-01
1.141914427280426025e-01
7.504717260599136353e-02
5.532731488347053528e-02
1.026470810174942017e-01
5.374025553464889526e-02
1.683647632598876953e-01
8.879942446947097778e-02
2.583932131528854370e-02
2.195406258106231689e-01
1.735262870788574219e-01
1.553170979022979736e-01
8.808908611536026001e-02
5.320506915450096130e-02
1.598135828971862793e-01
2.871614694595336914e-02
1.423901617527008057e-01
9.880331903696060181e-02
9.384498745203018188e-02
6.018123403191566467e-02
5.231697112321853638e-02
2.036705613136291504e-01
1.731432378292083740e-01
1.472112834453582764e-01
6.442679464817047119e-02
1.059392765164375305e-01
8.391344547271728516e-02
2.108011543750762939e-01
3.594437986612319946e-02
2.022435069084167480e-01
5.310894548892974854e-02
3.847512602806091309e-01
1.411498710513114929e-02
6.151872500777244568e-02
3.099825419485569000e-02
3.130340576171875000e-01
4.492675662040710449e-01
2.205595374107360840e-02
1.299819946289062500e-01
1.895060092210769653e-01
4.157638922333717346e-02
2.080200016498565674e-01
1.406075358390808105e-01
6.778851151466369629e-02
1.571389883756637573e-01
1.949270814657211304e-01
4.664884507656097412e-02
7.970209419727325439e-02
1.165142059326171875e-01
4.394111409783363342e-02
2.907450310885906219e-02
9.440687298774719238e-02
4.149112999439239502e-01
1.986155807971954346e-01
1.195938438177108765e-01
1.670813560485839844e-01
1.620534658432006836e-01
8.600059151649475098e-02
1.853794455528259277e-01
1.680327057838439941e-01
1.962571293115615845e-01
1.053628399968147278e-01
4.596028476953506470e-02
1.939369142055511475e-01
1.450914442539215088e-01
1.124447360634803772e-01
3.118627145886421204e-02
1.072455346584320068e-01
1.520232409238815308e-01
2.034202814102172852e-01
2.192347347736358643e-01
2.199709564447402954e-01
4.866860434412956238e-02
3.869340196251869202e-02
1.835975050926208496e-01
6.157737970352172852e-02
3.756616264581680298e-02
4.388066008687019348e-02
1.647715121507644653e-01
9.858153760433197021e-02
1.496481448411941528e-01
1.476360857486724854e-01
7.923313975334167480e-02
1.967204809188842773e-01
3.302875757217407227e-01
3.528764098882675171e-02
7.163751125335693359e-02
4.180471599102020264e-02
3.964522853493690491e-02
3.238995373249053955e-02
1.545359194278717041e-01
8.579079061746597290e-02
2.216152995824813843e-01
1.453785598278045654e-01
8.819057047367095947e-02
4.157699346542358398e-01
3.260649740695953369e-01
1.593632251024246216e-01
1.711846590042114258e-01
2.185329198837280273e-01
2.370974980294704437e-02
1.801683008670806885e-01
2.644020617008209229e-01
6.727169454097747803e-02
9.418596327304840088e-02
3.768820762634277344e-01
1.470419317483901978e-01
3.769809752702713013e-02
3.795385360717773438e-02
1.544376313686370850e-01
2.028247341513633728e-02
5.481591075658798218e-02
2.212435007095336914e-01
2.489785999059677124e-01
3.603567183017730713e-02
3.875742554664611816e-01
2.538079023361206055e-01
4.949407577514648438e-01
1.828341782093048096e-01
2.751548215746879578e-02
7.843206077814102173e-02
3.959589079022407532e-02
2.740847319364547729e-02
1.245994195342063904e-01
5.983722954988479614e-02
3.004868924617767334e-01
6.775822490453720093e-02
4.180769622325897217e-02
4.788883402943611145e-02
1.211107149720191956e-01
3.563910424709320068e-01
9.017726033926010132e-02
2.378568202257156372e-01
4.823643714189529419e-02
1.355321109294891357e-01
2.991763949394226074e-01
9.668189287185668945e-02
9.777757525444030762e-02
1.332201510667800903e-01
1.594706177711486816e-01
6.078023463487625122e-02
1.641952395439147949e-01
1.146143078804016113e-01
4.352002590894699097e-02
2.861699163913726807e-01
3.422755748033523560e-02
1.677739173173904419e-01
7.171065360307693481e-02
9.709691256284713745e-02
1.351777464151382446e-01
1.807927340269088745e-01
9.324130415916442871e-02
3.155814409255981445e-01
2.786402106285095215e-01
1.637831628322601318e-01
5.991322547197341919e-02
1.788925230503082275e-01
1.969160586595535278e-01
1.324303150177001953e-01
3.571170568466186523e-02
1.293401271104812622e-01
5.389004573225975037e-02
1.255678832530975342e-01
8.168756216764450073e-02
4.714670777320861816e-02
1.170021519064903259e-01
2.501144409179687500e-01
2.486456558108329773e-02
4.798294305801391602e-01
1.500987112522125244e-01
3.432956337928771973e-01
1.835983097553253174e-01
5.028825253248214722e-02
2.361823469400405884e-01
2.431014776229858398e-01
1.991468966007232666e-01
1.011795178055763245e-01
3.660820722579956055e-01
5.964329838752746582e-02
2.612432241439819336e-01
9.174212813377380371e-02
1.928062885999679565e-01
2.234018892049789429e-01
2.508034408092498779e-01
5.490827560424804688e-01
3.234900236129760742e-01
9.001084417104721069e-02
1.629227399826049805e-01
4.598440974950790405e-02
1.615935713052749634e-01
1.952831000089645386e-01
5.515830591320991516e-02
1.100385710597038269e-01
1.369371712207794189e-01
5.010282993316650391e-01
1.213635504245758057e-01
9.411196410655975342e-02
7.123957574367523193e-02
1.148285791277885437e-01
1.711542606353759766e-01
6.825868785381317139e-02
2.223658412694931030e-01
1.305828243494033813e-01
1.313411146402359009e-01
3.530830740928649902e-01
1.265759766101837158e-01
2.596663124859333038e-02
1.089256405830383301e-01
3.328893780708312988e-01
2.690877616405487061e-01
1.695269942283630371e-01
1.641383171081542969e-01
1.330117583274841309e-01
4.353150725364685059e-02
3.178064525127410889e-02
1.431890018284320831e-02
5.543358996510505676e-02
1.697309464216232300e-01
6.116325035691261292e-02
8.137712627649307251e-02
1.099634021520614624e-01
1.060025952756404877e-02
8.705437183380126953e-02
1.188004538416862488e-01
2.326614260673522949e-01
2.596084475517272949e-01
1.172605305910110474e-01
1.705373078584671021e-01
7.748098671436309814e-02
4.480679705739021301e-02
1.466378569602966309e-01
2.305719107389450073e-01
1.160985156893730164e-01
1.537827551364898682e-01
2.252420932054519653e-01
4.977089911699295044e-02
1.398716568946838379e-01
1.019213795661926270e-01
2.223418653011322021e-01
3.972358256578445435e-02
1.199583411216735840e-01
4.774267971515655518e-02
5.104040727019309998e-02
5.579093471169471741e-02
3.165790438652038574e-01
1.452171504497528076e-01
1.402082592248916626e-01
1.264850199222564697e-01
2.432850599288940430e-01
5.287561193108558655e-02
8.297424763441085815e-02
7.491475343704223633e-02
7.872079312801361084e-02
1.245976462960243225e-01
1.269806027412414551e-01
8.203513920307159424e-02
9.828598797321319580e-02
3.718074411153793335e-02
3.298704624176025391e-01
2.854942083358764648e-01
3.140086829662322998e-01
2.597018890082836151e-02
1.792925447225570679e-01
4.835480451583862305e-02
8.787088096141815186e-02
2.187872305512428284e-02
9.022518992424011230e-02
2.323264256119728088e-02
8.760009706020355225e-02
8.424466848373413086e-02
2.033853232860565186e-01
3.360015153884887695e-02
1.566374748945236206e-01
1.415796875953674316e-01
1.998515278100967407e-01
2.754977643489837646e-01
8.511401712894439697e-02
9.163899719715118408e-02
2.776936888694763184e-01
1.434936970472335815e-01
5.172750353813171387e-02
1.016393303871154785e-01
2.456367015838623047e-02
8.477022498846054077e-02
1.489415615797042847e-01
2.711024582386016846e-01
1.007542461156845093e-01
5.561815202236175537e-02
1.657289564609527588e-01
1.913138628005981445e-01
1.240381971001625061e-01
7.054346054792404175e-02
4.113245010375976562e-01
1.365776211023330688e-01
4.589267075061798096e-02
4.649973660707473755e-02
5.890515074133872986e-02
5.203998833894729614e-02
2.648196518421173096e-01
1.221287995576858521e-01
7.262916117906570435e-02
2.202642112970352173e-01
4.947999119758605957e-02
1.757789850234985352e-01
1.346975713968276978e-01
1.804111152887344360e-02
9.885990619659423828e-02
2.476184666156768799e-01
8.850518614053726196e-02
9.121848642826080322e-02
5.657923221588134766e-01
2.701514214277267456e-02
3.720228374004364014e-01
2.864090166985988617e-02
1.415186077356338501e-01
1.858609318733215332e-01
1.589308977127075195e-01
1.167240962386131287e-01
2.733134925365447998e-01
1.461857557296752930e-01
1.440363526344299316e-01
3.697613626718521118e-02
2.436870187520980835e-01
2.382477223873138428e-01
1.943623460829257965e-02
1.876130104064941406e-01
3.082432039082050323e-02
2.901425063610076904e-01
5.535177886486053467e-02
1.491240262985229492e-01
1.630489379167556763e-01
1.000271290540695190e-01
1.461547613143920898e-01
2.232695184648036957e-02
1.105648726224899292e-01
6.383837014436721802e-02
3.914963603019714355e-01
4.237037897109985352e-01
4.386951923370361328e-01
5.768287926912307739e-02
6.158114969730377197e-02
2.459727525711059570e-01
2.033461034297943115e-01
2.746717631816864014e-01
7.113783061504364014e-02
1.937597244977951050e-01
1.296258866786956787e-01
2.920734882354736328e-01
1.326259374618530273e-01
1.430916786193847656e-01
6.668268889188766479e-02
1.728320419788360596e-01
3.233984112739562988e-02
7.033136487007141113e-02
2.121802605688571930e-02
1.496934443712234497e-01
2.006924338638782501e-02
2.383132874965667725e-01
1.953196823596954346e-01
9.532026946544647217e-02
1.499503850936889648e-01
1.019180119037628174e-01
1.343505829572677612e-01
1.388908624649047852e-01
1.337917298078536987e-01
6.105453521013259888e-02
6.217087805271148682e-02
2.543041706085205078e-01
1.167358756065368652e-01
4.218747019767761230e-01
1.531599164009094238e-01
2.539814412593841553e-01
6.725317239761352539e-02
3.257206976413726807e-01
3.222855329513549805e-01
2.744235992431640625e-01
1.096519976854324341e-01
1.675077378749847412e-01
1.042913347482681274e-01
9.430553019046783447e-02
2.395598590373992920e-02
3.649311363697052002e-01
6.230161339044570923e-02
1.679857820272445679e-01
1.345418840646743774e-01
2.662558853626251221e-01
7.347099483013153076e-02
2.536744438111782074e-02
8.238534629344940186e-02
3.955055028200149536e-02
6.375281512737274170e-02
1.925855129957199097e-01
6.498181819915771484e-02
1.012393087148666382e-01
3.424943685531616211e-01
1.924845278263092041e-01
6.136081367731094360e-02
2.479250729084014893e-01
2.534368634223937988e-01
1.996575593948364258e-01
9.426674991846084595e-02
1.587969958782196045e-01
5.722945556044578552e-02
1.438495516777038574e-01
1.022869423031806946e-01
2.169173359870910645e-01
1.730902791023254395e-01
1.067393496632575989e-01
1.774599105119705200e-01
5.918687954545021057e-02
4.119181036949157715e-01
3.324825316667556763e-02
1.509220004081726074e-01
4.251527786254882812e-01
6.025110185146331787e-02
8.841226994991302490e-02
2.127783298492431641e-01
1.744917333126068115e-01
2.062032222747802734e-01
4.084493517875671387e-01
3.810092210769653320e-01
1.009189039468765259e-01
1.749519407749176025e-01
2.951208874583244324e-02
1.856420338153839111e-01
3.423945605754852295e-01
3.748309984803199768e-02
1.532208323478698730e-01
2.622589170932769775e-01
3.249719738960266113e-02
1.756044328212738037e-01
3.000796586275100708e-02
1.747456192970275879e-01
6.922006607055664062e-02
2.804082632064819336e-01
1.523351371288299561e-01
1.367082148790359497e-01
2.308503687381744385e-01
2.582731544971466064e-01
4.627283662557601929e-02
4.659362137317657471e-01
5.279336497187614441e-02
1.375580281019210815e-01
1.542438566684722900e-01
2.043843641877174377e-02
1.236709505319595337e-01
2.152279019355773926e-02
6.994897872209548950e-02
2.019759714603424072e-01
8.880446106195449829e-02
4.867986962199211121e-02
1.005066111683845520e-01
1.728151440620422363e-01
2.887634187936782837e-02
4.372037574648857117e-02
3.604036569595336914e-01
5.272061005234718323e-02
3.291492909193038940e-02
1.288914978504180908e-01
7.505012303590774536e-02
2.367629706859588623e-01
2.456744462251663208e-01
1.282119005918502808e-01
1.582240313291549683e-01
4.359794259071350098e-01
9.879773855209350586e-02
2.294900864362716675e-01
5.362783372402191162e-02
1.408078372478485107e-01
5.483309179544448853e-02
1.274166554212570190e-01
5.098563060164451599e-02
1.346134841442108154e-01
9.334858506917953491e-02
3.855268657207489014e-01
2.191498130559921265e-02
1.577476263046264648e-01
1.416190713644027710e-01
1.464654505252838135e-01
1.733523607254028320e-01
4.903019219636917114e-02
1.147486194968223572e-01
1.998731195926666260e-01
1.293860375881195068e-01
7.074359059333801270e-02
2.227291166782379150e-01
4.232694208621978760e-02
3.473704159259796143e-01
1.012022867798805237e-01
5.202312767505645752e-02
4.698183387517929077e-02
1.575744748115539551e-01
1.810228526592254639e-01
4.193529114127159119e-02
1.472045779228210449e-01
2.772342413663864136e-02
1.861921399831771851e-01
7.744364440441131592e-02
9.741262346506118774e-02
1.597958356142044067e-01
6.169386953115463257e-02
2.793795987963676453e-02
3.862103074789047241e-02
6.544280052185058594e-02
5.935017019510269165e-02
2.862403988838195801e-01
1.020120754837989807e-01
1.981148682534694672e-02
1.677170842885971069e-01
7.531701773405075073e-02
2.041258960962295532e-01
1.784837990999221802e-01
2.375353425741195679e-01
1.368734240531921387e-01
3.592934831976890564e-02
1.220599338412284851e-01
1.407677233219146729e-01
5.080450326204299927e-02
1.280797719955444336e-01
8.008359372615814209e-02
2.083217203617095947e-01
8.432336151599884033e-02
1.001066416501998901e-01
3.204813227057456970e-02
8.815611898899078369e-02
5.000513792037963867e-02
2.586617767810821533e-01
4.336917772889137268e-02
3.213258460164070129e-02
2.540277242660522461e-01
2.516095340251922607e-01
2.331912666559219360e-01
5.140206217765808105e-02
2.350726723670959473e-01
1.627009510993957520e-01
1.247372329235076904e-01
6.191765516996383667e-02
3.671975806355476379e-02
1.178162470459938049e-01
9.051118791103363037e-02
9.327557682991027832e-02
1.761630326509475708e-01
1.229287832975387573e-01
1.524971276521682739e-01
5.064395815134048462e-02
2.321771979331970215e-01
3.301037102937698364e-02
1.481769382953643799e-01
2.197454869747161865e-01
2.350360751152038574e-01
5.924996361136436462e-02
1.014871671795845032e-01
1.210705041885375977e-01
6.610018759965896606e-02
8.461396396160125732e-02
1.697756350040435791e-01
1.515185236930847168e-01
1.583626270294189453e-01
1.782357990741729736e-01
4.227812215685844421e-02
9.658357128500938416e-03
2.362148649990558624e-02
3.337378799915313721e-02
3.950908035039901733e-02
2.246071398258209229e-01
2.393069863319396973e-02
1.610440202057361603e-02
3.022245764732360840e-01
2.107888087630271912e-02
2.213229238986968994e-02
3.326740488409996033e-02
1.370192766189575195e-01
1.301486790180206299e-01
1.496260166168212891e-01
1.207116469740867615e-01
2.200275212526321411e-01
1.253709197044372559e-01
7.741512358188629150e-02
5.419678241014480591e-02
3.341535627841949463e-01
1.866141855716705322e-01
7.320669293403625488e-02
1.516236364841461182e-01
3.132905438542366028e-02
7.470516115427017212e-02
1.664950251579284668e-01
6.648831069469451904e-02
2.655295468866825104e-02
6.070738285779953003e-02
1.498549282550811768e-01
1.407132446765899658e-01
1.562547534704208374e-01
4.100005328655242920e-02
3.784747719764709473e-01
1.442707180976867676e-01
1.463876366615295410e-01
4.252192378044128418e-02
2.335422858595848083e-02
1.729609258472919464e-02
9.112553298473358154e-02
3.945472240447998047e-01
3.937322273850440979e-02
2.042133659124374390e-01
1.925075799226760864e-02
1.438915822654962540e-02
1.626137085258960724e-02
4.459456801414489746e-01
3.172930479049682617e-01
9.192054718732833862e-02
1.911504566669464111e-01
2.868679165840148926e-01
9.089459665119647980e-03
6.330423802137374878e-02
3.391160070896148682e-01
1.197017580270767212e-01
5.612075924873352051e-01
1.183182448148727417e-01
1.167513728141784668e-01
5.822275578975677490e-02
1.752161383628845215e-01
2.234148234128952026e-02
2.364456281065940857e-02
1.161384284496307373e-01
8.514082431793212891e-02
1.694047078490257263e-02
2.531504631042480469e-01
1.354691758751869202e-02
3.975301608443260193e-02
1.472381055355072021e-01
8.047872781753540039e-02
1.264277398586273193e-01
1.314208060503005981e-01
2.945139631628990173e-02
2.475794404745101929e-01
1.023272573947906494e-01
2.003680467605590820e-01
1.335878968238830566e-01
8.617974817752838135e-02
3.204494714736938477e-01
1.891484111547470093e-01
3.554721474647521973e-01
2.262435108423233032e-01
1.879813969135284424e-01
1.075302064418792725e-01
2.277307808399200439e-01
1.084906160831451416e-01
1.593266427516937256e-01
3.130283355712890625e-01
1.448287665843963623e-01
3.155628144741058350e-01
1.760832965373992920e-01
1.794275492429733276e-01
1.595986932516098022e-01
9.907742589712142944e-02
2.016230225563049316e-01
1.728333532810211182e-01
1.901815086603164673e-01
2.127401828765869141e-01
3.162260055541992188e-01
1.371967196464538574e-01
2.151407301425933838e-02
1.906939595937728882e-01
5.264893919229507446e-02
1.402286440134048462e-01
1.543917059898376465e-01
2.078549191355705261e-02
5.945363640785217285e-02
1.605947464704513550e-01
8.088737726211547852e-02
1.308243870735168457e-01
2.326360642910003662e-01
3.958911448717117310e-02
2.411427795886993408e-01
9.259941428899765015e-02
2.016170024871826172e-01
1.646182686090469360e-01
1.727714240550994873e-01
1.541599780321121216e-01
2.360872477293014526e-01
1.210895776748657227e-01
1.068319752812385559e-01
2.235680669546127319e-01
3.830410540103912354e-02
7.980172336101531982e-02
1.060655117034912109e-01
2.470470219850540161e-01
1.041452884674072266e-01
5.306402966380119324e-02
1.416703015565872192e-01
2.728563845157623291e-01
1.207279264926910400e-01
3.632702827453613281e-01
3.874751329421997070e-01
8.606226742267608643e-02
3.731945157051086426e-01
2.081579715013504028e-01
2.298037111759185791e-01
1.311478763818740845e-01
1.291906535625457764e-01
7.273088395595550537e-02
1.665394157171249390e-01
3.923552930355072021e-01
3.389526903629302979e-01
7.642179727554321289e-02
1.762235760688781738e-01
6.825498491525650024e-02
8.680217713117599487e-02
1.309481263160705566e-01
2.497907280921936035e-01
8.440206199884414673e-02
1.218793168663978577e-01
1.824273914098739624e-01
9.627900272607803345e-02
3.545586764812469482e-02
2.140019088983535767e-02
4.032896831631660461e-02
3.331084549427032471e-02
1.581709645688533783e-02
1.888004988431930542e-01
7.778162509202957153e-02
8.689845353364944458e-02
1.997786164283752441e-01
7.764579355716705322e-02
3.191494196653366089e-02
1.380226463079452515e-01
2.332059741020202637e-01
3.109001927077770233e-02
1.292238384485244751e-01
1.742700934410095215e-01
5.237300693988800049e-02
7.957018911838531494e-02
1.180976778268814087e-01
5.919294357299804688e-01
1.921954154968261719e-01
1.288925111293792725e-01
8.853666484355926514e-02
1.630997955799102783e-01
2.495009452104568481e-02
7.742988318204879761e-02
8.303068578243255615e-02
4.655468463897705078e-02
1.752841472625732422e-01
1.842696666717529297e-01
1.208565458655357361e-01
1.957062333822250366e-01
4.785830378532409668e-01
1.581128537654876709e-01
2.703851088881492615e-02
2.867574691772460938e-01
2.902179658412933350e-01
2.488897144794464111e-01
2.008120268583297729e-01
7.689579576253890991e-02
1.144918799400329590e-01
1.269720345735549927e-01
6.046578660607337952e-02
3.229379057884216309e-01
1.650107949972152710e-01
7.423934340476989746e-02
3.804974257946014404e-01
1.266192197799682617e-01
2.352820634841918945e-01
1.442525386810302734e-01
6.488263607025146484e-02
6.150864809751510620e-02
1.665174365043640137e-01
1.144035384058952332e-01
8.457971364259719849e-02
1.067607626318931580e-01
9.501875191926956177e-02
1.038607060909271240e-01
8.742644637823104858e-02
2.477497756481170654e-01
1.527148187160491943e-01
1.392519176006317139e-01
1.997143030166625977e-01
2.530080974102020264e-01
2.713552117347717285e-01
1.941155195236206055e-01
4.337281733751296997e-02
1.438482105731964111e-01
1.404341608285903931e-01
7.784610241651535034e-02
1.648759245872497559e-01
1.282429099082946777e-01
1.201326251029968262e-01
2.121085524559020996e-01
4.150963574647903442e-02
3.325473889708518982e-02
7.785905152559280396e-02
1.421841084957122803e-01
1.170982345938682556e-01
2.065608948469161987e-01
6.946126371622085571e-02
3.137259185314178467e-02
1.953340321779251099e-01
2.875185571610927582e-02
8.313044160604476929e-02
2.068998366594314575e-01
3.345355391502380371e-02
3.091239184141159058e-02
5.106329917907714844e-02
1.504768580198287964e-01
1.115652769804000854e-01
2.429784089326858521e-01
3.940274566411972046e-02
1.538977175951004028e-01
3.016996383666992188e-01
1.657352000474929810e-01
1.888127923011779785e-01
6.055806204676628113e-02
1.225074529647827148e-01
5.650965869426727295e-02
4.790649190545082092e-02
1.114580929279327393e-01
1.018496751785278320e-01
3.357941508293151855e-01
6.943511962890625000e-02
2.968545556068420410e-01
7.240555435419082642e-02
9.196204692125320435e-02
1.147841215133666992e-01
3.144379705190658569e-02
7.764505594968795776e-02
1.096399948000907898e-01
1.090012937784194946e-01
1.567881107330322266e-01
2.126146852970123291e-02
1.270374506711959839e-01
2.363440543413162231e-01
2.130469679832458496e-01
1.789631396532058716e-01
5.071111023426055908e-02
1.439795494079589844e-01
2.006569057703018188e-01
2.107433974742889404e-01
5.682162940502166748e-02
4.146360605955123901e-02
8.237706869840621948e-02
4.737949371337890625e-01
1.010003536939620972e-01
1.838084459304809570e-01
2.187843024730682373e-01
9.298069775104522705e-02
1.853088736534118652e-01
7.868102192878723145e-02
3.755654096603393555e-01
7.559548318386077881e-02
1.056873500347137451e-01
2.527847290039062500e-01
4.237508177757263184e-01
4.483947902917861938e-02
1.943848431110382080e-01
1.076432019472122192e-01
2.544617280364036560e-02
3.517296165227890015e-02
4.482700675725936890e-02
1.387521345168352127e-02
3.393600285053253174e-01
2.789622172713279724e-02
2.412287294864654541e-01
2.274074219167232513e-02
3.557923734188079834e-01
5.528373271226882935e-02
1.211473345756530762e-01
1.436450481414794922e-01
5.874138697981834412e-02
1.674631983041763306e-01
1.422893106937408447e-01
4.859559983015060425e-02
2.513270378112792969e-01
1.623074561357498169e-01
3.645935654640197754e-02
1.275640130043029785e-01
1.865514516830444336e-01
2.335647940635681152e-01
3.317096084356307983e-02
1.240579560399055481e-01
1.871722787618637085e-01
1.418920159339904785e-01
2.526377141475677490e-01
1.401230692863464355e-01
4.015362858772277832e-01
1.930007040500640869e-01
8.003170788288116455e-02
1.183589398860931396e-01
2.047961205244064331e-02
1.594281345605850220e-01
2.648616433143615723e-01
2.628391236066818237e-02
7.834905385971069336e-02
1.795353591442108154e-01
1.784998476505279541e-01
2.546795904636383057e-01
2.205326780676841736e-02
1.000718697905540466e-01
6.124684959650039673e-02
9.266567230224609375e-02
1.607437133789062500e-01
1.819396615028381348e-01
1.079361662268638611e-01
2.008548527956008911e-01
7.267485558986663818e-02
5.110067501664161682e-02
2.027212232351303101e-01
1.940013468265533447e-01
2.060853540897369385e-01
4.250555485486984253e-02
2.121978253126144409e-02
1.444357484579086304e-01
6.340441852807998657e-02
2.614444494247436523e-01
1.843934357166290283e-01
1.416835784912109375e-01
2.601550817489624023e-01
4.531903564929962158e-02
3.249439597129821777e-02
2.761381268501281738e-01
2.564141154289245605e-01
3.500417172908782959e-01
2.872818708419799805e-01
1.966178566217422485e-01
4.056226462125778198e-02
7.289309799671173096e-02
2.168645560741424561e-01
2.697581946849822998e-01
5.988017469644546509e-02
3.382136821746826172e-01
1.676278859376907349e-01
1.299554854631423950e-01
1.494085788726806641e-01
2.460507750511169434e-01
9.278552234172821045e-02
1.295534372329711914e-01
4.043765738606452942e-02
1.927861273288726807e-01
4.837432503700256348e-01
2.272865772247314453e-01
5.888113379478454590e-02
1.032370328903198242e-01
6.322776526212692261e-02
1.999163329601287842e-01
4.360761120915412903e-02
2.023515552282333374e-01
1.261344105005264282e-01
1.363641619682312012e-01
6.335354596376419067e-02
3.380844369530677795e-02
2.526870369911193848e-01
4.165422171354293823e-02
8.962310105562210083e-02
3.383345156908035278e-02
9.458543360233306885e-02
2.089140564203262329e-01
2.543560862541198730e-01
2.303722500801086426e-01
6.743286550045013428e-02
2.469913214445114136e-01
4.126831293106079102e-01
5.009651929140090942e-02
2.923044562339782715e-02
1.594836264848709106e-01
1.852688193321228027e-01
1.426573395729064941e-01
1.275990456342697144e-01
3.616469353437423706e-02
1.238996312022209167e-01
2.273182272911071777e-01
2.495988458395004272e-01
2.434160858392715454e-01
5.744249224662780762e-01
6.183921918272972107e-02
2.015579044818878174e-01
4.988462477922439575e-02
1.365422159433364868e-01
6.610542535781860352e-02
1.058204472064971924e-01
2.705102041363716125e-02
2.436220459640026093e-02
3.173533678054809570e-01
4.429404810070991516e-02
1.358793079853057861e-01
1.497034430503845215e-01
1.631061881780624390e-01
2.461077421903610229e-01
4.919146001338958740e-02
1.902327537536621094e-01
3.229976817965507507e-02
6.903740018606185913e-02
1.308723837137222290e-01
6.960916519165039062e-02
1.359251588582992554e-01
1.502576619386672974e-01
1.576988995075225830e-01
1.203194782137870789e-01
1.945818215608596802e-01
1.638441979885101318e-01
6.291623413562774658e-02
1.157523170113563538e-01
8.856804668903350830e-02
3.278823941946029663e-02
2.391050457954406738e-01
1.886748224496841431e-01
6.554794311523437500e-02
1.473085582256317139e-01
6.589400768280029297e-02
6.541503220796585083e-02
1.398537307977676392e-01
1.522566527128219604e-01
1.076012253761291504e-01
2.090586125850677490e-01
5.174940824508666992e-02
6.620752811431884766e-02
1.495921462774276733e-01
1.286112889647483826e-02
6.426215916872024536e-02
1.936339139938354492e-01
2.952157892286777496e-02
1.686208322644233704e-02
1.614643782377243042e-01
2.014207988977432251e-01
4.023412242531776428e-02
2.735912427306175232e-02
6.639117747545242310e-02
1.210475414991378784e-01
4.734396338462829590e-01
1.602494269609451294e-01
1.238775998353958130e-01
5.874520912766456604e-02
8.653674274682998657e-02
4.816877096891403198e-02
2.184233069419860840e-01
2.548881471157073975e-01
1.253727525472640991e-01
2.222293317317962646e-01
1.272371560335159302e-01
1.903681308031082153e-01
1.134704202413558960e-01
2.415207326412200928e-01
4.793761670589447021e-02
9.619161486625671387e-02
2.469650804996490479e-01
6.369630247354507446e-02
1.693803369998931885e-01
1.502919495105743408e-01
1.306048482656478882e-01
1.131219938397407532e-01
1.981628239154815674e-01
8.421586453914642334e-02
2.504095435142517090e-01
1.962009668350219727e-01
1.224869340658187866e-01
1.075201034545898438e-01
7.539425045251846313e-02
6.835110485553741455e-02
3.418768346309661865e-01
2.719266712665557861e-01
3.647937774658203125e-01
1.314038336277008057e-01
1.048702895641326904e-01
9.691379964351654053e-02
9.352804720401763916e-02
6.308168172836303711e-02
2.875477820634841919e-02
6.488785892724990845e-02
2.920758724212646484e-01
2.511808872222900391e-01
4.943255186080932617e-01
2.032961994409561157e-01
1.393681019544601440e-01
1.336665451526641846e-01
1.289508193731307983e-01
1.902013421058654785e-01
6.995928287506103516e-02
1.004963368177413940e-01
2.722112536430358887e-01
4.844860732555389404e-02
7.612596452236175537e-02
6.352700293064117432e-02
6.140326708555221558e-02
2.126123309135437012e-01
1.670727729797363281e-01
2.388234436511993408e-01
1.274189651012420654e-01
1.651974022388458252e-01
1.336419433355331421e-01
3.729305863380432129e-01
2.692359685897827148e-01
7.330815494060516357e-02
2.816829830408096313e-02
