2.556702196598052979e-01
9.530174732208251953e-02
9.460065513849258423e-02
1.104680895805358887e-01
2.410002052783966064e-01
2.481164783239364624e-02
1.713918447494506836e-01
5.863936617970466614e-02
1.580888032913208008e-01
3.874612599611282349e-02
1.568524986505508423e-01
4.375106096267700195e-02
1.717867851257324219e-01
1.112921386957168579e-01
5.502467229962348938e-02
3.033229708671569824e-01
7.741352170705795288e-02
1.189032495021820068e-01
1.343573629856109619e-01
8.702804148197174072e-02
8.554889261722564697e-02
3.563801944255828857e-02
6.913380324840545654e-02
2.455793172121047974e-01
2.567020058631896973e-02
4.718063175678253174e-01
2.653288245201110840e-01
1.036451682448387146e-01
6.722791492938995361e-02
7.423590868711471558e-02
1.526276580989360809e-02
3.685901314020156860e-02
1.955692023038864136e-01
1.353249996900558472e-01
1.455153673887252808e-01
2.078596055507659912e-01
4.550388455390930176e-02
1.830558925867080688e-01
1.957935988903045654e-01
9.513465315103530884e-02
2.545775175094604492e-01
7.273210585117340088e-02
2.352828383445739746e-01
2.430564314126968384e-01
1.589036285877227783e-01
7.041559368371963501e-02
6.225946545600891113e-02
7.266318798065185547e-02
1.523762047290802002e-01
2.040002346038818359e-01
2.524981461465358734e-02
6.601545214653015137e-02
1.122155860066413879e-01
5.324629694223403931e-02
4.340145736932754517e-02
5.010407418012619019e-02
2.617845833301544189e-01
5.507146194577217102e-02
1.872182451188564301e-02
9.195324033498764038e-02
1.612802594900131226e-01
1.497818250209093094e-02
9.846024215221405029e-02
2.151015102863311768e-01
8.290392905473709106e-02
1.605527102947235107e-01
4.191615805029869080e-02
2.569627165794372559e-01
4.971244186162948608e-02
1.383465975522994995e-01
3.339882791042327881e-01
5.178364738821983337e-02
4.181332141160964966e-02
1.332492232322692871e-01
5.120913684368133545e-02
2.946705371141433716e-02
1.274079084396362305e-01
4.468127340078353882e-02
3.317354992032051086e-02
1.597153544425964355e-01
1.308384239673614502e-01
1.303590089082717896e-01
5.669091641902923584e-02
1.417211145162582397e-01
5.403202027082443237e-02
8.229846507310867310e-02
2.652456611394882202e-02
1.330286860466003418e-01
1.173560041934251785e-02
4.938770458102226257e-02
8.675024658441543579e-02
4.288612306118011475e-02
1.387241184711456299e-01
2.613977789878845215e-01
1.396494507789611816e-01
7.859329134225845337e-02
1.082628667354583740e-01
2.869310677051544189e-01
7.373703271150588989e-02
2.924548089504241943e-02
1.285045444965362549e-01
1.609401702880859375e-01
4.343269020318984985e-02
1.137525290250778198e-01
2.749094963073730469e-01
2.996885776519775391e-01
4.005411267280578613e-02
1.642680913209915161e-01
1.764286756515502930e-01
2.232329919934272766e-02
4.196771234273910522e-02
9.262278676033020020e-02
5.903438851237297058e-02
1.359800100326538086e-01
3.208340331912040710e-02
8.542986959218978882e-02
4.743646457791328430e-02
1.747218519449234009e-01
6.356345862150192261e-02
1.370210349559783936e-01
1.718977093696594238e-01
5.884169042110443115e-02
2.379069030284881592e-01
1.693720221519470215e-01
2.082497179508209229e-01
1.831300556659698486e-01
4.916732311248779297e-01
2.483550608158111572e-01
5.007364153861999512e-01
7.634686678647994995e-02
6.032037734985351562e-02
1.631301045417785645e-01
1.763200163841247559e-01
2.052529454231262207e-01
1.611724048852920532e-01
3.277010619640350342e-01
1.527599394321441650e-01
2.483395189046859741e-01
1.763150542974472046e-01
7.260587066411972046e-02
8.012228459119796753e-02
4.232022911310195923e-02
3.754492700099945068e-01
3.371601104736328125e-01
1.907474398612976074e-01
1.755752861499786377e-01
1.344183832406997681e-01
6.734684109687805176e-02
1.169981062412261963e-01
1.132888942956924438e-01
2.585374712944030762e-01
1.753479540348052979e-01
5.943539738655090332e-02
1.149974912405014038e-01
6.759535521268844604e-02
2.907158732414245605e-01
3.536547347903251648e-02
5.778056383132934570e-02
1.635752618312835693e-01
1.170986220240592957e-01
2.722299098968505859e-01
2.462033182382583618e-02
8.524322509765625000e-02
2.629778981208801270e-01
1.449317187070846558e-01
2.510389685630798340e-02
8.041740208864212036e-02
3.079939261078834534e-02
1.420208662748336792e-01
1.684722304344177246e-02
3.588227033615112305e-01
1.621724963188171387e-01
1.292862296104431152e-01
4.242218732833862305e-01
4.041201621294021606e-02
1.689516305923461914e-01
2.684016227722167969e-01
7.926040887832641602e-02
1.073093637824058533e-01
1.583765745162963867e-01
1.901515424251556396e-01
5.671457201242446899e-02
7.850262522697448730e-02
1.277649998664855957e-01
2.233462631702423096e-01
1.059605628252029419e-01
4.080893471837043762e-02
9.537560492753982544e-02
1.789101809263229370e-01
1.693091839551925659e-01
2.261971980333328247e-01
1.959316730499267578e-01
3.581047803163528442e-02
5.885299444198608398e-01
1.380809694528579712e-01
1.445805877447128296e-01
3.459221720695495605e-01
3.976794481277465820e-01
9.186200797557830811e-02
9.935203939676284790e-02
1.463147103786468506e-01
4.047004878520965576e-02
5.505524203181266785e-02
1.680660247802734375e-01
8.295463770627975464e-02
2.577006518840789795e-01
5.684444308280944824e-02
2.729903347790241241e-02
2.267753630876541138e-01
3.028031624853610992e-02
2.460470199584960938e-01
9.512411057949066162e-02
3.428564369678497314e-01
3.133910894393920898e-01
2.751104235649108887e-01
1.533586382865905762e-01
1.143220216035842896e-01
2.146025747060775757e-02
5.459659546613693237e-02
1.379146277904510498e-01
1.429174840450286865e-01
1.939544081687927246e-01
8.196070045232772827e-02
4.512770473957061768e-02
9.501785039901733398e-02
3.084053099155426025e-01
4.904387891292572021e-02
1.805209219455718994e-01
1.153110414743423462e-01
1.401573419570922852e-01
1.965188235044479370e-01
1.845957636833190918e-01
2.049709856510162354e-01
9.532446414232254028e-02
2.167969197034835815e-01
1.176435649394989014e-01
2.930732071399688721e-01
6.514093279838562012e-02
9.114766493439674377e-03
3.872241079807281494e-02
2.902053892612457275e-01
8.504208922386169434e-02
1.641309261322021484e-01
8.050720393657684326e-02
7.351939380168914795e-02
7.052557170391082764e-02
1.278743743896484375e-01
5.552813038229942322e-02
2.859612926840782166e-02
9.045235067605972290e-02
3.326222300529479980e-01
8.659753948450088501e-02
1.192342638969421387e-01
6.497760862112045288e-02
7.722242921590805054e-02
3.276205435395240784e-02
1.163831949234008789e-01
2.163227349519729614e-01
1.435155421495437622e-01
3.284492716193199158e-02
5.893955379724502563e-02
2.376719191670417786e-02
6.121719628572463989e-02
1.462376415729522705e-01
8.062761276960372925e-02
3.564753383398056030e-02
1.509831473231315613e-02
1.768799871206283569e-02
1.972079128026962280e-01
1.325952559709548950e-01
3.045949041843414307e-01
9.635923802852630615e-02
1.686359047889709473e-01
1.276465654373168945e-01
2.998848855495452881e-01
1.739060133695602417e-01
4.745145142078399658e-02
3.557582497596740723e-01
7.706695795059204102e-02
9.822237491607666016e-02
1.082246303558349609e-01
6.146052479743957520e-02
7.080137729644775391e-02
3.368753492832183838e-01
4.169968515634536743e-02
1.855174303054809570e-01
1.154621466994285583e-01
1.382133215665817261e-01
4.508132487535476685e-02
2.288120687007904053e-01
6.340655684471130371e-02
1.479047089815139771e-01
4.808688759803771973e-01
1.804705709218978882e-01
4.009357467293739319e-02
3.386526107788085938e-01
4.865709692239761353e-02
1.931902468204498291e-01
4.811768233776092529e-02
5.229185521602630615e-02
1.388507485389709473e-01
3.067458570003509521e-01
7.404675334692001343e-02
3.127318620681762695e-01
1.354606151580810547e-01
1.210680603981018066e-01
1.645302772521972656e-01
1.713717877864837646e-01
2.036168426275253296e-01
8.950752764940261841e-02
1.932835876941680908e-01
1.488759219646453857e-01
4.333848133683204651e-02
1.374206840991973877e-01
7.363601028919219971e-02
1.467332839965820312e-01
7.687985152006149292e-02
1.407836973667144775e-01
5.731610581278800964e-02
1.049115210771560669e-01
8.408819139003753662e-02
1.904369592666625977e-01
4.487033933401107788e-02
1.383030712604522705e-01
1.692605763673782349e-01
1.101066246628761292e-01
9.647093713283538818e-02
4.620881080627441406e-01
2.819713018834590912e-02
2.506328187882900238e-02
4.942820593714714050e-02
5.606543272733688354e-02
4.114958941936492920e-01
3.917685151100158691e-01
6.900332868099212646e-02
1.376589536666870117e-01
4.280747100710868835e-02
3.586537837982177734e-01
8.060079813003540039e-02
4.216264188289642334e-02
4.889802634716033936e-02
2.546361088752746582e-01
3.394554927945137024e-02
4.367028921842575073e-02
1.303767561912536621e-01
3.075866028666496277e-02
3.791736662387847900e-01
1.582295596599578857e-01
1.073219850659370422e-01
1.383656561374664307e-01
3.356415927410125732e-01
1.866642236709594727e-01
2.956860959529876709e-01
1.036656498908996582e-01
1.869956403970718384e-01
5.342043936252593994e-02
2.286884337663650513e-01
1.557384729385375977e-01
4.159655049443244934e-02
2.364751100540161133e-01
1.404198110103607178e-01
2.580684237182140350e-02
1.625022739171981812e-01
1.713803112506866455e-01
5.876938253641128540e-02
2.704555392265319824e-01
4.985144734382629395e-02
4.284184053540229797e-02
7.817576825618743896e-02
4.687693715095520020e-02
1.138126850128173828e-01
1.090350970625877380e-01
1.025466844439506531e-01
7.463084906339645386e-02
8.612856268882751465e-02
2.662969939410686493e-02
3.029297292232513428e-02
1.230825930833816528e-01
2.358389198780059814e-01
4.391658306121826172e-02
8.451621979475021362e-02
2.172482162714004517e-01
2.367745712399482727e-02
3.162246569991111755e-02
2.069808989763259888e-01
2.219121754169464111e-01
5.142437294125556946e-02
4.850558936595916748e-02
9.207960963249206543e-02
2.081015333533287048e-02
1.972628980875015259e-01
1.704396903514862061e-01
1.413790136575698853e-01
1.672578752040863037e-01
5.302301794290542603e-02
1.267542839050292969e-01
1.109486296772956848e-01
3.074508607387542725e-01
1.537991464138031006e-01
5.829541385173797607e-02
7.907666265964508057e-02
1.225519999861717224e-01
6.215488910675048828e-02
5.200030654668807983e-02
1.718143820762634277e-01
1.654922366142272949e-01
2.796689867973327637e-01
2.073739767074584961e-01
9.716396033763885498e-02
1.123746410012245178e-01
2.199289798736572266e-01
2.930604293942451477e-02
1.498775780200958252e-01
1.382755935192108154e-01
1.191007792949676514e-01
2.651622295379638672e-01
2.081631869077682495e-01
2.425917387008666992e-01
3.678530454635620117e-02
2.926304638385772705e-01
1.453661769628524780e-01
1.514585763216018677e-01
1.558171659708023071e-01
2.769844606518745422e-02
9.840184450149536133e-02
3.923996537923812866e-02
4.322229325771331787e-02
2.458991110324859619e-02
1.762736141681671143e-01
1.889890879392623901e-01
3.197150677442550659e-02
2.712490260601043701e-01
9.274790436029434204e-02
1.813226938247680664e-01
5.970215797424316406e-02
2.064024358987808228e-01
2.903216145932674408e-02
8.354105055332183838e-02
2.677129507064819336e-01
2.478803992271423340e-01
2.085025608539581299e-02
6.991849839687347412e-02
1.823352873325347900e-01
1.272264122962951660e-01
2.194936275482177734e-01
6.066441535949707031e-02
6.546494364738464355e-02
1.250571310520172119e-01
1.131334081292152405e-01
7.435192167758941650e-02
9.495966881513595581e-02
1.997225359082221985e-02
3.856405615806579590e-02
7.757602632045745850e-02
1.134063452482223511e-01
5.021593719720840454e-02
2.381250262260437012e-01
9.558250010013580322e-02
3.394484519958496094e-01
6.343407183885574341e-02
2.248518317937850952e-01
1.403831094503402710e-01
2.254834771156311035e-01
1.312219798564910889e-01
2.781461775302886963e-01
7.731060683727264404e-02
3.217437863349914551e-01
1.669960021972656250e-01
2.456029132008552551e-02
4.303880035877227783e-02
2.060667574405670166e-01
3.349794745445251465e-01
6.845304369926452637e-02
5.375670269131660461e-02
1.582488119602203369e-01
2.484673857688903809e-01
7.523027062416076660e-02
4.067478179931640625e-01
1.807222068309783936e-01
3.811914846301078796e-02
2.871605157852172852e-01
1.878046095371246338e-01
4.299568012356758118e-02
7.664464414119720459e-02
1.664758175611495972e-01
9.807965159416198730e-02
5.873927474021911621e-02
2.119412869215011597e-01
2.978972904384136200e-02
9.388647973537445068e-02
1.487699449062347412e-01
1.451597176492214203e-02
7.580550014972686768e-02
2.890122681856155396e-02
3.529559820890426636e-02
1.032023727893829346e-01
2.098910212516784668e-01
8.354638516902923584e-02
3.965162485837936401e-02
2.793991193175315857e-02
5.029580742120742798e-02
5.771943181753158569e-02
2.990400232374668121e-02
2.616322040557861328e-01
2.694447897374629974e-02
2.372138574719429016e-02
1.531265676021575928e-01
8.278171718120574951e-02
2.527725398540496826e-01
1.132742464542388916e-01
1.342356950044631958e-01
1.943468898534774780e-01
1.360808014869689941e-01
2.746302261948585510e-02
5.217220187187194824e-01
5.218999832868576050e-02
4.223178327083587646e-02
6.377215683460235596e-02
4.593579098582267761e-02
2.463659942150115967e-01
1.523015499114990234e-01
2.517275325953960419e-02
4.772518202662467957e-02
3.573145717382431030e-02
1.863054744899272919e-02
4.374887421727180481e-02
1.249720081686973572e-01
8.205764740705490112e-02
2.968391478061676025e-01
4.457478597760200500e-02
3.245297074317932129e-01
1.625220477581024170e-01
3.405865654349327087e-02
1.590346544981002808e-01
3.075075745582580566e-01
1.454164087772369385e-01
3.398703932762145996e-01
2.205132842063903809e-01
2.184185385704040527e-01
2.632158994674682617e-01
5.354198440909385681e-02
1.193715780973434448e-01
1.329862624406814575e-01
1.260480098426342010e-02
7.101038098335266113e-02
1.339001357555389404e-01
3.407466784119606018e-02
1.750149130821228027e-01
3.396090567111968994e-01
1.609954088926315308e-01
2.714943587779998779e-01
2.727671861648559570e-01
4.745160043239593506e-02
1.379465758800506592e-01
1.157757118344306946e-01
1.328815668821334839e-01
3.928358107805252075e-02
6.059876084327697754e-01
9.344385564327239990e-02
9.195780754089355469e-02
1.627282500267028809e-01
1.491577923297882080e-01
6.998370587825775146e-02
7.561276853084564209e-02
2.626426517963409424e-01
3.626834228634834290e-02
5.430702120065689087e-02
5.645086988806724548e-02
1.218422651290893555e-01
1.284853518009185791e-01
4.287393391132354736e-02
2.654802799224853516e-01
2.471866272389888763e-02
1.064977347850799561e-01
1.636152714490890503e-02
3.684315457940101624e-02
3.337980806827545166e-02
2.190580219030380249e-02
1.086997687816619873e-01
1.252478510141372681e-01
3.483715057373046875e-01
1.035477742552757263e-01
2.525276541709899902e-01
1.490068882703781128e-01
6.545909494161605835e-02
3.787719085812568665e-02
3.804380595684051514e-01
1.380373090505599976e-01
3.869882225990295410e-02
5.200237780809402466e-02
1.884807646274566650e-01
1.037017256021499634e-01
1.687435954809188843e-01
5.616580322384834290e-02
1.151391193270683289e-01
2.243335545063018799e-01
7.295411825180053711e-02
1.870224773883819580e-01
1.408006697893142700e-01
1.864066421985626221e-01
2.628019452095031738e-02
2.193844020366668701e-01
2.572716772556304932e-01
1.813666224479675293e-01
6.858607381582260132e-02
3.583750128746032715e-01
8.841046690940856934e-02
5.987711250782012939e-02
4.986006766557693481e-02
1.685123592615127563e-01
2.028040885925292969e-01
3.079807162284851074e-01
8.454782515764236450e-02
4.161975160241127014e-02
1.696433275938034058e-01
1.604021489620208740e-01
2.670703828334808350e-02
1.625379323959350586e-01
7.011239975690841675e-02
4.687253013253211975e-02
2.635521590709686279e-01
2.363896518945693970e-01
6.632424890995025635e-02
1.063330247998237610e-01
3.720581531524658203e-01
5.868953466415405273e-02
4.948858916759490967e-02
2.277271300554275513e-01
2.913156151771545410e-01
6.147684901952743530e-02
1.104953736066818237e-01
1.005522310733795166e-01
5.796119198203086853e-02
3.048784434795379639e-01
2.478638663887977600e-02
4.490968957543373108e-02
2.170249819755554199e-01
1.158377677202224731e-01
1.722197234630584717e-01
3.466223180294036865e-02
8.071938157081604004e-02
2.754969894886016846e-01
1.083783358335494995e-01
6.960715353488922119e-02
1.488830000162124634e-01
5.706611275672912598e-02
8.754289150238037109e-02
1.507732123136520386e-01
1.028610467910766602e-01
2.617027759552001953e-01
1.706663370132446289e-01
1.331285238265991211e-01
4.383888095617294312e-02
2.520684897899627686e-02
1.020370125770568848e-01
1.627173572778701782e-01
1.216061133891344070e-02
1.970049291849136353e-01
2.980347871780395508e-01
2.315719723701477051e-01
2.127188444137573242e-02
6.566678732633590698e-02
1.777812540531158447e-01
8.251968026161193848e-02
4.763508141040802002e-01
1.295301616191864014e-01
4.606648162007331848e-02
2.013173550367355347e-01
2.471824884414672852e-01
7.730862498283386230e-02
1.019660159945487976e-01
1.080823391675949097e-01
2.194871157407760620e-01
1.929491162300109863e-01
4.987665265798568726e-02
2.397131919860839844e-01
4.045540094375610352e-02
1.164049282670021057e-01
1.673962473869323730e-01
6.370030343532562256e-02
5.148813128471374512e-02
1.301313042640686035e-01
9.231030195951461792e-02
6.617344915866851807e-02
1.764036267995834351e-01
4.313639402389526367e-01
2.195251882076263428e-01
1.494907774031162262e-02
1.746050715446472168e-01
6.844007968902587891e-02
5.577801540493965149e-02
2.429672181606292725e-01
2.246907353401184082e-01
2.850272059440612793e-01
6.899320334196090698e-02
3.063386678695678711e-02
2.187503874301910400e-01
5.283084511756896973e-02
1.655712574720382690e-01
1.694035232067108154e-01
2.488771453499794006e-02
6.140691041946411133e-02
7.589503377676010132e-02
2.569984197616577148e-01
8.084444701671600342e-02
8.884105086326599121e-02
1.209960579872131348e-01
2.063590288162231445e-01
5.426000058650970459e-02
4.525884389877319336e-01
4.994975030422210693e-02
2.209206297993659973e-02
1.185471564531326294e-01
2.550213038921356201e-02
7.576233148574829102e-02
6.393326520919799805e-01
1.716669797897338867e-01
3.048842847347259521e-01
2.314829677343368530e-01
1.808764040470123291e-01
7.968690991401672363e-02
1.305478811264038086e-01
1.223669126629829407e-01
6.758150458335876465e-02
8.637950569391250610e-02
2.866359055042266846e-01
6.901675462722778320e-02
4.682356119155883789e-02
1.267555505037307739e-01
3.022397160530090332e-01
1.960854232311248779e-02
8.156716823577880859e-02
3.437820076942443848e-02
8.678887039422988892e-02
7.752057909965515137e-02
7.370977848768234253e-02
1.685697883367538452e-01
2.525006607174873352e-02
2.611452043056488037e-01
1.831084191799163818e-01
8.013471215963363647e-02
2.374614179134368896e-01
9.382313489913940430e-02
3.769476711750030518e-01
5.412808060646057129e-02
1.795777529478073120e-01
1.290551573038101196e-01
1.841332912445068359e-01
9.602107852697372437e-02
2.432348579168319702e-01
3.878886401653289795e-01
2.154998928308486938e-01
3.040910959243774414e-01
8.104389160871505737e-02
1.623242199420928955e-01
2.886084914207458496e-01
1.893207430839538574e-01
1.799954175949096680e-01
1.892350763082504272e-01
8.334523439407348633e-02
2.376145869493484497e-01
2.338489890098571777e-02
2.150923758745193481e-01
5.987349897623062134e-02
9.754443913698196411e-02
3.464771434664726257e-02
1.045720726251602173e-01
7.692510634660720825e-02
4.942126572132110596e-02
2.208517789840698242e-01
3.244711831212043762e-02
5.719161033630371094e-01
1.837842762470245361e-01
8.559846878051757812e-02
1.355419158935546875e-01
1.601191759109497070e-01
3.451591134071350098e-01
1.455337554216384888e-01
1.674274802207946777e-01
9.682407230138778687e-02
4.022303223609924316e-02
2.650517970323562622e-02
2.075524032115936279e-01
7.494504004716873169e-02
2.090016007423400879e-01
2.800262719392776489e-02
1.820498108863830566e-01
7.852249592542648315e-02
1.476587355136871338e-01
4.070659354329109192e-02
1.111159399151802063e-01
2.923377454280853271e-01
2.918318510055541992e-01
1.511561572551727295e-01
9.244252741336822510e-02
7.474811375141143799e-02
1.811941340565681458e-02
1.649240106344223022e-01
1.765232086181640625e-01
4.280406236648559570e-02
5.894186347723007202e-02
1.028448417782783508e-01
1.732628196477890015e-01
1.327074319124221802e-01
3.851009532809257507e-02
2.556533813476562500e-01
1.228812038898468018e-01
1.659637093544006348e-01
9.048378467559814453e-02
9.363929927349090576e-02
1.317390799522399902e-02
1.971537172794342041e-01
1.910854279994964600e-01
7.567459344863891602e-02
2.628672420978546143e-01
9.493146091699600220e-02
5.628565326333045959e-02
3.655165433883666992e-01
1.531437188386917114e-01
1.656213998794555664e-01
1.098767742514610291e-01
3.096499443054199219e-01
3.045286834239959717e-01
1.929889321327209473e-01
1.677336394786834717e-01
3.274726495146751404e-02
1.666045635938644409e-01
3.601576015353202820e-02
2.348040603101253510e-02
2.112599611282348633e-01
8.090682327747344971e-02
1.406147927045822144e-01
1.538651734590530396e-01
2.643918395042419434e-01
9.832356870174407959e-02
2.715250551700592041e-01
1.673211604356765747e-01
6.716315448284149170e-02
1.073073446750640869e-01
1.281559169292449951e-01
4.430519044399261475e-02
3.659090399742126465e-02
2.920427322387695312e-01
1.400490999221801758e-01
2.703682705760002136e-02
2.272221148014068604e-01
1.972282975912094116e-01
2.039934694766998291e-01
1.163886934518814087e-01
5.850871279835700989e-02
2.286962866783142090e-01
3.942600637674331665e-02
2.149429321289062500e-01
1.668763756752014160e-01
6.514813005924224854e-02
6.304062902927398682e-02
2.397227138280868530e-01
1.250115502625703812e-02
2.469425797462463379e-01
4.252220690250396729e-02
1.479852199554443359e-01
3.718353509902954102e-01
1.720333099365234375e-01
1.402374505996704102e-01
1.330733597278594971e-01
1.884550154209136963e-01
1.277122497558593750e-01
2.204991132020950317e-02
1.980125159025192261e-01
6.429645419120788574e-02
1.283386349678039551e-01
6.046710163354873657e-02
9.884110093116760254e-02
1.238866448402404785e-01
5.087760090827941895e-02
2.380704581737518311e-01
3.957579433917999268e-01
1.046539396047592163e-01
1.431355774402618408e-01
2.353329807519912720e-01
3.979855179786682129e-01
1.518302559852600098e-01
6.459149718284606934e-02
2.031043469905853271e-01
1.478922069072723389e-01
3.022178635001182556e-02
2.576819434762001038e-02
1.494599580764770508e-01
1.243861392140388489e-01
2.840842306613922119e-01
3.201864063739776611e-01
1.863290965557098389e-01
4.593006148934364319e-02
6.100466102361679077e-02
1.098404154181480408e-01
3.208104670047760010e-01
5.175080150365829468e-02
1.423903703689575195e-01
3.391737118363380432e-02
4.595800116658210754e-02
1.264166384935379028e-01
1.425645500421524048e-01
1.025090888142585754e-01
4.182605445384979248e-02
1.857226192951202393e-01
1.889276504516601562e-01
1.306835412979125977e-01
7.670451700687408447e-02
2.821513079106807709e-02
9.176426380872726440e-02
7.278272509574890137e-02
1.696833521127700806e-01
1.018735915422439575e-01
3.457420468330383301e-01
2.377381473779678345e-01
1.094475314021110535e-01
4.134744405746459961e-02
6.316985189914703369e-02
3.255942165851593018e-01
1.086792945861816406e-01
2.889323234558105469e-01
1.234337836503982544e-01
1.377907097339630127e-01
7.087933272123336792e-02
8.669279515743255615e-02
1.822506040334701538e-01
3.388749063014984131e-01
3.419052064418792725e-01
2.979900240898132324e-01
1.703087985515594482e-01
1.019935235381126404e-01
1.754456460475921631e-01
1.239253431558609009e-01
3.045699000358581543e-01
1.627753376960754395e-01
4.841996356844902039e-02
3.750688433647155762e-01
4.685126990079879761e-02
3.202649354934692383e-01
2.071615010499954224e-01
4.800526052713394165e-02
1.535095274448394775e-01
5.686802417039871216e-02
2.225884497165679932e-01
4.613212496042251587e-02
6.249398738145828247e-02
3.407324850559234619e-01
1.169257983565330505e-01
9.841860085725784302e-02
2.213873863220214844e-01
1.856248676776885986e-01
9.771643579006195068e-02
9.464617073535919189e-02
3.782061487436294556e-02
3.497485071420669556e-02
1.216628253459930420e-01
1.717509478330612183e-01
1.934090852737426758e-01
2.459216415882110596e-01
1.400394439697265625e-01
1.795164197683334351e-01
4.848457872867584229e-02
3.377135843038558960e-02
1.704850196838378906e-01
1.287396103143692017e-01
1.422463059425354004e-01
2.450547814369201660e-01
3.366350829601287842e-01
2.037609368562698364e-02
8.452384918928146362e-02
1.162360161542892456e-01
8.647064864635467529e-02
1.466991007328033447e-01
7.862325012683868408e-02
1.816204786300659180e-01
1.678208112716674805e-01
1.811247467994689941e-01
3.902896642684936523e-01
1.508718729019165039e-01
2.885768376290798187e-02
2.002699971199035645e-01
2.345754802227020264e-01
7.400394976139068604e-02
6.494450569152832031e-02
9.005521237850189209e-02
2.717904448509216309e-01
1.918078362941741943e-01
2.301026582717895508e-01
1.666378676891326904e-01
8.686567842960357666e-02
1.003997474908828735e-01
6.303601711988449097e-02
3.719580173492431641e-02
1.530636474490165710e-02
1.408233791589736938e-01
3.579084947705268860e-02
2.280711382627487183e-02
1.857739686965942383e-02
3.559273853898048401e-02
4.726476967334747314e-02
3.070876002311706543e-02
2.387968078255653381e-02
2.101564966142177582e-02
2.709987461566925049e-01
3.866882026195526123e-01
5.614458397030830383e-02
6.006328016519546509e-02
1.582261770963668823e-01
4.094348847866058350e-02
1.062950119376182556e-01
2.492807656526565552e-01
4.458483308553695679e-02
1.316318958997726440e-01
2.288665622472763062e-01
4.217159748077392578e-02
4.770005494356155396e-02
5.262365564703941345e-02
5.370519310235977173e-02
1.653059124946594238e-01
2.380604110658168793e-02
1.326617598533630371e-01
1.276841163635253906e-01
1.389001905918121338e-01
1.036898493766784668e-01
3.414127603173255920e-02
1.637267172336578369e-01
9.436750411987304688e-02
1.407551765441894531e-01
5.327125266194343567e-02
5.901559442281723022e-02
4.096503555774688721e-02
3.313684463500976562e-01
1.072775647044181824e-01
1.722179353237152100e-01
3.093272745609283447e-01
3.721501678228378296e-02
3.347745239734649658e-01
3.213580846786499023e-01
1.058900728821754456e-01
1.811429411172866821e-01
6.209844723343849182e-02
1.366340965032577515e-01
3.426428139209747314e-02
5.202806740999221802e-02
2.092589437961578369e-01
5.764141678810119629e-02
4.568111896514892578e-02
9.691434353590011597e-02
5.039117112755775452e-02
2.407591231167316437e-02
3.055483475327491760e-02
1.161410734057426453e-01
2.108731679618358612e-02
2.959885597229003906e-01
1.273837964981794357e-02
1.272232085466384888e-01
1.539371255785226822e-02
7.925862073898315430e-02
1.715459376573562622e-01
5.324944853782653809e-02
1.071184724569320679e-01
2.936200201511383057e-01
6.765155494213104248e-02
4.257664829492568970e-02
3.452314734458923340e-01
1.040461212396621704e-01
4.442559555172920227e-02
3.512727022171020508e-01
3.597457110881805420e-01
2.356054931879043579e-01
2.027153782546520233e-02
2.018877416849136353e-01
6.377604603767395020e-02
5.317109823226928711e-01
1.126833558082580566e-01
1.333487331867218018e-01
2.583049833774566650e-01
6.824679672718048096e-02
7.509296387434005737e-02
1.215789616107940674e-01
3.887135535478591919e-02
2.762965261936187744e-01
1.088353097438812256e-01
3.169386461377143860e-02
9.910590201616287231e-02
1.022664234042167664e-01
1.194516122341156006e-01
9.483680874109268188e-02
2.941911220550537109e-01
7.805154472589492798e-02
3.916249871253967285e-01
3.695933222770690918e-01
1.667969971895217896e-01
2.690437734127044678e-01
2.095858454704284668e-01
4.648192599415779114e-02
1.481801569461822510e-01
8.302318304777145386e-02
7.378751039505004883e-02
3.485495597124099731e-02
1.381606161594390869e-01
6.908652931451797485e-02
1.236048936843872070e-01
1.981587409973144531e-01
1.125890612602233887e-01
1.264239996671676636e-01
1.565550267696380615e-01
2.232663705945014954e-02
2.733182907104492188e-02
5.633100494742393494e-02
8.311752974987030029e-02
1.359248626977205276e-02
5.647519230842590332e-02
3.342694640159606934e-01
1.169419214129447937e-01
1.236964836716651917e-01
9.906645119190216064e-02
2.903504967689514160e-01
9.634321928024291992e-02
1.471959948539733887e-01
9.251324832439422607e-02
