1.378702670335769653e-01
6.120763719081878662e-02
9.498712420463562012e-02
5.982045084238052368e-02
2.139242142438888550e-01
1.391999721527099609e-01
1.094000265002250671e-01
4.829649627208709717e-02
8.408859372138977051e-02
1.229794472455978394e-01
1.249937713146209717e-01
3.520975708961486816e-01
1.563192754983901978e-01
1.022828891873359680e-01
5.601315945386886597e-02
1.573945283889770508e-01
3.032885491847991943e-02
2.184528112411499023e-02
2.994621694087982178e-01
8.686012029647827148e-02
2.214309200644493103e-02
1.864156723022460938e-01
2.263363264501094818e-02
8.318235725164413452e-02
1.841496229171752930e-01
1.678980588912963867e-01
3.811663761734962463e-02
4.815864861011505127e-01
1.510706543922424316e-02
9.514907002449035645e-02
1.035132110118865967e-01
8.556704968214035034e-02
2.377526313066482544e-01
7.407805323600769043e-02
3.388879820704460144e-02
4.381301254034042358e-02
1.926376670598983765e-01
1.170115172863006592e-01
7.283717393875122070e-02
6.164921820163726807e-02
2.588372826576232910e-01
1.141609326004981995e-01
1.819934546947479248e-01
1.886014640331268311e-01
1.607958525419235229e-01
1.129469722509384155e-01
1.220573335886001587e-01
1.320852935314178467e-01
2.384915761649608612e-02
4.468945041298866272e-02
2.027782797813415527e-01
2.459429502487182617e-01
1.416888535022735596e-01
1.211311817169189453e-01
8.810573816299438477e-02
7.352321594953536987e-02
6.755340099334716797e-02
2.067472040653228760e-01
9.675614535808563232e-02
4.500569403171539307e-02
5.762228742241859436e-02
5.159851908683776855e-01
1.231823265552520752e-01
2.265910655260086060e-01
8.895050734281539917e-02
6.610571593046188354e-02
2.128048986196517944e-01
4.978915676474571228e-02
1.716335862874984741e-01
1.998360753059387207e-01
5.469254404306411743e-02
2.678900361061096191e-01
1.222667843103408813e-01
1.191968396306037903e-01
2.026481926441192627e-01
6.852502375841140747e-02
3.170251846313476562e-02
3.499565422534942627e-01
5.861432850360870361e-02
1.288480609655380249e-01
1.932012438774108887e-01
8.528582751750946045e-02
1.771797388792037964e-01
2.689653038978576660e-01
7.834617793560028076e-02
1.390307694673538208e-01
1.731551438570022583e-01
2.113621234893798828e-01
1.024287119507789612e-01
1.134385168552398682e-01
3.885354846715927124e-02
1.146778315305709839e-01
1.129269599914550781e-01
1.731587797403335571e-01
1.676233112812042236e-02
7.572668045759201050e-02
1.455993652343750000e-01
3.691842406988143921e-02
8.787906169891357422e-02
4.977832734584808350e-02
6.080780550837516785e-02
2.934835478663444519e-02
1.718362569808959961e-01
1.866291165351867676e-01
1.646801084280014038e-01
3.086287379264831543e-01
1.946762949228286743e-01
1.063912212848663330e-01
2.039131820201873779e-01
3.058394417166709900e-02
1.951584368944168091e-01
1.880519986152648926e-01
1.480760276317596436e-01
3.932332992553710938e-02
6.378486752510070801e-02
2.259565740823745728e-01
8.709013462066650391e-02
2.143776416778564453e-01
2.844135165214538574e-01
3.277699649333953857e-02
9.921608120203018188e-02
9.825742244720458984e-02
5.607584491372108459e-02
5.917532369494438171e-02
3.416066244244575500e-02
1.118509620428085327e-01
6.431844085454940796e-02
2.993069216609001160e-02
2.529914081096649170e-01
4.364097863435745239e-02
2.336085885763168335e-01
1.570268422365188599e-01
9.285479038953781128e-02
1.237381547689437866e-01
3.288573026657104492e-02
7.725926488637924194e-02
4.866721630096435547e-01
5.950808152556419373e-02
7.312998175621032715e-02
8.838953077793121338e-02
4.583550989627838135e-02
1.225016191601753235e-01
4.901886731386184692e-02
2.580354213714599609e-01
1.651166826486587524e-01
1.095951944589614868e-01
1.982342451810836792e-02
1.292500048875808716e-01
1.845185458660125732e-02
2.719648480415344238e-01
2.341373264789581299e-02
3.003588132560253143e-02
4.458614438772201538e-02
4.103063419461250305e-02
2.406990714371204376e-02
3.500314950942993164e-01
5.117581039667129517e-02
2.993746995925903320e-01
5.705854296684265137e-02
2.193539887666702271e-01
7.395868748426437378e-02
3.025180697441101074e-01
2.773644924163818359e-01
7.488884776830673218e-02
3.272026181221008301e-01
2.238730899989604950e-02
1.160766929388046265e-01
1.544508896768093109e-02
1.501717418432235718e-01
2.645440995693206787e-01
1.305719278752803802e-02
2.930072136223316193e-02
1.450600288808345795e-02
1.855429448187351227e-02
1.588403731584548950e-01
1.754388958215713501e-01
1.517617702484130859e-01
3.380983695387840271e-02
2.534213662147521973e-02
2.973548769950866699e-01
2.181665599346160889e-01
3.639727830886840820e-01
1.363622397184371948e-01
1.857915669679641724e-01
3.165117502212524414e-01
2.476482093334197998e-02
1.046803519129753113e-01
1.547578722238540649e-01
7.653483003377914429e-02
1.054253131151199341e-01
1.405733078718185425e-01
3.995991498231887817e-02
2.364394813776016235e-02
1.011035665869712830e-01
1.263453960418701172e-01
5.236577987670898438e-02
1.746212989091873169e-01
1.876983046531677246e-01
9.259857237339019775e-02
1.218430995941162109e-01
1.188792213797569275e-01
6.354525685310363770e-02
4.909468814730644226e-02
2.980647385120391846e-01
2.370798736810684204e-01
5.693653225898742676e-02
1.364592015743255615e-01
9.560038149356842041e-02
3.127470239996910095e-02
2.098159492015838623e-01
1.945423483848571777e-01
5.450271070003509521e-02
2.570384442806243896e-01
7.893189042806625366e-02
1.211675852537155151e-01
1.381198763847351074e-01
1.773711889982223511e-01
1.641957759857177734e-01
3.199417889118194580e-01
1.746126860380172729e-01
2.952268533408641815e-02
1.495864987373352051e-01
1.894301474094390869e-01
4.923343658447265625e-02
1.251705735921859741e-01
1.554376818239688873e-02
2.475213110446929932e-01
2.772151529788970947e-01
2.462169900536537170e-02
1.184283196926116943e-01
1.522725373506546021e-01
2.372169643640518188e-01
1.191227883100509644e-01
1.423159837722778320e-01
8.710090816020965576e-02
5.610173195600509644e-02
1.111366078257560730e-01
2.466774173080921173e-02
4.163762181997299194e-02
2.198799103498458862e-01
3.034021556377410889e-01
2.073785066604614258e-01
3.247680142521858215e-02
1.876220852136611938e-02
1.017043441534042358e-01
1.278822124004364014e-01
2.376867830753326416e-01
1.259239614009857178e-01
2.609723433852195740e-02
9.772668778896331787e-02
6.194663792848587036e-02
1.296425014734268188e-01
1.628034263849258423e-01
8.954634517431259155e-02
1.758936941623687744e-01
3.280350565910339355e-01
2.096761465072631836e-01
1.692485213279724121e-01
2.482217401266098022e-01
2.307177782058715820e-01
1.006900668144226074e-01
9.069059789180755615e-02
2.290280312299728394e-01
9.046105295419692993e-02
8.634219318628311157e-02
5.513543635606765747e-02
1.744163036346435547e-01
1.213659495115280151e-01
2.208476513624191284e-01
4.880967363715171814e-02
1.998477429151535034e-01
1.374302506446838379e-01
4.920366033911705017e-02
1.571051925420761108e-01
1.385489404201507568e-01
7.563890516757965088e-02
2.057898640632629395e-01
6.812686473131179810e-02
1.320074647665023804e-01
1.630496084690093994e-01
2.003795802593231201e-01
5.290006101131439209e-02
1.592071652412414551e-01
3.325618803501129150e-02
2.317491173744201660e-02
7.728761434555053711e-02
2.228265702724456787e-01
5.262904614210128784e-02
3.067142516374588013e-02
9.826798737049102783e-02
3.800428286194801331e-02
7.467427849769592285e-02
8.028764277696609497e-03
1.180910319089889526e-01
2.300376631319522858e-02
1.186052560806274414e-01
3.102728724479675293e-02
2.603306248784065247e-02
2.453455328941345215e-01
1.347250938415527344e-01
1.590317487716674805e-01
5.829913169145584106e-02
4.424917697906494141e-02
4.666845872998237610e-02
5.213683843612670898e-02
4.133406281471252441e-02
5.476048588752746582e-02
4.067806154489517212e-02
4.341616481542587280e-02
6.008139997720718384e-02
2.036748677492141724e-01
2.393628358840942383e-01
1.460630893707275391e-01
4.937478154897689819e-02
1.666283756494522095e-01
9.505880624055862427e-02
6.446912884712219238e-02
1.346533745527267456e-01
5.588785931468009949e-02
5.062866955995559692e-02
4.346599057316780090e-02
1.712551116943359375e-01
1.054373681545257568e-01
4.260989129543304443e-01
1.569296419620513916e-01
2.890391349792480469e-01
1.971212774515151978e-01
2.240625321865081787e-01
3.101699054241180420e-01
1.357122957706451416e-01
2.762352675199508667e-02
1.094294525682926178e-02
3.213656693696975708e-02
6.950746756047010422e-03
6.835933774709701538e-03
2.353984415531158447e-01
3.409508168697357178e-01
4.246701672673225403e-02
2.358900457620620728e-01
1.468577533960342407e-01
6.347323209047317505e-02
2.254914343357086182e-01
1.770105957984924316e-01
4.819323122501373291e-02
8.325728774070739746e-02
4.411665350198745728e-02
2.919470071792602539e-01
1.048972830176353455e-01
1.520134061574935913e-01
6.789259612560272217e-02
3.624902963638305664e-01
1.531369686126708984e-01
1.775830090045928955e-01
1.754520386457443237e-01
1.831000447273254395e-01
1.426930278539657593e-01
4.940088391304016113e-01
2.144020199775695801e-01
1.625029146671295166e-01
3.502784967422485352e-01
2.771518826484680176e-01
1.462525725364685059e-01
8.238218724727630615e-02
2.856729328632354736e-01
2.003837227821350098e-01
2.023056745529174805e-01
4.198231920599937439e-02
1.181138455867767334e-01
1.912460476160049438e-02
1.375631988048553467e-01
8.311788737773895264e-02
2.187871336936950684e-01
1.072377786040306091e-01
1.650063991546630859e-01
1.865224540233612061e-01
1.911384016275405884e-01
1.556923985481262207e-01
2.884030938148498535e-01
2.184309959411621094e-01
1.795545816421508789e-01
1.206571236252784729e-01
9.361523389816284180e-02
1.659669876098632812e-01
3.386798501014709473e-01
2.450015209615230560e-02
2.744144573807716370e-02
4.144280403852462769e-02
1.347526758909225464e-01
1.490041315555572510e-01
2.916956320405006409e-02
2.545123696327209473e-01
8.447064459323883057e-02
2.055319845676422119e-01
6.479628384113311768e-02
1.274853050708770752e-01
1.029335334897041321e-01
1.071386486291885376e-01
8.780076354742050171e-02
1.328751742839813232e-01
8.995993435382843018e-02
1.110052987933158875e-01
1.017883196473121643e-01
1.086374223232269287e-01
1.295332163572311401e-01
2.173157781362533569e-02
3.093337416648864746e-01
2.570080012083053589e-02
4.122694581747055054e-02
3.837520256638526917e-02
4.896832630038261414e-02
8.713196218013763428e-02
1.496877968311309814e-01
2.612481117248535156e-01
2.598563730716705322e-01
1.274178177118301392e-01
4.173681885004043579e-02
1.786108165979385376e-01
2.786711752414703369e-01
4.367581009864807129e-02
1.438183784484863281e-01
1.160726323723793030e-01
5.237536877393722534e-02
9.677118062973022461e-02
1.647170186042785645e-01
9.737549722194671631e-02
7.502535730600357056e-02
9.517551213502883911e-02
4.179131984710693359e-02
3.100779652595520020e-01
9.332060813903808594e-02
2.789729833602905273e-01
2.071934044361114502e-01
1.361112296581268311e-01
3.043006658554077148e-01
1.139674335718154907e-01
2.125625312328338623e-01
5.493836849927902222e-02
1.040551438927650452e-01
5.825683474540710449e-02
4.252162575721740723e-02
7.217782735824584961e-02
1.758235394954681396e-01
7.423543930053710938e-02
1.604284644126892090e-01
1.157942190766334534e-01
1.702329814434051514e-01
3.646658062934875488e-01
1.814012676477432251e-01
1.234614923596382141e-01
7.017306238412857056e-02
2.277162671089172363e-02
1.216062009334564209e-01
1.064758896827697754e-01
1.060584858059883118e-01
1.177764311432838440e-01
2.065616846084594727e-01
8.980087935924530029e-02
4.407183825969696045e-02
7.110267132520675659e-02
1.136664897203445435e-01
1.930961310863494873e-01
2.635918855667114258e-01
2.761852145195007324e-01
7.315304875373840332e-02
1.201682314276695251e-01
2.487798035144805908e-01
2.050733268260955811e-01
1.239710003137588501e-01
2.341966517269611359e-02
9.762623161077499390e-02
6.989186257123947144e-02
2.986181154847145081e-02
1.635805815458297729e-01
2.293398827314376831e-01
1.057083681225776672e-01
1.417628079652786255e-01
1.450099349021911621e-01
1.965063810348510742e-02
2.073142863810062408e-02
2.326456904411315918e-01
2.018871158361434937e-02
1.781066656112670898e-01
1.548523306846618652e-01
1.230174005031585693e-01
3.393470346927642822e-01
1.172897964715957642e-01
2.134613841772079468e-01
1.346449702978134155e-01
3.263787180185317993e-02
1.578036397695541382e-01
1.317376792430877686e-01
6.780442595481872559e-02
2.447179257869720459e-01
9.375160932540893555e-02
3.106287717819213867e-01
5.361025035381317139e-02
2.509596571326255798e-02
6.544682383537292480e-02
2.119315043091773987e-02
1.657466404139995575e-02
3.044971823692321777e-01
2.618105411529541016e-01
1.480158865451812744e-01
2.399270236492156982e-01
1.177700087428092957e-01
2.989292144775390625e-01
2.464094161987304688e-01
4.400908946990966797e-02
8.017291128635406494e-02
8.809834718704223633e-02
1.970547139644622803e-01
1.020025685429573059e-01
1.574774235486984253e-01
1.524874866008758545e-01
1.469725966453552246e-01
5.053787678480148315e-02
1.918820738792419434e-01
2.539534568786621094e-01
3.081186115741729736e-01
1.462638974189758301e-01
1.412255614995956421e-01
9.404301643371582031e-02
2.929994091391563416e-02
1.161127537488937378e-01
4.353637248277664185e-02
3.141804933547973633e-01
8.002442866563796997e-02
1.782644540071487427e-01
3.563089668750762939e-02
1.241414248943328857e-01
4.422827810049057007e-02
2.215737998485565186e-01
1.559714507311582565e-02
1.230734512209892273e-01
3.857484757900238037e-01
6.758329272270202637e-02
2.418649196624755859e-02
2.835855633020401001e-02
7.328250259160995483e-02
9.835588186979293823e-02
9.499228745698928833e-02
5.394226685166358948e-02
1.545269042253494263e-01
2.458932995796203613e-02
3.481502830982208252e-01
2.714480459690093994e-02
1.995754688978195190e-01
9.213125705718994141e-02
1.356802880764007568e-01
2.389848530292510986e-01
1.564190089702606201e-01
4.341577738523483276e-02
5.425083637237548828e-02
5.080972611904144287e-02
2.155088037252426147e-01
1.175104677677154541e-01
1.034954115748405457e-01
6.394523382186889648e-02
3.936202079057693481e-02
8.212620764970779419e-02
7.979233562946319580e-02
4.324813932180404663e-02
1.924906112253665924e-02
3.642100840806961060e-02
2.924375236034393311e-01
1.581875383853912354e-01
1.500472128391265869e-01
4.056132584810256958e-02
1.914335936307907104e-01
1.878392398357391357e-01
8.105303347110748291e-02
2.340534329414367676e-01
5.178979784250259399e-02
1.474240571260452271e-01
1.456670612096786499e-01
1.159542649984359741e-01
8.266767859458923340e-02
3.624068945646286011e-02
1.902807056903839111e-01
9.799331426620483398e-02
1.714470610022544861e-02
6.649072468280792236e-02
4.912479966878890991e-02
1.935576796531677246e-01
2.520537003874778748e-02
5.326266586780548096e-02
6.910490244626998901e-02
7.628534734249114990e-02
1.700604148209095001e-02
1.039249897003173828e-01
7.447919994592666626e-02
4.751013964414596558e-02
1.577897369861602783e-01
2.570089101791381836e-01
1.447416543960571289e-01
5.599121004343032837e-02
1.521491855382919312e-01
5.531275272369384766e-02
6.463771313428878784e-02
7.811579108238220215e-02
5.038781836628913879e-02
3.732737898826599121e-02
2.003430761396884918e-02
1.557435244321823120e-01
2.662044167518615723e-01
7.025356590747833252e-02
4.735058173537254333e-02
2.207160182297229767e-02
1.034045219421386719e-02
9.236172586679458618e-02
1.684909313917160034e-02
1.875806301832199097e-01
2.028592824935913086e-01
8.187847584486007690e-02
2.483984231948852539e-01
6.317652016878128052e-02
1.243333593010902405e-01
7.501165568828582764e-02
1.592705547809600830e-01
1.093892902135848999e-01
4.862375557422637939e-02
2.659606933593750000e-02
3.792031705379486084e-01
3.112327456474304199e-01
2.291853353381156921e-02
2.047048136591911316e-02
1.328063309192657471e-01
8.582018315792083740e-02
1.071614250540733337e-01
3.552545011043548584e-01
2.785314917564392090e-01
1.016786992549896240e-01
7.856347411870956421e-02
1.612502932548522949e-01
2.143391370773315430e-01
2.258703410625457764e-01
1.658549457788467407e-01
2.034199535846710205e-01
1.383187919855117798e-01
2.778569981455802917e-02
9.734483808279037476e-02
5.671269074082374573e-02
2.692459151148796082e-02
1.744407787919044495e-02
5.387203693389892578e-01
2.281193733215332031e-01
9.399995952844619751e-02
8.357976377010345459e-02
1.153159327805042267e-02
2.533203735947608948e-02
1.048530638217926025e-02
3.244040906429290771e-02
2.031272463500499725e-02
2.455977052450180054e-01
3.401002883911132812e-01
5.819701403379440308e-02
1.619053073227405548e-02
1.081326231360435486e-01
9.672924876213073730e-02
8.292587101459503174e-02
2.997925877571105957e-01
1.988518536090850830e-01
4.587815701961517334e-02
1.612522602081298828e-01
1.854277253150939941e-01
1.042288839817047119e-01
7.858935743570327759e-02
8.526021242141723633e-02
6.488170474767684937e-02
2.622741758823394775e-01
8.910979330539703369e-02
1.424798369407653809e-01
2.674982324242591858e-02
5.886704847216606140e-02
2.237400412559509277e-02
4.145520925521850586e-02
2.325514554977416992e-01
2.470131218433380127e-02
5.147006362676620483e-02
2.584524452686309814e-02
5.355906859040260315e-02
4.275754839181900024e-02
2.694947421550750732e-01
2.899765074253082275e-01
1.956547796726226807e-01
1.575588583946228027e-01
1.421181857585906982e-01
2.060340344905853271e-01
8.293057978153228760e-02
1.541595607995986938e-01
1.895573437213897705e-01
2.301553189754486084e-01
5.341666564345359802e-02
1.929445862770080566e-01
3.060409426689147949e-01
1.323256343603134155e-01
6.465840339660644531e-02
5.133280903100967407e-02
3.321523219347000122e-02
2.130720317363739014e-01
3.711583837866783142e-02
6.371629238128662109e-02
6.630098819732666016e-02
3.838627412915229797e-02
4.111039638519287109e-01
2.217218279838562012e-01
2.613818645477294922e-01
1.232743337750434875e-01
7.785821706056594849e-02
7.897379249334335327e-02
7.526576519012451172e-02
6.715647131204605103e-02
2.665624022483825684e-01
1.907605677843093872e-01
1.422382742166519165e-01
4.344629049301147461e-01
3.064428642392158508e-02
9.164016693830490112e-03
5.248722434043884277e-02
2.992138266563415527e-01
1.080235615372657776e-01
1.250696480274200439e-01
8.875593543052673340e-02
3.819291591644287109e-01
5.387983098626136780e-02
1.344682723283767700e-01
5.514761805534362793e-01
1.463696360588073730e-01
1.587793827056884766e-01
2.009309828281402588e-01
5.117412656545639038e-02
3.429132997989654541e-01
6.119105815887451172e-01
1.071048676967620850e-01
2.006118446588516235e-01
1.680694669485092163e-01
1.136554628610610962e-01
1.544250547885894775e-01
3.832860589027404785e-01
3.056313991546630859e-01
5.274523049592971802e-02
8.942955732345581055e-02
9.230245649814605713e-02
1.358004659414291382e-01
2.339985668659210205e-01
2.808067947626113892e-02
3.635559976100921631e-02
3.148945420980453491e-02
2.274508178234100342e-01
1.319746077060699463e-01
2.581476569175720215e-01
3.394201770424842834e-02
2.588067948818206787e-02
3.315812647342681885e-01
3.011140041053295135e-02
6.550797075033187866e-02
1.680462956428527832e-01
9.905139356851577759e-02
1.234179586172103882e-01
4.354005306959152222e-02
2.386696934700012207e-01
9.239463508129119873e-02
1.159120202064514160e-01
1.355747729539871216e-01
1.267495453357696533e-01
4.770911857485771179e-02
3.121867477893829346e-01
1.019726991653442383e-01
2.382737994194030762e-01
1.269022822380065918e-01
3.107115626335144043e-01
3.592192381620407104e-02
6.601908057928085327e-02
4.570057243108749390e-02
1.641767621040344238e-01
2.282617241144180298e-02
1.297232210636138916e-01
5.659628659486770630e-02
9.263492189347743988e-03
1.770845353603363037e-01
1.429192125797271729e-01
4.702048003673553467e-02
9.889309853315353394e-02
3.232142329216003418e-02
3.416332602500915527e-02
1.354230344295501709e-01
2.988010272383689880e-02
2.395665347576141357e-01
3.875621780753135681e-02
2.309125065803527832e-01
1.485604234039783478e-02
4.053105041384696960e-02
4.924868643283843994e-01
3.881538659334182739e-02
6.860950589179992676e-02
1.484777033329010010e-01
3.473399206995964050e-02
4.806982725858688354e-02
3.824892640113830566e-02
2.202912792563438416e-02
5.960764735937118530e-02
1.964124441146850586e-01
1.723410189151763916e-01
2.573192715644836426e-01
5.769122019410133362e-02
1.130917202681303024e-02
1.651130020618438721e-01
1.442129462957382202e-01
1.820302903652191162e-01
3.248299956321716309e-01
6.046683341264724731e-02
1.714940071105957031e-01
1.265334337949752808e-01
1.042185910046100616e-02
1.888886094093322754e-01
6.190477311611175537e-02
3.312327563762664795e-01
3.251429274678230286e-02
4.645300656557083130e-02
1.064613461494445801e-01
6.617987155914306641e-02
1.673832833766937256e-01
4.196080565452575684e-02
2.132297009229660034e-01
1.161266118288040161e-01
1.509837154299020767e-02
1.693407446146011353e-01
2.119733765721321106e-02
1.251197457313537598e-01
1.458029635250568390e-02
2.069607973098754883e-01
1.367167234420776367e-01
1.039747297763824463e-01
2.336317300796508789e-01
2.399314008653163910e-02
1.304084658622741699e-01
5.079381540417671204e-02
1.449971497058868408e-01
1.589532382786273956e-02
5.569265037775039673e-02
4.422453343868255615e-01
2.228707633912563324e-02
2.304757945239543915e-02
2.303912043571472168e-01
4.295451194047927856e-02
1.782015860080718994e-01
4.887209087610244751e-02
2.124983072280883789e-01
1.417911052703857422e-01
2.339613139629364014e-01
3.114743232727050781e-01
3.251413702964782715e-01
2.384492382407188416e-02
3.339468687772750854e-02
2.894818037748336792e-02
2.414866238832473755e-01
2.026276886463165283e-01
1.792290210723876953e-01
3.808313980698585510e-02
3.173454850912094116e-02
2.572049498558044434e-01
3.769982755184173584e-01
1.011588498950004578e-01
3.698149919509887695e-01
8.658591657876968384e-02
3.626999855041503906e-01
5.720582976937294006e-02
2.337777987122535706e-02
8.399765193462371826e-02
3.707961365580558777e-02
1.276791691780090332e-01
6.209722906351089478e-02
4.854708909988403320e-02
2.033933103084564209e-01
3.817343711853027344e-02
6.009391695261001587e-02
9.653351455926895142e-02
2.205680906772613525e-01
8.323447406291961670e-02
1.694957613945007324e-01
1.173299849033355713e-01
2.783479355275630951e-02
2.803460359573364258e-01
2.310156077146530151e-01
2.476899623870849609e-01
4.099769517779350281e-02
1.920162439346313477e-01
2.102185785770416260e-01
4.985631257295608521e-02
1.771657764911651611e-01
3.274925053119659424e-02
1.345601379871368408e-01
2.370937466621398926e-01
5.256116017699241638e-02
1.149139478802680969e-01
1.887634545564651489e-01
4.864172637462615967e-02
4.917140007019042969e-01
9.730321168899536133e-02
5.820985883474349976e-02
1.782943308353424072e-02
1.874498128890991211e-01
1.809783875942230225e-01
1.344735324382781982e-01
2.157173752784729004e-01
2.558500468730926514e-01
9.879525005817413330e-02
1.911944746971130371e-01
2.475674450397491455e-01
1.936172246932983398e-01
1.790424250066280365e-02
4.954405128955841064e-02
1.703290641307830811e-01
1.292808353900909424e-01
1.037639826536178589e-01
2.913013286888599396e-02
3.029339909553527832e-01
8.428250998258590698e-02
2.677548117935657501e-02
1.386797577142715454e-01
4.035953804850578308e-02
2.467055991291999817e-02
6.970536708831787109e-02
2.157285660505294800e-01
3.539994359016418457e-02
2.406609952449798584e-01
1.631369814276695251e-02
3.970511257648468018e-02
8.155854791402816772e-02
1.438325941562652588e-01
3.989163041114807129e-02
6.332346796989440918e-02
3.483561426401138306e-02
1.747950464487075806e-01
7.963238656520843506e-02
1.296752691268920898e-02
3.921564668416976929e-02
4.157031178474426270e-01
9.812741726636886597e-02
2.122423425316810608e-02
1.134614497423171997e-01
5.900442972779273987e-02
1.020599827170372009e-01
1.179151535034179688e-01
2.206052839756011963e-01
1.187829375267028809e-01
5.958156660199165344e-02
2.084439694881439209e-01
1.445208340883255005e-01
4.567815363407135010e-02
1.871664822101593018e-02
1.434148401021957397e-01
1.320620179176330566e-01
5.718548223376274109e-02
4.868095368146896362e-02
5.905077606439590454e-02
9.169471263885498047e-02
3.716647997498512268e-02
3.600129857659339905e-02
7.837906479835510254e-02
9.453785419464111328e-02
3.249685764312744141e-01
1.648585870862007141e-02
2.978018298745155334e-02
2.762336134910583496e-01
1.485100090503692627e-01
1.879600882530212402e-01
1.196596249938011169e-01
7.031688094139099121e-02
4.712828993797302246e-02
2.652211189270019531e-01
7.305476069450378418e-02
2.460621446371078491e-01
5.003529042005538940e-02
4.573842883110046387e-02
9.021171182394027710e-02
2.469724714756011963e-01
1.529459357261657715e-01
1.740451008081436157e-01
6.286615878343582153e-02
8.278586715459823608e-02
8.288406580686569214e-02
2.748297750949859619e-01
1.716243326663970947e-01
3.334337845444679260e-02
3.465527892112731934e-01
6.845430284738540649e-02
2.855805121362209320e-02
7.592684030532836914e-02
9.887099266052246094e-02
5.798410624265670776e-02
6.091528013348579407e-02
1.598615050315856934e-01
4.661838412284851074e-01
1.829136162996292114e-01
2.315624952316284180e-01
3.196986913681030273e-01
9.609563648700714111e-02
6.723317503929138184e-02
1.937093287706375122e-01
1.026436239480972290e-01
1.786916702985763550e-02
1.429038643836975098e-01
1.673147231340408325e-01
2.728650532662868500e-02
8.901852369308471680e-02
4.620099812746047974e-02
9.038124978542327881e-02
9.231532365083694458e-02
1.579683423042297363e-01
5.104403197765350342e-02
3.710023313760757446e-02
7.567343115806579590e-02
2.689424455165863037e-01
2.989262640476226807e-01
4.314981400966644287e-02
1.743894815444946289e-02
2.874767407774925232e-02
1.549198031425476074e-01
1.106907650828361511e-01
1.568799018859863281e-01
2.236395776271820068e-01
1.501619517803192139e-01
7.231429964303970337e-02
1.633285880088806152e-01
1.345668882131576538e-01
2.761587202548980713e-01
7.354672998189926147e-02
2.356238067150115967e-01
1.474780142307281494e-01
5.102192610502243042e-02
7.114482671022415161e-02
3.546483442187309265e-02
6.757564842700958252e-02
2.992261201143264771e-02
1.466059498488903046e-02
1.183529272675514221e-01
9.561700373888015747e-02
2.299437969923019409e-01
8.419641852378845215e-02
2.469741702079772949e-01
2.922454476356506348e-01
1.127189397811889648e-01
1.881011724472045898e-01
2.290346845984458923e-02
9.781895577907562256e-02
1.557870805263519287e-01
9.807976335287094116e-02
6.568693369626998901e-02
1.802657544612884521e-01
8.887059986591339111e-02
1.857350766658782959e-01
1.769345700740814209e-01
8.287784457206726074e-02
3.973255679011344910e-02
1.033412143588066101e-01
3.355921432375907898e-02
1.400678008794784546e-01
1.537052094936370850e-01
4.547484591603279114e-02
9.718532860279083252e-02
2.594465389847755432e-02
4.615030437707901001e-02
2.828248739242553711e-01
2.185907587409019470e-02
1.300895959138870239e-01
3.247531130909919739e-02
2.456141561269760132e-01
3.829082101583480835e-02
1.827675104141235352e-02
8.034160733222961426e-02
1.670941412448883057e-01
3.570427745580673218e-02
1.945482939481735229e-02
2.864270806312561035e-01
7.871251553297042847e-02
4.188956320285797119e-02
7.204076647758483887e-02
9.847930073738098145e-02
7.238664664328098297e-03
1.084515899419784546e-01
4.626086354255676270e-02
2.277975678443908691e-01
3.763405606150627136e-02
3.112157434225082397e-02
1.792276054620742798e-01
1.877408027648925781e-01
3.192444890737533569e-02
1.197511106729507446e-01
5.651480704545974731e-02
2.703767269849777222e-02
2.445875294506549835e-02
1.205000504851341248e-01
1.054270565509796143e-01
2.315817475318908691e-01
1.935565471649169922e-02
2.321358770132064819e-02
1.675733774900436401e-01
1.988428384065628052e-01
3.160439133644104004e-01
7.318653911352157593e-02
5.967999622225761414e-02
2.676604092121124268e-01
2.428500801324844360e-01
1.177086457610130310e-01
1.028918176889419556e-01
6.271379441022872925e-02
8.477576076984405518e-02
2.293831110000610352e-02
3.189850151538848877e-01
3.612703457474708557e-02
1.388188600540161133e-01
8.696393668651580811e-02
1.396675258874893188e-01
2.724111676216125488e-01
4.110993072390556335e-02
4.655135050415992737e-02
3.118545375764369965e-02
1.042283698916435242e-02
1.354306638240814209e-01
1.974863559007644653e-01
