8.684921264648437500e-02
2.654238343238830566e-01
2.870656251907348633e-01
8.293962478637695312e-02
2.970536351203918457e-01
3.312381803989410400e-01
2.003436982631683350e-01
3.986629843711853027e-01
2.363230586051940918e-01
1.930952817201614380e-01
1.745665669441223145e-01
1.792007982730865479e-01
1.525098234415054321e-01
4.698479175567626953e-02
1.107770428061485291e-01
3.904718458652496338e-01
3.368229791522026062e-02
1.917787492275238037e-01
2.130639851093292236e-01
1.263900697231292725e-01
2.822951674461364746e-01
1.737492680549621582e-01
2.355011403560638428e-01
4.072626233100891113e-01
6.517514586448669434e-02
1.128344833850860596e-01
1.364620774984359741e-01
2.041733860969543457e-01
1.560211032629013062e-01
1.302629560232162476e-01
3.173379302024841309e-01
1.090430989861488342e-01
1.656283885240554810e-01
1.088903024792671204e-01
1.999790221452713013e-01
1.091841012239456177e-01
2.263652831315994263e-01
2.401745766401290894e-01
2.066968679428100586e-01
2.390089631080627441e-01
3.582602739334106445e-01
3.068559169769287109e-01
3.213412761688232422e-01
1.698365807533264160e-01
2.338405847549438477e-01
3.363201022148132324e-02
2.667500376701354980e-01
2.993597686290740967e-01
3.229081034660339355e-01
4.449454694986343384e-02
6.231033429503440857e-02
3.204925060272216797e-01
1.875355988740921021e-01
1.704735159873962402e-01
8.491294831037521362e-02
2.443120777606964111e-01
4.441934227943420410e-01
1.389837712049484253e-01
9.357710182666778564e-02
1.774336397647857666e-01
9.972745925188064575e-02
1.219771876931190491e-01
1.667268276214599609e-01
2.070964872837066650e-01
3.625657781958580017e-02
4.213389754295349121e-01
1.324848737567663193e-02
2.270253598690032959e-01
2.136062234640121460e-01
7.870800793170928955e-02
2.144253402948379517e-01
6.944142282009124756e-02
1.393788009881973267e-01
2.463384866714477539e-01
2.900219857692718506e-01
7.740236818790435791e-02
8.745867758989334106e-02
1.992347836494445801e-01
8.650702238082885742e-02
1.660010963678359985e-01
2.719081938266754150e-01
1.262247562408447266e-01
3.723962903022766113e-01
3.555010631680488586e-02
2.155797183513641357e-01
9.982301294803619385e-02
2.186062335968017578e-01
1.095154806971549988e-01
2.361483126878738403e-01
2.961696386337280273e-01
2.534611821174621582e-01
1.507699489593505859e-01
7.100737094879150391e-02
1.821132302284240723e-01
2.720459401607513428e-01
1.574409008026123047e-01
3.767468333244323730e-01
3.319784700870513916e-01
2.677658498287200928e-01
2.828086614608764648e-01
1.501515954732894897e-01
2.405707538127899170e-01
2.773731350898742676e-01
8.276554197072982788e-02
4.537083804607391357e-01
1.557615250349044800e-01
1.986856460571289062e-01
1.682040393352508545e-01
1.737494468688964844e-01
1.251459717750549316e-01
1.605869084596633911e-01
1.012910678982734680e-01
9.546442329883575439e-02
7.956281304359436035e-02
3.160704672336578369e-01
2.107563018798828125e-01
4.002254828810691833e-02
1.997690498828887939e-01
2.255914956331253052e-01
3.966750204563140869e-01
4.018734395503997803e-01
2.046322971582412720e-01
7.710078358650207520e-02
1.284404397010803223e-01
2.628383636474609375e-01
1.738839745521545410e-01
2.382277846336364746e-01
2.405301630496978760e-01
5.828267335891723633e-02
7.094438374042510986e-02
2.729077339172363281e-01
2.189526334404945374e-02
8.376424014568328857e-02
4.456650614738464355e-01
7.768391817808151245e-02
2.748286426067352295e-01
7.787425816059112549e-02
1.902638971805572510e-01
7.617524266242980957e-02
3.799912035465240479e-01
1.460835188627243042e-01
3.436919450759887695e-01
1.947316229343414307e-01
1.284393519163131714e-01
1.847549825906753540e-01
1.987339258193969727e-01
9.256738424301147461e-02
3.238952755928039551e-01
1.849930435419082642e-01
9.686983376741409302e-02
1.565375924110412598e-01
1.944417208433151245e-01
7.113635540008544922e-02
1.708720028400421143e-01
3.391128033399581909e-02
4.811763167381286621e-01
1.100870221853256226e-01
5.021594092249870300e-02
2.010897994041442871e-01
8.508102595806121826e-02
7.451178133487701416e-02
3.423358201980590820e-01
3.131511211395263672e-01
1.020420491695404053e-01
9.205503761768341064e-02
1.270091384649276733e-01
1.630706936120986938e-01
3.593910932540893555e-01
2.657378911972045898e-01
2.312853038311004639e-01
2.951204776763916016e-01
2.752569615840911865e-01
1.119184046983718872e-01
1.776383519172668457e-01
2.009309083223342896e-01
1.054544001817703247e-01
2.483689785003662109e-01
1.750396937131881714e-01
1.192738041281700134e-01
1.309871077537536621e-01
1.722700893878936768e-01
2.222062647342681885e-01
3.285274505615234375e-01
1.918815970420837402e-01
2.362822592258453369e-01
1.844488382339477539e-01
2.644444108009338379e-01
2.965131103992462158e-01
1.520102024078369141e-01
2.923690676689147949e-01
8.309246599674224854e-02
1.666468381881713867e-01
1.883955150842666626e-01
1.764475554227828979e-01
1.179312169551849365e-01
8.934688568115234375e-02
5.583020448684692383e-01
9.362053871154785156e-02
1.640913635492324829e-01
1.025323942303657532e-01
3.654106259346008301e-01
1.644987761974334717e-01
1.105721741914749146e-01
7.616684585809707642e-02
1.233723536133766174e-01
1.003592610359191895e-01
1.589815616607666016e-01
1.672645956277847290e-01
2.911451458930969238e-01
3.891608119010925293e-01
1.434004306793212891e-01
2.683208584785461426e-01
1.901314556598663330e-01
2.404723465442657471e-01
2.494971156120300293e-01
1.694716513156890869e-01
2.465033978223800659e-01
2.441265583038330078e-01
2.259551882743835449e-01
5.142258480191230774e-02
6.634817272424697876e-02
2.041479945182800293e-01
3.083145022392272949e-01
2.119983732700347900e-01
4.043051600456237793e-01
4.784979298710823059e-02
2.010671496391296387e-01
3.877390027046203613e-01
2.960693836212158203e-01
2.260577082633972168e-01
2.949975728988647461e-01
2.010189741849899292e-01
2.127555310726165771e-01
1.248917877674102783e-01
1.343952212482690811e-02
2.601741850376129150e-01
1.218276247382164001e-01
2.044710665941238403e-01
3.457800745964050293e-01
1.295558810234069824e-01
3.889102935791015625e-01
2.118599265813827515e-01
2.323163747787475586e-01
2.507070302963256836e-01
3.826403617858886719e-01
8.398433029651641846e-02
1.384647339582443237e-01
3.526209294795989990e-01
3.161939084529876709e-01
1.120821088552474976e-01
1.934113502502441406e-01
1.596141159534454346e-01
2.370686829090118408e-01
3.464233875274658203e-01
9.281860291957855225e-02
2.284213602542877197e-01
1.995638310909271240e-01
4.557626843452453613e-01
3.848541378974914551e-01
8.640381693840026855e-02
1.140911728143692017e-01
1.429682672023773193e-01
1.888632327318191528e-01
7.787995040416717529e-02
7.921153306961059570e-02
6.811302900314331055e-02
4.164178296923637390e-02
2.008797675371170044e-01
1.720445603132247925e-01
1.173941045999526978e-01
2.655639052391052246e-01
4.210448265075683594e-01
1.759303212165832520e-01
1.120412573218345642e-01
1.859283149242401123e-01
2.541063725948333740e-01
2.464817762374877930e-01
2.343707829713821411e-01
1.270453780889511108e-01
2.137328684329986572e-01
5.168721079826354980e-02
1.136579811573028564e-01
2.041136920452117920e-01
2.240875512361526489e-01
1.024395301938056946e-01
9.210884571075439453e-02
2.856560349464416504e-01
1.626329123973846436e-01
5.677227675914764404e-02
1.116586923599243164e-01
2.141903489828109741e-01
3.310719132423400879e-02
3.950673937797546387e-01
3.111688792705535889e-01
4.262154102325439453e-01
2.767458558082580566e-01
1.329979002475738525e-01
1.258308887481689453e-01
2.503057420253753662e-01
3.448565900325775146e-01
3.796988725662231445e-01
3.151365816593170166e-01
2.604971528053283691e-01
2.341929972171783447e-01
1.244128644466400146e-01
9.684818983078002930e-02
2.127243578433990479e-01
1.093916445970535278e-01
3.224522471427917480e-01
2.043385952711105347e-01
1.205780953168869019e-01
1.683604419231414795e-01
3.152696490287780762e-01
9.098716080188751221e-02
1.485276222229003906e-01
2.402339875698089600e-01
1.702298372983932495e-01
5.299751162528991699e-01
1.599166095256805420e-01
3.141584694385528564e-01
2.881875038146972656e-01
2.803039252758026123e-01
1.911687105894088745e-01
1.420516967773437500e-01
1.314027160406112671e-01
8.512626588344573975e-02
1.926697492599487305e-01
3.015256300568580627e-02
1.662288159132003784e-01
2.535568475723266602e-01
1.774880290031433105e-01
2.636988162994384766e-01
3.260174989700317383e-01
1.376602649688720703e-01
3.780782818794250488e-01
2.690852582454681396e-01
1.841657161712646484e-01
1.818057894706726074e-01
1.523894071578979492e-01
1.209904700517654419e-01
4.502969607710838318e-02
1.654003858566284180e-01
3.442019224166870117e-01
5.146405100822448730e-02
2.494184225797653198e-01
3.400336503982543945e-01
9.868431836366653442e-02
2.407251596450805664e-01
1.822704076766967773e-01
2.735776603221893311e-01
1.313158124685287476e-01
1.121392548084259033e-01
3.490219116210937500e-01
3.722386360168457031e-01
4.206678271293640137e-02
1.204035729169845581e-01
2.439896315336227417e-01
4.585989937186241150e-02
6.705474108457565308e-02
2.126071453094482422e-01
9.662617743015289307e-02
3.677959442138671875e-01
6.149638071656227112e-02
1.242619752883911133e-01
3.987548872828483582e-02
7.480521500110626221e-02
1.356450319290161133e-01
1.674211770296096802e-01
9.181814640760421753e-02
2.131820321083068848e-01
1.630501598119735718e-01
1.466507017612457275e-01
1.512157022953033447e-01
6.240992248058319092e-02
1.611265540122985840e-01
1.342706680297851562e-01
1.866163611412048340e-01
6.475096940994262695e-02
5.395565554499626160e-02
1.180339828133583069e-01
6.677940487861633301e-02
3.197557628154754639e-01
6.481893360614776611e-02
7.828372716903686523e-02
4.755760431289672852e-01
4.547337070107460022e-02
3.346937298774719238e-01
3.144828081130981445e-01
6.166301667690277100e-02
1.423590779304504395e-01
8.605171740055084229e-02
1.128372773528099060e-01
1.560826003551483154e-01
2.279342114925384521e-01
8.377815783023834229e-02
1.150376871228218079e-01
2.590893507003784180e-01
1.130277812480926514e-01
3.473038971424102783e-02
7.535201311111450195e-02
1.943661272525787354e-02
1.739555895328521729e-01
4.195021837949752808e-02
3.760748505592346191e-01
2.645663022994995117e-01
1.528690308332443237e-01
1.775490194559097290e-01
1.772100031375885010e-01
7.359944283962249756e-02
1.563011258840560913e-01
1.397538632154464722e-01
2.900750935077667236e-01
1.966283321380615234e-01
1.631715297698974609e-01
8.438119292259216309e-02
8.609251677989959717e-02
5.047722905874252319e-02
3.320113122463226318e-01
3.015572763979434967e-02
1.007911711931228638e-01
1.331674307584762573e-01
1.284983456134796143e-01
4.489042237401008606e-02
6.378079950809478760e-02
2.472281455993652344e-01
2.394548952579498291e-01
1.842472553253173828e-01
1.856804490089416504e-01
3.163231909275054932e-01
6.819954514503479004e-02
5.558662116527557373e-02
1.236588358879089355e-01
1.032376438379287720e-01
1.093888804316520691e-01
2.793976664543151855e-01
1.270413100719451904e-01
1.980391293764114380e-01
2.171240374445915222e-02
1.814072281122207642e-01
2.656403556466102600e-02
2.533997297286987305e-01
7.418277114629745483e-02
1.634454876184463501e-01
5.663231760263442993e-02
4.888164252042770386e-02
1.954530775547027588e-01
9.927780926227569580e-02
3.312819600105285645e-01
1.593905091285705566e-01
2.485299259424209595e-01
4.410223066806793213e-01
1.456105560064315796e-01
2.387996762990951538e-01
2.357106506824493408e-01
2.131159007549285889e-01
1.710329651832580566e-01
1.874410063028335571e-01
3.805774450302124023e-01
2.559844553470611572e-01
1.707510203123092651e-01
5.751011371612548828e-01
2.286450564861297607e-01
1.130487024784088135e-01
1.001938655972480774e-01
2.225159108638763428e-01
7.245078682899475098e-02
1.258328557014465332e-01
1.304922401905059814e-01
4.140045866370201111e-02
2.280673086643218994e-01
1.476428806781768799e-01
1.848728060722351074e-01
1.687847226858139038e-01
2.595224678516387939e-01
2.816336750984191895e-01
2.036267668008804321e-01
3.322650790214538574e-01
2.663934826850891113e-01
1.935310810804367065e-01
1.539412736892700195e-01
1.572242975234985352e-01
7.686784863471984863e-02
3.178046941757202148e-01
5.156348645687103271e-02
1.286876499652862549e-01
2.315682470798492432e-01
6.035515666007995605e-02
1.613030582666397095e-01
3.502222001552581787e-01
2.070743441581726074e-01
3.173572421073913574e-01
1.052692756056785583e-01
2.013417035341262817e-01
4.501959383487701416e-01
2.409029006958007812e-01
3.068971037864685059e-01
1.210073009133338928e-01
2.831193208694458008e-01
3.951537981629371643e-02
1.801661401987075806e-01
4.061604738235473633e-01
1.917136013507843018e-01
1.079844683408737183e-01
2.164573669433593750e-01
2.530088424682617188e-01
2.531877756118774414e-01
6.623394787311553955e-02
2.828475534915924072e-01
5.025218799710273743e-02
4.367540478706359863e-01
2.735124230384826660e-01
3.445242643356323242e-01
8.628935366868972778e-02
2.102965116500854492e-01
2.946921586990356445e-01
1.932294964790344238e-01
1.312367618083953857e-01
1.040759086608886719e-01
1.826733946800231934e-01
2.032220065593719482e-01
2.095009684562683105e-01
6.828245520591735840e-02
1.953240185976028442e-01
2.122011184692382812e-01
2.110225558280944824e-01
1.376466751098632812e-01
3.827958405017852783e-01
6.493504345417022705e-02
1.781988292932510376e-01
2.121004015207290649e-01
2.558753192424774170e-01
1.096908971667289734e-01
1.754051744937896729e-01
9.788760542869567871e-02
8.552492409944534302e-02
4.261423349380493164e-01
6.973107904195785522e-02
1.885610967874526978e-01
1.655991747975349426e-02
4.938007593154907227e-01
3.007919490337371826e-01
2.463220655918121338e-01
1.858013570308685303e-01
8.185195922851562500e-02
1.459004878997802734e-01
2.323148250579833984e-01
6.849323213100433350e-02
1.776924431324005127e-01
3.006738424301147461e-01
1.044228225946426392e-01
8.980719745159149170e-02
2.536999583244323730e-01
8.330263197422027588e-02
2.719787657260894775e-01
8.491598069667816162e-02
9.482508897781372070e-02
2.148464173078536987e-01
4.172222614288330078e-01
1.191151738166809082e-01
5.100442171096801758e-01
4.520524665713310242e-02
2.993544340133666992e-01
1.553563326597213745e-01
1.103419214487075806e-01
1.601336002349853516e-01
9.830370545387268066e-02
1.140549555420875549e-01
1.142459213733673096e-01
4.281479492783546448e-02
2.359364777803421021e-01
3.157816529273986816e-01
2.824039757251739502e-01
4.853433370590209961e-02
1.894744187593460083e-01
2.121661603450775146e-01
2.931689321994781494e-01
1.766447722911834717e-01
9.606526792049407959e-02
8.744062483310699463e-02
1.091603413224220276e-01
2.192298471927642822e-01
1.592368483543395996e-01
1.803907155990600586e-01
2.111386358737945557e-01
8.738392591476440430e-02
5.024237036705017090e-01
7.091616094112396240e-02
1.790793091058731079e-01
2.052628099918365479e-01
2.781844735145568848e-01
2.317647188901901245e-01
2.360319644212722778e-01
3.486373126506805420e-01
9.455949068069458008e-02
2.310882806777954102e-01
8.376556634902954102e-02
9.036371111869812012e-02
2.495611011981964111e-01
1.405610442161560059e-01
1.813098043203353882e-01
2.254855632781982422e-01
1.818648874759674072e-01
1.614666879177093506e-01
2.360156923532485962e-01
1.933565288782119751e-01
1.172518581151962280e-01
6.493299454450607300e-02
5.258731544017791748e-02
2.930352687835693359e-01
1.019737794995307922e-01
2.097317278385162354e-01
9.303105622529983521e-02
8.336293697357177734e-02
6.667885184288024902e-02
2.352961152791976929e-01
1.824279576539993286e-01
1.200277507305145264e-01
2.418669909238815308e-01
1.571045070886611938e-01
8.015375584363937378e-02
1.927395164966583252e-01
1.012702211737632751e-01
2.221509963274002075e-01
5.988969281315803528e-02
2.046997845172882080e-01
4.740945249795913696e-02
3.631127998232841492e-02
5.923704504966735840e-01
1.724864542484283447e-01
1.158391907811164856e-01
9.936627745628356934e-02
3.097057715058326721e-02
2.696580290794372559e-01
1.290223002433776855e-01
2.467427104711532593e-01
2.382494509220123291e-01
6.455158442258834839e-02
4.250703006982803345e-02
1.374638080596923828e-01
1.691724061965942383e-01
2.214695215225219727e-01
3.744951635599136353e-02
9.458144009113311768e-02
1.439611166715621948e-01
1.844720542430877686e-01
1.783703863620758057e-01
3.800677657127380371e-01
1.076017245650291443e-01
1.333510279655456543e-01
1.640714257955551147e-01
1.060084700584411621e-01
3.597472906112670898e-01
5.378336310386657715e-01
2.687791883945465088e-01
3.554652333259582520e-01
1.126965880393981934e-01
2.112125754356384277e-01
1.786122471094131470e-01
1.778742372989654541e-01
8.822293579578399658e-02
5.556682944297790527e-01
3.624772429466247559e-01
1.904510110616683960e-01
6.802583485841751099e-02
1.720730364322662354e-01
2.900995016098022461e-01
1.338404566049575806e-01
9.548555314540863037e-02
1.328776776790618896e-01
3.041888475418090820e-01
2.797307074069976807e-01
2.781309187412261963e-01
3.433148562908172607e-01
1.431906074285507202e-01
3.868523240089416504e-01
2.904049754142761230e-01
4.747123122215270996e-01
7.366137951612472534e-02
3.835558295249938965e-01
2.508752346038818359e-01
1.197790578007698059e-01
3.845462203025817871e-01
6.811567395925521851e-02
1.245638653635978699e-01
3.435435891151428223e-01
3.199599385261535645e-01
1.404271423816680908e-01
2.190828770399093628e-01
6.681112200021743774e-02
7.881873846054077148e-02
6.190503016114234924e-02
7.648268342018127441e-01
6.725442409515380859e-02
1.385739445686340332e-01
4.032301902770996094e-02
8.777274191379547119e-02
2.940190732479095459e-01
4.610640555620193481e-02
2.455784082412719727e-01
6.237948685884475708e-02
1.856607496738433838e-01
1.576006114482879639e-01
8.077889680862426758e-02
2.677393257617950439e-01
1.227503269910812378e-01
1.978906542062759399e-01
3.133454620838165283e-01
2.063280194997787476e-01
1.480788290500640869e-01
1.022841483354568481e-01
3.113204836845397949e-01
7.295057177543640137e-02
3.451762497425079346e-01
1.167721599340438843e-01
1.817232668399810791e-01
1.667038202285766602e-01
1.490629315376281738e-01
4.676568880677223206e-02
4.310152530670166016e-01
3.689172118902206421e-02
2.203604876995086670e-01
2.140744924545288086e-01
2.908311486244201660e-01
1.686806380748748779e-01
2.150325775146484375e-01
2.653481066226959229e-01
1.949564516544342041e-01
1.147369295358657837e-01
1.312425434589385986e-01
2.299743443727493286e-01
2.521588206291198730e-01
2.234045863151550293e-01
3.089851438999176025e-01
1.576556265354156494e-01
3.942562043666839600e-01
2.726773023605346680e-01
3.133419156074523926e-01
1.653963178396224976e-01
1.021034419536590576e-01
8.666364103555679321e-02
2.720150649547576904e-01
4.017394781112670898e-01
1.752495318651199341e-01
1.210352927446365356e-01
2.101429551839828491e-01
2.967050671577453613e-01
3.123199343681335449e-01
3.372185826301574707e-01
1.467569172382354736e-01
2.193917483091354370e-01
9.708032011985778809e-02
2.895610928535461426e-01
1.569989919662475586e-01
3.329947590827941895e-01
6.961104273796081543e-02
1.022989898920059204e-01
1.904792934656143188e-01
1.898438930511474609e-01
4.306749403476715088e-01
1.888275593519210815e-01
1.640648543834686279e-01
1.486193984746932983e-01
2.155364751815795898e-01
1.407032459974288940e-01
4.815868139266967773e-01
3.405328989028930664e-01
2.396448552608489990e-01
1.071560233831405640e-01
1.900158822536468506e-01
3.894661664962768555e-01
1.253979504108428955e-01
3.406344652175903320e-01
2.860173583030700684e-01
1.423019468784332275e-01
8.740132302045822144e-02
6.077035889029502869e-02
3.730983436107635498e-01
1.397204101085662842e-01
1.172444745898246765e-01
8.584047853946685791e-02
1.046126335859298706e-01
1.970306336879730225e-01
2.616830170154571533e-01
1.270782351493835449e-01
1.217460632324218750e-01
1.294436752796173096e-01
1.767561882734298706e-01
2.811122834682464600e-01
2.865209579467773438e-01
1.481841504573822021e-01
1.102375835180282593e-01
1.937507092952728271e-01
1.860034167766571045e-01
1.533424705266952515e-01
1.867791712284088135e-01
4.417209923267364502e-01
3.664388656616210938e-01
1.005292460322380066e-01
2.061586827039718628e-01
2.601440548896789551e-01
1.298223882913589478e-01
4.215804934501647949e-01
1.802055388689041138e-01
3.413883149623870850e-01
1.686064898967742920e-01
2.646397948265075684e-01
1.167145371437072754e-01
9.551350027322769165e-02
1.772385835647583008e-01
5.789761617779731750e-02
1.671603322029113770e-01
4.002554714679718018e-01
1.996586620807647705e-01
2.163243293762207031e-01
2.335096746683120728e-01
1.812261193990707397e-01
3.438995480537414551e-01
2.200452089309692383e-01
1.876287162303924561e-01
2.361051440238952637e-01
1.330702900886535645e-01
1.037779748439788818e-01
1.843667626380920410e-01
2.040443122386932373e-01
1.808421909809112549e-01
1.523461043834686279e-01
7.571542263031005859e-02
1.183856204152107239e-01
1.232153698801994324e-01
4.487275183200836182e-01
5.678606033325195312e-02
7.756806910037994385e-02
7.548449933528900146e-02
2.225359678268432617e-01
6.708945333957672119e-02
1.773857176303863525e-01
2.428091466426849365e-01
1.728311032056808472e-01
1.089569479227066040e-01
2.089640200138092041e-01
1.203982159495353699e-01
2.304146587848663330e-01
1.121076792478561401e-01
1.533266305923461914e-01
6.282421201467514038e-02
2.132966816425323486e-01
3.179165720939636230e-02
1.079189926385879517e-01
1.683475375175476074e-01
8.878736943006515503e-02
5.081161260604858398e-01
1.078859865665435791e-01
7.425228506326675415e-02
1.448979377746582031e-01
9.026683866977691650e-02
2.777639627456665039e-01
2.486577332019805908e-01
9.274251759052276611e-02
1.930539906024932861e-01
4.084782004356384277e-01
1.639812141656875610e-01
3.866618871688842773e-01
2.075282484292984009e-01
8.662634342908859253e-02
2.258851528167724609e-01
2.324495911598205566e-01
2.138062119483947754e-01
9.010908007621765137e-02
1.967457123100757599e-02
4.158184826374053955e-01
5.098612308502197266e-01
3.439122736454010010e-01
2.342711389064788818e-01
9.460015594959259033e-02
2.046535611152648926e-01
1.124437749385833740e-01
8.967678993940353394e-02
5.630583316087722778e-02
4.631644487380981445e-01
1.846743226051330566e-01
2.117924690246582031e-01
2.126660495996475220e-01
1.852650493383407593e-01
3.401306271553039551e-01
1.651462763547897339e-01
6.470367908477783203e-01
1.898401379585266113e-01
3.135744333267211914e-01
2.063525617122650146e-01
2.014603614807128906e-01
2.690088152885437012e-01
1.174792721867561340e-01
1.229786351323127747e-01
1.926699578762054443e-01
3.070932328701019287e-01
4.199040681123733521e-02
3.482718765735626221e-01
3.260434418916702271e-02
3.106220960617065430e-01
1.739020347595214844e-01
3.603105545043945312e-01
4.012170433998107910e-01
3.111054897308349609e-01
2.152152806520462036e-01
1.957295089960098267e-01
4.580123722553253174e-01
1.242643818259239197e-01
1.192908585071563721e-01
1.333250105381011963e-01
2.916881442070007324e-01
2.600061297416687012e-01
4.004401341080665588e-02
5.063334107398986816e-02
7.326905429363250732e-02
1.365742534399032593e-01
2.031565904617309570e-01
2.632325291633605957e-01
2.471010386943817139e-01
2.025319486856460571e-01
3.780191838741302490e-01
2.207642048597335815e-01
1.200486123561859131e-01
1.513628661632537842e-01
2.442668378353118896e-01
1.940883398056030273e-01
3.183156847953796387e-01
2.455113530158996582e-01
1.602274477481842041e-01
1.296075731515884399e-01
3.713957667350769043e-01
2.675484120845794678e-01
1.457316577434539795e-01
4.134453088045120239e-02
1.302466690540313721e-01
1.288989335298538208e-01
3.148538470268249512e-01
1.005117148160934448e-01
1.509782373905181885e-01
7.613009214401245117e-02
3.875807821750640869e-01
9.005789458751678467e-02
1.312823891639709473e-01
1.278633475303649902e-01
1.158625632524490356e-01
4.854311943054199219e-01
1.673183441162109375e-01
1.629145145416259766e-01
8.798222243785858154e-02
8.510330319404602051e-02
1.625542938709259033e-01
4.468795359134674072e-01
1.181609556078910828e-01
1.289970874786376953e-01
1.382200419902801514e-01
7.183399051427841187e-02
3.951098769903182983e-02
2.580082416534423828e-01
6.995294243097305298e-02
9.817931056022644043e-02
1.028727889060974121e-01
4.494517296552658081e-02
1.430653333663940430e-01
2.736440300941467285e-01
2.926665730774402618e-02
1.725087463855743408e-01
2.276289463043212891e-01
1.132962107658386230e-01
3.588109612464904785e-01
1.823062002658843994e-01
1.909111887216567993e-01
1.361394375562667847e-01
1.572213321924209595e-01
1.114049553871154785e-01
1.274073123931884766e-01
1.284671127796173096e-01
1.697647869586944580e-01
1.851033568382263184e-01
6.900052726268768311e-02
3.841761648654937744e-01
3.033028244972229004e-01
8.133774995803833008e-02
1.911859363317489624e-01
3.165446594357490540e-02
5.662479251623153687e-02
8.308359980583190918e-02
2.887961864471435547e-01
7.628963142633438110e-02
1.093058437108993530e-01
5.013858526945114136e-02
1.106447204947471619e-01
2.553606033325195312e-02
2.163011208176612854e-02
1.151153966784477234e-01
2.495247721672058105e-01
1.057585254311561584e-01
3.057869151234626770e-02
1.758499145507812500e-01
4.052593708038330078e-01
1.301522701978683472e-01
1.384205818176269531e-01
1.624332666397094727e-01
1.573477983474731445e-01
1.117370277643203735e-01
3.320197463035583496e-01
1.165590509772300720e-01
1.507441699504852295e-01
7.120979577302932739e-02
1.729098856449127197e-01
1.300474703311920166e-01
1.722529381513595581e-01
5.825269594788551331e-02
8.215523511171340942e-02
2.703689783811569214e-02
1.710043475031852722e-02
2.788407802581787109e-01
3.348963260650634766e-01
2.096251249313354492e-01
5.032871365547180176e-01
5.213414877653121948e-02
4.099887013435363770e-01
2.241133451461791992e-01
2.350716590881347656e-01
3.973607420921325684e-01
8.723172545433044434e-02
5.062756538391113281e-01
3.454224020242691040e-02
9.931957721710205078e-02
2.380506247282028198e-01
3.299685418605804443e-01
1.597749143838882446e-01
9.174475073814392090e-01
3.512150049209594727e-01
9.486050158739089966e-02
2.240210473537445068e-01
5.166177153587341309e-01
6.001297831535339355e-01
2.151020169258117676e-01
3.672868907451629639e-01
7.346795499324798584e-02
3.653602004051208496e-01
1.890659630298614502e-01
1.309465914964675903e-01
3.364098668098449707e-01
1.825093030929565430e-01
3.180180490016937256e-01
5.605126619338989258e-01
1.596590876579284668e-01
2.563038170337677002e-01
2.624059915542602539e-01
3.738919496536254883e-01
1.781254708766937256e-01
1.529428362846374512e-01
5.255374908447265625e-01
2.036041468381881714e-01
2.105720341205596924e-01
1.922143101692199707e-01
1.949785798788070679e-01
2.071573287248611450e-01
2.353238165378570557e-01
2.755188047885894775e-01
1.306896656751632690e-01
2.639737725257873535e-01
2.076656520366668701e-01
1.881567388772964478e-01
1.024555712938308716e-01
1.810273826122283936e-01
1.808263063430786133e-01
3.392695784568786621e-01
1.676865518093109131e-01
1.348454654216766357e-01
1.748820841312408447e-01
4.100275039672851562e-02
1.585074365139007568e-01
4.927669763565063477e-01
2.006919085979461670e-01
1.643665134906768799e-01
3.521402478218078613e-01
1.103524789214134216e-01
1.379235237836837769e-01
9.507068246603012085e-02
1.303092539310455322e-01
7.236596196889877319e-02
1.564885526895523071e-01
2.085652798414230347e-01
1.469911634922027588e-01
1.976188421249389648e-01
2.158663868904113770e-01
2.419606745243072510e-01
2.428656816482543945e-01
2.254138290882110596e-01
9.437264502048492432e-02
1.501809954643249512e-01
2.918019294738769531e-01
1.322213113307952881e-01
1.278640329837799072e-01
4.106178507208824158e-02
1.650941967964172363e-01
1.282600313425064087e-01
1.802896559238433838e-01
2.644322812557220459e-01
2.796299457550048828e-01
2.195842862129211426e-01
8.425181359052658081e-02
1.509444862604141235e-01
2.719728648662567139e-01
3.363464176654815674e-01
5.985662713646888733e-02
1.674933135509490967e-01
1.648647189140319824e-01
2.483609765768051147e-01
3.758634254336357117e-02
6.884734332561492920e-02
1.376134902238845825e-01
1.190251559019088745e-01
3.455048203468322754e-01
4.735725373029708862e-02
3.550962805747985840e-01
2.683839499950408936e-01
1.751625835895538330e-01
2.941116131842136383e-02
2.172340899705886841e-01
1.677050292491912842e-01
1.240815222263336182e-01
1.514522731304168701e-01
5.657398700714111328e-02
7.165957242250442505e-02
1.536971330642700195e-01
3.784056752920150757e-02
2.074670195579528809e-01
2.569192349910736084e-01
2.806444168090820312e-01
1.124902069568634033e-01
6.437996029853820801e-02
4.691701754927635193e-02
5.887174233794212341e-02
2.626378536224365234e-01
7.652316242456436157e-02
1.966836899518966675e-01
2.669880986213684082e-01
1.581471413373947144e-01
2.432412505149841309e-01
9.172589331865310669e-02
1.765408813953399658e-01
1.625052243471145630e-01
9.231651574373245239e-02
1.325364410877227783e-01
5.613566562533378601e-02
1.951977908611297607e-01
8.983001112937927246e-02
1.739524006843566895e-01
1.416353136301040649e-01
1.238832771778106689e-01
1.518841683864593506e-01
7.218139618635177612e-02
1.964337974786758423e-01
7.840788364410400391e-02
1.369841396808624268e-01
1.658554077148437500e-01
2.565271556377410889e-01
5.039584040641784668e-01
1.815564334392547607e-01
1.928497552871704102e-01
1.307570189237594604e-01
2.969626784324645996e-01
1.726671457290649414e-01
1.890047788619995117e-01
7.749614864587783813e-02
1.360590159893035889e-01
8.191899955272674561e-02
2.003660351037979126e-01
2.337075024843215942e-01
1.086812466382980347e-01
2.649389505386352539e-01
1.736056208610534668e-01
9.589390456676483154e-02
5.402389168739318848e-02
2.961760163307189941e-01
2.507166862487792969e-01
7.845264673233032227e-02
3.236936330795288086e-01
1.038121581077575684e-01
2.800034880638122559e-01
7.036731243133544922e-01
1.648603081703186035e-01
1.368412375450134277e-01
2.902770340442657471e-01
1.411200910806655884e-01
2.846967875957489014e-01
1.206842735409736633e-01
2.012821137905120850e-01
3.298199176788330078e-01
2.404257357120513916e-01
1.702649891376495361e-01
2.211154997348785400e-01
3.809016644954681396e-01
1.101792007684707642e-01
9.690925478935241699e-02
1.766599118709564209e-01
1.148119866847991943e-01
1.565037965774536133e-01
1.820018589496612549e-01
9.128192812204360962e-02
1.218842566013336182e-01
4.763013124465942383e-01
1.974736750125885010e-01
1.112278923392295837e-01
2.508834898471832275e-01
2.759850323200225830e-01
1.983995735645294189e-01
3.399356007575988770e-01
1.485504955053329468e-01
1.080212295055389404e-01
8.602596819400787354e-02
2.326642349362373352e-02
3.909108638763427734e-01
4.711257666349411011e-02
2.814172506332397461e-01
3.936389684677124023e-01
1.951514184474945068e-01
1.209488883614540100e-01
2.076173871755599976e-01
5.564650893211364746e-02
2.819191217422485352e-01
7.304044812917709351e-02
7.770062983036041260e-02
2.107463777065277100e-01
2.485499680042266846e-01
7.749632745981216431e-02
9.095600992441177368e-02
1.735114753246307373e-01
1.631926745176315308e-01
3.029961585998535156e-01
3.503777980804443359e-01
9.309035539627075195e-02
2.278225719928741455e-01
1.550822407007217407e-01
3.248219490051269531e-01
2.071269005537033081e-01
3.015864193439483643e-01
1.746589243412017822e-01
1.696464419364929199e-01
9.440739452838897705e-02
1.037276238203048706e-01
4.106999635696411133e-01
1.632205098867416382e-01
6.639289110898971558e-02
