8.760270476341247559e-02
4.834336042404174805e-01
1.860114932060241699e-01
9.854328632354736328e-02
3.783501088619232178e-01
3.680263757705688477e-01
3.286990523338317871e-01
2.712424993515014648e-01
3.335253000259399414e-01
2.144661247730255127e-01
1.772859245538711548e-01
1.550877094268798828e-01
1.642395257949829102e-01
5.503880381584167480e-01
4.735843539237976074e-01
1.939719766378402710e-01
2.044288665056228638e-01
1.964366137981414795e-01
2.359761446714401245e-01
3.436428904533386230e-01
2.414443492889404297e-01
4.079562723636627197e-01
2.376822978258132935e-01
2.591527402400970459e-01
3.699388802051544189e-01
1.576549112796783447e-01
2.561840415000915527e-01
2.113363891839981079e-01
9.250121563673019409e-02
3.786780536174774170e-01
1.596668809652328491e-01
4.630204439163208008e-01
1.217547804117202759e-01
1.426956653594970703e-01
2.443041652441024780e-01
2.251540422439575195e-01
2.403887808322906494e-01
2.101548910140991211e-01
3.711561858654022217e-01
1.181520968675613403e-01
2.779631912708282471e-01
3.811735212802886963e-01
1.427573114633560181e-01
2.569184303283691406e-01
4.851340651512145996e-01
3.692220449447631836e-01
4.020840823650360107e-01
7.476769387722015381e-02
1.553217619657516479e-01
1.892686188220977783e-01
3.491347432136535645e-01
1.390268057584762573e-01
2.435509860515594482e-01
3.268533945083618164e-01
2.576159834861755371e-01
6.908632814884185791e-02
1.283926069736480713e-01
1.620046794414520264e-01
2.643769085407257080e-01
2.034390568733215332e-01
1.509493589401245117e-01
1.846719235181808472e-01
6.988482922315597534e-02
5.757758617401123047e-01
2.913180589675903320e-01
1.353656947612762451e-01
2.958442270755767822e-01
7.437121868133544922e-02
2.100920081138610840e-01
8.236252516508102417e-02
2.018470764160156250e-01
2.132969349622726440e-01
4.001458883285522461e-01
7.352286577224731445e-02
1.929653882980346680e-01
8.973579853773117065e-02
1.425271928310394287e-01
1.533066332340240479e-01
4.260345995426177979e-01
1.398207843303680420e-01
1.353568583726882935e-01
2.637387514114379883e-01
2.221737951040267944e-01
3.710597157478332520e-01
5.385996699333190918e-01
5.017271637916564941e-01
4.387491345405578613e-01
4.137231111526489258e-01
3.536225855350494385e-01
1.764952838420867920e-01
2.574886679649353027e-01
4.359770715236663818e-01
1.864326596260070801e-01
1.736575663089752197e-01
3.229591846466064453e-01
9.881163388490676880e-02
3.875084817409515381e-01
2.606779038906097412e-01
2.022943198680877686e-01
1.829826980829238892e-01
2.542347609996795654e-01
3.833298087120056152e-01
1.872358322143554688e-01
1.305447816848754883e-01
3.174667060375213623e-01
2.690597176551818848e-01
1.708846241235733032e-01
2.690998017787933350e-01
4.901769757270812988e-01
4.185384511947631836e-01
3.853005170822143555e-01
2.591762840747833252e-01
1.266793608665466309e-01
1.632748991250991821e-01
2.085989415645599365e-01
1.808649897575378418e-01
3.639317750930786133e-01
1.587722897529602051e-01
1.622534990310668945e-01
7.530133426189422607e-02
1.424333751201629639e-01
1.023087948560714722e-01
2.436132133007049561e-01
4.497136771678924561e-01
1.423950642347335815e-01
2.373908311128616333e-01
2.788633704185485840e-01
4.609587788581848145e-01
1.254964321851730347e-01
2.553595304489135742e-01
4.271636009216308594e-01
1.670231074094772339e-01
1.088235974311828613e-01
1.993365734815597534e-01
1.666552871465682983e-01
7.147061824798583984e-02
2.715257108211517334e-01
3.167616128921508789e-01
3.085970580577850342e-01
2.349035739898681641e-01
4.588848948478698730e-01
8.009184896945953369e-02
2.138298451900482178e-01
3.849069774150848389e-01
2.154389321804046631e-01
1.457753777503967285e-01
1.100019961595535278e-01
2.297490835189819336e-01
1.343774795532226562e-01
2.174221277236938477e-01
3.302752971649169922e-01
2.337388396263122559e-01
2.105760276317596436e-01
3.636201024055480957e-01
1.545445621013641357e-01
1.909630745649337769e-01
2.715142667293548584e-01
2.225483506917953491e-01
2.108309566974639893e-01
1.361168473958969116e-01
1.410833001136779785e-01
2.511081695556640625e-01
2.984641194343566895e-01
2.446744143962860107e-01
1.265680789947509766e-01
2.180842459201812744e-01
3.565597534179687500e-01
8.009400218725204468e-02
3.128178417682647705e-01
2.383138537406921387e-01
4.329379796981811523e-01
7.077363878488540649e-02
1.372886896133422852e-01
2.376364767551422119e-01
2.971132099628448486e-01
2.143132388591766357e-01
2.111600637435913086e-01
1.148962303996086121e-01
2.612815797328948975e-01
2.162079066038131714e-01
2.878289818763732910e-01
4.021830558776855469e-01
4.818649888038635254e-01
1.648974567651748657e-01
1.580973267555236816e-01
1.105536371469497681e-01
2.809388339519500732e-01
1.764647662639617920e-01
9.783606231212615967e-02
1.315379291772842407e-01
1.928353011608123779e-01
2.636547386646270752e-01
1.895840466022491455e-01
3.686009347438812256e-01
2.710741758346557617e-01
1.706087589263916016e-01
3.102385997772216797e-01
1.340974122285842896e-01
3.778862953186035156e-01
1.286139637231826782e-01
2.165149748325347900e-01
1.442603468894958496e-01
1.990578174591064453e-01
2.870354354381561279e-01
3.550450801849365234e-01
1.218208372592926025e-01
8.705670386552810669e-02
1.879482865333557129e-01
3.705680370330810547e-01
2.362547814846038818e-01
2.425327897071838379e-01
4.234347343444824219e-01
2.113178074359893799e-01
2.689771652221679688e-01
4.712743163108825684e-01
2.894312441349029541e-01
4.677696824073791504e-01
1.003127098083496094e+00
2.947994172573089600e-01
2.240502238273620605e-01
3.923594653606414795e-01
5.020123124122619629e-01
2.597076594829559326e-01
2.158207893371582031e-01
3.474494814872741699e-01
1.512868106365203857e-01
1.868284344673156738e-01
1.859919428825378418e-01
4.305726885795593262e-01
2.383028417825698853e-01
1.335354447364807129e-01
1.780826598405838013e-01
2.663474977016448975e-01
1.517928838729858398e-01
4.244617819786071777e-01
3.482067584991455078e-01
4.985592663288116455e-01
3.151049911975860596e-01
1.975083053112030029e-01
2.560384273529052734e-01
4.532029628753662109e-01
3.782794475555419922e-01
2.065772116184234619e-01
2.473649382591247559e-01
1.166005879640579224e-01
4.668312668800354004e-01
4.000277519226074219e-01
4.015812277793884277e-01
3.078514337539672852e-01
2.908800244331359863e-01
3.816041350364685059e-01
3.647782504558563232e-01
2.915394902229309082e-01
2.467049658298492432e-01
1.355059742927551270e-01
3.692934215068817139e-01
2.612293958663940430e-01
3.743299841880798340e-01
2.565110325813293457e-01
2.634970247745513916e-01
1.896149814128875732e-01
2.300611734390258789e-01
1.771326363086700439e-01
1.597921997308731079e-01
2.390634119510650635e-01
1.341361403465270996e-01
1.042265444993972778e-01
3.584299087524414062e-01
2.899072468280792236e-01
3.808992803096771240e-01
5.010437369346618652e-01
3.950232267379760742e-01
2.662977874279022217e-01
1.600742936134338379e-01
2.574208974838256836e-01
1.279905736446380615e-01
5.995973348617553711e-01
3.731291890144348145e-01
2.688689827919006348e-01
4.868259280920028687e-02
1.350945830345153809e-01
1.869184076786041260e-01
3.324452340602874756e-01
1.162268966436386108e-01
3.116815090179443359e-01
2.181682586669921875e-01
1.098199933767318726e-01
2.133190631866455078e-01
2.537670731544494629e-01
1.111321449279785156e-01
1.132342666387557983e-01
1.611782312393188477e-01
2.616419196128845215e-01
2.781782150268554688e-01
2.300288081169128418e-01
1.667220741510391235e-01
1.538069546222686768e-01
1.621052324771881104e-01
2.655127644538879395e-01
1.232410520315170288e-01
1.523873805999755859e-01
4.047669768333435059e-01
4.018827080726623535e-01
4.657801985740661621e-01
3.618896007537841797e-01
1.479516774415969849e-01
3.076599836349487305e-01
1.633870601654052734e-01
1.382811367511749268e-01
2.100764960050582886e-01
2.383264899253845215e-01
1.963543742895126343e-01
2.851722538471221924e-01
2.842839658260345459e-01
1.484766900539398193e-01
3.492986857891082764e-01
3.767551183700561523e-01
1.177448183298110962e-01
1.344166249036788940e-01
1.517353951930999756e-01
2.626892030239105225e-01
1.912466883659362793e-01
1.130393967032432556e-01
1.848678886890411377e-01
1.268237084150314331e-01
4.326600134372711182e-01
4.795963168144226074e-01
1.095407232642173767e-01
1.906641125679016113e-01
1.705582141876220703e-01
8.902079612016677856e-02
1.438889503479003906e-01
7.695013284683227539e-02
1.090099439024925232e-01
2.178136110305786133e-01
2.537254393100738525e-01
2.376449704170227051e-01
2.922006249427795410e-01
2.092566043138504028e-01
4.511907100677490234e-01
7.473661750555038452e-02
2.208013832569122314e-01
1.214510425925254822e-01
1.599213182926177979e-01
1.952976286411285400e-01
1.479945182800292969e-01
4.912599325180053711e-01
2.625141143798828125e-01
1.589155048131942749e-01
4.041584730148315430e-01
3.823683857917785645e-01
1.238356977701187134e-01
2.583413720130920410e-01
1.937509477138519287e-01
8.508448302745819092e-02
2.169687300920486450e-01
1.769626438617706299e-01
1.964042782783508301e-01
2.254223078489303589e-01
2.974750101566314697e-01
4.938054680824279785e-01
2.659459114074707031e-01
2.050292044878005981e-01
1.936409175395965576e-01
2.899665236473083496e-01
3.990957885980606079e-02
2.935227155685424805e-01
2.105905115604400635e-01
2.143663614988327026e-01
2.890494465827941895e-01
1.298186033964157104e-01
1.048594117164611816e-01
1.786950975656509399e-01
1.104982420802116394e-01
4.932848811149597168e-01
2.232928872108459473e-01
1.341315656900405884e-01
1.866527199745178223e-01
2.947679758071899414e-01
2.879208922386169434e-01
1.637656390666961670e-01
1.451333165168762207e-01
4.771105945110321045e-01
1.456230282783508301e-01
4.032812714576721191e-01
2.377393543720245361e-01
2.915348112583160400e-01
1.100238263607025146e-01
4.043366312980651855e-01
3.674142062664031982e-01
2.218629121780395508e-01
1.539080440998077393e-01
1.892390400171279907e-01
9.223897755146026611e-02
2.285052835941314697e-01
2.400604635477066040e-01
3.832952976226806641e-01
2.919651567935943604e-01
5.859240293502807617e-01
4.527480006217956543e-01
4.068950712680816650e-01
4.504421949386596680e-01
1.619710624217987061e-01
2.983853518962860107e-01
2.070210278034210205e-01
1.666309833526611328e-01
2.534841895103454590e-01
1.071023792028427124e-01
4.865485429763793945e-01
1.232791170477867126e-01
3.944856524467468262e-01
2.048440873622894287e-01
3.142979145050048828e-01
1.879449784755706787e-01
4.004961252212524414e-01
1.845042705535888672e-01
2.370832860469818115e-01
9.348201751708984375e-02
2.153975367546081543e-01
2.158518433570861816e-01
2.027879655361175537e-01
2.123998105525970459e-01
9.974144399166107178e-02
4.310502707958221436e-01
2.206035852432250977e-01
4.097436070442199707e-01
2.170013934373855591e-01
1.577805578708648682e-01
2.046791911125183105e-01
3.908072710037231445e-01
1.563391685485839844e-01
2.609025835990905762e-01
2.383627593517303467e-01
4.194191396236419678e-01
3.972232341766357422e-01
3.725589513778686523e-01
2.629832029342651367e-01
1.902480721473693848e-01
3.774665594100952148e-01
1.719918549060821533e-01
3.642568886280059814e-01
2.862828075885772705e-01
2.525826394557952881e-01
1.437186300754547119e-01
2.811203896999359131e-01
2.012767642736434937e-01
3.628579974174499512e-01
3.224135935306549072e-01
2.451765835285186768e-01
2.284663319587707520e-01
2.680470645427703857e-01
1.116220802068710327e-01
2.779565751552581787e-01
2.900251150131225586e-01
2.759020924568176270e-01
1.935248225927352905e-01
2.729961276054382324e-01
2.576901912689208984e-01
1.137626171112060547e-01
1.204036474227905273e-01
2.007880508899688721e-01
3.927291631698608398e-01
3.117402195930480957e-01
1.101301237940788269e-01
4.304569661617279053e-01
1.900383383035659790e-01
3.271961808204650879e-01
3.893962502479553223e-01
1.142023354768753052e-01
1.557458490133285522e-01
1.665495932102203369e-01
2.578585147857666016e-01
1.963769793510437012e-01
1.199273318052291870e-01
2.023229002952575684e-01
3.157434463500976562e-01
1.704762428998947144e-01
1.841248571872711182e-01
2.341003715991973877e-01
2.954224646091461182e-01
1.779056042432785034e-01
6.968730688095092773e-02
7.900065183639526367e-02
3.229750096797943115e-01
2.042840719223022461e-01
1.864590644836425781e-01
2.535656094551086426e-01
5.265051722526550293e-01
1.533019691705703735e-01
2.107279896736145020e-01
3.027299344539642334e-01
3.284278139472007751e-02
1.182496100664138794e-01
1.543992757797241211e-01
1.351939141750335693e-01
2.251687943935394287e-01
4.121325612068176270e-01
4.219140410423278809e-01
3.129100203514099121e-01
1.689384728670120239e-01
1.460043638944625854e-01
1.433151960372924805e-01
2.019866853952407837e-01
1.090799346566200256e-01
1.431170701980590820e-01
1.297290921211242676e-01
1.392846256494522095e-01
2.052303254604339600e-01
3.118982315063476562e-01
2.864596247673034668e-01
2.860743701457977295e-01
3.732407093048095703e-01
1.239229738712310791e-01
2.847119271755218506e-01
1.532427966594696045e-01
2.440349906682968140e-01
2.216863185167312622e-01
2.341974079608917236e-01
9.059315174818038940e-02
2.032091766595840454e-01
1.175457537174224854e-01
1.937766075134277344e-01
2.357353419065475464e-01
1.172415018081665039e-01
1.293161213397979736e-01
2.267614901065826416e-01
9.035136550664901733e-02
1.885976344347000122e-01
2.399096190929412842e-01
2.889526784420013428e-01
3.636079281568527222e-02
2.473593503236770630e-01
1.643038988113403320e-01
2.472942471504211426e-01
2.422824352979660034e-01
2.644086480140686035e-01
2.013397365808486938e-01
7.898031920194625854e-02
5.944935232400894165e-02
6.087458729743957520e-01
3.220646679401397705e-01
2.010543048381805420e-01
3.780443370342254639e-01
3.528902232646942139e-01
3.394669592380523682e-01
1.720392853021621704e-01
3.413599431514739990e-01
1.065840274095535278e-01
9.856198728084564209e-02
1.401155292987823486e-01
2.150188982486724854e-01
2.895866036415100098e-01
1.931780874729156494e-01
1.808856874704360962e-01
2.496597170829772949e-01
1.524011045694351196e-01
2.688138186931610107e-01
2.506460547447204590e-01
3.194283843040466309e-01
3.197307288646697998e-01
3.226660192012786865e-01
1.721774041652679443e-01
2.182726860046386719e-01
5.412307977676391602e-01
1.522610485553741455e-01
9.245404601097106934e-02
2.357774376869201660e-01
3.601644337177276611e-01
1.553080379962921143e-01
1.878435611724853516e-01
3.772958219051361084e-01
1.614008545875549316e-01
2.695621848106384277e-01
8.190125226974487305e-02
1.792957335710525513e-01
2.260898947715759277e-01
2.614734172821044922e-01
2.920726239681243896e-01
2.065810710191726685e-01
1.017177328467369080e-01
2.365252524614334106e-01
2.692402601242065430e-01
3.308014571666717529e-01
2.505585253238677979e-01
1.953333020210266113e-01
1.289909332990646362e-01
1.082640364766120911e-01
3.444002866744995117e-01
2.856303751468658447e-01
2.503970861434936523e-01
1.134706884622573853e-01
2.715057432651519775e-01
1.278980374336242676e-01
7.602071017026901245e-02
2.824272215366363525e-01
1.506443172693252563e-01
2.696898877620697021e-01
3.306699693202972412e-01
2.047982364892959595e-01
2.453606575727462769e-01
3.690688610076904297e-01
2.382128685712814331e-01
4.383706450462341309e-01
1.017651185393333435e-01
1.681137830018997192e-01
2.229718714952468872e-01
8.868855237960815430e-02
2.191142439842224121e-01
1.926587074995040894e-01
8.022686094045639038e-02
8.889384567737579346e-02
2.275999039411544800e-01
2.744647562503814697e-01
1.437152326107025146e-01
3.581680655479431152e-01
3.466055691242218018e-01
1.334303915500640869e-01
4.461590945720672607e-01
2.594330608844757080e-01
2.447910010814666748e-01
2.909325361251831055e-01
1.141252666711807251e-01
2.048312127590179443e-01
2.247675359249114990e-01
1.326007694005966187e-01
1.160632148385047913e-01
5.641585588455200195e-01
1.933537721633911133e-01
1.354076266288757324e-01
1.219315007328987122e-01
1.400949358940124512e-01
2.967854738235473633e-01
1.713521778583526611e-01
7.203982770442962646e-02
4.662156105041503906e-01
2.211154401302337646e-01
1.372708082199096680e-01
1.773442178964614868e-01
3.792874217033386230e-01
2.705155909061431885e-01
1.423856616020202637e-01
2.415676116943359375e-01
4.145292341709136963e-01
4.037828445434570312e-01
2.251118570566177368e-01
2.409810870885848999e-01
2.893883585929870605e-01
2.007235884666442871e-01
3.062138557434082031e-01
1.941097527742385864e-01
1.376363039016723633e-01
1.446832269430160522e-01
1.082690656185150146e-01
1.142683550715446472e-01
2.312406897544860840e-01
1.799251288175582886e-01
2.610695958137512207e-01
1.832692772150039673e-01
1.723551750183105469e-01
3.501193523406982422e-01
2.012916207313537598e-01
2.895289659500122070e-01
2.070069909095764160e-01
1.436051577329635620e-01
1.318435817956924438e-01
1.019078493118286133e-01
1.533817201852798462e-01
1.173090338706970215e-01
2.697037458419799805e-01
2.895135283470153809e-01
4.291694760322570801e-01
2.100031971931457520e-01
1.973990052938461304e-01
2.684258818626403809e-01
1.081609651446342468e-01
2.413951605558395386e-01
1.597526371479034424e-01
8.074546605348587036e-02
1.196257546544075012e-01
2.551755607128143311e-01
4.432166218757629395e-01
3.750985264778137207e-01
3.507514894008636475e-01
2.762619256973266602e-01
1.293216049671173096e-01
2.884787917137145996e-01
2.495945841073989868e-01
3.019741773605346680e-01
1.589173376560211182e-01
3.458463549613952637e-01
1.832590848207473755e-01
2.525873482227325439e-01
3.075794875621795654e-01
2.632515430450439453e-01
2.222539633512496948e-01
1.674523651599884033e-01
1.815793365240097046e-01
2.241706848144531250e-01
2.048346400260925293e-01
1.411124765872955322e-01
1.348997205495834351e-01
6.872925758361816406e-01
2.259631454944610596e-01
1.959635913372039795e-01
1.553372740745544434e-01
2.295731008052825928e-01
1.843974590301513672e-01
2.984922826290130615e-01
2.139015197753906250e-01
1.229412704706192017e-01
3.373529016971588135e-01
3.451288044452667236e-01
2.461269050836563110e-01
2.452226877212524414e-01
1.698381304740905762e-01
2.132253050804138184e-01
1.706159412860870361e-01
1.591088771820068359e-01
2.489432096481323242e-01
1.397766321897506714e-01
1.035186871886253357e-01
9.190683066844940186e-02
2.067594677209854126e-01
6.377653032541275024e-02
1.869923770427703857e-01
5.664642900228500366e-02
3.394259810447692871e-01
3.085231781005859375e-01
1.703370809555053711e-01
7.454371452331542969e-02
5.122240632772445679e-02
1.056593134999275208e-01
3.524967730045318604e-01
3.227210938930511475e-01
1.458422690629959106e-01
3.447255492210388184e-01
3.306835889816284180e-01
1.778091937303543091e-01
1.962471157312393188e-01
4.507112503051757812e-01
1.901350468397140503e-01
2.203431427478790283e-01
2.024959921836853027e-01
4.187611043453216553e-01
2.594944536685943604e-01
2.072455585002899170e-01
2.464852631092071533e-01
8.607986569404602051e-02
3.617154359817504883e-01
1.344951391220092773e-01
1.884023994207382202e-01
2.891310751438140869e-01
1.142297759652137756e-01
1.649478077888488770e-01
2.452059835195541382e-01
1.311451643705368042e-01
2.045023888349533081e-01
1.324986368417739868e-01
2.921558022499084473e-01
1.407151967287063599e-01
1.463703513145446777e-01
9.007690101861953735e-02
2.947150170803070068e-01
8.922487497329711914e-02
1.640222072601318359e-01
9.094589948654174805e-02
1.507840454578399658e-01
1.226423308253288269e-01
2.019806653261184692e-01
2.246845662593841553e-01
2.913207411766052246e-01
3.289815485477447510e-01
2.904391586780548096e-01
1.312985271215438843e-01
2.179190814495086670e-01
2.801799774169921875e-01
2.970817089080810547e-01
1.058122217655181885e-01
2.151569277048110962e-01
1.167399510741233826e-01
5.088838338851928711e-01
1.318875998258590698e-01
3.141380548477172852e-01
1.495149880647659302e-01
1.733342707157135010e-01
2.159642577171325684e-01
9.941275417804718018e-02
4.965706542134284973e-02
1.380252242088317871e-01
2.099850922822952271e-01
1.842323094606399536e-01
2.647974491119384766e-01
3.820638060569763184e-01
3.546661436557769775e-01
2.606216669082641602e-01
1.251319944858551025e-01
4.883375763893127441e-01
2.321164309978485107e-01
3.393554091453552246e-01
3.606468141078948975e-01
3.113491237163543701e-01
1.062789037823677063e-01
1.950343251228332520e-01
1.521609425544738770e-01
1.442249715328216553e-01
2.010087668895721436e-01
3.873949050903320312e-01
2.665034830570220947e-01
3.057994842529296875e-01
2.769682109355926514e-01
2.239719033241271973e-01
6.085643768310546875e-01
4.243175685405731201e-01
1.084331199526786804e-01
3.430509865283966064e-01
1.828158348798751831e-01
1.716697514057159424e-01
2.147008627653121948e-01
2.065064907073974609e-01
1.851300895214080811e-01
9.907402843236923218e-02
3.223249316215515137e-01
3.411920666694641113e-01
2.390518188476562500e-01
2.169312089681625366e-01
1.021936908364295959e-01
2.753727734088897705e-01
2.645668983459472656e-01
4.206058979034423828e-01
3.007615208625793457e-01
1.248098611831665039e-01
1.410569250583648682e-01
1.177986711263656616e-01
4.027787446975708008e-01
2.350074797868728638e-01
2.386370301246643066e-01
2.277789711952209473e-01
2.775169014930725098e-01
1.639528572559356689e-01
1.680817008018493652e-01
1.538307368755340576e-01
1.706078648567199707e-01
2.764251828193664551e-01
2.558190524578094482e-01
6.780273467302322388e-02
2.662305533885955811e-01
9.087072312831878662e-02
4.580635428428649902e-01
3.250513076782226562e-01
1.514644622802734375e-01
1.132078468799591064e-01
3.162911534309387207e-01
1.834965646266937256e-01
1.048498824238777161e-01
4.154688119888305664e-01
1.427841484546661377e-01
1.715912967920303345e-01
2.470677793025970459e-01
3.892036676406860352e-01
1.561413109302520752e-01
4.393335282802581787e-01
1.880958676338195801e-01
1.589689701795578003e-01
2.880828976631164551e-01
9.127882868051528931e-02
1.695123314857482910e-01
1.653576046228408813e-01
2.162202447652816772e-01
3.001612722873687744e-01
1.226000785827636719e-01
2.200928330421447754e-01
2.820239067077636719e-01
1.168247908353805542e-01
3.309330940246582031e-01
5.579163134098052979e-02
2.683112025260925293e-01
3.871466815471649170e-01
1.764062345027923584e-01
1.476319730281829834e-01
1.871212422847747803e-01
2.364686429500579834e-01
3.061356544494628906e-01
4.048923254013061523e-01
1.182585656642913818e-01
2.293783724308013916e-01
1.352689564228057861e-01
3.865217864513397217e-01
1.553504019975662231e-01
3.234830796718597412e-01
3.030439615249633789e-01
1.728030741214752197e-01
3.599411845207214355e-01
1.925780773162841797e-01
1.977733820676803589e-01
2.091504037380218506e-01
1.247958093881607056e-01
1.296442151069641113e-01
1.149287000298500061e-01
7.745045423507690430e-02
1.439001411199569702e-01
2.037619352340698242e-01
1.740422844886779785e-01
7.587027549743652344e-02
2.225718498229980469e-01
9.357237070798873901e-02
1.108002141118049622e-01
6.461846828460693359e-02
2.852751910686492920e-01
2.862148582935333252e-01
8.612680435180664062e-02
1.670295298099517822e-01
1.543717831373214722e-01
3.216557800769805908e-01
1.607587188482284546e-01
7.246676087379455566e-02
2.968419194221496582e-01
3.075691759586334229e-01
2.531224489212036133e-01
2.585200965404510498e-01
2.511204481124877930e-01
1.544579565525054932e-01
3.362671136856079102e-01
1.347272992134094238e-01
1.084174290299415588e-01
2.010615170001983643e-01
9.010930359363555908e-02
3.119169473648071289e-01
9.278982877731323242e-02
2.808225750923156738e-01
1.399407982826232910e-01
2.285166084766387939e-01
1.355600059032440186e-01
3.883902430534362793e-01
2.491941452026367188e-01
1.617677807807922363e-01
2.503426373004913330e-01
2.606076896190643311e-01
1.992214620113372803e-01
3.563553392887115479e-01
3.038904666900634766e-01
3.473568856716156006e-01
2.941306829452514648e-01
8.935429155826568604e-02
3.104462623596191406e-01
1.027817726135253906e-01
1.880335658788681030e-01
1.372538059949874878e-01
1.544791460037231445e-01
3.378558456897735596e-01
1.885956674814224243e-01
4.157645404338836670e-01
1.721591353416442871e-01
1.247290670871734619e-01
1.754701733589172363e-01
2.016714513301849365e-01
1.766518205404281616e-01
2.175628691911697388e-01
1.398947238922119141e-01
2.971141934394836426e-01
1.173335462808609009e-01
1.942750960588455200e-01
1.807025671005249023e-01
1.011366248130798340e-01
1.518533676862716675e-01
3.132744133472442627e-01
4.916570186614990234e-01
3.365726470947265625e-01
1.377596408128738403e-01
3.085941076278686523e-01
2.325924038887023926e-01
1.415341645479202271e-01
2.577602267265319824e-01
1.603366136550903320e-01
6.486897170543670654e-02
9.155532717704772949e-02
1.926097869873046875e-01
6.737571954727172852e-02
4.334350228309631348e-01
3.602429851889610291e-02
2.778137028217315674e-01
3.545026779174804688e-01
3.112108409404754639e-01
1.058592647314071655e-01
2.347300797700881958e-01
3.347482085227966309e-01
1.784981936216354370e-01
9.727870672941207886e-02
3.294887244701385498e-01
2.686869204044342041e-01
1.425814181566238403e-01
1.953376680612564087e-01
2.208407372236251831e-01
2.001298367977142334e-01
1.888142526149749756e-01
1.043992713093757629e-01
1.040357872843742371e-01
4.612001180648803711e-01
2.520272135734558105e-01
5.433852076530456543e-01
1.448644846677780151e-01
1.645488142967224121e-01
2.457954287528991699e-01
2.154703140258789062e-01
2.363366484642028809e-01
5.453163385391235352e-01
2.407223880290985107e-01
2.371024638414382935e-01
3.659774363040924072e-01
2.650505304336547852e-01
1.521643400192260742e-01
1.376398205757141113e-01
1.201553344726562500e-01
8.826109021902084351e-02
9.279101341962814331e-02
2.854325175285339355e-01
3.135493993759155273e-01
2.618050575256347656e-01
1.931341886520385742e-01
3.224705457687377930e-01
3.528502583503723145e-01
2.231678813695907593e-01
1.030962616205215454e-01
1.519556343555450439e-01
2.746387422084808350e-01
2.275006622076034546e-01
1.338304281234741211e-01
2.002689242362976074e-01
3.574178218841552734e-01
2.170472443103790283e-01
1.913736164569854736e-01
3.997893631458282471e-01
1.025534495711326599e-01
1.508370637893676758e-01
2.143623381853103638e-01
8.189802616834640503e-02
3.505601286888122559e-01
1.804563701152801514e-01
3.204231858253479004e-01
1.055621653795242310e-01
6.021949648857116699e-02
3.477320075035095215e-01
3.051746487617492676e-01
1.522619575262069702e-01
1.907263398170471191e-01
1.521714627742767334e-01
3.013327419757843018e-01
3.005517721176147461e-01
2.651065886020660400e-01
1.030775532126426697e-01
6.280364990234375000e-01
1.818069368600845337e-01
3.111594915390014648e-01
2.332285046577453613e-01
3.480814099311828613e-01
2.009840458631515503e-01
2.964002788066864014e-01
3.687731027603149414e-01
1.114743649959564209e-01
2.639626860618591309e-01
3.421967625617980957e-01
2.159319967031478882e-01
1.925418078899383545e-01
3.175989985466003418e-01
1.267478466033935547e-01
1.837257593870162964e-01
2.106654495000839233e-01
2.411675900220870972e-01
4.581420421600341797e-01
1.681926250457763672e-01
1.666895151138305664e-01
4.032521843910217285e-01
2.391650229692459106e-01
1.891526430845260620e-01
1.344413161277770996e-01
3.600918948650360107e-01
1.185774877667427063e-01
1.545326858758926392e-01
2.842857837677001953e-01
4.322401583194732666e-01
1.050858199596405029e-01
1.551788002252578735e-01
2.702090144157409668e-01
7.905498147010803223e-02
2.843972742557525635e-01
2.623769342899322510e-01
2.365178614854812622e-01
1.984901726245880127e-01
2.187965214252471924e-01
4.002928137779235840e-01
9.733584523200988770e-02
2.874736487865447998e-01
1.179163455963134766e-01
2.589029073715209961e-01
1.502167731523513794e-01
2.944707870483398438e-01
2.847683727741241455e-01
3.518977761268615723e-01
9.622690826654434204e-02
1.120450645685195923e-01
1.885563582181930542e-01
4.439618885517120361e-01
1.598068177700042725e-01
1.294177323579788208e-01
2.205102741718292236e-01
6.509872525930404663e-02
2.326069921255111694e-01
2.438654303550720215e-01
1.379995942115783691e-01
3.850201964378356934e-01
1.660840511322021484e-01
2.290158122777938843e-01
1.393532305955886841e-01
1.063213199377059937e-01
5.390900373458862305e-02
7.418210059404373169e-02
4.280902743339538574e-01
4.234586656093597412e-02
1.302872896194458008e-01
8.642357587814331055e-02
1.765967160463333130e-01
2.768922746181488037e-01
1.699851304292678833e-01
2.404710948467254639e-01
1.898493170738220215e-01
8.132335543632507324e-02
9.929312765598297119e-02
5.019658803939819336e-01
1.879629194736480713e-01
2.021537125110626221e-01
3.707512617111206055e-01
3.629621267318725586e-01
1.166791170835494995e-01
2.802520990371704102e-01
1.129852533340454102e-01
2.884891629219055176e-01
4.670780301094055176e-01
1.474380791187286377e-01
2.211888432502746582e-01
3.663022518157958984e-01
2.637257277965545654e-01
1.150024384260177612e-01
8.364879339933395386e-02
2.642802000045776367e-01
2.462991327047348022e-01
3.108657598495483398e-01
2.458407580852508545e-01
2.921177744865417480e-01
1.675370633602142334e-01
3.684372603893280029e-01
2.373881936073303223e-01
1.763614118099212646e-01
1.973748803138732910e-01
1.217463314533233643e-01
2.778474092483520508e-01
2.744770348072052002e-01
1.282260268926620483e-01
3.873988687992095947e-01
4.124788641929626465e-01
1.549744457006454468e-01
8.761201798915863037e-02
2.263247370719909668e-01
2.808513045310974121e-01
1.959292590618133545e-01
1.061377748847007751e-01
1.261425912380218506e-01
1.631235480308532715e-01
2.697451114654541016e-01
2.640197277069091797e-01
1.463040411472320557e-01
7.370392233133316040e-02
4.613373875617980957e-01
2.333107292652130127e-01
1.073294058442115784e-01
4.175511300563812256e-01
6.400795280933380127e-02
3.350132107734680176e-01
2.622997164726257324e-01
1.735056042671203613e-01
1.855976581573486328e-01
7.176736742258071899e-02
1.440566778182983398e-01
5.383563786745071411e-02
1.770547032356262207e-01
1.624335199594497681e-01
4.286227002739906311e-02
2.087714374065399170e-01
2.953982055187225342e-01
2.552528679370880127e-01
2.162055224180221558e-01
7.930022478103637695e-02
2.495133876800537109e-01
1.679714024066925049e-01
4.100574254989624023e-01
4.477037191390991211e-01
2.994739413261413574e-01
2.722516357898712158e-01
2.200533747673034668e-01
1.519882977008819580e-01
1.799464523792266846e-01
1.534670293331146240e-01
3.256643116474151611e-01
2.152107656002044678e-01
2.358405143022537231e-01
1.752402782440185547e-01
2.645611763000488281e-01
2.618571519851684570e-01
1.849855482578277588e-01
1.743105649948120117e-01
1.437569856643676758e-01
2.026912420988082886e-01
1.927071213722229004e-01
1.842261850833892822e-01
1.651699841022491455e-01
3.687425255775451660e-01
8.935456722974777222e-02
1.211237832903862000e-01
2.259903699159622192e-01
2.772577106952667236e-01
2.387122362852096558e-01
1.058223396539688110e-01
9.506425261497497559e-02
1.065106242895126343e-01
1.231127530336380005e-01
5.933618173003196716e-02
1.645469665527343750e-01
3.717272877693176270e-01
3.151845633983612061e-01
1.615874916315078735e-01
3.197524547576904297e-01
3.171702027320861816e-01
6.818187236785888672e-01
1.432350873947143555e-01
2.036485075950622559e-01
1.737647056579589844e-01
2.132134586572647095e-01
2.208705842494964600e-01
5.273309946060180664e-01
2.566922008991241455e-01
1.635099649429321289e-01
2.569600641727447510e-01
1.906076669692993164e-01
3.363332152366638184e-01
1.363677382469177246e-01
1.886422783136367798e-01
2.915367186069488525e-01
1.295329332351684570e-01
