1.228583231568336487e-01
3.040033578872680664e-01
2.106296122074127197e-01
4.235250949859619141e-01
1.637601107358932495e-01
7.124802470207214355e-02
1.414006650447845459e-01
1.660574674606323242e-01
9.257131069898605347e-02
2.054002732038497925e-01
3.013404607772827148e-01
1.399364024400711060e-01
1.141449660062789917e-01
8.438191562891006470e-02
1.367254257202148438e-01
3.417463898658752441e-01
1.598362475633621216e-01
2.475517988204956055e-01
1.611907929182052612e-01
1.477481126785278320e-01
2.148663103580474854e-01
2.313843965530395508e-01
2.991715073585510254e-01
2.306812405586242676e-01
2.273110896348953247e-01
1.323189735412597656e-01
5.271528959274291992e-01
1.723257452249526978e-01
2.515096068382263184e-01
1.118089407682418823e-01
1.164259016513824463e-01
1.629973649978637695e-01
6.066944822669029236e-02
1.502121388912200928e-01
8.233002573251724243e-02
2.604121267795562744e-01
6.908094882965087891e-02
2.387983351945877075e-01
7.084351778030395508e-02
2.190917134284973145e-01
2.783022224903106689e-01
1.153052449226379395e-01
1.467722505331039429e-01
3.358432650566101074e-01
1.563096493482589722e-01
1.163581609725952148e-01
1.078923344612121582e-01
2.508805692195892334e-01
2.865687906742095947e-01
3.008867800235748291e-01
1.343051493167877197e-01
8.266498893499374390e-02
5.500522255897521973e-01
6.452812254428863525e-02
1.451664268970489502e-01
2.058033198118209839e-01
3.078177571296691895e-01
2.554946541786193848e-01
2.083317935466766357e-01
2.795781493186950684e-01
1.980352848768234253e-01
2.133614122867584229e-01
1.903841048479080200e-01
4.262299537658691406e-01
2.286402583122253418e-01
2.322791516780853271e-01
1.263887286186218262e-01
2.151253372430801392e-01
2.658765614032745361e-01
2.118451595306396484e-01
8.291143178939819336e-02
3.070344328880310059e-01
3.581478297710418701e-01
2.283090353012084961e-01
3.296447694301605225e-01
3.273023366928100586e-01
9.714381396770477295e-02
1.406916081905364990e-01
6.727132201194763184e-02
2.562713623046875000e-01
3.106718063354492188e-01
1.430583894252777100e-01
2.820072770118713379e-01
2.688257694244384766e-01
2.181102335453033447e-01
2.042386233806610107e-01
3.039844632148742676e-01
1.705137193202972412e-01
1.700600385665893555e-01
3.623616695404052734e-01
2.083901166915893555e-01
1.461874544620513916e-01
3.613414168357849121e-01
1.848216503858566284e-01
3.170250058174133301e-01
1.546784937381744385e-01
3.131965994834899902e-01
1.500022262334823608e-01
1.303231269121170044e-01
9.878347069025039673e-02
5.229193344712257385e-02
2.857280075550079346e-01
1.703591346740722656e-01
2.079294621944427490e-01
2.390308529138565063e-01
9.767038375139236450e-02
4.981640577316284180e-01
5.922416225075721741e-02
1.690732389688491821e-01
1.242156773805618286e-01
3.792996108531951904e-01
1.554059088230133057e-01
1.791975200176239014e-01
2.686647176742553711e-01
6.386172771453857422e-02
2.858394980430603027e-01
1.107090860605239868e-01
2.573363184928894043e-01
1.199009418487548828e-01
1.231613457202911377e-01
2.643217742443084717e-01
2.166095077991485596e-01
2.523047626018524170e-01
1.089811325073242188e-01
2.666983604431152344e-01
6.690493226051330566e-02
1.607654690742492676e-01
1.373959928750991821e-01
7.423108816146850586e-02
4.153220355510711670e-02
2.736600637435913086e-01
1.272940635681152344e-01
1.213318035006523132e-01
3.087334930896759033e-01
2.440447360277175903e-01
2.529583871364593506e-01
5.418256670236587524e-02
6.128571182489395142e-02
3.664171099662780762e-01
1.317839324474334717e-01
1.710378825664520264e-01
1.469562649726867676e-01
3.233603835105895996e-01
4.360181093215942383e-01
1.902613937854766846e-01
1.268054246902465820e-01
8.212330937385559082e-02
2.914638519287109375e-01
1.161125898361206055e-01
1.679657697677612305e-01
6.980178505182266235e-02
2.711975872516632080e-01
4.472892731428146362e-02
2.887250781059265137e-01
4.774906635284423828e-01
1.823650002479553223e-01
5.242154598236083984e-01
1.292899847030639648e-01
1.594200134277343750e-01
1.420679986476898193e-01
1.613643169403076172e-01
1.905710101127624512e-01
1.226846352219581604e-01
2.073518335819244385e-01
6.506495922803878784e-02
1.036952584981918335e-01
1.331271976232528687e-01
2.345825731754302979e-01
2.261169403791427612e-01
1.783963441848754883e-01
2.398980110883712769e-01
2.163863480091094971e-01
1.310701519250869751e-01
2.158742249011993408e-01
2.333456277847290039e-01
1.451589763164520264e-01
7.706146687269210815e-02
2.130959033966064453e-01
1.656660437583923340e-01
8.456744253635406494e-02
2.438503801822662354e-01
9.690742194652557373e-02
1.176000982522964478e-01
2.766386866569519043e-01
2.129888534545898438e-01
8.770284056663513184e-02
2.599084675312042236e-01
1.971338391304016113e-01
2.887035906314849854e-01
3.328981697559356689e-01
1.015938073396682739e-01
1.369213759899139404e-01
4.438419342041015625e-01
4.521702826023101807e-01
1.502107232809066772e-01
8.582469075918197632e-02
1.306000500917434692e-01
2.857827246189117432e-01
3.760874271392822266e-01
1.649066805839538574e-01
2.534605860710144043e-01
1.436248719692230225e-01
1.403244137763977051e-01
1.810927093029022217e-01
4.023854136466979980e-01
5.495123937726020813e-02
1.301186680793762207e-01
8.543848991394042969e-02
2.299515902996063232e-01
6.186776235699653625e-02
4.993575811386108398e-01
1.283530890941619873e-01
1.587928533554077148e-01
9.958539903163909912e-02
1.143609583377838135e-01
5.738681554794311523e-02
1.943152546882629395e-01
3.245679736137390137e-01
3.342472761869430542e-02
2.031792551279067993e-01
3.525404632091522217e-01
1.177777051925659180e-01
1.099290102720260620e-01
2.093538045883178711e-01
4.603477418422698975e-01
3.122807443141937256e-01
2.611398696899414062e-01
3.228963017463684082e-01
2.823095917701721191e-01
2.352452576160430908e-01
2.388346940279006958e-01
1.662895381450653076e-01
1.497839689254760742e-01
2.495535165071487427e-01
1.436411887407302856e-01
2.777443826198577881e-01
3.889584839344024658e-01
5.974108353257179260e-02
2.963780760765075684e-01
1.070099025964736938e-01
7.169461250305175781e-02
2.964875698089599609e-01
1.260811090469360352e-01
2.543483674526214600e-01
1.135510802268981934e-01
5.257531404495239258e-01
1.600906848907470703e-01
1.259701848030090332e-01
1.600537300109863281e-01
2.080299854278564453e-01
6.151995062828063965e-02
9.941178560256958008e-02
2.556505501270294189e-01
1.637509465217590332e-01
1.521201431751251221e-01
2.032519429922103882e-01
1.318913102149963379e-01
3.868892490863800049e-01
7.883470505475997925e-02
4.613136053085327148e-01
6.574851274490356445e-02
1.299976557493209839e-01
9.167055040597915649e-02
5.249243974685668945e-01
3.569196760654449463e-01
2.406892329454421997e-01
2.293500453233718872e-01
1.583402752876281738e-01
1.408199816942214966e-01
1.761233657598495483e-01
1.464700996875762939e-01
2.097928076982498169e-01
5.276677757501602173e-02
2.442276328802108765e-01
1.423619240522384644e-01
7.045975327491760254e-02
4.511910080909729004e-01
2.966697514057159424e-01
3.524476289749145508e-01
1.065597832202911377e-01
1.300451010465621948e-01
3.601424098014831543e-01
1.514542400836944580e-01
7.469508051872253418e-02
1.928870081901550293e-01
2.716910839080810547e-01
2.145662605762481689e-01
3.405733704566955566e-01
1.851868331432342529e-01
1.492803841829299927e-01
1.696809083223342896e-01
8.604387938976287842e-02
2.506924569606781006e-01
2.798111438751220703e-01
1.264452934265136719e-01
1.103804558515548706e-01
1.579193323850631714e-01
2.170456945896148682e-01
1.477017998695373535e-01
7.557202875614166260e-02
3.784930706024169922e-01
1.846934556961059570e-01
1.047459691762924194e-01
2.309527099132537842e-01
2.763094902038574219e-01
2.012954652309417725e-01
1.160770654678344727e-01
2.757392525672912598e-01
1.765572130680084229e-01
1.813517659902572632e-01
2.221750020980834961e-01
9.799810498952865601e-02
1.837299168109893799e-01
8.006469160318374634e-02
2.034428715705871582e-01
1.575971990823745728e-01
1.113631725311279297e-01
2.850973606109619141e-01
6.336694210767745972e-02
2.784198224544525146e-01
9.051211178302764893e-02
1.293381005525588989e-01
1.628064662218093872e-01
2.514527142047882080e-01
3.087569475173950195e-01
1.001018136739730835e-01
4.231796562671661377e-01
1.437915712594985962e-01
2.685815393924713135e-01
4.974323511123657227e-01
1.024870574474334717e-01
4.301095902919769287e-01
1.376547217369079590e-01
1.354249119758605957e-01
1.023649126291275024e-01
3.026365637779235840e-01
8.290104568004608154e-02
1.950818598270416260e-01
9.029205143451690674e-02
1.898799836635589600e-01
1.757070720195770264e-01
1.000534445047378540e-01
9.086474776268005371e-02
2.112793922424316406e-01
3.479318618774414062e-01
1.506329029798507690e-01
5.201420187950134277e-02
1.876721680164337158e-01
2.378564774990081787e-01
2.444665580987930298e-01
3.232930004596710205e-01
8.190020173788070679e-02
2.156964689493179321e-01
1.486760675907135010e-01
4.445494711399078369e-02
1.277865916490554810e-01
7.044788450002670288e-02
1.457526236772537231e-01
2.254827022552490234e-01
1.227807700634002686e-01
1.848362833261489868e-01
6.741560995578765869e-02
1.244767010211944580e-01
1.558384895324707031e-01
3.478338718414306641e-01
1.010377407073974609e-01
3.105283081531524658e-01
2.062119841575622559e-01
3.169215321540832520e-01
2.554660141468048096e-01
1.405545026063919067e-01
1.781477630138397217e-01
2.150139808654785156e-01
1.160900592803955078e-01
1.511926949024200439e-01
1.169347316026687622e-01
1.669401824474334717e-01
2.239200323820114136e-01
3.588314652442932129e-01
1.720682084560394287e-01
1.346852183341979980e-01
8.869164437055587769e-02
3.498921394348144531e-01
9.451156109571456909e-02
3.675543665885925293e-01
8.728858828544616699e-02
1.817515939474105835e-01
1.133453100919723511e-01
2.352601587772369385e-01
7.670291513204574585e-02
9.572528302669525146e-02
2.344951927661895752e-01
3.100152313709259033e-01
7.797238230705261230e-02
2.109865248203277588e-01
2.265098094940185547e-01
2.018229663372039795e-01
1.653890013694763184e-01
2.684962749481201172e-01
2.230433225631713867e-01
1.962707042694091797e-01
2.085391432046890259e-01
7.257326692342758179e-02
1.390118002891540527e-01
3.333073258399963379e-01
2.922925353050231934e-01
1.681652367115020752e-01
3.735683560371398926e-01
1.307688951492309570e-01
2.697241902351379395e-01
1.437317132949829102e-01
1.405283957719802856e-01
1.427488029003143311e-01
2.916283607482910156e-01
9.050749242305755615e-02
1.867716014385223389e-01
1.543800234794616699e-01
1.533449441194534302e-01
1.427972465753555298e-01
4.383228346705436707e-02
3.061593770980834961e-01
1.393504142761230469e-01
2.344643473625183105e-01
1.071690618991851807e-01
4.948921203613281250e-01
2.067869454622268677e-01
2.162430137395858765e-01
1.499031633138656616e-01
1.385145485401153564e-01
3.142922520637512207e-01
2.563382089138031006e-01
2.134298980236053467e-01
2.266638576984405518e-01
1.435764580965042114e-01
2.902615368366241455e-01
2.783294320106506348e-01
1.509519666433334351e-01
4.078440070152282715e-01
2.324301451444625854e-01
1.322042047977447510e-01
2.112292647361755371e-01
1.170678958296775818e-01
1.493911892175674438e-01
2.003022432327270508e-01
1.495721489191055298e-01
2.163507789373397827e-01
1.300625801086425781e-01
2.053197473287582397e-01
3.257946968078613281e-01
2.523916959762573242e-01
1.590884476900100708e-01
2.582527399063110352e-01
1.172871589660644531e-01
9.231896698474884033e-02
2.858561873435974121e-01
2.102749943733215332e-01
1.030610948801040649e-01
2.183292359113693237e-01
1.980995386838912964e-01
1.911368519067764282e-01
2.236342728137969971e-01
5.115866661071777344e-02
1.694435179233551025e-01
4.986777901649475098e-02
1.863645762205123901e-01
2.217936515808105469e-01
4.752986878156661987e-02
1.359974145889282227e-01
2.462046742439270020e-01
8.392548561096191406e-02
2.804129123687744141e-01
4.464974999427795410e-01
2.088209986686706543e-01
2.289428859949111938e-01
1.484284400939941406e-01
2.370259761810302734e-01
3.786827325820922852e-01
2.955769896507263184e-01
5.437071248888969421e-02
1.115606427192687988e-01
1.485511958599090576e-01
2.164636552333831787e-01
9.319259226322174072e-02
1.885939389467239380e-01
2.788623273372650146e-01
1.341602802276611328e-01
9.533286094665527344e-02
5.900985747575759888e-02
1.937554478645324707e-01
2.149067521095275879e-01
1.435054093599319458e-01
1.644417345523834229e-01
2.208955585956573486e-01
2.607487440109252930e-01
6.152716279029846191e-01
1.851745843887329102e-01
1.274983733892440796e-01
1.490599662065505981e-01
2.175211906433105469e-01
4.693158864974975586e-01
1.692322939634323120e-01
2.773204743862152100e-01
2.447977364063262939e-01
1.603675186634063721e-01
3.279204070568084717e-01
3.571616113185882568e-01
1.353359520435333252e-01
1.063534617424011230e-01
1.786647588014602661e-01
5.002691149711608887e-01
8.011035621166229248e-02
9.622730314731597900e-02
2.488965392112731934e-01
1.208345741033554077e-01
1.432282328605651855e-01
7.233400642871856689e-02
1.128832250833511353e-01
1.566546857357025146e-01
5.534210205078125000e-01
1.682543307542800903e-01
1.769203245639801025e-01
2.073540985584259033e-01
1.935466527938842773e-01
3.202318251132965088e-01
2.125382870435714722e-01
1.306002736091613770e-01
7.632985711097717285e-02
1.597836911678314209e-01
1.823761016130447388e-01
7.402908802032470703e-02
1.991609036922454834e-01
7.080682367086410522e-02
1.649932861328125000e-01
1.405864357948303223e-01
1.015788316726684570e-01
1.299982666969299316e-01
3.037765622138977051e-01
2.978111505508422852e-01
5.846447125077247620e-02
1.866628974676132202e-01
2.223594188690185547e-01
1.872605830430984497e-01
1.307397335767745972e-01
2.085713595151901245e-01
1.237309724092483521e-01
9.883278608322143555e-02
2.155982106924057007e-01
1.982631087303161621e-01
1.142727881669998169e-01
1.954939663410186768e-01
4.947527647018432617e-01
1.430998593568801880e-01
3.730394840240478516e-01
1.815191805362701416e-01
1.746356785297393799e-01
1.479264348745346069e-01
2.685163915157318115e-01
8.436373621225357056e-02
6.737782806158065796e-02
1.737837940454483032e-01
1.436969637870788574e-01
1.189266219735145569e-01
5.907393991947174072e-02
1.373046487569808960e-01
1.248724833130836487e-01
7.815008610486984253e-02
2.552998065948486328e-01
1.113424152135848999e-01
1.367284059524536133e-01
4.749929532408714294e-02
1.547154486179351807e-01
2.118749618530273438e-01
7.586630433797836304e-02
3.193589448928833008e-01
8.212240040302276611e-02
9.835757315158843994e-02
1.514164060354232788e-01
1.246088221669197083e-01
4.593035578727722168e-01
2.113514095544815063e-01
1.132047846913337708e-01
8.683512359857559204e-02
2.117931395769119263e-01
3.566946387290954590e-01
1.843077391386032104e-01
3.492769598960876465e-01
2.794350087642669678e-01
2.465850412845611572e-01
1.390881836414337158e-01
1.071937456727027893e-01
1.458898037672042847e-01
2.251065075397491455e-01
2.023712545633316040e-01
1.450716704130172729e-01
2.864867746829986572e-01
1.239086389541625977e-01
2.342258095741271973e-01
1.668407917022705078e-01
9.846927970647811890e-02
2.892252206802368164e-01
5.111176893115043640e-02
2.553014159202575684e-01
4.114429950714111328e-01
2.385709881782531738e-01
2.024196088314056396e-01
1.264495253562927246e-01
2.439774423837661743e-01
1.509458124637603760e-01
9.719611704349517822e-02
1.300106942653656006e-01
2.064392566680908203e-01
1.041664481163024902e-01
2.721695005893707275e-01
3.060307800769805908e-01
1.825574934482574463e-01
2.980419099330902100e-01
1.559316068887710571e-01
1.360427290201187134e-01
1.477245986461639404e-01
1.756522208452224731e-01
9.819535911083221436e-02
1.517143547534942627e-01
1.452658474445343018e-01
8.238348364830017090e-02
7.158102095127105713e-02
3.939960896968841553e-02
1.066161990165710449e-01
2.033807039260864258e-01
1.836404353380203247e-01
1.563668251037597656e-01
1.323992162942886353e-01
2.341687828302383423e-01
1.564183086156845093e-01
4.510606527328491211e-01
1.044985726475715637e-01
1.599597930908203125e-01
7.310002297163009644e-02
4.083899259567260742e-01
1.209987103939056396e-01
4.777437150478363037e-01
1.593600511550903320e-01
1.061559021472930908e-01
2.142601013183593750e-01
1.627686917781829834e-01
1.566440165042877197e-01
1.510901004076004028e-01
1.405997127294540405e-01
2.797400355339050293e-01
1.072179302573204041e-01
2.726737856864929199e-01
1.231791675090789795e-01
4.079598933458328247e-02
2.416941821575164795e-01
1.736605763435363770e-01
1.421035230159759521e-01
1.004714965820312500e-01
2.826955914497375488e-01
1.221867948770523071e-01
1.494745314121246338e-01
3.209568262100219727e-01
2.133307158946990967e-01
1.880095452070236206e-01
1.870277822017669678e-01
4.838263392448425293e-01
2.755633592605590820e-01
1.946569681167602539e-01
3.241108655929565430e-01
2.854669690132141113e-01
5.365625619888305664e-01
8.160656690597534180e-02
1.167012751102447510e-01
6.602016836404800415e-02
2.471288889646530151e-01
1.263163983821868896e-01
1.922501921653747559e-01
2.351118475198745728e-01
1.860723644495010376e-01
8.269774913787841797e-02
2.136511653661727905e-01
1.398819684982299805e-01
6.018877029418945312e-02
3.813398778438568115e-01
3.988325297832489014e-01
2.115365862846374512e-01
9.468013048171997070e-02
8.180952072143554688e-02
2.358302474021911621e-01
1.694748550653457642e-01
2.598349153995513916e-01
3.656044602394104004e-01
7.043922692537307739e-02
1.472944617271423340e-01
3.718451410531997681e-02
3.727290630340576172e-01
1.869532167911529541e-01
1.836304068565368652e-01
1.159461289644241333e-01
1.473993062973022461e-01
1.602808237075805664e-01
1.579428762197494507e-01
3.965296745300292969e-01
1.619078814983367920e-01
1.962407827377319336e-01
1.849526166915893555e-01
6.098543852567672729e-02
3.190463185310363770e-01
1.344759017229080200e-01
1.711318790912628174e-01
2.312230467796325684e-01
9.428912401199340820e-02
4.207137227058410645e-01
3.181126415729522705e-01
1.333847641944885254e-01
2.204387187957763672e-01
3.627300560474395752e-01
2.132784128189086914e-01
1.509777009487152100e-01
7.677036523818969727e-02
8.697259426116943359e-02
1.486923247575759888e-01
5.134573578834533691e-01
2.356263697147369385e-01
1.846455037593841553e-01
1.796915829181671143e-01
2.329664230346679688e-01
2.568631470203399658e-01
9.278353303670883179e-02
7.548031210899353027e-02
2.235998213291168213e-01
1.001016274094581604e-01
2.398783862590789795e-01
2.511303424835205078e-01
1.341253817081451416e-01
2.836779952049255371e-01
1.121433302760124207e-01
2.030563652515411377e-01
2.873071432113647461e-01
2.455973327159881592e-01
4.194521307945251465e-01
2.327747344970703125e-01
3.084637820720672607e-01
2.786957025527954102e-01
1.588275432586669922e-01
2.607138752937316895e-01
7.950352877378463745e-02
1.146349906921386719e-01
5.981457978487014771e-02
1.987234055995941162e-01
3.006105124950408936e-01
1.451500356197357178e-01
4.170355945825576782e-02
3.659678995609283447e-01
7.143555581569671631e-02
1.566878408193588257e-01
2.813584506511688232e-01
1.893054246902465820e-01
2.215117663145065308e-01
1.729623675346374512e-01
2.254741340875625610e-01
5.543529614806175232e-02
1.512989848852157593e-01
6.793496757745742798e-02
3.251346349716186523e-01
3.372818827629089355e-01
1.441900730133056641e-01
1.411850750446319580e-01
1.499401032924652100e-01
1.174034997820854187e-01
4.305109977722167969e-01
3.893315494060516357e-01
3.174239993095397949e-01
1.206200644373893738e-01
4.744803905487060547e-01
2.321169823408126831e-01
1.635768115520477295e-01
2.373507320880889893e-01
1.859906017780303955e-01
1.849339902400970459e-01
1.440684348344802856e-01
1.019301638007164001e-01
3.731895089149475098e-01
6.802767515182495117e-02
1.070502549409866333e-01
1.261623799800872803e-01
1.817796230316162109e-01
2.178796678781509399e-01
9.475150704383850098e-02
1.405897289514541626e-01
2.407674342393875122e-01
1.243832856416702271e-01
1.033594310283660889e-01
3.263322710990905762e-01
1.017429232597351074e-01
3.294296264648437500e-01
3.170866370201110840e-01
1.549002975225448608e-01
2.490510791540145874e-01
1.377823799848556519e-01
9.361384063959121704e-02
2.368824481964111328e-01
2.992351949214935303e-01
1.429050713777542114e-01
2.005396187305450439e-01
3.154892325401306152e-01
1.637159883975982666e-01
1.388692855834960938e-01
2.304274737834930420e-01
3.486750423908233643e-01
2.805241942405700684e-01
3.621343970298767090e-01
5.893948301672935486e-02
2.095923423767089844e-01
3.198222517967224121e-01
1.390392482280731201e-01
2.110046446323394775e-01
3.206854462623596191e-01
4.206827580928802490e-01
2.443228065967559814e-01
1.817943155765533447e-01
2.287027835845947266e-01
1.476068794727325439e-01
1.186480000615119934e-01
2.359371781349182129e-01
3.286727368831634521e-01
1.014238595962524414e-01
1.201682835817337036e-01
2.259079813957214355e-01
1.808150112628936768e-01
3.662220835685729980e-01
3.456569314002990723e-01
8.229816704988479614e-02
2.170364856719970703e-01
2.704988121986389160e-01
2.135264277458190918e-01
3.180950582027435303e-01
2.834870517253875732e-01
9.569869935512542725e-02
1.396649330854415894e-01
4.339979588985443115e-02
2.678333222866058350e-01
1.231119483709335327e-01
2.179481983184814453e-01
1.843411475419998169e-01
1.047883555293083191e-01
1.084909886121749878e-01
2.024081200361251831e-01
4.193808138370513916e-01
4.710200428962707520e-01
2.907498478889465332e-01
1.768636107444763184e-01
7.927826046943664551e-02
2.137729972600936890e-01
1.229187175631523132e-01
1.389640569686889648e-01
1.378811448812484741e-01
2.945071160793304443e-01
2.356046289205551147e-01
1.617366224527359009e-01
1.337287127971649170e-01
6.670702248811721802e-02
1.061342805624008179e-01
1.820394098758697510e-01
1.535759568214416504e-01
7.986468821763992310e-02
3.644860386848449707e-01
1.381740570068359375e-01
3.265849053859710693e-01
2.231035977602005005e-01
2.624754905700683594e-01
1.398129761219024658e-01
4.316418170928955078e-01
1.148769482970237732e-01
7.195509970188140869e-02
2.758344709873199463e-01
3.589663207530975342e-01
2.693340480327606201e-01
1.318093389272689819e-01
6.570132821798324585e-02
5.975892022252082825e-02
1.643761545419692993e-01
1.757222712039947510e-01
5.690120160579681396e-02
2.064366936683654785e-01
2.632853388786315918e-01
1.012731641530990601e-01
1.327074766159057617e-01
2.149418294429779053e-01
1.622723042964935303e-01
1.566876471042633057e-01
1.970045417547225952e-01
1.839012503623962402e-01
9.632457047700881958e-02
4.267047345638275146e-01
2.001232653856277466e-01
1.399115175008773804e-01
1.959661841392517090e-01
3.415875136852264404e-01
2.488717436790466309e-01
3.977078795433044434e-01
1.514215618371963501e-01
6.603973358869552612e-02
2.430939674377441406e-01
2.311711758375167847e-01
3.351583778858184814e-01
1.073279678821563721e-01
1.060733795166015625e-01
9.190072119235992432e-02
2.744773626327514648e-01
3.044713661074638367e-02
2.875020802021026611e-01
3.776822686195373535e-01
1.115738898515701294e-01
1.590078175067901611e-01
1.523378491401672363e-01
7.663691043853759766e-02
1.121150255203247070e-01
2.092169374227523804e-01
2.430762946605682373e-01
2.048750221729278564e-01
1.817967742681503296e-01
9.882026910781860352e-02
2.294970154762268066e-01
3.501989245414733887e-01
6.949569284915924072e-02
9.757940471172332764e-02
1.069814488291740417e-01
6.396254897117614746e-02
9.448678791522979736e-02
1.648686528205871582e-01
1.737825870513916016e-01
1.323841214179992676e-01
1.203097403049468994e-01
2.899677753448486328e-01
7.811594009399414062e-02
2.102620601654052734e-01
1.571350246667861938e-01
9.610770642757415771e-02
3.175331354141235352e-01
3.529695421457290649e-02
1.724601238965988159e-01
3.662478625774383545e-01
3.141638934612274170e-01
1.190421730279922485e-01
1.239063590764999390e-01
1.407157182693481445e-01
8.807735145092010498e-02
2.176373898983001709e-01
2.569911479949951172e-01
1.384166330099105835e-01
1.545329391956329346e-01
7.048592716455459595e-02
2.461396753787994385e-01
3.717175126075744629e-01
1.767689585685729980e-01
2.980865538120269775e-01
2.994163036346435547e-01
2.859469354152679443e-01
3.740799129009246826e-01
1.034726649522781372e-01
1.396794021129608154e-01
4.115611016750335693e-01
1.293500661849975586e-01
1.043162643909454346e-01
3.052088022232055664e-01
6.336814910173416138e-02
3.523640930652618408e-01
2.910285592079162598e-01
1.174480393528938293e-01
3.863549977540969849e-02
2.871356904506683350e-01
1.647419035434722900e-01
1.135891675949096680e-01
1.878018081188201904e-01
8.403480052947998047e-02
2.303888797760009766e-01
1.237510740756988525e-01
1.864855140447616577e-01
7.887925952672958374e-02
1.362851262092590332e-01
1.994371265172958374e-01
2.212555855512619019e-01
3.586468100547790527e-01
8.660119026899337769e-02
4.072872996330261230e-01
2.917023301124572754e-01
2.466578632593154907e-01
1.160751581192016602e-01
3.149566650390625000e-01
9.154040366411209106e-02
4.152483120560646057e-02
1.554512381553649902e-01
2.276866734027862549e-01
1.759620606899261475e-01
1.109850630164146423e-01
1.342205703258514404e-01
3.271616995334625244e-01
7.076938450336456299e-02
3.993523120880126953e-01
9.113796055316925049e-02
2.219290435314178467e-01
2.515839040279388428e-01
1.885537356138229370e-01
3.065662086009979248e-01
3.812249600887298584e-01
1.629073321819305420e-01
3.462367355823516846e-01
3.185660243034362793e-01
2.923740148544311523e-01
2.149780690670013428e-01
1.408341228961944580e-01
7.426591962575912476e-02
2.127281427383422852e-01
4.051456749439239502e-01
2.014747858047485352e-01
9.772932529449462891e-02
6.591479480266571045e-02
3.722488880157470703e-01
2.100369334220886230e-01
3.356786370277404785e-01
5.568962544202804565e-02
1.311180144548416138e-01
1.174468547105789185e-01
1.743959486484527588e-01
1.917764544486999512e-01
2.247965484857559204e-01
3.056873977184295654e-01
1.764972209930419922e-01
8.580824732780456543e-02
1.757228374481201172e-01
3.996006250381469727e-01
1.366994678974151611e-01
4.624700546264648438e-02
3.282334506511688232e-01
1.681010723114013672e-01
1.399125307798385620e-01
3.376590907573699951e-01
1.279388964176177979e-01
1.030878871679306030e-01
2.121464610099792480e-01
3.253264725208282471e-01
1.411717534065246582e-01
1.574155241250991821e-01
1.038500145077705383e-01
1.891915500164031982e-01
1.797923445701599121e-01
2.840106487274169922e-01
2.455341815948486328e-01
8.289626985788345337e-02
1.744961887598037720e-01
4.021074771881103516e-01
2.248623073101043701e-01
2.276351451873779297e-01
2.766501307487487793e-01
2.977961003780364990e-01
1.373129934072494507e-01
1.483735591173171997e-01
7.745923101902008057e-02
1.445377320051193237e-01
1.541759371757507324e-01
1.325729042291641235e-01
1.833532750606536865e-01
3.475789427757263184e-01
1.785907149314880371e-01
2.767596021294593811e-02
2.272750437259674072e-01
7.032397389411926270e-02
1.959524899721145630e-01
1.446919143199920654e-01
3.330033421516418457e-01
1.744335442781448364e-01
2.368720769882202148e-01
2.299523502588272095e-01
2.982016801834106445e-01
3.980934619903564453e-01
2.830428481101989746e-01
2.030183970928192139e-01
9.292369335889816284e-02
2.714957892894744873e-01
2.230274230241775513e-01
3.120620548725128174e-01
3.011992275714874268e-01
2.241325974464416504e-01
2.604788243770599365e-01
3.463129699230194092e-01
8.969695866107940674e-02
1.230086311697959900e-01
2.325743734836578369e-01
1.697106063365936279e-01
3.591274321079254150e-01
1.204311475157737732e-01
5.544795989990234375e-01
2.075048536062240601e-01
2.155610322952270508e-01
2.083341777324676514e-01
3.450107574462890625e-01
2.590112388134002686e-01
1.300341039896011353e-01
7.191783934831619263e-02
2.611261904239654541e-01
3.873333334922790527e-01
1.665262281894683838e-01
3.433868885040283203e-01
1.544058620929718018e-01
1.246724650263786316e-01
1.233843490481376648e-01
2.107907235622406006e-01
1.433793753385543823e-01
1.063053235411643982e-01
1.485465914011001587e-01
2.315400093793869019e-01
1.933657526969909668e-01
2.004747390747070312e-01
1.779037714004516602e-01
1.652086377143859863e-01
2.646004259586334229e-01
3.632986247539520264e-01
1.791570782661437988e-01
5.777949467301368713e-02
2.081414908170700073e-01
1.350877583026885986e-01
5.426955223083496094e-02
2.213042676448822021e-01
2.979032993316650391e-01
1.653402149677276611e-01
1.554525941610336304e-01
1.950981020927429199e-01
4.163584113121032715e-01
1.706019639968872070e-01
9.844109416007995605e-02
2.236843705177307129e-01
9.114091098308563232e-02
1.579938679933547974e-01
3.142654001712799072e-01
2.109904885292053223e-01
1.942471265792846680e-01
1.502876877784729004e-01
6.069635599851608276e-02
1.692756414413452148e-01
2.463135123252868652e-02
1.543222963809967041e-01
2.079540342092514038e-01
1.524250209331512451e-01
3.849846422672271729e-01
5.329288169741630554e-02
3.815918862819671631e-01
2.943957149982452393e-01
2.200361192226409912e-01
1.819024831056594849e-01
1.373103708028793335e-01
1.235639303922653198e-01
2.399466484785079956e-01
6.983596086502075195e-02
1.017733812332153320e-01
1.657030582427978516e-01
1.240515559911727905e-01
1.950670778751373291e-01
2.661264538764953613e-01
1.303355097770690918e-01
9.166654944419860840e-02
2.490460872650146484e-01
2.627286612987518311e-01
8.425629138946533203e-02
1.884071975946426392e-01
9.864475578069686890e-02
2.104430049657821655e-01
1.453805118799209595e-01
1.232020109891891479e-01
7.564753293991088867e-02
4.017280638217926025e-01
1.549142897129058838e-01
9.642766416072845459e-02
3.075904846191406250e-01
1.105047017335891724e-01
3.414681553840637207e-01
9.501679241657257080e-02
1.325540393590927124e-01
8.639810234308242798e-02
1.335315555334091187e-01
6.965522468090057373e-02
3.027508258819580078e-01
2.108118385076522827e-01
1.307772397994995117e-01
1.218813285231590271e-01
1.652966290712356567e-01
2.749661207199096680e-01
4.829345345497131348e-01
3.158501982688903809e-01
8.789223432540893555e-02
1.518362760543823242e-01
8.561659604310989380e-02
1.744935363531112671e-01
1.653004586696624756e-01
2.819822430610656738e-01
1.683003604412078857e-01
1.100521758198738098e-01
4.339563846588134766e-02
2.441251873970031738e-01
2.724447250366210938e-01
1.267336606979370117e-01
1.795541942119598389e-01
1.805264353752136230e-01
1.779467314481735229e-01
8.419217914342880249e-02
1.887375414371490479e-01
1.981061995029449463e-01
3.299389183521270752e-01
6.823575496673583984e-02
1.329036951065063477e-01
3.004341423511505127e-01
1.727780997753143311e-01
2.265399992465972900e-01
9.324245154857635498e-02
1.024709269404411316e-01
1.305241584777832031e-01
2.759010195732116699e-01
1.792354583740234375e-01
3.074929714202880859e-01
2.569643557071685791e-01
9.782441705465316772e-02
1.717699468135833740e-01
2.857291996479034424e-01
5.748441815376281738e-02
8.640938997268676758e-02
2.122325450181961060e-01
2.017549872398376465e-01
2.986370921134948730e-01
2.702974081039428711e-01
2.818726897239685059e-01
1.344172805547714233e-01
1.513849347829818726e-01
3.225457966327667236e-01
1.885314583778381348e-01
1.004449874162673950e-01
2.056872248649597168e-01
2.711970508098602295e-01
2.592057287693023682e-01
2.705773711204528809e-01
1.304466277360916138e-01
2.027854174375534058e-01
2.849353551864624023e-01
1.941834241151809692e-01
1.933719813823699951e-01
1.357904672622680664e-01
2.732691764831542969e-01
1.867855936288833618e-01
3.868166804313659668e-01
