1.059590727090835571e-01
1.945131123065948486e-01
1.797921657562255859e-01
3.321113586425781250e-01
1.858487874269485474e-01
2.649121880531311035e-01
2.985491156578063965e-01
1.877610534429550171e-01
1.602189391851425171e-01
1.310398578643798828e-01
1.931628286838531494e-01
3.418420255184173584e-01
2.108305394649505615e-01
4.252074062824249268e-01
2.822393774986267090e-01
3.273510932922363281e-01
1.248811334371566772e-01
2.048088610172271729e-01
3.480120301246643066e-01
2.975351214408874512e-01
2.281451374292373657e-01
2.442932724952697754e-01
1.019780561327934265e-01
2.052096426486968994e-01
2.596927881240844727e-01
1.928302347660064697e-01
2.218036651611328125e-01
2.113942354917526245e-01
1.752305626869201660e-01
9.810762852430343628e-02
9.938190132379531860e-02
3.047095835208892822e-01
1.705489456653594971e-01
3.642105162143707275e-01
1.287316828966140747e-01
1.868611425161361694e-01
2.269376814365386963e-01
2.205815315246582031e-01
3.485068678855895996e-01
4.083262383937835693e-01
1.520753502845764160e-01
3.375787436962127686e-01
1.917254328727722168e-01
1.308986991643905640e-01
1.657216548919677734e-01
2.421500533819198608e-01
2.238411009311676025e-01
2.056792080402374268e-01
3.302794396877288818e-01
6.436766684055328369e-02
2.737108767032623291e-01
1.416535675525665283e-01
2.997448444366455078e-01
3.334326148033142090e-01
1.093848645687103271e-01
3.299453258514404297e-01
8.729000389575958252e-02
4.445399045944213867e-01
1.883053481578826904e-01
2.552692294120788574e-01
1.980588883161544800e-01
1.610670983791351318e-01
1.039018481969833374e-01
5.139775574207305908e-02
2.538508772850036621e-01
3.550505936145782471e-01
1.627295017242431641e-01
2.257421463727951050e-01
3.652521371841430664e-01
1.594423502683639526e-01
4.308745563030242920e-01
2.191890031099319458e-01
1.563105136156082153e-01
5.235651507973670959e-02
1.516109704971313477e-01
1.559964567422866821e-01
1.373002380132675171e-01
2.368834018707275391e-01
3.065531849861145020e-01
1.529765576124191284e-01
1.259953379631042480e-01
9.539317339658737183e-02
1.603522449731826782e-01
2.367198318243026733e-01
3.225596547126770020e-01
2.109325826168060303e-01
3.415925204753875732e-01
2.714028060436248779e-01
1.043967381119728088e-01
2.457437515258789062e-01
3.877533376216888428e-01
3.780330419540405273e-01
2.160375714302062988e-01
3.579329252243041992e-01
1.648299396038055420e-01
2.316132634878158569e-01
3.732673525810241699e-01
2.510087490081787109e-01
1.733455210924148560e-01
2.086423039436340332e-01
1.500554084777832031e-01
3.513918220996856689e-01
1.924716830253601074e-01
2.375772595405578613e-01
6.488689780235290527e-01
6.496182829141616821e-02
1.747545599937438965e-01
4.630244970321655273e-01
6.989260017871856689e-02
1.958639472723007202e-01
2.252423018217086792e-01
2.472229003906250000e-01
1.950925588607788086e-01
2.492782771587371826e-01
2.281787991523742676e-01
2.710185647010803223e-01
1.439893841743469238e-01
1.597520709037780762e-01
2.206220626831054688e-01
9.200752526521682739e-02
2.197421193122863770e-01
1.300140619277954102e-01
2.751419544219970703e-01
1.547923386096954346e-01
1.662690043449401855e-01
3.218203783035278320e-01
1.563223004341125488e-01
1.363889127969741821e-01
2.838392853736877441e-01
2.590773701667785645e-01
1.268068253993988037e-01
1.419377028942108154e-01
1.524633765220642090e-01
8.179496228694915771e-02
1.774220466613769531e-01
2.477963268756866455e-01
3.519980907440185547e-01
2.372011840343475342e-01
4.889829456806182861e-01
1.512249112129211426e-01
2.350929081439971924e-01
2.992869019508361816e-01
1.687766015529632568e-01
3.324589133262634277e-01
9.017008543014526367e-02
1.756371557712554932e-01
2.016456723213195801e-01
2.124468684196472168e-01
1.276837438344955444e-01
2.102903723716735840e-01
2.502317428588867188e-01
1.784756779670715332e-01
1.703716218471527100e-01
1.084800809621810913e-01
3.879163265228271484e-01
4.063377082347869873e-01
4.203855395317077637e-01
1.656588912010192871e-01
1.419807076454162598e-01
3.257117271423339844e-01
1.971016824245452881e-01
1.679226160049438477e-01
2.541756033897399902e-01
2.256933748722076416e-01
1.023575067520141602e-01
2.443487048149108887e-01
1.216953247785568237e-01
1.450978368520736694e-01
1.525546908378601074e-01
1.947608441114425659e-01
3.058335483074188232e-01
1.705692410469055176e-01
1.042013764381408691e-01
1.274056732654571533e-01
1.505222171545028687e-01
3.452839851379394531e-01
4.470557570457458496e-01
4.605545997619628906e-01
2.939732074737548828e-01
2.520112395286560059e-01
2.466560006141662598e-01
2.824611365795135498e-01
3.295603394508361816e-01
1.398857980966567993e-01
2.934980392456054688e-01
8.143603056669235229e-02
1.704766899347305298e-01
2.092471867799758911e-01
4.026948511600494385e-01
3.123239278793334961e-01
6.614927947521209717e-02
9.756222367286682129e-02
2.728639245033264160e-01
2.615097761154174805e-01
5.109657049179077148e-01
2.760145664215087891e-01
3.462069034576416016e-01
2.653922438621520996e-01
2.178395092487335205e-01
1.835123598575592041e-01
2.185094207525253296e-01
2.345244139432907104e-01
4.393494427204132080e-01
3.686324059963226318e-01
1.480272710323333740e-01
2.215309590101242065e-01
7.202214747667312622e-02
5.281004309654235840e-01
4.020968079566955566e-01
2.556508481502532959e-01
1.753889173269271851e-01
3.436688482761383057e-01
3.694152832031250000e-01
1.648714095354080200e-01
3.062485158443450928e-01
1.782864332199096680e-01
2.080311626195907593e-01
3.477369546890258789e-01
4.462243616580963135e-01
3.391257524490356445e-01
2.575470507144927979e-01
2.752718329429626465e-01
3.887760043144226074e-01
5.157871246337890625e-01
1.374217271804809570e-01
2.539506554603576660e-01
2.137047201395034790e-01
3.764784932136535645e-01
3.912740349769592285e-01
3.123024702072143555e-01
3.200303316116333008e-01
2.392841577529907227e-01
1.029683500528335571e-01
3.010747432708740234e-01
5.989184603095054626e-02
9.538914263248443604e-02
1.465244740247726440e-01
3.471337556838989258e-01
2.347327768802642822e-01
1.052563264966011047e-01
3.496543169021606445e-01
2.831575572490692139e-01
3.343370556831359863e-01
4.175751507282257080e-01
1.608094871044158936e-01
1.946308910846710205e-01
1.462992727756500244e-01
8.092026412487030029e-02
1.805438846349716187e-01
3.886243999004364014e-01
2.384063005447387695e-01
9.185747057199478149e-02
5.542669296264648438e-01
1.622045040130615234e-01
2.187917530536651611e-01
1.534577608108520508e-01
2.393524646759033203e-01
1.903676688671112061e-01
3.444011509418487549e-01
2.256892025470733643e-01
7.847361266613006592e-02
2.642070949077606201e-01
2.824148833751678467e-01
3.355414271354675293e-01
3.423032760620117188e-01
1.540307700634002686e-01
3.259400725364685059e-01
6.394529938697814941e-01
2.831149697303771973e-01
2.289912253618240356e-01
1.828076243400573730e-01
1.522198319435119629e-01
4.992757141590118408e-01
1.206285953521728516e-01
3.039006590843200684e-01
8.883826434612274170e-02
2.597613632678985596e-01
2.442362904548645020e-01
2.327790707349777222e-01
4.197446703910827637e-01
1.151776611804962158e-01
6.275643408298492432e-02
1.561153382062911987e-01
3.286641240119934082e-01
1.837804764509201050e-01
2.586254775524139404e-01
2.057414352893829346e-01
1.116668507456779480e-01
6.484410166740417480e-02
1.528201848268508911e-01
2.106716781854629517e-01
2.640017569065093994e-01
3.479851186275482178e-01
1.772875487804412842e-01
1.040184199810028076e-01
4.229462742805480957e-01
1.923414915800094604e-01
2.781617343425750732e-01
5.318066105246543884e-02
3.828343152999877930e-01
1.521619409322738647e-01
2.201089113950729370e-01
2.957125604152679443e-01
2.394992560148239136e-01
1.598292589187622070e-01
1.769651770591735840e-01
1.072013452649116516e-01
3.550035953521728516e-01
2.566293478012084961e-01
4.376195073127746582e-01
3.152853846549987793e-01
2.459246665239334106e-01
2.582303881645202637e-01
3.082147240638732910e-01
1.516487598419189453e-01
3.271445930004119873e-01
1.876959651708602905e-01
2.942626476287841797e-01
1.859613656997680664e-01
2.560197710990905762e-01
1.570639163255691528e-01
1.597332358360290527e-01
8.610580861568450928e-02
2.339611351490020752e-01
3.811691999435424805e-01
9.835431724786758423e-02
1.556050181388854980e-01
3.207571208477020264e-01
3.789956569671630859e-01
1.521221548318862915e-01
2.307832539081573486e-01
2.779213190078735352e-01
3.137853741645812988e-01
4.101858735084533691e-01
2.447473406791687012e-01
2.797107100486755371e-01
1.742897480726242065e-01
3.676000833511352539e-01
2.682417631149291992e-01
9.179209172725677490e-02
9.663257002830505371e-02
2.338996380567550659e-01
2.098249346017837524e-01
1.268005073070526123e-01
3.086826801300048828e-01
1.781210154294967651e-01
2.721285820007324219e-01
3.150794804096221924e-01
2.215790897607803345e-01
1.854908019304275513e-01
1.097428426146507263e-01
1.266797035932540894e-01
3.139321804046630859e-01
3.024599850177764893e-01
2.163568437099456787e-01
2.465488314628601074e-01
3.345470428466796875e-01
1.935468316078186035e-01
1.982276439666748047e-01
4.739116430282592773e-01
2.758752703666687012e-01
2.122989296913146973e-01
1.000313535332679749e-01
1.482105553150177002e-01
1.455615162849426270e-01
2.605414986610412598e-01
2.124491035938262939e-01
1.360246837139129639e-01
2.885982990264892578e-01
1.807451397180557251e-01
2.801812887191772461e-01
1.944859474897384644e-01
2.059671580791473389e-01
2.372153103351593018e-01
1.954596191644668579e-01
1.426470577716827393e-01
3.356764912605285645e-01
1.441548466682434082e-01
1.486257910728454590e-01
2.354048192501068115e-01
2.188191711902618408e-01
3.999210894107818604e-01
1.427031010389328003e-01
1.634963452816009521e-01
3.623729944229125977e-01
2.578393518924713135e-01
1.691010594367980957e-01
1.662464886903762817e-01
2.097967118024826050e-01
1.977820396423339844e-01
2.457947880029678345e-01
3.657031655311584473e-01
2.569947838783264160e-01
2.331303805112838745e-01
1.433317512273788452e-01
2.589069604873657227e-01
1.245911791920661926e-01
1.763336062431335449e-01
2.097311615943908691e-01
1.547244042158126831e-01
3.701023459434509277e-01
1.505364775657653809e-01
1.215767487883567810e-01
2.930528223514556885e-01
4.171921610832214355e-01
6.783840805292129517e-02
3.662545084953308105e-01
1.805733144283294678e-01
3.862998485565185547e-01
1.217132657766342163e-01
2.357056736946105957e-01
9.491927921772003174e-02
3.440650105476379395e-01
2.695646286010742188e-01
3.646544814109802246e-01
1.000016033649444580e-01
3.421291112899780273e-01
1.478482186794281006e-01
1.732602417469024658e-01
2.455766648054122925e-01
1.732546389102935791e-01
2.652953863143920898e-01
2.666012048721313477e-01
2.530437111854553223e-01
2.461293786764144897e-01
1.141662150621414185e-01
2.108848392963409424e-01
2.547161579132080078e-01
2.815364301204681396e-01
3.513512611389160156e-01
1.925099492073059082e-01
2.091863304376602173e-01
2.222834974527359009e-01
1.796160340309143066e-01
2.421131581068038940e-01
1.718069612979888916e-01
3.222217559814453125e-01
1.728202700614929199e-01
4.543166756629943848e-01
3.068327605724334717e-01
1.625643968582153320e-01
2.660798430442810059e-01
2.991332113742828369e-01
3.817877769470214844e-01
1.556193679571151733e-01
2.473245263099670410e-01
1.996803879737854004e-01
1.608883440494537354e-01
1.832104325294494629e-01
2.007632404565811157e-01
3.220974802970886230e-01
4.524090290069580078e-01
3.246896862983703613e-01
1.407689750194549561e-01
1.771072894334793091e-01
2.670915424823760986e-01
1.784705817699432373e-01
1.156978085637092590e-01
1.803393065929412842e-01
9.854508936405181885e-02
2.641139030456542969e-01
4.946224093437194824e-01
1.598673909902572632e-01
1.132592931389808655e-01
1.281488388776779175e-01
1.822973191738128662e-01
2.775806486606597900e-01
1.459897458553314209e-01
5.534860491752624512e-02
3.383772373199462891e-01
2.788065075874328613e-01
2.014763057231903076e-01
6.394852697849273682e-02
2.720261216163635254e-01
2.433898746967315674e-01
4.625302851200103760e-01
1.979506760835647583e-01
8.685908466577529907e-02
2.509979009628295898e-01
1.967698782682418823e-01
1.539820581674575806e-01
3.123155236244201660e-01
1.326676309108734131e-01
5.760121941566467285e-01
8.555150032043457031e-02
2.100864052772521973e-01
2.046890854835510254e-01
2.739208042621612549e-01
3.805613517761230469e-01
1.930542588233947754e-01
1.443252265453338623e-01
1.838847547769546509e-01
4.709202349185943604e-01
1.309046447277069092e-01
1.062120348215103149e-01
2.351986765861511230e-01
1.065844595432281494e-01
2.171947062015533447e-01
1.961105465888977051e-01
3.638181090354919434e-01
8.907954394817352295e-02
1.879301518201828003e-01
1.397190690040588379e-01
4.587844610214233398e-01
9.224846214056015015e-02
2.973307073116302490e-01
1.583190858364105225e-01
1.591641604900360107e-01
3.798640668392181396e-01
2.793055176734924316e-01
2.347631603479385376e-01
1.730564236640930176e-01
2.180435359477996826e-01
1.615833044052124023e-01
1.496776044368743896e-01
2.023028135299682617e-01
3.265017271041870117e-01
2.041202038526535034e-01
1.566020399332046509e-01
1.599971652030944824e-01
3.827587962150573730e-01
1.271207332611083984e-01
2.999908328056335449e-01
1.047200039029121399e-01
1.791453510522842407e-01
2.774426937103271484e-01
3.320508301258087158e-01
1.656517088413238525e-01
1.010366976261138916e-01
1.473727524280548096e-01
3.119701743125915527e-01
9.713453054428100586e-02
9.338601678609848022e-02
1.601509898900985718e-01
2.491235435009002686e-01
1.245610266923904419e-01
1.229743063449859619e-01
2.385271042585372925e-01
3.114884495735168457e-01
2.495150417089462280e-01
2.978742718696594238e-01
4.779569506645202637e-01
1.511612534523010254e-01
1.920405775308609009e-01
1.565401405096054077e-01
2.514447867870330811e-01
1.726759821176528931e-01
2.573029696941375732e-01
4.772780239582061768e-01
1.227253153920173645e-01
2.002826780080795288e-01
1.207991540431976318e-01
2.900432944297790527e-01
3.226163685321807861e-01
7.994052767753601074e-02
1.555938571691513062e-01
5.888169258832931519e-02
4.230539798736572266e-01
1.094201356172561646e-01
1.675734817981719971e-01
1.689415425062179565e-01
2.497467547655105591e-01
2.098494470119476318e-01
3.012788295745849609e-01
3.291641175746917725e-01
5.711606740951538086e-01
5.712090730667114258e-01
4.905327260494232178e-01
3.207561373710632324e-01
4.102415740489959717e-01
4.258365035057067871e-01
2.044531255960464478e-01
1.917050629854202271e-01
2.688699364662170410e-01
3.596466779708862305e-01
2.139218449592590332e-01
1.966821849346160889e-01
1.339420229196548462e-01
2.811934649944305420e-01
1.448822170495986938e-01
2.682371139526367188e-01
1.324282884597778320e-01
3.259268403053283691e-01
2.905776202678680420e-01
6.700185686349868774e-02
1.449877470731735229e-01
1.765702068805694580e-01
2.069035470485687256e-01
3.404250741004943848e-01
2.838985323905944824e-01
1.727801859378814697e-01
2.317847013473510742e-01
2.666325569152832031e-01
2.495809346437454224e-01
1.812265813350677490e-01
2.942950129508972168e-01
1.904247701168060303e-01
2.430787384510040283e-01
3.038923144340515137e-01
3.263728618621826172e-01
1.114056706428527832e-01
2.001707553863525391e-01
1.550544500350952148e-01
1.454690396785736084e-01
2.948218584060668945e-01
6.275133788585662842e-02
2.120523452758789062e-01
2.721856534481048584e-01
1.727199256420135498e-01
4.359110891819000244e-01
3.095247745513916016e-01
3.452410101890563965e-01
5.018380284309387207e-01
2.532730698585510254e-01
2.628360092639923096e-01
1.502424031496047974e-01
1.691369712352752686e-01
2.948983311653137207e-01
4.473923742771148682e-01
1.765186190605163574e-01
2.049322426319122314e-01
1.856434047222137451e-01
4.644909799098968506e-01
1.460374593734741211e-01
2.639867663383483887e-01
2.150287032127380371e-01
1.118452474474906921e-01
1.812313795089721680e-01
2.291574627161026001e-01
1.704924106597900391e-01
2.370520830154418945e-01
1.150883436203002930e-01
3.900334239006042480e-01
9.667655825614929199e-02
1.471202373504638672e-01
2.169717401266098022e-01
6.106164455413818359e-01
1.340136080980300903e-01
4.118471741676330566e-01
1.870454400777816772e-01
2.381324768066406250e-01
1.199795901775360107e-01
3.688761889934539795e-01
2.147550880908966064e-01
8.054897189140319824e-02
7.190161198377609253e-02
9.212150424718856812e-02
1.146909520030021667e-01
2.631932795047760010e-01
1.119549870491027832e-01
3.726082742214202881e-01
7.324749976396560669e-02
2.594520449638366699e-01
2.450801730155944824e-01
8.951330184936523438e-02
7.951784133911132812e-02
1.351846903562545776e-01
2.989952564239501953e-01
1.654890179634094238e-01
1.891738623380661011e-01
1.850272119045257568e-01
9.961703419685363770e-02
1.456927955150604248e-01
7.772254943847656250e-02
2.714446783065795898e-01
4.974991679191589355e-01
1.084376424551010132e-01
2.618393301963806152e-01
1.965525448322296143e-01
7.858843356370925903e-02
2.132239043712615967e-01
1.075898259878158569e-01
6.225758790969848633e-01
2.127574533224105835e-01
2.111479490995407104e-01
4.202598333358764648e-01
1.174733489751815796e-01
7.099152356386184692e-02
2.938612997531890869e-01
2.143999636173248291e-01
2.105697095394134521e-01
1.287517100572586060e-01
2.203115522861480713e-01
1.284364312887191772e-01
4.181421101093292236e-01
1.554584503173828125e-01
3.376501202583312988e-01
3.478758335113525391e-01
2.451345175504684448e-01
3.750132024288177490e-01
1.370429098606109619e-01
1.499107033014297485e-01
2.145719230175018311e-01
1.141656488180160522e-01
2.209363877773284912e-01
2.265280336141586304e-01
2.543124556541442871e-01
7.718507945537567139e-02
4.570886492729187012e-01
2.891337871551513672e-01
2.117374241352081299e-01
1.985871493816375732e-01
1.877116858959197998e-01
2.082471251487731934e-01
3.392994403839111328e-01
3.086978197097778320e-01
4.309917688369750977e-01
1.653647422790527344e-01
3.081565499305725098e-01
9.667031466960906982e-02
2.012313008308410645e-01
1.079249158501625061e-01
1.644480228424072266e-01
1.858169883489608765e-01
1.224403008818626404e-01
1.603005826473236084e-01
1.905596405267715454e-01
1.800180971622467041e-01
1.234988570213317871e-01
1.592411696910858154e-01
1.167170107364654541e-01
3.270072638988494873e-01
4.048658013343811035e-01
2.699380218982696533e-01
2.834872603416442871e-01
1.726173758506774902e-01
1.690648794174194336e-01
1.920130699872970581e-01
2.403139472007751465e-01
2.296811938285827637e-01
2.731836140155792236e-01
1.500099301338195801e-01
1.798258125782012939e-01
1.907715201377868652e-01
2.948687970638275146e-01
1.646292507648468018e-01
2.303970158100128174e-01
1.199108287692070007e-01
1.617658138275146484e-01
2.229012548923492432e-01
2.371929585933685303e-01
1.764413416385650635e-01
3.301727473735809326e-01
1.287898421287536621e-01
2.419249117374420166e-01
1.430208384990692139e-01
3.250413760542869568e-02
2.482205331325531006e-01
1.708585470914840698e-01
2.094858884811401367e-01
4.930740594863891602e-02
6.640559434890747070e-02
8.568064868450164795e-02
5.600143969058990479e-02
2.269897460937500000e-01
3.241117894649505615e-01
1.859639883041381836e-01
1.953482031822204590e-01
1.115188896656036377e-01
1.356356292963027954e-01
1.351499557495117188e-01
6.065014600753784180e-01
1.449541002511978149e-01
2.558610737323760986e-01
1.415396332740783691e-01
1.261697113513946533e-01
1.390207558870315552e-01
1.281685978174209595e-01
2.151872813701629639e-01
3.810768127441406250e-01
2.621511220932006836e-01
3.110200762748718262e-01
2.487853914499282837e-01
3.367731273174285889e-01
1.690401881933212280e-01
2.139258086681365967e-01
9.228680282831192017e-02
2.355388551950454712e-01
2.980878651142120361e-01
8.564066886901855469e-02
3.089655637741088867e-01
2.952963113784790039e-01
2.270680069923400879e-01
1.532271206378936768e-01
3.744996786117553711e-01
3.089339435100555420e-01
2.308006137609481812e-01
1.493243575096130371e-01
2.960552275180816650e-01
1.738707423210144043e-01
9.039095044136047363e-02
3.803048133850097656e-01
6.941018998622894287e-02
4.444481730461120605e-01
3.826147317886352539e-01
2.633812129497528076e-01
3.001162409782409668e-01
3.290906250476837158e-01
1.726810187101364136e-01
3.628769814968109131e-01
1.888439357280731201e-01
3.224446475505828857e-01
2.320215106010437012e-01
3.582175374031066895e-01
1.764178872108459473e-01
1.374483853578567505e-01
2.256112098693847656e-01
1.135024949908256531e-01
1.152362301945686340e-01
1.882965564727783203e-01
3.475565612316131592e-01
2.812456190586090088e-01
1.818921267986297607e-01
1.426103562116622925e-01
2.055478245019912720e-01
1.508128941059112549e-01
1.765592396259307861e-01
1.306873261928558350e-01
1.862541139125823975e-01
2.408297657966613770e-01
1.727287322282791138e-01
3.125756382942199707e-01
1.387858241796493530e-01
1.752560883760452271e-01
1.664144694805145264e-01
1.732502430677413940e-01
1.589750945568084717e-01
2.291865646839141846e-01
2.712258100509643555e-01
1.602616906166076660e-01
4.532690048217773438e-01
3.873910605907440186e-01
2.446966171264648438e-01
1.470032483339309692e-01
3.502944707870483398e-01
1.626947075128555298e-01
3.295441865921020508e-01
1.355950832366943359e-01
1.758512854576110840e-01
2.262144088745117188e-01
1.668597161769866943e-01
4.037675857543945312e-01
1.973004043102264404e-01
1.149642169475555420e-01
1.977808326482772827e-01
3.511819839477539062e-01
1.960072666406631470e-01
5.652208626270294189e-02
2.303345203399658203e-01
4.060361981391906738e-01
2.002988755702972412e-01
9.756007790565490723e-02
1.334565877914428711e-01
4.450339674949645996e-01
1.326664686203002930e-01
1.227330267429351807e-01
1.806384921073913574e-01
2.541229426860809326e-01
2.828299999237060547e-01
1.336148679256439209e-01
3.830688297748565674e-01
1.684915423393249512e-01
2.921867370605468750e-01
1.702761650085449219e-01
4.920921921730041504e-01
3.260571658611297607e-01
2.094630897045135498e-01
2.713766694068908691e-01
2.641414999961853027e-01
3.027168512344360352e-01
1.738268136978149414e-01
2.770144939422607422e-01
1.739365607500076294e-01
1.171507164835929871e-01
3.329913616180419922e-01
1.954916715621948242e-01
1.871212422847747803e-01
3.107243776321411133e-01
1.562215685844421387e-01
1.064414829015731812e-01
2.077070027589797974e-01
4.384132325649261475e-01
1.620240509510040283e-01
2.491814643144607544e-01
2.526716887950897217e-01
1.519600749015808105e-01
2.579234838485717773e-01
1.208192557096481323e-01
2.985360920429229736e-01
2.505786418914794922e-01
2.128131836652755737e-01
4.220396280288696289e-01
4.436448812484741211e-01
2.709613740444183350e-01
2.025830149650573730e-01
2.565843760967254639e-01
1.881332397460937500e-01
2.172790914773941040e-01
3.424441814422607422e-01
3.096645772457122803e-01
2.411292642354965210e-01
2.746452689170837402e-01
6.234234571456909180e-01
2.359744906425476074e-01
1.364374458789825439e-01
2.309289425611495972e-01
3.667171001434326172e-01
1.052617952227592468e-01
3.931938409805297852e-01
2.832979261875152588e-01
1.926990747451782227e-01
2.342303693294525146e-01
1.958089470863342285e-01
1.145824715495109558e-01
1.876322329044342041e-01
2.689366936683654785e-01
2.404636442661285400e-01
1.433789432048797607e-01
1.545070260763168335e-01
1.409336179494857788e-01
1.846287101507186890e-01
2.145841419696807861e-01
1.778661459684371948e-01
3.305813670158386230e-01
2.797703146934509277e-01
3.701201081275939941e-01
2.345414906740188599e-01
3.645160794258117676e-01
2.996120750904083252e-01
2.961004674434661865e-01
2.571734488010406494e-01
2.275520712137222290e-01
2.314131408929824829e-01
2.427452206611633301e-01
2.650821805000305176e-01
1.659312397241592407e-01
2.466068565845489502e-01
3.042457103729248047e-01
3.997952938079833984e-01
3.556525111198425293e-01
2.489283978939056396e-01
1.850439161062240601e-01
1.913165301084518433e-01
2.100867331027984619e-01
2.068326175212860107e-01
3.276653289794921875e-01
1.782385110855102539e-01
1.276895999908447266e-01
1.480512022972106934e-01
3.249789476394653320e-01
1.569876223802566528e-01
2.355890572071075439e-01
1.039578020572662354e-01
1.836068332195281982e-01
1.437683552503585815e-01
2.611451447010040283e-01
1.370377838611602783e-01
3.522366285324096680e-01
2.462747991085052490e-01
2.526799440383911133e-01
4.441806674003601074e-01
2.009610235691070557e-01
1.350259780883789062e-01
3.820832371711730957e-01
2.724104821681976318e-01
1.243259459733963013e-01
1.268045902252197266e-01
1.553953737020492554e-01
2.053632289171218872e-01
2.812645435333251953e-01
2.447808682918548584e-01
1.392036229372024536e-01
2.089954912662506104e-01
3.842349648475646973e-01
1.165536940097808838e-01
1.579340696334838867e-01
1.587665379047393799e-01
3.900462687015533447e-01
3.451724946498870850e-01
1.846691817045211792e-01
1.166850626468658447e-01
2.469013631343841553e-01
3.107971549034118652e-01
1.758030951023101807e-01
3.299285173416137695e-01
1.705406904220581055e-01
1.378702819347381592e-01
7.583528012037277222e-02
3.346373438835144043e-01
1.853756904602050781e-01
5.244936347007751465e-01
2.109516412019729614e-01
1.301501393318176270e-01
2.333713322877883911e-01
2.656304538249969482e-01
3.429027497768402100e-01
2.576071023941040039e-01
5.909164547920227051e-01
2.812830209732055664e-01
2.182720452547073364e-01
1.668090373277664185e-01
1.969930827617645264e-01
1.295266300439834595e-01
1.948917508125305176e-01
2.935736775398254395e-01
1.040976569056510925e-01
2.095442414283752441e-01
3.116834759712219238e-01
3.825129866600036621e-01
3.206548392772674561e-01
2.362616062164306641e-01
3.071731328964233398e-01
5.526064038276672363e-01
2.906618416309356689e-01
6.896233558654785156e-01
3.435968160629272461e-01
2.707038521766662598e-01
1.583653986454010010e-01
3.435770273208618164e-01
2.384704351425170898e-01
2.747665643692016602e-01
2.219347804784774780e-01
1.652829945087432861e-01
1.872290968894958496e-01
2.245196700096130371e-01
2.480952441692352295e-01
2.129118144512176514e-01
2.066000550985336304e-01
1.477790623903274536e-01
3.091779649257659912e-01
2.102510929107666016e-01
2.536388635635375977e-01
2.190686464309692383e-01
4.669595956802368164e-01
9.803628921508789062e-02
8.463837206363677979e-02
3.603625595569610596e-01
2.797479331493377686e-01
1.495809555053710938e-01
1.931643784046173096e-01
8.183003216981887817e-02
4.725903272628784180e-01
1.080552339553833008e-01
2.666721940040588379e-01
2.269305884838104248e-01
1.692428886890411377e-01
3.653227090835571289e-01
3.784989714622497559e-01
1.620486378669738770e-01
1.491786837577819824e-01
4.737774729728698730e-01
2.553714811801910400e-01
5.012525245547294617e-02
4.635004997253417969e-01
2.708866596221923828e-01
1.931646466255187988e-01
3.126637339591979980e-01
1.522707492113113403e-01
1.982597410678863525e-01
3.810126185417175293e-01
1.129425466060638428e-01
4.823144078254699707e-01
1.307856440544128418e-01
3.059438169002532959e-01
4.050040245056152344e-01
1.475348770618438721e-01
2.330933362245559692e-01
1.119179055094718933e-01
1.932478845119476318e-01
2.798463702201843262e-01
1.199312210083007812e-01
5.544954538345336914e-01
1.253422945737838745e-01
2.613803148269653320e-01
1.391891688108444214e-01
3.320920467376708984e-01
1.815059632062911987e-01
2.133735120296478271e-01
3.760834336280822754e-01
2.131719440221786499e-01
2.340554893016815186e-01
2.162206172943115234e-01
1.717213839292526245e-01
1.526179313659667969e-01
1.961813122034072876e-01
1.787269562482833862e-01
3.287847340106964111e-01
5.084056034684181213e-02
5.020477771759033203e-01
3.837400972843170166e-01
1.907002925872802734e-01
1.280315369367599487e-01
7.159794867038726807e-02
2.091556489467620850e-01
2.931242585182189941e-01
9.644198417663574219e-02
3.791040480136871338e-01
1.705001294612884521e-01
1.104277819395065308e-01
2.349608391523361206e-01
2.878678441047668457e-01
1.443528831005096436e-01
2.755473256111145020e-01
2.869406044483184814e-01
1.215975955128669739e-01
4.058268070220947266e-01
4.083283543586730957e-01
8.582209050655364990e-02
2.180392593145370483e-01
3.891374468803405762e-01
3.021819591522216797e-01
1.204167678952217102e-01
4.039698839187622070e-01
2.217045426368713379e-01
3.246951103210449219e-01
3.055393695831298828e-01
3.371055424213409424e-01
3.335055410861968994e-01
3.635188937187194824e-01
3.628123104572296143e-01
1.861083805561065674e-01
2.236675024032592773e-01
3.571672439575195312e-01
2.129258662462234497e-01
1.106138378381729126e-01
1.421297490596771240e-01
2.988573312759399414e-01
1.643842756748199463e-01
1.692589521408081055e-01
4.958061277866363525e-01
1.917905211448669434e-01
1.546552181243896484e-01
1.389491856098175049e-01
2.207913696765899658e-01
1.983802020549774170e-01
3.346653580665588379e-01
3.585578203201293945e-01
2.031504958868026733e-01
2.145266681909561157e-01
1.837634146213531494e-01
2.525006830692291260e-01
2.579228281974792480e-01
1.376979947090148926e-01
4.186402261257171631e-01
2.515514791011810303e-01
2.482717335224151611e-01
1.513127684593200684e-01
6.416594982147216797e-02
2.436932623386383057e-01
2.176066339015960693e-01
2.315078526735305786e-01
2.748944461345672607e-01
1.200306117534637451e-01
1.786352097988128662e-01
3.253340721130371094e-01
3.586270213127136230e-01
2.825206816196441650e-01
7.003526389598846436e-02
1.273254752159118652e-01
2.699504196643829346e-01
4.413623809814453125e-01
3.440926671028137207e-01
1.069200485944747925e-01
3.488539755344390869e-01
1.520848125219345093e-01
9.092609584331512451e-02
2.059669941663742065e-01
3.934420347213745117e-01
2.039233148097991943e-01
1.642791926860809326e-01
9.502945840358734131e-02
1.072808653116226196e-01
2.608530521392822266e-01
2.035262584686279297e-01
3.097373545169830322e-01
9.487335383892059326e-02
2.165864855051040649e-01
1.449405997991561890e-01
1.375505924224853516e-01
2.692208886146545410e-01
2.050168514251708984e-01
4.908502697944641113e-01
2.552222013473510742e-01
2.406252026557922363e-01
4.221689105033874512e-01
2.485967576503753662e-01
1.329641640186309814e-01
2.460317313671112061e-01
4.480609893798828125e-01
1.321972310543060303e-01
2.878358960151672363e-01
4.332699179649353027e-01
2.462314516305923462e-01
4.108688831329345703e-01
3.465879559516906738e-01
1.445195078849792480e-01
2.433928847312927246e-01
2.357829213142395020e-01
1.451905071735382080e-01
1.389222741127014160e-01
1.406409144401550293e-01
2.931943535804748535e-01
2.676952481269836426e-01
3.165266215801239014e-01
2.448418736457824707e-01
2.432565689086914062e-01
2.056775242090225220e-01
4.265637397766113281e-01
4.860253036022186279e-01
1.723878085613250732e-01
3.050018846988677979e-01
1.519624292850494385e-01
2.137272804975509644e-01
1.257456243038177490e-01
1.998876184225082397e-01
3.031773567199707031e-01
4.745730161666870117e-01
2.434366643428802490e-01
1.650883257389068604e-01
2.959303259849548340e-01
2.434190511703491211e-01
7.985724508762359619e-02
3.284307420253753662e-01
1.735317707061767578e-01
3.414407074451446533e-01
2.202035486698150635e-01
3.326524198055267334e-01
7.633572071790695190e-02
4.639660716056823730e-01
9.538593888282775879e-02
2.474448084831237793e-01
1.362023055553436279e-01
3.778463304042816162e-01
7.713319361209869385e-02
1.109945625066757202e-01
9.089224040508270264e-02
2.607482671737670898e-01
3.296470940113067627e-01
8.150696754455566406e-02
2.150579094886779785e-01
1.345638781785964966e-01
1.615172624588012695e-01
1.822622418403625488e-01
1.560421139001846313e-01
1.950445920228958130e-01
2.082865685224533081e-02
