1.244762539863586426e-01
1.166967600584030151e-01
1.342022716999053955e-01
2.517041265964508057e-01
1.494787484407424927e-01
1.552557349205017090e-01
5.211706459522247314e-02
1.705535799264907837e-01
1.064385026693344116e-01
2.154583632946014404e-01
4.261358678340911865e-01
1.133740097284317017e-01
2.585033774375915527e-01
2.238633334636688232e-01
1.850971579551696777e-01
1.278262734413146973e-01
1.566056460142135620e-01
1.056083589792251587e-01
1.689722836017608643e-01
4.815704524517059326e-01
1.343501359224319458e-01
8.771579712629318237e-02
1.110695973038673401e-01
2.395799905061721802e-01
2.670198380947113037e-01
4.376737028360366821e-02
2.382811456918716431e-01
1.766499727964401245e-01
4.178440198302268982e-02
3.024609684944152832e-01
2.413711994886398315e-01
9.961264580488204956e-02
9.313030540943145752e-02
2.537024021148681641e-01
2.325374484062194824e-01
7.922396808862686157e-02
8.231939375400543213e-02
1.972558647394180298e-01
3.053147494792938232e-01
2.828290462493896484e-01
3.458070158958435059e-01
1.732039153575897217e-01
3.298704326152801514e-01
2.014615237712860107e-01
2.181357890367507935e-01
1.238045841455459595e-01
8.490939438343048096e-02
8.383145183324813843e-02
1.304839998483657837e-01
1.022827625274658203e-01
9.912365674972534180e-02
2.592135369777679443e-01
1.957888156175613403e-01
2.942005097866058350e-01
3.114898800849914551e-01
1.914911568164825439e-01
5.352236032485961914e-01
2.307558655738830566e-01
1.889130473136901855e-01
3.090557456016540527e-01
3.861470818519592285e-01
2.601049840450286865e-01
1.745080202817916870e-01
8.719360828399658203e-02
1.130983531475067139e-01
2.975430786609649658e-01
2.234820276498794556e-01
5.153970420360565186e-02
2.560863196849822998e-01
1.615965366363525391e-01
2.387329041957855225e-01
1.867616772651672363e-01
1.676453202962875366e-01
1.751873046159744263e-01
3.048864603042602539e-01
7.943004369735717773e-02
9.706214070320129395e-02
4.611956775188446045e-01
7.755868881940841675e-02
2.537502646446228027e-01
9.605028480291366577e-02
1.418681740760803223e-01
8.512461185455322266e-02
9.607855975627899170e-02
3.356813192367553711e-01
2.445518821477890015e-01
1.783055663108825684e-01
1.050814464688301086e-01
1.262876987457275391e-01
6.403106451034545898e-02
1.696418225765228271e-01
3.152597248554229736e-01
3.458642065525054932e-01
2.629051804542541504e-01
7.424504309892654419e-02
1.049371659755706787e-01
6.728586554527282715e-02
3.049492835998535156e-01
7.344657182693481445e-02
1.792364418506622314e-01
2.539001777768135071e-02
2.357237339019775391e-01
9.706109017133712769e-02
3.365217447280883789e-01
1.035506129264831543e-01
2.013031989336013794e-01
8.341245353221893311e-02
3.220924139022827148e-01
2.621630430221557617e-01
4.301533102989196777e-01
2.493416070938110352e-01
4.079406857490539551e-01
1.998663842678070068e-01
2.416988015174865723e-01
2.625554800033569336e-01
2.394419014453887939e-01
3.352982401847839355e-01
1.608152538537979126e-01
2.365485131740570068e-01
1.561320275068283081e-01
7.561841607093811035e-02
7.794113457202911377e-02
1.582937538623809814e-01
1.192198246717453003e-01
1.044826060533523560e-01
1.161507964134216309e-01
1.483672708272933960e-01
2.762013375759124756e-01
1.086788922548294067e-01
1.788265407085418701e-01
1.729419529438018799e-01
1.657359898090362549e-01
2.119029164314270020e-01
1.701221168041229248e-01
1.542655676603317261e-01
1.420863568782806396e-01
4.489346593618392944e-02
4.278008341789245605e-01
9.492630511522293091e-02
1.073543503880500793e-01
2.635268270969390869e-01
4.918359220027923584e-01
3.396487534046173096e-01
3.484139442443847656e-01
2.205837517976760864e-01
2.060757577419281006e-01
3.005841970443725586e-01
9.627243876457214355e-02
1.966545134782791138e-01
4.346315264701843262e-01
4.808042198419570923e-02
2.054501175880432129e-01
4.156491458415985107e-01
2.250912040472030640e-01
6.474235653877258301e-02
4.405572116374969482e-01
1.998852789402008057e-01
9.784071147441864014e-02
2.706072330474853516e-01
9.044872224330902100e-02
4.148969054222106934e-02
5.839286744594573975e-02
2.059555202722549438e-01
2.469533383846282959e-01
1.650729030370712280e-01
2.138251364231109619e-01
5.600649863481521606e-02
9.139272570610046387e-02
2.333146035671234131e-01
6.230738759040832520e-02
1.800164878368377686e-01
1.997754275798797607e-01
7.796312123537063599e-02
3.674302101135253906e-01
1.488752067089080811e-01
2.825536727905273438e-01
2.703039646148681641e-01
2.155334204435348511e-01
1.639231592416763306e-01
1.786539703607559204e-01
1.705009937286376953e-01
2.961997985839843750e-01
1.100036948919296265e-01
2.873951494693756104e-01
1.044215857982635498e-01
1.406212151050567627e-01
2.449372410774230957e-01
1.462530195713043213e-01
2.742713093757629395e-01
1.380418241024017334e-01
2.160437405109405518e-01
2.854388654232025146e-01
3.989750742912292480e-01
2.015396207571029663e-01
2.333520352840423584e-01
1.677284538745880127e-01
1.447268575429916382e-01
3.185582160949707031e-01
2.549456954002380371e-01
2.058884203433990479e-01
1.544709503650665283e-01
1.478808969259262085e-01
2.607488036155700684e-01
5.856670439243316650e-02
1.815335303544998169e-01
1.520356535911560059e-01
3.021457791328430176e-01
2.774928212165832520e-01
7.092801481485366821e-02
1.721877753734588623e-01
1.989386379718780518e-01
2.166261672973632812e-01
1.882637739181518555e-01
2.482253909111022949e-01
1.247347444295883179e-01
2.509854435920715332e-01
4.100785851478576660e-01
1.753104329109191895e-01
1.610226631164550781e-01
2.034422457218170166e-01
1.962896585464477539e-01
2.690688371658325195e-01
2.287739217281341553e-01
1.654506325721740723e-01
1.580882966518402100e-01
1.234809905290603638e-01
2.693629264831542969e-01
2.398909926414489746e-01
3.387773036956787109e-02
8.605660498142242432e-02
9.108800441026687622e-02
2.574342191219329834e-01
2.151129394769668579e-01
7.591136544942855835e-02
1.353995651006698608e-01
1.139504835009574890e-01
1.350321024656295776e-01
4.187662303447723389e-01
9.820730984210968018e-02
1.327468156814575195e-01
1.329760104417800903e-01
1.274206489324569702e-01
1.328159868717193604e-01
7.939958572387695312e-02
1.117049828171730042e-01
1.914333105087280273e-01
1.369696259498596191e-01
3.023717105388641357e-01
1.485515087842941284e-01
1.022000908851623535e-01
1.149770841002464294e-01
4.660546407103538513e-02
6.428311765193939209e-02
1.403897851705551147e-01
2.653082013130187988e-01
1.891223639249801636e-01
4.857984185218811035e-01
3.162710964679718018e-01
1.078671365976333618e-01
2.251436263322830200e-01
8.095999062061309814e-02
1.611163616180419922e-01
1.387013494968414307e-01
1.192686557769775391e-01
2.141896039247512817e-01
1.088435947895050049e-01
6.412730365991592407e-02
1.651012450456619263e-01
2.527209222316741943e-01
4.345178008079528809e-01
1.169308722019195557e-01
3.126198649406433105e-01
5.336615443229675293e-02
2.373506873846054077e-01
7.451537996530532837e-02
1.401381343603134155e-01
2.351948618888854980e-01
4.105815887451171875e-01
3.058243393898010254e-01
2.627680301666259766e-01
2.564625144004821777e-01
2.882916927337646484e-01
1.619702726602554321e-01
1.063337177038192749e-01
1.134073585271835327e-01
2.974563539028167725e-01
2.296179533004760742e-01
1.958785653114318848e-01
9.736500680446624756e-02
2.215468287467956543e-01
1.713854521512985229e-01
1.161080598831176758e-01
1.382008492946624756e-01
2.037869095802307129e-01
1.000245809555053711e-01
2.368878722190856934e-01
1.208343654870986938e-01
1.303564906120300293e-01
6.548938900232315063e-02
1.000680103898048401e-01
2.669306993484497070e-01
3.028974868357181549e-02
1.766800731420516968e-01
3.757292926311492920e-01
1.360489428043365479e-01
3.967099189758300781e-01
1.985281109809875488e-01
5.564849823713302612e-02
1.058490127325057983e-01
8.747952431440353394e-02
2.863584160804748535e-01
1.354773491621017456e-01
3.024694919586181641e-01
2.200925797224044800e-01
3.061066567897796631e-01
1.985951215028762817e-01
3.000236749649047852e-01
2.765541076660156250e-01
2.194309234619140625e-01
1.487431824207305908e-01
2.166382670402526855e-01
6.122357398271560669e-02
2.177296578884124756e-01
1.673867404460906982e-01
3.138251900672912598e-01
1.517319977283477783e-01
1.178599223494529724e-01
4.019476473331451416e-01
3.174086809158325195e-01
1.793337017297744751e-01
1.763040423393249512e-01
1.071781739592552185e-01
2.499622404575347900e-01
6.247833371162414551e-02
2.525341510772705078e-01
3.254324793815612793e-01
9.525868296623229980e-02
3.376242518424987793e-01
1.889232099056243896e-01
2.599009573459625244e-01
7.987201213836669922e-02
3.349576592445373535e-01
1.829112470149993896e-01
4.398846924304962158e-01
2.593305110931396484e-01
2.430224418640136719e-01
2.441836893558502197e-01
2.047790437936782837e-01
2.112779319286346436e-01
1.277325749397277832e-01
1.808608323335647583e-01
2.802108228206634521e-01
7.295417040586471558e-02
2.722526788711547852e-01
2.207217514514923096e-01
8.959701657295227051e-02
2.032918781042098999e-01
1.830399036407470703e-01
1.114175766706466675e-01
4.513226747512817383e-01
1.205802857875823975e-01
2.380847930908203125e-01
2.034677863121032715e-01
2.059848904609680176e-01
7.428704947233200073e-02
2.112263739109039307e-01
1.540887504816055298e-01
9.879297763109207153e-02
8.555511385202407837e-02
9.775928407907485962e-02
2.780573368072509766e-01
4.905690550804138184e-01
1.608439981937408447e-01
5.149221420288085938e-01
2.801444232463836670e-01
1.323544681072235107e-01
2.399474531412124634e-01
7.290284335613250732e-02
1.438000053167343140e-01
1.730471998453140259e-01
3.186579942703247070e-01
1.764874011278152466e-01
2.246883213520050049e-01
7.621279358863830566e-02
4.664373025298118591e-02
1.662662923336029053e-01
2.313836216926574707e-01
1.159085482358932495e-01
3.426086008548736572e-01
1.763512790203094482e-01
4.249298274517059326e-01
2.201041579246520996e-01
4.609563946723937988e-02
2.799611091613769531e-01
1.558950692415237427e-01
2.032962292432785034e-01
1.290425956249237061e-01
1.343324631452560425e-01
1.091926172375679016e-01
2.241145968437194824e-01
2.579993605613708496e-01
2.312099337577819824e-01
1.394168138504028320e-01
1.697691679000854492e-01
2.359131276607513428e-01
4.235661774873733521e-02
1.155238300561904907e-01
6.169700995087623596e-02
7.581652700901031494e-02
1.850455105304718018e-01
1.406310200691223145e-01
2.200064361095428467e-01
1.344734430313110352e-01
9.929774701595306396e-02
1.819085776805877686e-01
8.732620626688003540e-02
2.754187583923339844e-01
1.793535053730010986e-01
2.869061827659606934e-01
2.440106123685836792e-01
2.223586142063140869e-01
1.759422272443771362e-01
9.671261161565780640e-02
1.040756702423095703e-01
2.399946451187133789e-01
2.171128690242767334e-01
1.113490983843803406e-01
5.761612951755523682e-02
1.541442275047302246e-01
5.687022954225540161e-02
2.067566514015197754e-01
1.827599406242370605e-01
2.029525190591812134e-01
5.895391106605529785e-02
1.191577166318893433e-01
4.705106317996978760e-01
1.616826206445693970e-01
1.692887842655181885e-01
2.761210799217224121e-01
3.099361658096313477e-01
1.970760077238082886e-01
3.237185478210449219e-01
2.550668716430664062e-01
2.589858174324035645e-01
3.247544765472412109e-01
2.059402465820312500e-01
2.961323261260986328e-01
1.536467075347900391e-01
2.228806614875793457e-01
1.659301817417144775e-01
2.949400246143341064e-01
2.094120681285858154e-01
2.172100841999053955e-01
3.658127486705780029e-01
1.506726145744323730e-01
2.329163253307342529e-01
2.118333578109741211e-01
1.458279490470886230e-01
9.853659570217132568e-02
2.169592827558517456e-01
1.661626249551773071e-01
3.893985748291015625e-01
3.678466677665710449e-01
3.315356373786926270e-01
2.474119365215301514e-01
1.756269633769989014e-01
2.757055461406707764e-01
7.887121289968490601e-02
2.107467055320739746e-01
2.729538679122924805e-01
2.930309772491455078e-01
8.695909380912780762e-02
6.050334125757217407e-02
1.677585095167160034e-01
2.793712615966796875e-01
1.765022426843643188e-01
2.644985318183898926e-01
2.830864489078521729e-01
2.652084231376647949e-01
2.585924863815307617e-01
1.427278071641921997e-01
1.051742136478424072e-01
1.530966162681579590e-01
6.603219360113143921e-02
7.215095162391662598e-01
2.920118570327758789e-01
2.359487116336822510e-01
2.846000790596008301e-01
2.806994318962097168e-01
4.468873143196105957e-01
1.559838056564331055e-01
2.333857417106628418e-01
2.477925717830657959e-01
3.705154657363891602e-01
1.559709161520004272e-01
4.488912522792816162e-01
3.908250331878662109e-01
7.736080884933471680e-02
1.700049638748168945e-01
1.088963747024536133e-01
3.961382210254669189e-01
1.173487454652786255e-01
1.396632641553878784e-01
1.539368033409118652e-01
5.227291584014892578e-02
4.610878527164459229e-01
4.000219404697418213e-01
2.591345906257629395e-01
6.601748615503311157e-02
1.219890117645263672e-01
1.425517797470092773e-01
8.965700864791870117e-02
1.623422801494598389e-01
4.130283594131469727e-01
2.951213121414184570e-01
2.680995464324951172e-01
6.133232116699218750e-01
5.165046453475952148e-01
1.602702885866165161e-01
5.691583156585693359e-01
3.606281280517578125e-01
2.392901927232742310e-01
1.335144937038421631e-01
2.106996625661849976e-01
3.831405639648437500e-01
4.261333942413330078e-01
6.947065889835357666e-02
3.903592824935913086e-01
1.360591799020767212e-01
2.012829780578613281e-01
6.453126668930053711e-01
2.545154988765716553e-01
3.782553076744079590e-01
3.584775328636169434e-01
3.973343074321746826e-01
2.152848243713378906e-01
7.772221416234970093e-02
1.988003253936767578e-01
2.497062087059020996e-01
2.496248185634613037e-01
2.264011800289154053e-01
9.975434839725494385e-02
4.245305657386779785e-01
2.107627242803573608e-01
9.554692357778549194e-02
1.078482195734977722e-01
2.392357736825942993e-01
1.884202957153320312e-01
1.114525794982910156e-01
4.971641302108764648e-01
1.465528607368469238e-01
9.796918928623199463e-02
1.410283297300338745e-01
8.172781765460968018e-02
1.785565614700317383e-01
1.012685894966125488e-01
1.028070598840713501e-01
1.887672841548919678e-01
1.107628419995307922e-01
2.337328195571899414e-01
1.020765006542205811e-01
1.218086853623390198e-01
2.131337374448776245e-01
2.164684236049652100e-01
9.935798496007919312e-02
2.309668064117431641e-01
1.389621943235397339e-01
1.453587561845779419e-01
8.703608065843582153e-02
2.469900697469711304e-01
1.089944392442703247e-01
1.917420029640197754e-01
1.086026653647422791e-01
1.712194979190826416e-01
2.446508109569549561e-01
2.645285129547119141e-01
8.202230930328369141e-02
1.354875266551971436e-01
5.422789603471755981e-02
1.310162991285324097e-01
2.460230588912963867e-01
1.829534322023391724e-01
2.633295357227325439e-01
4.590820074081420898e-01
1.863213926553726196e-01
3.448934555053710938e-01
3.161179423332214355e-01
1.210934072732925415e-01
1.876572668552398682e-01
1.268239766359329224e-01
1.705396920442581177e-01
1.228503584861755371e-01
2.002425044775009155e-01
2.045513838529586792e-01
1.098491847515106201e-01
2.987613677978515625e-01
2.350407987833023071e-01
1.939029246568679810e-01
1.773460656404495239e-01
9.952780604362487793e-02
3.030442893505096436e-01
1.332046985626220703e-01
6.999834626913070679e-02
1.198389828205108643e-01
1.042468026280403137e-01
1.412336230278015137e-01
1.863858997821807861e-01
8.634788542985916138e-02
3.048435151576995850e-01
1.359934806823730469e-01
7.467835396528244019e-02
1.646500378847122192e-01
4.862998723983764648e-01
2.648405134677886963e-01
1.970635354518890381e-01
3.123159408569335938e-01
4.099857211112976074e-01
2.261176109313964844e-01
2.970072627067565918e-01
4.703398048877716064e-01
2.645258307456970215e-01
8.753903210163116455e-02
1.888678520917892456e-01
6.613068282604217529e-02
1.000546962022781372e-01
7.130562514066696167e-02
2.119711041450500488e-01
1.785604953765869141e-01
2.781090736389160156e-01
1.188221722841262817e-01
2.583002746105194092e-01
9.391557425260543823e-02
2.103213667869567871e-01
4.996357858180999756e-01
2.033992409706115723e-01
3.428765013813972473e-02
2.274401932954788208e-01
9.005124866962432861e-02
1.130566895008087158e-01
2.918137609958648682e-01
4.289687275886535645e-01
2.397569119930267334e-01
1.598204672336578369e-01
2.700648307800292969e-01
2.306392788887023926e-01
2.892768979072570801e-01
3.509461283683776855e-01
2.129959166049957275e-01
1.991411745548248291e-01
2.316834777593612671e-01
4.376436471939086914e-01
3.878851532936096191e-01
2.834157049655914307e-01
2.577513158321380615e-01
1.809051036834716797e-01
1.505974233150482178e-01
1.029669046401977539e-01
1.520249545574188232e-01
1.486582756042480469e-01
1.109445616602897644e-01
1.126170605421066284e-01
4.436299502849578857e-01
2.708288431167602539e-01
2.769100666046142578e-01
1.446963846683502197e-01
2.849929630756378174e-01
5.524656549096107483e-02
3.940407335758209229e-01
2.999556660652160645e-01
3.766058683395385742e-01
1.568960398435592651e-01
1.928090155124664307e-01
8.487818390130996704e-02
1.521187722682952881e-01
3.765934109687805176e-01
1.985552906990051270e-01
3.576514422893524170e-01
2.918319702148437500e-01
2.599788308143615723e-01
2.630157172679901123e-01
1.831621527671813965e-01
2.817670702934265137e-01
4.466349482536315918e-01
2.796986997127532959e-01
7.861850410699844360e-02
4.430585503578186035e-01
2.848069667816162109e-01
6.266705691814422607e-02
1.692754328250885010e-01
2.047077715396881104e-01
1.449334919452667236e-01
7.287068665027618408e-02
8.808553218841552734e-02
5.799584463238716125e-02
2.866486012935638428e-01
4.074679613113403320e-01
1.304742395877838135e-01
2.756204903125762939e-01
2.625833153724670410e-01
3.299731612205505371e-01
7.320095598697662354e-02
2.279795706272125244e-01
8.308757841587066650e-02
1.959452331066131592e-01
1.469159573316574097e-01
2.596660256385803223e-01
1.403307020664215088e-01
6.107675284147262573e-02
1.833018362522125244e-01
1.332240551710128784e-01
1.759369075298309326e-01
4.797625541687011719e-02
1.249961927533149719e-01
1.139357686042785645e-01
6.948923319578170776e-02
1.169744431972503662e-01
2.420196235179901123e-01
1.458075642585754395e-01
1.854623705148696899e-01
1.999056041240692139e-01
1.411295831203460693e-01
3.143119513988494873e-01
1.399483084678649902e-01
1.155681759119033813e-01
1.904908865690231323e-01
6.495804339647293091e-02
1.403482258319854736e-01
2.161452770233154297e-01
1.345003843307495117e-01
5.284794047474861145e-02
2.440453171730041504e-01
1.190603598952293396e-01
2.085264921188354492e-01
1.866641193628311157e-01
1.845245659351348877e-01
7.853864133358001709e-02
4.170167446136474609e-02
1.259867101907730103e-01
1.426797509193420410e-01
1.887537389993667603e-01
2.420140057802200317e-01
1.367681920528411865e-01
1.237372308969497681e-01
1.177562177181243896e-01
7.068625837564468384e-02
8.674369007349014282e-02
2.865660786628723145e-01
1.356801092624664307e-01
3.168072998523712158e-01
1.542770266532897949e-01
2.638627290725708008e-01
5.135976523160934448e-02
1.320344805717468262e-01
1.495528072118759155e-01
2.307880222797393799e-01
2.098740339279174805e-01
5.436982586979866028e-02
1.402738988399505615e-01
6.460203230381011963e-02
1.113176345825195312e-01
2.255094051361083984e-01
2.136218845844268799e-01
2.569223642349243164e-01
2.752825617790222168e-01
5.327517539262771606e-02
4.828509986400604248e-01
2.965384721755981445e-01
1.611227542161941528e-01
2.539367377758026123e-01
1.822329014539718628e-01
2.760800719261169434e-01
1.892411112785339355e-01
2.387582361698150635e-01
1.786618232727050781e-01
8.366198837757110596e-02
4.511497914791107178e-02
1.029561311006546021e-01
2.329228073358535767e-01
1.304070353507995605e-01
1.731313765048980713e-01
2.446158230304718018e-01
5.316003039479255676e-02
5.061530694365501404e-02
1.238477602601051331e-01
2.283800542354583740e-01
3.224285244941711426e-01
1.105659753084182739e-01
5.107939988374710083e-02
1.791923642158508301e-01
3.030141592025756836e-01
1.488659530878067017e-01
1.496654897928237915e-01
2.436124384403228760e-01
2.141996920108795166e-01
1.584864556789398193e-01
9.644363820552825928e-02
2.288288325071334839e-01
1.654791682958602905e-01
1.165684163570404053e-01
4.643014818429946899e-02
4.445140808820724487e-02
1.311438679695129395e-01
1.937829107046127319e-01
1.144909858703613281e-01
9.540835022926330566e-02
2.183116674423217773e-01
5.223784595727920532e-02
7.718691229820251465e-02
3.970951959490776062e-02
1.478897333145141602e-01
2.184623330831527710e-01
3.560245037078857422e-01
2.714146375656127930e-01
2.017272412776947021e-01
2.478203177452087402e-01
1.644260585308074951e-01
3.997302055358886719e-01
1.111157312989234924e-01
3.072899281978607178e-01
3.016625046730041504e-01
1.724223792552947998e-01
2.990869581699371338e-01
1.813096106052398682e-01
2.294984310865402222e-01
1.886056363582611084e-01
1.281728595495223999e-01
2.650651037693023682e-01
1.671205610036849976e-01
5.692385509610176086e-02
1.347647458314895630e-01
1.964010894298553467e-01
1.823243200778961182e-01
4.670740664005279541e-02
1.061252877116203308e-01
1.324423104524612427e-01
3.384186625480651855e-01
1.326227486133575439e-01
2.241120487451553345e-01
1.808651387691497803e-01
9.269034117460250854e-02
1.265156418085098267e-01
5.613291263580322266e-02
2.014008462429046631e-01
2.932830452919006348e-01
8.302550017833709717e-02
2.434649467468261719e-01
3.304360508918762207e-01
1.606146693229675293e-01
1.871283352375030518e-01
4.353121668100357056e-02
1.103921085596084595e-01
1.293557733297348022e-01
1.911737918853759766e-01
1.018660515546798706e-01
7.500270009040832520e-02
1.573494821786880493e-01
9.180562943220138550e-02
5.777317285537719727e-02
2.599852383136749268e-01
2.932206392288208008e-01
1.894186139106750488e-01
2.163270413875579834e-01
2.863879799842834473e-01
1.468685865402221680e-01
3.418081998825073242e-01
2.076853513717651367e-01
8.378547430038452148e-02
1.188202053308486938e-01
8.929832279682159424e-02
2.006348967552185059e-01
6.258342266082763672e-01
4.611638784408569336e-01
1.951711177825927734e-01
2.926170229911804199e-01
1.910295337438583374e-01
3.841548264026641846e-01
1.196656376123428345e-01
1.794230490922927856e-01
4.254892468452453613e-01
5.467052459716796875e-01
1.405466496944427490e-01
9.997228533029556274e-02
2.928311824798583984e-01
1.589412689208984375e-01
1.276115477085113525e-01
2.395966649055480957e-01
1.181800663471221924e-01
2.466109246015548706e-01
1.677687615156173706e-01
1.087773069739341736e-01
2.102566361427307129e-01
9.936806559562683105e-02
1.398204863071441650e-01
1.429769247770309448e-01
3.117336705327033997e-02
9.607321023941040039e-02
4.297463893890380859e-01
8.015662431716918945e-02
5.378692150115966797e-01
2.776966616511344910e-02
2.215336859226226807e-01
2.160108536481857300e-01
5.946285650134086609e-02
3.964058160781860352e-01
2.522257566452026367e-01
4.165526628494262695e-01
2.303815186023712158e-01
3.042345643043518066e-01
2.498469948768615723e-01
1.794320642948150635e-01
1.875067651271820068e-01
3.728204965591430664e-01
1.110616177320480347e-01
8.651262521743774414e-02
1.209097355604171753e-01
2.147277891635894775e-01
2.612609565258026123e-01
1.882818341255187988e-01
1.269334256649017334e-01
1.823579519987106323e-01
8.739247918128967285e-02
2.125637978315353394e-01
6.991215795278549194e-02
2.215388417243957520e-01
1.057692244648933411e-01
4.137666150927543640e-02
2.721025943756103516e-01
2.220299839973449707e-01
6.604386866092681885e-02
1.534181535243988037e-01
2.273359894752502441e-01
1.918600648641586304e-01
3.236774802207946777e-01
2.050215899944305420e-01
4.903522506356239319e-02
2.830825448036193848e-01
8.119406551122665405e-02
2.205222249031066895e-01
3.356220126152038574e-01
1.324874162673950195e-01
1.608834117650985718e-01
2.569786906242370605e-01
7.053503394126892090e-02
6.531719118356704712e-02
7.454184442758560181e-02
2.369322776794433594e-01
5.485389754176139832e-02
1.290361285209655762e-01
2.062623798847198486e-01
7.397794723510742188e-02
4.846669360995292664e-02
3.932042717933654785e-01
1.393875479698181152e-01
1.384240686893463135e-01
4.801887273788452148e-02
1.807493269443511963e-01
3.499369621276855469e-01
3.076345920562744141e-01
6.126498430967330933e-02
1.833467483520507812e-01
1.019239425659179688e-01
1.577534079551696777e-01
1.915008127689361572e-01
1.540534198284149170e-01
1.056066825985908508e-01
1.218651682138442993e-01
2.119722664356231689e-01
1.170089542865753174e-01
1.624665260314941406e-01
2.150799632072448730e-01
6.971677392721176147e-02
1.858144104480743408e-01
1.707960665225982666e-01
2.850104570388793945e-01
1.177598163485527039e-01
2.363587170839309692e-01
1.355463862419128418e-01
1.275999695062637329e-01
1.064763814210891724e-01
1.286754906177520752e-01
2.220375537872314453e-01
2.680847048759460449e-01
1.771470606327056885e-01
4.829367995262145996e-01
2.083175778388977051e-01
1.513872444629669189e-01
2.898644804954528809e-01
2.827523350715637207e-01
1.893976330757141113e-01
1.695882380008697510e-01
2.215523421764373779e-01
1.899910867214202881e-01
1.080204918980598450e-01
5.219866037368774414e-01
9.250476956367492676e-02
2.275217473506927490e-01
3.471685051918029785e-01
3.267990350723266602e-01
8.292125165462493896e-02
6.167335435748100281e-02
3.369253873825073242e-01
2.986793518066406250e-01
1.288260519504547119e-01
2.006973326206207275e-01
1.753053218126296997e-01
3.823525905609130859e-01
1.032017394900321960e-01
4.206424653530120850e-01
4.798158630728721619e-02
4.397095441818237305e-01
8.509319275617599487e-02
1.617207527160644531e-01
2.226798087358474731e-01
2.239523828029632568e-01
1.256028115749359131e-01
2.957138419151306152e-01
2.692524790763854980e-01
2.468300014734268188e-01
1.974913179874420166e-01
1.444542109966278076e-01
1.016983166337013245e-01
1.779630631208419800e-01
1.247341781854629517e-01
1.238781213760375977e-01
2.074034661054611206e-01
1.266078054904937744e-01
1.497645378112792969e-01
1.082227677106857300e-01
2.995709180831909180e-01
7.188729941844940186e-02
1.752750277519226074e-01
1.607285141944885254e-01
1.064492985606193542e-01
5.731149017810821533e-02
3.189168497920036316e-02
8.198169618844985962e-02
2.221362143754959106e-01
3.613489121198654175e-02
7.104632258415222168e-02
6.140840426087379456e-02
5.476780608296394348e-02
1.625972986221313477e-01
1.103942394256591797e-01
1.357565522193908691e-01
1.844262778759002686e-01
1.964902579784393311e-01
2.216445505619049072e-01
3.182536065578460693e-01
3.240118026733398438e-01
1.578347682952880859e-01
1.403671801090240479e-01
1.714260876178741455e-01
1.667409837245941162e-01
4.410206526517868042e-02
5.149157345294952393e-02
4.066850990056991577e-02
2.363725602626800537e-01
1.255223304033279419e-01
8.850760757923126221e-02
2.771536409854888916e-01
3.213757276535034180e-01
1.623676717281341553e-01
1.505606472492218018e-01
2.110715508460998535e-01
2.430806607007980347e-01
2.439290285110473633e-01
1.127694919705390930e-01
3.100492954254150391e-01
4.183225631713867188e-01
3.270272910594940186e-01
4.425870478153228760e-01
2.986533343791961670e-01
3.975897431373596191e-01
1.610378026962280273e-01
1.276838928461074829e-01
1.834237277507781982e-01
1.487771272659301758e-01
2.234373688697814941e-01
1.076261177659034729e-01
2.748162746429443359e-01
1.499520540237426758e-01
2.251030057668685913e-01
1.537272632122039795e-01
3.456566631793975830e-01
1.940124928951263428e-01
1.243910044431686401e-01
2.479358464479446411e-01
2.882990837097167969e-01
7.975038886070251465e-02
1.921344995498657227e-01
1.211711689829826355e-01
6.952324509620666504e-02
2.489663958549499512e-01
1.965153813362121582e-01
1.538397520780563354e-01
2.126019001007080078e-01
1.919939368963241577e-01
1.509865522384643555e-01
1.208629608154296875e-01
3.112888932228088379e-01
6.970899552106857300e-02
5.238744020462036133e-01
1.512519419193267822e-01
1.834242641925811768e-01
7.892151921987533569e-02
2.145045846700668335e-01
2.524596452713012695e-01
1.672291457653045654e-01
1.836442947387695312e-01
1.429557353258132935e-01
2.047562003135681152e-01
3.401366174221038818e-01
8.059071004390716553e-02
1.161006540060043335e-01
2.214533984661102295e-01
3.307716250419616699e-01
1.309484839439392090e-01
4.187380671501159668e-01
6.693291664123535156e-02
8.256778866052627563e-02
9.385908395051956177e-02
1.354166716337203979e-01
1.610959768295288086e-01
6.002015620470046997e-02
1.886657178401947021e-01
6.021600961685180664e-02
2.112679183483123779e-01
2.799423038959503174e-01
2.223511338233947754e-01
1.541373431682586670e-01
8.992163091897964478e-02
4.321131855249404907e-02
2.385842204093933105e-01
1.722498834133148193e-01
3.076906502246856689e-01
1.571590900421142578e-01
4.669665098190307617e-01
2.285911291837692261e-01
1.786777377128601074e-01
1.577603220939636230e-01
1.943070292472839355e-01
5.401961803436279297e-01
1.339679360389709473e-01
1.694120466709136963e-01
1.216403990983963013e-01
1.249408721923828125e-01
2.701794207096099854e-01
4.902134463191032410e-02
1.448244750499725342e-01
4.251314103603363037e-01
3.925889134407043457e-01
4.734760522842407227e-01
4.111775457859039307e-01
2.334192991256713867e-01
2.929974496364593506e-01
1.437968015670776367e-01
2.503300905227661133e-01
2.925309538841247559e-01
3.067303597927093506e-01
3.758862018585205078e-01
3.236185312271118164e-01
1.520898342132568359e-01
2.498441934585571289e-01
1.234237626194953918e-01
3.164802193641662598e-01
2.242464274168014526e-01
2.227643430233001709e-01
2.835367321968078613e-01
2.240649759769439697e-01
2.324711382389068604e-01
1.707290560007095337e-01
3.189709782600402832e-01
1.694989800453186035e-01
2.834945917129516602e-01
2.250401228666305542e-01
3.271465003490447998e-01
1.055393218994140625e-01
1.050569862127304077e-01
1.811321228742599487e-01
1.131716743111610413e-01
1.834468692541122437e-01
9.752386808395385742e-02
1.832435876131057739e-01
1.727682352066040039e-01
5.636393651366233826e-02
1.953389346599578857e-01
4.418125152587890625e-01
1.717708110809326172e-01
3.090156316757202148e-01
1.463240981101989746e-01
1.029064357280731201e-01
1.571474224328994751e-01
1.446096152067184448e-01
3.785640001296997070e-02
3.590409159660339355e-01
2.016258686780929565e-01
9.910764545202255249e-02
6.587789952754974365e-02
8.769053220748901367e-02
3.454779386520385742e-01
2.488108575344085693e-01
2.108302712440490723e-01
3.083675503730773926e-01
2.489098012447357178e-01
6.978821009397506714e-02
2.491035759449005127e-01
7.913818955421447754e-02
7.704377174377441406e-02
3.188982009887695312e-01
3.191037178039550781e-01
4.912415444850921631e-01
5.829307064414024353e-02
2.280990928411483765e-01
5.324686169624328613e-01
2.235801368951797485e-01
2.973776459693908691e-01
1.699915230274200439e-01
1.740346550941467285e-01
2.423414885997772217e-01
1.422686576843261719e-01
4.559248685836791992e-01
1.719896793365478516e-01
1.345556676387786865e-01
2.684009373188018799e-01
1.676653325557708740e-01
1.261513382196426392e-01
1.249271035194396973e-01
3.291123509407043457e-01
1.820520013570785522e-01
2.108975201845169067e-01
3.381571173667907715e-01
3.184815645217895508e-01
1.707614362239837646e-01
1.606911122798919678e-01
8.866719901561737061e-02
4.327609837055206299e-01
1.903212070465087891e-01
3.644992411136627197e-02
3.668563961982727051e-01
2.750312983989715576e-01
2.675517201423645020e-01
5.764557048678398132e-02
1.595659554004669189e-01
1.128167659044265747e-01
3.452921509742736816e-01
1.848786115646362305e+00
