1.740196943283081055e-01
3.742150962352752686e-01
1.510850489139556885e-01
1.824184358119964600e-01
1.667756140232086182e-01
4.520730078220367432e-01
1.892575323581695557e-01
4.239838123321533203e-01
2.151476442813873291e-01
2.345142066478729248e-01
2.128730714321136475e-01
1.096810102462768555e-01
1.993923485279083252e-01
1.990891247987747192e-01
2.248140275478363037e-01
3.425380885601043701e-01
3.056782782077789307e-01
6.649488210678100586e-02
1.184737384319305420e-01
1.820106357336044312e-01
1.672418862581253052e-01
6.400749832391738892e-02
1.995902061462402344e-01
8.258894830942153931e-02
2.668932825326919556e-02
7.205361872911453247e-02
1.115503460168838501e-01
4.378754496574401855e-01
2.013281881809234619e-01
1.322630047798156738e-01
8.151489496231079102e-02
2.669850736856460571e-02
1.528850346803665161e-01
2.596391439437866211e-01
5.094658210873603821e-02
8.171358704566955566e-02
2.582415342330932617e-01
5.675782561302185059e-01
1.332513839006423950e-01
3.383374214172363281e-01
3.919052183628082275e-01
7.197465747594833374e-02
4.587212800979614258e-01
3.262262940406799316e-01
4.435609653592109680e-02
9.385044872760772705e-02
1.378036737442016602e-01
5.072520673274993896e-02
1.991684883832931519e-01
4.347529113292694092e-01
4.351170361042022705e-02
1.406161934137344360e-01
3.008199930191040039e-01
3.296906650066375732e-01
2.724843025207519531e-01
1.814518868923187256e-01
1.899660974740982056e-01
1.253177672624588013e-01
1.667909622192382812e-01
1.302298754453659058e-01
1.277240961790084839e-01
2.301398217678070068e-01
2.441308498382568359e-01
4.199979305267333984e-01
1.678569465875625610e-01
1.508671194314956665e-01
1.867200583219528198e-01
1.221868172287940979e-01
1.408457309007644653e-01
8.196987956762313843e-02
2.797389030456542969e-01
2.826057076454162598e-01
2.899101376533508301e-01
3.467575907707214355e-01
3.953546881675720215e-01
7.490900158882141113e-02
1.947252452373504639e-01
1.854483932256698608e-01
1.196630001068115234e-01
2.394304722547531128e-01
2.467059493064880371e-01
1.504280865192413330e-01
2.630426287651062012e-01
3.245227634906768799e-01
2.219440042972564697e-01
5.062390863895416260e-02
1.638365983963012695e-01
9.821882843971252441e-02
9.658866375684738159e-02
1.553240269422531128e-01
5.159868001937866211e-01
3.093539774417877197e-01
1.551524698734283447e-01
1.553527712821960449e-01
2.316087335348129272e-01
1.331154257059097290e-01
1.417131721973419189e-01
3.355529904365539551e-01
1.662555783987045288e-01
2.140264809131622314e-01
2.749323844909667969e-01
3.918542265892028809e-01
1.292004585266113281e-01
1.100331842899322510e-01
1.656127274036407471e-01
3.180106580257415771e-01
4.171370863914489746e-01
2.382793724536895752e-01
2.280585318803787231e-01
1.602710485458374023e-01
1.397933810949325562e-01
5.207438766956329346e-02
3.266738057136535645e-01
1.957591921091079712e-01
2.539499998092651367e-01
1.783912628889083862e-01
1.548384726047515869e-01
2.546617984771728516e-01
1.525290906429290771e-01
3.857992291450500488e-01
1.985348761081695557e-01
2.244520336389541626e-01
1.305041611194610596e-01
2.547265589237213135e-01
1.245791688561439514e-01
2.192894518375396729e-01
1.943928897380828857e-01
1.521860957145690918e-01
2.668921649456024170e-01
6.170082837343215942e-02
8.737995475530624390e-02
8.712262660264968872e-02
3.832669258117675781e-01
2.210398316383361816e-01
2.614365220069885254e-01
1.146306321024894714e-01
1.035381108522415161e-01
2.753372788429260254e-01
1.280625015497207642e-01
1.433032900094985962e-01
1.273879706859588623e-01
1.442259252071380615e-01
2.026385664939880371e-01
2.166657149791717529e-01
1.184522658586502075e-01
1.408562809228897095e-01
2.652598619461059570e-01
2.331710010766983032e-01
1.090142726898193359e-01
1.028658673167228699e-01
4.592972993850708008e-02
2.026900947093963623e-01
1.908463537693023682e-01
8.933956176042556763e-02
2.798100709915161133e-01
1.925205886363983154e-01
3.758332729339599609e-01
1.241597235202789307e-01
1.578081250190734863e-01
8.269588649272918701e-02
1.363197267055511475e-01
2.629302144050598145e-01
3.468020260334014893e-01
1.390132457017898560e-01
1.691391766071319580e-01
2.077282518148422241e-01
1.376541703939437866e-01
2.518541514873504639e-01
3.415565788745880127e-01
3.358083963394165039e-01
3.318772912025451660e-01
5.767285823822021484e-02
5.455319285392761230e-01
1.889069378376007080e-01
2.276377379894256592e-01
5.291231274604797363e-01
2.351284027099609375e-01
9.426805377006530762e-02
9.977898746728897095e-02
1.560833156108856201e-01
2.608459293842315674e-01
1.592693924903869629e-01
2.262841165065765381e-01
2.986461818218231201e-01
2.535652220249176025e-01
2.948459088802337646e-01
9.611052274703979492e-02
3.446732461452484131e-01
3.150289654731750488e-01
1.962019801139831543e-01
1.694021821022033691e-01
1.665180027484893799e-01
1.172274872660636902e-01
1.376283466815948486e-01
2.491685301065444946e-01
1.228473782539367676e-01
1.819888353347778320e-01
1.567452996969223022e-01
1.022719219326972961e-01
7.478983700275421143e-02
1.085980236530303955e-01
1.053537875413894653e-01
9.122246503829956055e-02
6.714026629924774170e-02
2.069699168205261230e-01
5.682623013854026794e-02
2.258404791355133057e-01
2.286355793476104736e-01
5.017560347914695740e-02
2.582679688930511475e-01
1.888566911220550537e-01
1.896970272064208984e-01
3.354663550853729248e-01
9.954728186130523682e-02
3.883674144744873047e-01
6.605807691812515259e-02
4.312049150466918945e-01
1.329880654811859131e-01
1.977926641702651978e-01
1.682317256927490234e-01
4.261588454246520996e-01
5.601911544799804688e-01
1.012410819530487061e-01
2.207564413547515869e-01
2.030049562454223633e-01
8.901858329772949219e-02
1.836587935686111450e-01
2.266696989536285400e-01
2.547004818916320801e-01
1.392617076635360718e-01
2.146648019552230835e-01
1.373960375785827637e-01
8.723643422126770020e-02
1.553116738796234131e-01
1.130157262086868286e-01
2.747697830200195312e-01
3.970710560679435730e-02
2.783703505992889404e-01
1.466860771179199219e-01
1.118957847356796265e-01
1.332254558801651001e-01
1.650867164134979248e-01
6.215549632906913757e-02
2.551541924476623535e-01
1.877417266368865967e-01
6.072775647044181824e-02
1.490750163793563843e-01
8.235659450292587280e-02
2.061608135700225830e-01
3.031584322452545166e-01
2.707160413265228271e-01
1.094122603535652161e-01
1.032914295792579651e-01
2.623843550682067871e-01
1.978960782289505005e-01
1.866420656442642212e-01
2.424546480178833008e-01
2.713004648685455322e-01
6.616669148206710815e-02
1.465594768524169922e-01
1.551861166954040527e-01
3.206222057342529297e-01
1.435028612613677979e-01
8.575493842363357544e-02
3.405120670795440674e-01
9.350949525833129883e-02
7.829347252845764160e-02
1.465840339660644531e-01
2.210949063301086426e-01
1.714964807033538818e-01
3.975797891616821289e-01
6.764952093362808228e-02
2.293727099895477295e-01
1.092804968357086182e-01
1.920286715030670166e-01
1.446766108274459839e-01
2.221442162990570068e-01
2.393732368946075439e-01
1.366112083196640015e-01
1.990590095520019531e-01
2.234069108963012695e-01
1.968154311180114746e-01
6.681410223245620728e-02
3.698169440031051636e-02
1.963437497615814209e-01
2.098294496536254883e-01
3.402702510356903076e-02
8.282778412103652954e-02
8.092832565307617188e-02
2.596408128738403320e-01
1.483568996191024780e-01
3.251477479934692383e-01
1.859040856361389160e-01
2.159731686115264893e-01
1.387355327606201172e-01
2.713797688484191895e-01
6.423102319240570068e-02
1.554537862539291382e-01
3.896292150020599365e-01
2.046629935503005981e-01
2.716816067695617676e-01
1.753289401531219482e-01
8.282689750194549561e-02
1.767097562551498413e-01
5.075589418411254883e-01
2.915053367614746094e-01
2.936156392097473145e-01
9.067048132419586182e-02
2.959350943565368652e-01
8.106001466512680054e-02
9.913438558578491211e-02
9.497503936290740967e-02
2.200170457363128662e-01
1.858941316604614258e-01
1.667863726615905762e-01
2.542479932308197021e-01
5.444826185703277588e-02
2.531851232051849365e-01
2.936295270919799805e-01
1.479367315769195557e-01
2.408980876207351685e-01
2.772395610809326172e-01
2.114828526973724365e-01
1.994548290967941284e-01
1.138726919889450073e-01
9.453772008419036865e-02
1.140060573816299438e-01
1.869190037250518799e-01
1.011731326580047607e-01
1.765494644641876221e-01
1.645966321229934692e-01
3.735176324844360352e-01
1.522658765316009521e-01
1.260824203491210938e-01
2.039961218833923340e-01
2.938322424888610840e-01
1.354024410247802734e-01
4.306222796440124512e-01
3.751995563507080078e-01
1.146267354488372803e-01
3.014353215694427490e-01
2.138614505529403687e-01
4.646835029125213623e-01
3.429821133613586426e-01
2.042704075574874878e-01
4.053283929824829102e-01
4.038656353950500488e-01
1.802126765251159668e-01
1.516203284263610840e-01
1.368863582611083984e-01
3.492319956421852112e-02
2.851448655128479004e-01
4.994796514511108398e-01
1.553538143634796143e-01
2.025793790817260742e-01
1.307503879070281982e-01
3.083371818065643311e-01
2.244050502777099609e-01
1.093220338225364685e-01
1.608733981847763062e-01
2.260924726724624634e-01
2.243986427783966064e-01
7.521500438451766968e-02
6.182155385613441467e-02
1.135654896497726440e-01
1.628640741109848022e-01
2.632432281970977783e-01
1.277382373809814453e-01
9.342445433139801025e-02
3.567749634385108948e-02
8.308884501457214355e-02
2.264468222856521606e-01
2.387799471616744995e-01
1.056708246469497681e-01
3.220371305942535400e-01
2.475991845130920410e-01
2.492443919181823730e-01
3.958652541041374207e-02
1.981564313173294067e-01
3.742404282093048096e-01
2.275246530771255493e-01
3.935237228870391846e-01
1.915625333786010742e-01
2.541328072547912598e-01
1.551590263843536377e-01
1.374920010566711426e-01
1.689997911453247070e-01
1.869544982910156250e-01
2.818508744239807129e-01
3.670069575309753418e-01
2.782423198223114014e-01
3.152731657028198242e-01
1.697297990322113037e-01
2.543412744998931885e-01
8.157509565353393555e-02
1.581919491291046143e-01
9.871797263622283936e-02
1.172943562269210815e-01
2.502977550029754639e-01
5.714877694845199585e-02
1.022077649831771851e-01
9.539502114057540894e-02
8.781448006629943848e-02
7.627169787883758545e-02
2.834379971027374268e-01
1.389650106430053711e-01
3.276421725749969482e-01
3.291548192501068115e-01
3.378178775310516357e-01
2.269549071788787842e-01
1.756645590066909790e-01
5.736969038844108582e-02
3.853353857994079590e-01
1.171083673834800720e-01
1.553786396980285645e-01
1.405063271522521973e-01
1.403630971908569336e-01
8.520939201116561890e-02
1.297821998596191406e-01
2.905411422252655029e-01
3.105263113975524902e-01
2.964324951171875000e-01
2.561889588832855225e-01
1.090447902679443359e-01
1.502892524003982544e-01
1.072495132684707642e-01
1.539861112833023071e-01
2.118618339300155640e-01
2.159929871559143066e-01
1.237522214651107788e-01
2.293839156627655029e-01
2.422315478324890137e-01
2.153992652893066406e-01
2.055333256721496582e-01
1.822239756584167480e-01
1.593188494443893433e-01
1.011280715465545654e-01
2.515674829483032227e-01
2.898534536361694336e-01
1.324612051248550415e-01
1.601625084877014160e-01
1.419201791286468506e-01
2.205032408237457275e-01
1.762265264987945557e-01
2.640691995620727539e-01
8.223974704742431641e-02
1.781666725873947144e-01
1.895520687103271484e-01
2.522040605545043945e-01
2.940067052841186523e-01
3.485277593135833740e-01
2.885676622390747070e-01
1.092935800552368164e-01
1.177843213081359863e-01
3.106808066368103027e-01
1.674548983573913574e-01
2.612126469612121582e-01
2.657016515731811523e-01
2.742457389831542969e-01
1.768091022968292236e-01
9.509532153606414795e-02
1.311743706464767456e-01
9.437032788991928101e-02
1.048157960176467896e-01
2.490528076887130737e-01
2.033454775810241699e-01
2.262011170387268066e-01
2.226646095514297485e-01
4.671265184879302979e-02
3.102744221687316895e-01
2.252769172191619873e-01
1.694049388170242310e-01
1.382941156625747681e-01
3.954625502228736877e-02
2.854018285870552063e-02
7.970429956912994385e-02
2.240866869688034058e-01
1.159914284944534302e-01
2.868604660034179688e-01
3.664796948432922363e-01
1.240820437669754028e-01
1.471485495567321777e-01
1.388512402772903442e-01
1.382422000169754028e-01
1.111432909965515137e-01
1.077613085508346558e-01
2.356777787208557129e-01
1.388047337532043457e-01
2.651538848876953125e-01
1.304821968078613281e-01
2.162162959575653076e-01
9.294535219669342041e-02
1.281035244464874268e-01
2.105256915092468262e-01
3.346276283264160156e-01
2.732725441455841064e-01
1.360699236392974854e-01
1.116444617509841919e-01
2.493431270122528076e-01
1.819036304950714111e-01
6.404159963130950928e-02
2.303372770547866821e-01
2.744535803794860840e-01
1.715802848339080811e-01
9.112832695245742798e-02
4.363733530044555664e-01
1.142677292227745056e-01
1.024460047483444214e-01
4.639936238527297974e-02
2.762439846992492676e-01
1.468754559755325317e-01
1.037576720118522644e-01
3.010107874870300293e-01
1.116307899355888367e-01
3.435953259468078613e-01
4.872136116027832031e-01
1.940776109695434570e-01
6.723922491073608398e-02
4.279182255268096924e-01
1.681290566921234131e-01
1.393448412418365479e-01
1.019134148955345154e-01
8.156156539916992188e-02
4.582617878913879395e-01
2.568194568157196045e-01
1.417739093303680420e-01
1.819591820240020752e-01
3.049136400222778320e-01
4.041543900966644287e-01
2.019693553447723389e-01
3.084351122379302979e-01
1.516320258378982544e-01
1.302168369293212891e-01
3.170580565929412842e-01
2.081939429044723511e-01
2.428174614906311035e-01
9.532009065151214600e-02
1.785198152065277100e-01
2.218669652938842773e-01
1.544692814350128174e-01
5.453303456306457520e-02
1.138741597533226013e-01
2.644689679145812988e-01
2.136972248554229736e-01
3.080264031887054443e-01
1.424917429685592651e-01
1.584910303354263306e-01
1.454405188560485840e-01
2.158996015787124634e-01
1.378416270017623901e-01
1.714085042476654053e-01
2.118366658687591553e-01
1.632932275533676147e-01
2.066439688205718994e-01
3.775291144847869873e-01
2.440370917320251465e-01
1.057756096124649048e-01
1.755811870098114014e-01
1.337124407291412354e-01
2.387460768222808838e-01
1.396571397781372070e-01
9.177855402231216431e-02
4.123774170875549316e-01
2.242461740970611572e-01
1.181494444608688354e-01
1.714415401220321655e-01
1.695995330810546875e-01
4.352166876196861267e-02
6.948404014110565186e-02
8.617207407951354980e-02
1.142407357692718506e-01
4.189232885837554932e-01
3.869011700153350830e-01
7.640156149864196777e-02
1.963556259870529175e-01
4.062225669622421265e-02
5.480520427227020264e-02
1.129754781723022461e-01
9.565317630767822266e-02
3.379302024841308594e-01
7.793240994215011597e-02
2.085236310958862305e-01
1.982019543647766113e-01
1.860145628452301025e-01
1.430546343326568604e-01
1.338755339384078979e-01
2.427882105112075806e-01
1.036039963364601135e-01
1.772289872169494629e-01
1.244373247027397156e-01
3.157624304294586182e-01
2.019672095775604248e-01
1.693613380193710327e-01
2.880949974060058594e-01
1.919280737638473511e-01
3.066768348217010498e-01
1.421032547950744629e-01
2.217838466167449951e-01
1.095739603042602539e-01
1.722382754087448120e-01
2.277516871690750122e-01
4.566055163741111755e-02
7.589752227067947388e-02
2.915746271610260010e-01
2.195065766572952271e-01
2.638687789440155029e-01
1.453300565481185913e-01
1.625930219888687134e-01
2.629912495613098145e-01
2.271605432033538818e-01
2.414880096912384033e-01
3.852429986000061035e-01
2.185690999031066895e-01
1.894041001796722412e-01
1.935405880212783813e-01
2.437340617179870605e-01
6.100364774465560913e-02
2.340847551822662354e-01
2.638994157314300537e-01
2.290838509798049927e-01
6.935404241085052490e-02
5.780538320541381836e-01
2.803006470203399658e-01
2.087628543376922607e-01
2.638223767280578613e-01
2.370723485946655273e-01
1.451139152050018311e-01
3.279820978641510010e-01
2.304282784461975098e-01
1.771026402711868286e-01
1.634522974491119385e-01
2.204743772745132446e-01
8.886253833770751953e-02
2.587271332740783691e-01
1.586903333663940430e-01
1.658748090267181396e-01
3.251385688781738281e-01
2.966620922088623047e-01
3.843154907226562500e-01
1.000253483653068542e-01
8.968595415353775024e-02
1.749633699655532837e-01
2.581655681133270264e-01
1.960655152797698975e-01
6.995605677366256714e-02
1.508073806762695312e-01
1.180771887302398682e-01
8.638918399810791016e-02
6.560525298118591309e-02
5.618409067392349243e-02
3.712953925132751465e-01
1.786081492900848389e-01
8.397603780031204224e-02
2.322050631046295166e-01
6.720104068517684937e-02
9.869666397571563721e-02
2.513536810874938965e-01
2.979787290096282959e-01
3.278633356094360352e-01
1.007381677627563477e-01
1.112605482339859009e-01
5.244382470846176147e-02
4.889502823352813721e-01
1.578076481819152832e-01
1.006157472729682922e-01
2.611763179302215576e-01
7.531401515007019043e-02
2.994030714035034180e-01
1.283845752477645874e-01
1.298863589763641357e-01
1.920535564422607422e-01
5.531387925148010254e-01
1.355494558811187744e-01
9.935607016086578369e-02
8.707664906978607178e-02
4.728121459484100342e-01
1.397407203912734985e-01
9.276365488767623901e-02
1.256827712059020996e-01
1.387111693620681763e-01
2.255150973796844482e-01
3.387819230556488037e-01
1.442101001739501953e-01
8.411379903554916382e-02
1.471339464187622070e-01
8.633582293987274170e-02
2.765327692031860352e-01
8.456906676292419434e-02
5.087385699152946472e-02
1.440867036581039429e-01
3.366054594516754150e-01
1.886765956878662109e-01
2.998445034027099609e-01
2.090816348791122437e-01
1.176837235689163208e-01
1.673215925693511963e-01
4.923047721385955811e-01
2.401595115661621094e-01
8.748944103717803955e-02
1.087647750973701477e-01
1.339295208454132080e-01
9.545091539621353149e-02
8.156624436378479004e-02
4.048427343368530273e-01
1.752888411283493042e-01
2.022644579410552979e-01
8.454747498035430908e-02
1.333781778812408447e-01
2.317191064357757568e-01
1.240129396319389343e-01
1.516307592391967773e-01
1.025079041719436646e-01
1.863495707511901855e-01
1.195835471153259277e-01
4.274535924196243286e-02
1.819116920232772827e-01
2.667919397354125977e-01
9.474824368953704834e-02
1.624185740947723389e-01
4.664949774742126465e-01
8.929111063480377197e-02
2.287645787000656128e-01
6.299167871475219727e-02
2.041576653718948364e-01
8.379530906677246094e-02
1.556846946477890015e-01
1.304792463779449463e-01
3.204907476902008057e-01
1.252868771553039551e-01
1.613079905509948730e-01
1.608924716711044312e-01
2.040589749813079834e-01
3.039399385452270508e-01
3.270685970783233643e-01
5.579729750752449036e-02
3.272031992673873901e-02
2.034553289413452148e-01
9.947820752859115601e-02
1.525264978408813477e-01
3.772058486938476562e-01
4.190524220466613770e-01
3.596305549144744873e-01
3.269810974597930908e-01
1.890535354614257812e-01
1.035293787717819214e-01
1.391678899526596069e-01
2.536436915397644043e-01
2.602022886276245117e-01
9.805572032928466797e-02
1.079729422926902771e-01
8.538368344306945801e-02
4.232562184333801270e-01
1.661764383316040039e-01
2.867117822170257568e-01
1.218951344490051270e-01
7.332259416580200195e-02
3.024814091622829437e-02
5.086845159530639648e-02
3.249883055686950684e-01
4.149869084358215332e-02
1.013061106204986572e-01
1.780432313680648804e-01
2.419108003377914429e-01
3.634817600250244141e-01
3.413926064968109131e-01
1.537644267082214355e-01
9.260382503271102905e-02
3.873001635074615479e-01
1.700145751237869263e-01
9.471055865287780762e-02
1.479838341474533081e-01
3.014783561229705811e-01
1.345883607864379883e-01
1.545179039239883423e-01
1.169612854719161987e-01
2.440883815288543701e-01
2.668675780296325684e-01
5.768703222274780273e-01
1.401171237230300903e-01
7.507444918155670166e-02
2.044587731361389160e-01
2.445575296878814697e-01
1.727648377418518066e-01
1.674084663391113281e-01
1.783245652914047241e-01
9.545750916004180908e-02
1.857454776763916016e-01
1.649582982063293457e-01
2.432892173528671265e-01
1.876271814107894897e-01
3.672949075698852539e-01
1.901841312646865845e-01
1.618507206439971924e-01
1.831613332033157349e-01
1.436308175325393677e-01
7.913489639759063721e-02
3.635929524898529053e-01
2.449670881032943726e-01
1.490331441164016724e-01
1.313862651586532593e-01
1.057013496756553650e-01
4.418146312236785889e-01
7.086984068155288696e-02
1.345349550247192383e-01
2.242237925529479980e-01
7.221728563308715820e-02
5.301173925399780273e-01
2.363804727792739868e-01
1.706321239471435547e-01
1.460487842559814453e-01
3.845019340515136719e-01
7.803599536418914795e-02
1.545031815767288208e-01
7.608046382665634155e-02
1.580046862363815308e-01
3.359280824661254883e-01
1.279279738664627075e-01
2.364690303802490234e-01
3.244706988334655762e-01
9.364157170057296753e-02
1.197017580270767212e-01
1.981817036867141724e-01
2.166577875614166260e-01
1.987268328666687012e-01
1.546003073453903198e-01
2.378910183906555176e-01
3.126217722892761230e-01
2.087737470865249634e-01
1.966966092586517334e-01
1.433031260967254639e-01
2.135488688945770264e-01
4.494306743144989014e-01
2.095263451337814331e-01
6.140860170125961304e-02
1.848407238721847534e-01
1.963631510734558105e-01
1.261289417743682861e-01
1.580664813518524170e-01
3.278765976428985596e-01
1.536768078804016113e-01
1.939155459403991699e-01
2.904275953769683838e-01
9.938496351242065430e-02
8.836865425109863281e-02
1.842252314090728760e-01
8.222548663616180420e-02
1.296626031398773193e-01
3.250808119773864746e-01
2.668384015560150146e-01
1.625579595565795898e-01
7.304661720991134644e-02
1.447654664516448975e-01
4.736831486225128174e-01
2.150784730911254883e-01
5.187205076217651367e-01
1.263287514448165894e-01
1.470046639442443848e-01
2.902233600616455078e-01
8.242724090814590454e-02
1.864269971847534180e-01
5.053394287824630737e-02
8.508135378360748291e-02
5.660941451787948608e-02
3.048923909664154053e-01
4.875533655285835266e-02
3.674348890781402588e-01
2.936946228146553040e-02
6.261674314737319946e-02
1.407439410686492920e-01
2.661512494087219238e-01
1.424663066864013672e-01
2.634987831115722656e-01
1.281131654977798462e-01
2.155267894268035889e-01
6.788360327482223511e-02
3.025590181350708008e-01
1.798449009656906128e-01
2.757557332515716553e-01
1.409526467323303223e-01
2.484662234783172607e-01
5.067425593733787537e-02
1.760604083538055420e-01
6.478697061538696289e-02
1.137520074844360352e-01
1.439373046159744263e-01
7.111047953367233276e-02
1.434194743633270264e-01
1.791962981224060059e-01
1.248175576329231262e-01
3.420606628060340881e-02
1.928599476814270020e-01
2.847003340721130371e-01
6.733702868223190308e-02
3.197249770164489746e-01
1.390141993761062622e-01
1.862964928150177002e-01
4.299484193325042725e-01
1.062454581260681152e-01
7.790950685739517212e-02
8.259166777133941650e-02
9.726947546005249023e-02
9.200043976306915283e-02
2.853403389453887939e-01
2.397141754627227783e-01
1.839255839586257935e-01
6.375170499086380005e-02
1.962849050760269165e-01
1.148340925574302673e-01
2.146340608596801758e-01
8.067034184932708740e-02
4.257642477750778198e-02
6.046057119965553284e-02
1.322703212499618530e-01
2.739190161228179932e-01
2.692931592464447021e-01
9.223550558090209961e-02
2.732688188552856445e-01
2.575316727161407471e-01
1.885039806365966797e-01
3.014932870864868164e-01
2.420280575752258301e-01
6.722777336835861206e-02
1.554828584194183350e-01
2.688613533973693848e-01
1.795295625925064087e-01
2.114822715520858765e-01
2.688733339309692383e-01
8.194801956415176392e-02
1.040277779102325439e-01
1.795270740985870361e-01
1.732223629951477051e-01
1.946383714675903320e-01
4.940038025379180908e-01
3.927320539951324463e-01
1.952821612358093262e-01
3.159499764442443848e-01
1.151482239365577698e-01
2.529390454292297363e-01
9.643210470676422119e-02
1.991644501686096191e-01
1.499470174312591553e-01
2.246161997318267822e-01
2.960740923881530762e-01
3.017377853393554688e-01
3.224031925201416016e-01
3.434956669807434082e-01
3.087740242481231689e-01
1.009211838245391846e-01
3.722330927848815918e-02
2.851115465164184570e-01
3.827145993709564209e-01
1.540018171072006226e-01
1.119492799043655396e-01
3.148633539676666260e-01
2.521304488182067871e-01
2.628369033336639404e-01
2.336500138044357300e-01
1.732599884271621704e-01
2.140984684228897095e-01
1.411530375480651855e-01
1.365410238504409790e-01
1.900528073310852051e-01
3.552125394344329834e-02
1.585447192192077637e-01
3.835793435573577881e-01
3.790807723999023438e-01
1.136184036731719971e-01
2.352032661437988281e-01
3.088794350624084473e-01
2.622725069522857666e-01
1.976372152566909790e-01
9.160724282264709473e-02
1.633398234844207764e-01
1.323212683200836182e-01
1.057804226875305176e-01
1.636398881673812866e-01
3.120698332786560059e-01
8.872871100902557373e-02
3.018113970756530762e-01
1.777803301811218262e-01
1.020144075155258179e-01
1.835170537233352661e-01
2.123699188232421875e-01
1.992516666650772095e-01
8.169348537921905518e-02
1.555463969707489014e-01
2.913811206817626953e-01
2.239151000976562500e-01
2.628461122512817383e-01
1.114045083522796631e-01
2.598116099834442139e-01
1.205797344446182251e-01
1.442961394786834717e-01
3.096446394920349121e-01
1.762936413288116455e-01
1.985621601343154907e-01
1.753696352243423462e-01
1.626143604516983032e-01
2.460932433605194092e-01
1.464618593454360962e-01
1.954697370529174805e-01
8.029519021511077881e-02
7.437051832675933838e-02
2.903963327407836914e-01
2.858150899410247803e-01
1.492827832698822021e-01
5.577866360545158386e-02
4.302121400833129883e-01
3.770789504051208496e-01
2.253101319074630737e-01
2.452789396047592163e-01
8.962915837764739990e-02
1.504951715469360352e-01
1.751591563224792480e-01
3.191271424293518066e-01
2.443533092737197876e-01
1.391550749540328979e-01
7.070003449916839600e-02
6.747560203075408936e-02
4.123048782348632812e-01
6.236052885651588440e-02
2.975430488586425781e-01
1.600534766912460327e-01
2.718285918235778809e-01
1.620460748672485352e-01
1.954263150691986084e-01
3.688605427742004395e-01
9.999509900808334351e-02
4.086434245109558105e-01
1.376854032278060913e-01
2.494426667690277100e-01
2.781837582588195801e-01
3.581409454345703125e-01
2.784896492958068848e-01
1.281067281961441040e-01
7.607150822877883911e-02
1.370542943477630615e-01
5.821535736322402954e-02
1.435239315032958984e-01
4.645837470889091492e-02
7.651991397142410278e-02
1.615243554115295410e-01
2.037043720483779907e-01
1.053736805915832520e-01
1.588017046451568604e-01
1.197267919778823853e-01
1.381107121706008911e-01
9.967519342899322510e-02
6.454465538263320923e-02
1.132727712392807007e-01
2.465008348226547241e-01
9.291268885135650635e-02
3.462940752506256104e-01
5.488383769989013672e-02
3.432680368423461914e-01
1.320587247610092163e-01
4.137326478958129883e-01
2.383712977170944214e-01
4.035920500755310059e-01
3.521920144557952881e-01
1.078131496906280518e-01
1.216719895601272583e-01
3.008892536163330078e-01
1.549934744834899902e-01
2.828784883022308350e-01
1.790362000465393066e-01
2.187802046537399292e-01
1.532379090785980225e-01
2.113611102104187012e-01
1.136378198862075806e-01
4.500669240951538086e-02
2.473643273115158081e-01
2.951201200485229492e-01
1.672109663486480713e-01
1.735731959342956543e-01
1.524718850851058960e-01
1.143123432993888855e-01
1.557466387748718262e-01
1.148511767387390137e-01
4.923168569803237915e-02
9.771502763032913208e-02
9.307409077882766724e-02
3.651893436908721924e-01
1.109663397073745728e-01
2.640081644058227539e-01
2.564210891723632812e-01
1.187515184283256531e-01
1.284194290637969971e-01
5.693417787551879883e-02
3.048353791236877441e-01
1.473476439714431763e-01
1.646562367677688599e-01
2.528763115406036377e-01
2.795213460922241211e-01
2.309612333774566650e-01
8.299763500690460205e-02
1.325830817222595215e-01
2.482411861419677734e-01
2.563414275646209717e-01
2.446031570434570312e-01
2.720609009265899658e-01
2.942467927932739258e-01
4.056620597839355469e-01
3.005170822143554688e-02
8.801995962858200073e-02
1.515596508979797363e-01
9.107226878404617310e-02
2.819310724735260010e-01
2.326406389474868774e-01
2.775770127773284912e-01
1.411814093589782715e-01
7.379564642906188965e-02
5.347435921430587769e-02
9.547895193099975586e-02
3.018631637096405029e-01
2.484138011932373047e-01
6.846378743648529053e-02
1.698203086853027344e-01
2.283105850219726562e-01
7.609064877033233643e-02
2.994163334369659424e-01
2.114268094301223755e-01
1.441552042961120605e-01
2.194070219993591309e-01
2.820817232131958008e-01
1.638128310441970825e-01
1.252182126045227051e-01
2.573576271533966064e-01
4.342262744903564453e-01
1.222372651100158691e-01
2.525135874748229980e-01
2.127806544303894043e-01
1.579899936914443970e-01
1.896158456802368164e-01
5.860299617052078247e-02
3.111837506294250488e-01
3.977920711040496826e-01
2.338560670614242554e-01
1.787618249654769897e-01
2.883673012256622314e-01
9.103749692440032959e-02
1.256071031093597412e-01
1.637945771217346191e-01
1.778116524219512939e-01
1.255974620580673218e-01
2.617041766643524170e-01
2.234417498111724854e-01
4.057677686214447021e-01
4.705488979816436768e-01
1.970145553350448608e-01
1.762702614068984985e-01
8.185043931007385254e-02
1.174379736185073853e-01
1.536176949739456177e-01
2.637543380260467529e-01
3.386321067810058594e-01
2.507854998111724854e-01
1.423695981502532959e-01
2.050029337406158447e-01
3.623591065406799316e-01
1.218034029006958008e-01
1.215156689286231995e-01
3.134380578994750977e-01
8.042250573635101318e-02
2.614624202251434326e-01
1.202466189861297607e-01
1.815512031316757202e-01
2.619321346282958984e-01
8.798932284116744995e-02
1.888767480850219727e-01
1.277231276035308838e-01
2.342634350061416626e-01
2.527764737606048584e-01
2.083407789468765259e-01
3.149255216121673584e-01
2.523677647113800049e-01
1.059729829430580139e-01
1.013641655445098877e-01
2.085000276565551758e-01
1.048382148146629333e-01
2.006783336400985718e-01
4.321675300598144531e-01
1.633374691009521484e-01
2.082436233758926392e-01
1.135824173688888550e-01
1.099478155374526978e-01
2.897661030292510986e-01
2.128739207983016968e-01
2.111264914274215698e-01
2.734726369380950928e-01
2.407162934541702271e-01
8.771370351314544678e-02
1.220282912254333496e-01
2.984964847564697266e-01
1.234806999564170837e-01
3.632048070430755615e-01
4.377291724085807800e-02
2.494030296802520752e-01
7.422339171171188354e-02
4.887518659234046936e-02
3.242411017417907715e-01
2.964304685592651367e-01
2.029085159301757812e-01
2.218669950962066650e-01
1.733742207288742065e-01
2.056213468313217163e-01
4.993659555912017822e-01
2.753833532333374023e-01
4.422111511230468750e-01
6.018613651394844055e-02
1.234837621450424194e-01
8.033256232738494873e-02
1.204205825924873352e-01
1.728890538215637207e-01
1.890158504247665405e-01
1.324876248836517334e-01
1.076549589633941650e-01
1.063951253890991211e-01
4.441719502210617065e-02
8.455583453178405762e-02
5.739927291870117188e-02
5.455520376563072205e-02
1.041294336318969727e-01
6.915030628442764282e-02
3.057343661785125732e-01
1.846765428781509399e-01
2.553161978721618652e-01
1.021803840994834900e-01
2.535626888275146484e-01
3.813210874795913696e-02
1.863829791545867920e-01
1.041106581687927246e-01
1.668801307678222656e-01
3.138573169708251953e-01
2.940721511840820312e-01
1.975059211254119873e-01
2.949511408805847168e-01
1.276781708002090454e-01
3.550678491592407227e-01
2.696970105171203613e-01
8.068142086267471313e-02
9.266049414873123169e-02
1.292422115802764893e-01
1.927540153264999390e-01
1.306497603654861450e-01
1.509265452623367310e-01
