3.524752259254455566e-01
3.549696803092956543e-01
1.890473067760467529e-01
4.376423060894012451e-01
2.455871105194091797e-01
3.095048964023590088e-01
4.643787443637847900e-01
2.999431192874908447e-01
5.935925245285034180e-01
3.152548372745513916e-01
3.781783878803253174e-01
4.765020608901977539e-01
6.140475273132324219e-01
4.060941338539123535e-01
2.858334183692932129e-01
5.343018770217895508e-01
4.380623698234558105e-01
1.968812346458435059e-01
2.193139493465423584e-01
4.061004519462585449e-01
3.369550704956054688e-01
3.063289523124694824e-01
3.153073191642761230e-01
3.926170766353607178e-01
6.181969642639160156e-01
5.469169616699218750e-01
2.879776954650878906e-01
5.158474445343017578e-01
3.838637769222259521e-01
2.638664245605468750e-01
3.948958218097686768e-01
5.239415168762207031e-01
4.170931577682495117e-01
2.194223999977111816e-01
3.234006166458129883e-01
7.346391081809997559e-01
4.927668869495391846e-01
2.300111353397369385e-01
4.005668163299560547e-01
3.820568621158599854e-01
4.768951237201690674e-01
3.749334812164306641e-01
3.870978057384490967e-01
2.949923872947692871e-01
3.882550597190856934e-01
3.349081873893737793e-01
5.401827692985534668e-01
3.298614025115966797e-01
5.283488631248474121e-01
2.566244304180145264e-01
4.944491982460021973e-01
4.852332472801208496e-01
6.209812164306640625e-01
3.746646046638488770e-01
4.953237473964691162e-01
4.533554017543792725e-01
2.842493653297424316e-01
3.409953713417053223e-01
3.953087329864501953e-01
3.346754610538482666e-01
5.734522938728332520e-01
2.766348421573638916e-01
3.274638652801513672e-01
2.841174304485321045e-01
2.575887441635131836e-01
4.448541998863220215e-01
2.804366648197174072e-01
1.773838102817535400e-01
2.403446435928344727e-01
4.992226958274841309e-01
4.471746683120727539e-01
4.325879812240600586e-01
3.523328006267547607e-01
2.546629309654235840e-01
3.544563055038452148e-01
3.733066618442535400e-01
1.342832148075103760e-01
4.438216686248779297e-01
2.791759669780731201e-01
2.901008129119873047e-01
4.562957286834716797e-01
3.463227152824401855e-01
3.635647892951965332e-01
2.212797701358795166e-01
3.683494329452514648e-01
5.486042499542236328e-01
1.892794668674468994e-01
3.833111226558685303e-01
4.041379392147064209e-01
4.593071937561035156e-01
4.542583823204040527e-01
2.276804894208908081e-01
2.767798900604248047e-01
3.034594953060150146e-01
3.638926148414611816e-01
4.717970788478851318e-01
3.766393661499023438e-01
6.797332763671875000e-01
4.745166599750518799e-01
4.144280552864074707e-01
5.962408185005187988e-01
2.822255194187164307e-01
3.917521238327026367e-01
3.278436064720153809e-01
3.829011321067810059e-01
3.149762153625488281e-01
5.314260721206665039e-01
4.940039813518524170e-01
2.969725430011749268e-01
4.060448110103607178e-01
2.065136730670928955e-01
3.022764921188354492e-01
4.601235389709472656e-01
4.036456346511840820e-01
3.121879100799560547e-01
3.059654831886291504e-01
5.964038372039794922e-01
2.622214257717132568e-01
1.247958615422248840e-01
2.805261909961700439e-01
3.514181375503540039e-01
4.437389373779296875e-01
3.894606828689575195e-01
4.356112778186798096e-01
3.083682060241699219e-01
7.480961680412292480e-01
5.044564008712768555e-01
4.580406248569488525e-01
5.496457815170288086e-01
2.079189866781234741e-01
3.777957260608673096e-01
2.216972410678863525e-01
2.024435102939605713e-01
4.509155154228210449e-01
4.691560566425323486e-01
1.628971397876739502e-01
2.379364371299743652e-01
4.513163566589355469e-01
2.146926820278167725e-01
3.514172434806823730e-01
2.799176573753356934e-01
3.428515791893005371e-01
7.197837233543395996e-01
4.391379952430725098e-01
6.171052455902099609e-01
3.458016514778137207e-01
4.394706189632415771e-01
3.219680488109588623e-01
3.243540525436401367e-01
2.719383835792541504e-01
5.095993280410766602e-01
2.107928395271301270e-01
1.574956029653549194e-01
1.964724510908126831e-01
4.632775187492370605e-01
4.874243140220642090e-01
4.757211804389953613e-01
1.634085178375244141e-01
3.508619070053100586e-01
5.703257918357849121e-01
4.152370393276214600e-01
4.603005051612854004e-01
3.589941263198852539e-01
4.143681228160858154e-01
3.753860592842102051e-01
1.980979144573211670e-01
6.406996250152587891e-01
2.963716685771942139e-01
3.638246655464172363e-01
7.432233095169067383e-01
2.743368148803710938e-01
4.122525453567504883e-01
4.331729114055633545e-01
4.904217422008514404e-01
3.022843003273010254e-01
4.154229164123535156e-01
5.781606435775756836e-01
2.097784429788589478e-01
2.295890450477600098e-01
4.850080609321594238e-01
3.004354536533355713e-01
2.688383758068084717e-01
4.269667863845825195e-01
5.057368278503417969e-01
2.657546997070312500e-01
3.952303528785705566e-01
4.035625457763671875e-01
4.080590009689331055e-01
4.001448154449462891e-01
3.792381286621093750e-01
4.277697503566741943e-01
3.087514042854309082e-01
4.353271126747131348e-01
5.164338350296020508e-01
2.521775662899017334e-01
4.264686703681945801e-01
5.787554979324340820e-01
4.288918972015380859e-01
4.791112542152404785e-01
5.361581444740295410e-01
2.242701202630996704e-01
4.748771190643310547e-01
2.355259954929351807e-01
5.072469115257263184e-01
2.643476128578186035e-01
2.748701274394989014e-01
5.326241850852966309e-01
2.939035892486572266e-01
5.071606636047363281e-01
2.940615117549896240e-01
3.481760025024414062e-01
3.819338083267211914e-01
5.105502605438232422e-01
4.425957798957824707e-01
2.802389264106750488e-01
2.612087130546569824e-01
5.079323053359985352e-01
4.351775646209716797e-01
3.802291750907897949e-01
4.445348978042602539e-01
2.682520151138305664e-01
5.747054815292358398e-01
3.085578680038452148e-01
4.830402135848999023e-01
3.772332072257995605e-01
3.033960759639739990e-01
4.674425721168518066e-01
4.549756646156311035e-01
5.570875406265258789e-01
4.783319830894470215e-01
5.121532678604125977e-01
2.279524207115173340e-01
3.159658610820770264e-01
3.256172239780426025e-01
3.166704773902893066e-01
1.583147943019866943e-01
3.789377808570861816e-01
1.886139810085296631e-01
3.727136850357055664e-01
3.349138796329498291e-01
4.241553843021392822e-01
3.315252065658569336e-01
5.122945308685302734e-01
2.304223179817199707e-01
2.244949787855148315e-01
6.395310163497924805e-01
5.010159611701965332e-01
3.239732384681701660e-01
4.076284766197204590e-01
3.587724268436431885e-01
2.913463413715362549e-01
3.029128909111022949e-01
3.639066517353057861e-01
2.728651165962219238e-01
5.741987824440002441e-01
2.641660571098327637e-01
4.233795106410980225e-01
7.221054434776306152e-01
4.489774107933044434e-01
2.961256504058837891e-01
2.536498904228210449e-01
5.922062397003173828e-01
5.665037035942077637e-01
3.491362631320953369e-01
2.381293475627899170e-01
2.780315876007080078e-01
4.221873283386230469e-01
3.786277174949645996e-01
4.411005973815917969e-01
3.348088264465332031e-01
4.506885111331939697e-01
2.285468876361846924e-01
2.930405437946319580e-01
4.591224789619445801e-01
4.554678797721862793e-01
2.210984379053115845e-01
3.887876868247985840e-01
3.056704699993133545e-01
2.692063748836517334e-01
2.726673483848571777e-01
5.022096037864685059e-01
3.791605830192565918e-01
3.341888189315795898e-01
2.642500400543212891e-01
3.411143422126770020e-01
5.515121221542358398e-01
5.257953405380249023e-01
5.928136110305786133e-01
4.242522418498992920e-01
5.016598701477050781e-01
5.869061946868896484e-01
1.845202147960662842e-01
3.137724101543426514e-01
3.359753489494323730e-01
3.036466836929321289e-01
6.560286283493041992e-01
5.023933053016662598e-01
4.469830989837646484e-01
4.360582232475280762e-01
5.792026519775390625e-01
3.622126281261444092e-01
5.248416662216186523e-01
3.669574558734893799e-01
5.153072476387023926e-01
4.180126190185546875e-01
2.804543375968933105e-01
4.529924094676971436e-01
4.569231271743774414e-01
3.624055683612823486e-01
3.971031010150909424e-01
4.316327571868896484e-01
3.624650835990905762e-01
3.492193520069122314e-01
4.138499200344085693e-01
2.003916054964065552e-01
3.607596457004547119e-01
3.884039521217346191e-01
2.085632383823394775e-01
5.234631299972534180e-01
3.965776264667510986e-01
3.175822794437408447e-01
3.455991148948669434e-01
3.134742975234985352e-01
3.484503328800201416e-01
2.776493132114410400e-01
2.259803265333175659e-01
4.581433832645416260e-01
1.833344399929046631e-01
3.306686580181121826e-01
2.329259514808654785e-01
4.232104718685150146e-01
2.955330908298492432e-01
4.496737420558929443e-01
5.039036273956298828e-01
3.859073519706726074e-01
3.226169943809509277e-01
3.937799632549285889e-01
3.524084687232971191e-01
4.117176532745361328e-01
3.160454034805297852e-01
3.781179189682006836e-01
3.480438888072967529e-01
3.636472821235656738e-01
4.063179194927215576e-01
2.897079885005950928e-01
4.388114213943481445e-01
4.189938902854919434e-01
2.871736586093902588e-01
2.724435627460479736e-01
5.927323698997497559e-01
2.986063659191131592e-01
3.663324117660522461e-01
3.490360677242279053e-01
1.926496922969818115e-01
4.084858000278472900e-01
2.762116789817810059e-01
3.427250087261199951e-01
3.782915472984313965e-01
3.601697981357574463e-01
1.743249893188476562e-01
2.000350058078765869e-01
2.331509292125701904e-01
3.625615835189819336e-01
4.666512608528137207e-01
3.176829814910888672e-01
2.050077915191650391e-01
1.713723838329315186e-01
2.763401865959167480e-01
7.480444908142089844e-01
2.404520213603973389e-01
3.275811076164245605e-01
2.764235734939575195e-01
3.559743165969848633e-01
3.782483935356140137e-01
4.694347977638244629e-01
4.330871105194091797e-01
5.611765384674072266e-01
3.106151819229125977e-01
5.415067672729492188e-01
3.201753497123718262e-01
2.942406237125396729e-01
3.698978424072265625e-01
3.925142586231231689e-01
4.038710594177246094e-01
2.748124003410339355e-01
3.395227193832397461e-01
4.027492105960845947e-01
7.074322700500488281e-01
3.543196916580200195e-01
5.606211423873901367e-01
3.757817149162292480e-01
6.294410228729248047e-01
4.694284796714782715e-01
6.084946990013122559e-01
3.013891279697418213e-01
2.936935126781463623e-01
3.303357064723968506e-01
4.916936755180358887e-01
5.708840489387512207e-01
2.971529066562652588e-01
2.810186743736267090e-01
5.213819742202758789e-01
1.736086606979370117e-01
3.167448937892913818e-01
5.016790032386779785e-01
3.442305028438568115e-01
5.513005256652832031e-01
3.888043165206909180e-01
2.655806243419647217e-01
4.835419058799743652e-01
5.022794008255004883e-01
2.622129321098327637e-01
3.770094513893127441e-01
3.834535479545593262e-01
4.407802224159240723e-01
3.939092755317687988e-01
3.986590504646301270e-01
3.407251834869384766e-01
4.346258640289306641e-01
3.663873672485351562e-01
3.728015124797821045e-01
4.233862161636352539e-01
1.467163562774658203e-01
3.733799457550048828e-01
3.521111905574798584e-01
2.750133275985717773e-01
5.281487703323364258e-01
3.430073261260986328e-01
1.829522550106048584e-01
2.275635004043579102e-01
2.493441551923751831e-01
2.082653790712356567e-01
3.309229910373687744e-01
1.996521949768066406e-01
2.510381937026977539e-01
1.324901431798934937e-01
4.332937598228454590e-01
3.846126198768615723e-01
5.652145743370056152e-01
1.633335649967193604e-01
3.418931961059570312e-01
3.047035336494445801e-01
4.788924157619476318e-01
3.894000053405761719e-01
3.622857630252838135e-01
3.040435910224914551e-01
1.116279885172843933e-01
3.144480586051940918e-01
5.354350805282592773e-01
3.067041337490081787e-01
1.509112566709518433e-01
3.762435019016265869e-01
6.261374950408935547e-01
2.920535504817962646e-01
4.955129325389862061e-01
2.248981744050979614e-01
2.574981153011322021e-01
2.818199396133422852e-01
4.408700466156005859e-01
4.780791401863098145e-01
2.607395052909851074e-01
3.640312850475311279e-01
4.289838075637817383e-01
4.013867974281311035e-01
2.681421935558319092e-01
7.476972341537475586e-01
4.015961885452270508e-01
5.141566991806030273e-01
4.082298576831817627e-01
5.671949386596679688e-01
3.989825248718261719e-01
5.287608504295349121e-01
2.506232261657714844e-01
4.712885022163391113e-01
5.078132152557373047e-01
3.377580940723419189e-01
3.669980764389038086e-01
6.219470500946044922e-01
3.597102761268615723e-01
4.083248972892761230e-01
4.953745305538177490e-01
4.322034418582916260e-01
2.580636739730834961e-01
4.670561552047729492e-01
4.373390376567840576e-01
1.978818029165267944e-01
4.976385533809661865e-01
3.622707724571228027e-01
3.867737948894500732e-01
4.094726443290710449e-01
1.746620535850524902e-01
2.732689678668975830e-01
4.879310727119445801e-01
2.203732728958129883e-01
3.409268856048583984e-01
5.463048219680786133e-01
2.194831669330596924e-01
3.184300959110260010e-01
3.798916935920715332e-01
3.641532063484191895e-01
4.883813261985778809e-01
5.598615407943725586e-01
3.522622287273406982e-01
2.922378778457641602e-01
2.162061780691146851e-01
1.655432581901550293e-01
4.678186178207397461e-01
4.585422873497009277e-01
3.562866449356079102e-01
3.773763477802276611e-01
2.932117283344268799e-01
5.454392433166503906e-01
5.558041334152221680e-01
2.762351632118225098e-01
1.920031607151031494e-01
2.491482794284820557e-01
3.588659167289733887e-01
4.162900149822235107e-01
3.649495542049407959e-01
4.105278849601745605e-01
5.351033806800842285e-01
5.707784891128540039e-01
4.294216930866241455e-01
3.916321694850921631e-01
3.564133644104003906e-01
5.730037689208984375e-01
4.760453104972839355e-01
3.486658930778503418e-01
4.795654416084289551e-01
2.413593232631683350e-01
4.837324321269989014e-01
5.606592893600463867e-01
3.512276709079742432e-01
4.580468833446502686e-01
3.026956319808959961e-01
4.951502382755279541e-01
2.591034173965454102e-01
1.986716836690902710e-01
8.480766415596008301e-01
4.773702621459960938e-01
4.880111813545227051e-01
2.429102659225463867e-01
2.681083381175994873e-01
3.643350005149841309e-01
4.828318953514099121e-01
5.912591814994812012e-01
2.925522327423095703e-01
6.417185664176940918e-01
5.259042382240295410e-01
2.906565666198730469e-01
3.712671399116516113e-01
4.304863214492797852e-01
2.050079405307769775e-01
4.393004179000854492e-01
5.588394403457641602e-01
2.917934060096740723e-01
4.181786179542541504e-01
3.792276978492736816e-01
4.241598248481750488e-01
3.904561102390289307e-01
4.156602025032043457e-01
6.088960766792297363e-01
4.441300034523010254e-01
1.274107992649078369e-01
4.107133746147155762e-01
3.014928698539733887e-01
4.649139642715454102e-01
4.682846069335937500e-01
3.467500209808349609e-01
5.354040861129760742e-01
3.928622007369995117e-01
5.227713584899902344e-01
3.629880547523498535e-01
3.514616191387176514e-01
2.655180096626281738e-01
4.431092739105224609e-01
3.662531673908233643e-01
4.005190432071685791e-01
3.438287079334259033e-01
3.267841637134552002e-01
1.719377785921096802e-01
4.306408166885375977e-01
5.724651813507080078e-01
5.208212137222290039e-01
1.494080424308776855e-01
6.135147213935852051e-01
3.745260834693908691e-01
2.842214405536651611e-01
3.992526829242706299e-01
3.685515224933624268e-01
3.877319097518920898e-01
1.804165542125701904e-01
5.668143033981323242e-01
4.970326423645019531e-01
2.729726731777191162e-01
4.807859659194946289e-01
4.425644874572753906e-01
4.923441708087921143e-01
2.253270447254180908e-01
4.420880079269409180e-01
1.560562103986740112e-01
3.215308785438537598e-01
3.641613423824310303e-01
7.553746700286865234e-01
2.336535453796386719e-01
4.412033855915069580e-01
5.060757398605346680e-01
3.601713776588439941e-01
3.539665639400482178e-01
5.026273727416992188e-01
3.865830302238464355e-01
5.913929343223571777e-01
3.943791389465332031e-01
5.235068798065185547e-01
3.632586598396301270e-01
3.148362636566162109e-01
3.515696525573730469e-01
3.911398053169250488e-01
2.068520188331604004e-01
2.547037601470947266e-01
1.785548329353332520e-01
3.360231518745422363e-01
5.872126817703247070e-01
4.245716929435729980e-01
3.625147640705108643e-01
3.334628045558929443e-01
3.470169603824615479e-01
3.715556263923645020e-01
4.343602955341339111e-01
4.267320632934570312e-01
6.060818433761596680e-01
2.313998937606811523e-01
2.278088182210922241e-01
6.877678632736206055e-01
6.705871820449829102e-01
5.284562110900878906e-01
2.516930103302001953e-01
4.401984810829162598e-01
3.105196654796600342e-01
3.153482079505920410e-01
3.837445974349975586e-01
2.535166144371032715e-01
3.267914354801177979e-01
3.397202491760253906e-01
2.740625143051147461e-01
3.407059013843536377e-01
5.940753221511840820e-01
4.201879501342773438e-01
2.769635617733001709e-01
4.183627963066101074e-01
2.765334248542785645e-01
5.014947652816772461e-01
4.493902921676635742e-01
3.220207095146179199e-01
3.183380663394927979e-01
4.865088164806365967e-01
2.820351719856262207e-01
2.566570639610290527e-01
2.346029281616210938e-01
1.863310635089874268e-01
4.157460033893585205e-01
2.957827448844909668e-01
3.639492988586425781e-01
1.767949759960174561e-01
1.767985671758651733e-01
3.337846100330352783e-01
4.486863613128662109e-01
3.216092288494110107e-01
3.742316663265228271e-01
3.079415559768676758e-01
2.121306359767913818e-01
4.866925477981567383e-01
4.190795123577117920e-01
3.591823577880859375e-01
3.023363649845123291e-01
3.552310764789581299e-01
5.219190120697021484e-01
4.883261322975158691e-01
4.030306041240692139e-01
4.911681115627288818e-01
2.302954494953155518e-01
3.146024644374847412e-01
2.943309247493743896e-01
2.896393835544586182e-01
3.153593838214874268e-01
4.214634895324707031e-01
3.747500181198120117e-01
2.781294286251068115e-01
5.941048264503479004e-01
2.945161461830139160e-01
3.467212319374084473e-01
4.698327779769897461e-01
3.244118094444274902e-01
5.264875292778015137e-01
3.527843356132507324e-01
1.862959563732147217e-01
3.708026111125946045e-01
5.153108835220336914e-01
3.008621037006378174e-01
4.746974110603332520e-01
3.590129017829895020e-01
3.940099477767944336e-01
2.348273843526840210e-01
4.683284461498260498e-01
3.019033670425415039e-01
1.838886141777038574e-01
3.071581423282623291e-01
3.643961846828460693e-01
3.521881997585296631e-01
2.689682245254516602e-01
3.270288109779357910e-01
3.868227601051330566e-01
1.921551525592803955e-01
4.045586585998535156e-01
2.829374372959136963e-01
3.105708062648773193e-01
3.454189300537109375e-01
5.565527081489562988e-01
3.504506349563598633e-01
3.671839237213134766e-01
6.251130104064941406e-01
5.355300903320312500e-01
2.385805249214172363e-01
3.164298236370086670e-01
3.708613216876983643e-01
4.457789063453674316e-01
5.230031013488769531e-01
5.528242588043212891e-01
3.724763393402099609e-01
1.971148252487182617e-01
3.063475787639617920e-01
6.199312210083007812e-01
5.031584501266479492e-01
5.496396422386169434e-01
3.758705854415893555e-01
2.973589897155761719e-01
4.359319210052490234e-01
2.163324803113937378e-01
3.770067989826202393e-01
5.395801067352294922e-01
2.900949716567993164e-01
3.025123476982116699e-01
1.895555257797241211e-01
3.085082471370697021e-01
3.185703158378601074e-01
4.424783885478973389e-01
5.403039455413818359e-01
3.275635242462158203e-01
4.328060150146484375e-01
4.405662417411804199e-01
2.924663424491882324e-01
3.559262156486511230e-01
3.993598222732543945e-01
3.318485617637634277e-01
1.810897588729858398e-01
5.522227883338928223e-01
4.111949205398559570e-01
2.089383900165557861e-01
4.460940062999725342e-01
5.104874372482299805e-01
3.969826698303222656e-01
2.976301908493041992e-01
6.636455059051513672e-01
3.096393048763275146e-01
4.244120121002197266e-01
3.033332824707031250e-01
2.943473458290100098e-01
3.310329914093017578e-01
3.595433533191680908e-01
3.297755420207977295e-01
4.268124103546142578e-01
4.116950035095214844e-01
1.646038591861724854e-01
3.142553269863128662e-01
5.136998891830444336e-01
4.981521666049957275e-01
4.846854507923126221e-01
2.431777864694595337e-01
4.629072546958923340e-01
2.277737557888031006e-01
2.920995354652404785e-01
4.620453119277954102e-01
3.099855184555053711e-01
3.917739093303680420e-01
3.871192336082458496e-01
3.047475814819335938e-01
3.916188478469848633e-01
9.456388652324676514e-02
3.657860755920410156e-01
2.644906342029571533e-01
3.582570254802703857e-01
3.881948590278625488e-01
3.859451711177825928e-01
2.601007819175720215e-01
3.825787603855133057e-01
2.539011538028717041e-01
2.977442741394042969e-01
4.918658137321472168e-01
6.680475473403930664e-01
4.334323406219482422e-01
3.243679702281951904e-01
4.011825323104858398e-01
4.038258790969848633e-01
2.578509151935577393e-01
2.015623450279235840e-01
2.942894697189331055e-01
2.763352990150451660e-01
4.283625781536102295e-01
4.560487270355224609e-01
2.712426185607910156e-01
4.246391057968139648e-01
3.019124865531921387e-01
2.380030006170272827e-01
2.713900506496429443e-01
3.479507565498352051e-01
2.542144060134887695e-01
3.401793539524078369e-01
4.421952962875366211e-01
7.116584777832031250e-01
2.906242012977600098e-01
3.902456164360046387e-01
4.415735006332397461e-01
2.352719604969024658e-01
6.314933300018310547e-01
3.056378066539764404e-01
4.686217606067657471e-01
3.069165945053100586e-01
3.639491200447082520e-01
4.031718373298645020e-01
4.185420870780944824e-01
3.373048305511474609e-01
3.100175261497497559e-01
3.662669062614440918e-01
2.921721041202545166e-01
4.396334886550903320e-01
2.636585235595703125e-01
2.862597405910491943e-01
3.547092676162719727e-01
5.028475522994995117e-01
2.333567291498184204e-01
3.169818222522735596e-01
4.766264855861663818e-01
3.463048636913299561e-01
3.794464170932769775e-01
4.469713568687438965e-01
3.518271744251251221e-01
3.143517673015594482e-01
2.642249464988708496e-01
4.364144504070281982e-01
2.485401183366775513e-01
3.170658946037292480e-01
5.408393144607543945e-01
3.770607113838195801e-01
2.591781020164489746e-01
5.358504056930541992e-01
2.807423174381256104e-01
3.472524285316467285e-01
2.528160810470581055e-01
4.498076736927032471e-01
7.201224565505981445e-01
2.465097755193710327e-01
5.209608078002929688e-01
3.793422877788543701e-01
4.874087274074554443e-01
2.985667884349822998e-01
2.302545905113220215e-01
4.324216246604919434e-01
4.451952278614044189e-01
4.481149911880493164e-01
4.956857562065124512e-01
2.816917002201080322e-01
5.341572761535644531e-01
1.979516148567199707e-01
3.857583105564117432e-01
2.395073473453521729e-01
3.566665649414062500e-01
3.012462854385375977e-01
3.358442485332489014e-01
4.707134366035461426e-01
7.223623394966125488e-01
4.539464712142944336e-01
4.325780868530273438e-01
2.099828422069549561e-01
2.893666923046112061e-01
3.209116756916046143e-01
3.536428213119506836e-01
5.378848910331726074e-01
4.757820367813110352e-01
2.089544236660003662e-01
2.868550419807434082e-01
4.284074306488037109e-01
2.135475277900695801e-01
4.387066364288330078e-01
3.453134298324584961e-01
3.265223503112792969e-01
3.534212112426757812e-01
8.231889605522155762e-01
4.267698526382446289e-01
2.950416505336761475e-01
3.595041632652282715e-01
3.985639214515686035e-01
3.787601888179779053e-01
2.773770093917846680e-01
4.033464193344116211e-01
4.605733752250671387e-01
2.607008814811706543e-01
1.945290565490722656e-01
3.997346758842468262e-01
3.058844804763793945e-01
3.924851715564727783e-01
5.297805666923522949e-01
4.318991899490356445e-01
5.624100565910339355e-01
6.599371433258056641e-01
2.407571673393249512e-01
3.735103011131286621e-01
4.263504147529602051e-01
4.648137092590332031e-01
3.693173527717590332e-01
5.321156382560729980e-01
3.226636648178100586e-01
4.408569037914276123e-01
3.867629766464233398e-01
2.935391664505004883e-01
3.766817152500152588e-01
3.084698915481567383e-01
5.291751623153686523e-01
3.677338361740112305e-01
3.753190636634826660e-01
2.000974118709564209e-01
5.010107159614562988e-01
4.624344408512115479e-01
4.905055761337280273e-01
4.708603620529174805e-01
3.401421308517456055e-01
2.358878850936889648e-01
3.058428764343261719e-01
3.684214949607849121e-01
2.891926169395446777e-01
2.961410284042358398e-01
3.249444365501403809e-01
2.319451570510864258e-01
4.249298572540283203e-01
2.869620323181152344e-01
4.279033243656158447e-01
2.547009885311126709e-01
2.958364486694335938e-01
3.624500334262847900e-01
4.176369011402130127e-01
4.276888966560363770e-01
3.286903500556945801e-01
2.760319113731384277e-01
2.780680060386657715e-01
3.555753827095031738e-01
2.984494566917419434e-01
5.969235897064208984e-01
4.019381701946258545e-01
3.326362073421478271e-01
5.437425971031188965e-01
4.641996026039123535e-01
5.908933877944946289e-01
2.802017331123352051e-01
2.044001817703247070e-01
3.510817289352416992e-01
3.674840033054351807e-01
4.503540694713592529e-01
3.712823390960693359e-01
4.391709566116333008e-01
4.194087982177734375e-01
5.373920798301696777e-01
3.270373940467834473e-01
4.521738886833190918e-01
3.076395690441131592e-01
3.049494624137878418e-01
4.597718119621276855e-01
4.408332109451293945e-01
2.306100726127624512e-01
4.696786105632781982e-01
3.328918814659118652e-01
3.767497539520263672e-01
4.721247553825378418e-01
4.826286733150482178e-01
5.131490230560302734e-01
3.284018039703369141e-01
2.031624317169189453e-01
4.579159617424011230e-01
3.285453915596008301e-01
7.474369406700134277e-01
1.750943958759307861e-01
2.198289036750793457e-01
3.848700523376464844e-01
5.698054432868957520e-01
3.548246026039123535e-01
2.518069446086883545e-01
3.887810111045837402e-01
5.665392279624938965e-01
3.398619890213012695e-01
3.043804168701171875e-01
2.831224799156188965e-01
4.592942893505096436e-01
2.238511592149734497e-01
6.059491038322448730e-01
3.604981899261474609e-01
3.979725837707519531e-01
3.708352446556091309e-01
2.726493477821350098e-01
3.683153688907623291e-01
4.483500719070434570e-01
2.340925186872482300e-01
2.929725348949432373e-01
4.819538593292236328e-01
3.917730450630187988e-01
3.481137156486511230e-01
4.279713630676269531e-01
3.024704456329345703e-01
2.793819308280944824e-01
2.218004167079925537e-01
4.782213568687438965e-01
4.282374978065490723e-01
3.264888525009155273e-01
2.702447772026062012e-01
3.011226654052734375e-01
2.712991833686828613e-01
1.876015663146972656e-01
4.863177537918090820e-01
5.780547857284545898e-01
4.863812029361724854e-01
5.011485219001770020e-01
4.671832919120788574e-01
3.796363472938537598e-01
2.442483454942703247e-01
2.741200327873229980e-01
4.057211577892303467e-01
3.515752255916595459e-01
2.707774639129638672e-01
4.385120272636413574e-01
3.841235935688018799e-01
2.621941566467285156e-01
3.498557806015014648e-01
4.496316313743591309e-01
5.188665390014648438e-01
3.544797897338867188e-01
4.621000289916992188e-01
2.336549460887908936e-01
5.557662248611450195e-01
2.705408930778503418e-01
4.287078082561492920e-01
4.427149295806884766e-01
2.270325124263763428e-01
2.252502590417861938e-01
5.076941847801208496e-01
3.151298165321350098e-01
3.487554192543029785e-01
4.095816612243652344e-01
3.250717818737030029e-01
3.465728163719177246e-01
5.662093162536621094e-01
2.797749042510986328e-01
2.833344340324401855e-01
1.687426269054412842e-01
3.765872120857238770e-01
3.594618737697601318e-01
3.239033222198486328e-01
5.923320651054382324e-01
4.476102888584136963e-01
1.932272315025329590e-01
2.423869669437408447e-01
4.942944049835205078e-01
3.600695431232452393e-01
3.182550072669982910e-01
2.331166267395019531e-01
3.213182091712951660e-01
3.227018117904663086e-01
2.605035305023193359e-01
3.083410859107971191e-01
3.319379389286041260e-01
2.037774622440338135e-01
5.245000123977661133e-01
4.929804205894470215e-01
7.384240627288818359e-01
6.152334213256835938e-01
3.954304456710815430e-01
2.459925115108489990e-01
7.857410907745361328e-01
3.431970477104187012e-01
4.239535331726074219e-01
4.237973093986511230e-01
3.650133013725280762e-01
3.267107903957366943e-01
4.007741808891296387e-01
2.968968749046325684e-01
2.327517569065093994e-01
5.673498511314392090e-01
3.726457059383392334e-01
5.523654222488403320e-01
4.002351760864257812e-01
3.006158471107482910e-01
4.637505412101745605e-01
3.355900645256042480e-01
4.339633584022521973e-01
2.807239294052124023e-01
4.367368817329406738e-01
1.839042454957962036e-01
4.414870440959930420e-01
4.587769508361816406e-01
3.540220856666564941e-01
3.437578678131103516e-01
3.347470164299011230e-01
1.924001872539520264e-01
2.903547286987304688e-01
3.979802131652832031e-01
3.462549149990081787e-01
4.925538897514343262e-01
3.525354862213134766e-01
3.284776210784912109e-01
5.267641544342041016e-01
5.133289098739624023e-01
3.436254262924194336e-01
3.841097354888916016e-01
2.288081943988800049e-01
3.935895562171936035e-01
3.577415943145751953e-01
3.048449158668518066e-01
4.150733947753906250e-01
2.958419322967529297e-01
3.891586363315582275e-01
2.514272630214691162e-01
3.962262272834777832e-01
3.290547132492065430e-01
2.091321647167205811e-01
4.282757043838500977e-01
3.361941576004028320e-01
3.379171788692474365e-01
2.922774553298950195e-01
3.465775251388549805e-01
4.951298832893371582e-01
6.461369991302490234e-01
5.693869590759277344e-01
2.260156124830245972e-01
3.948602378368377686e-01
2.565849721431732178e-01
1.516887545585632324e-01
3.263162374496459961e-01
4.872645437717437744e-01
5.800564289093017578e-01
3.158644437789916992e-01
5.132055282592773438e-01
3.110050559043884277e-01
2.206516265869140625e-01
2.816013693809509277e-01
3.386467099189758301e-01
2.613126039505004883e-01
3.848321139812469482e-01
4.353747665882110596e-01
4.540055990219116211e-01
6.072007417678833008e-01
3.778975605964660645e-01
4.063865542411804199e-01
4.015841484069824219e-01
4.451302587985992432e-01
4.876931011676788330e-01
3.907576203346252441e-01
2.672219872474670410e-01
3.241498470306396484e-01
3.614466190338134766e-01
2.066805958747863770e-01
2.633864283561706543e-01
2.778505086898803711e-01
4.905450344085693359e-01
2.674783468246459961e-01
2.417165637016296387e-01
4.910024702548980713e-01
3.128375113010406494e-01
2.059594541788101196e-01
3.762922883033752441e-01
1.570303440093994141e-01
2.989254295825958252e-01
2.492089271545410156e-01
2.523200511932373047e-01
4.002191722393035889e-01
3.549622595310211182e-01
3.692234158515930176e-01
3.264580070972442627e-01
3.107137084007263184e-01
4.253897070884704590e-01
2.685842514038085938e-01
2.139541059732437134e-01
2.293746471405029297e-01
6.095778942108154297e-01
3.809792399406433105e-01
3.203918635845184326e-01
2.188137471675872803e-01
2.676394581794738770e-01
3.519109785556793213e-01
2.637961208820343018e-01
4.996442794799804688e-01
2.673819065093994141e-01
2.446222007274627686e-01
3.804778456687927246e-01
2.819685637950897217e-01
4.070037901401519775e-01
4.414109587669372559e-01
3.192463219165802002e-01
5.971141457557678223e-01
2.993610501289367676e-01
1.699669659137725830e-01
3.133077025413513184e-01
4.670841395854949951e-01
2.919050455093383789e-01
4.802680909633636475e-01
3.136143684387207031e-01
2.534696757793426514e-01
6.313444375991821289e-01
6.167540550231933594e-01
3.954766988754272461e-01
2.225765138864517212e-01
2.266874909400939941e-01
4.061044454574584961e-01
3.145595490932464600e-01
4.709046483039855957e-01
2.804151177406311035e-01
2.075674980878829956e-01
4.664200842380523682e-01
5.803222656250000000e-01
2.273124754428863525e-01
3.610234260559082031e-01
1.757661998271942139e-01
3.695727288722991943e-01
4.355120658874511719e-01
4.483342766761779785e-01
4.637011587619781494e-01
4.531771242618560791e-01
3.246995508670806885e-01
4.107201695442199707e-01
5.772241353988647461e-01
3.808744549751281738e-01
4.621480405330657959e-01
3.472260236740112305e-01
2.743670344352722168e-01
3.184952139854431152e-01
4.597827196121215820e-01
5.257612466812133789e-01
4.662227332592010498e-01
3.066694736480712891e-01
3.940430581569671631e-01
6.823875308036804199e-01
