1.198199868202209473e+00
9.025043845176696777e-01
6.621114015579223633e-01
7.316722869873046875e-01
7.104973196983337402e-01
4.988780915737152100e-01
7.974893450736999512e-01
8.614959120750427246e-01
6.780155897140502930e-01
6.550861597061157227e-01
4.048053920269012451e-01
7.279679179191589355e-01
7.477848529815673828e-01
8.897181153297424316e-01
7.658697366714477539e-01
9.493738412857055664e-01
6.865953207015991211e-01
6.537785530090332031e-01
8.834829330444335938e-01
5.671788454055786133e-01
6.680320501327514648e-01
6.605207920074462891e-01
6.773378849029541016e-01
6.965432167053222656e-01
8.194450736045837402e-01
7.366607189178466797e-01
7.215648889541625977e-01
1.413393974304199219e+00
8.342145681381225586e-01
7.531337738037109375e-01
6.559636592864990234e-01
7.933288812637329102e-01
6.541180610656738281e-01
8.329440355300903320e-01
6.000138521194458008e-01
5.905345678329467773e-01
7.162976264953613281e-01
9.094804525375366211e-01
6.312267780303955078e-01
5.624772906303405762e-01
5.360173583030700684e-01
8.060975670814514160e-01
8.431609869003295898e-01
6.806523799896240234e-01
6.677393317222595215e-01
5.737292766571044922e-01
6.296952366828918457e-01
8.155269622802734375e-01
7.278343439102172852e-01
7.652316689491271973e-01
6.136425733566284180e-01
6.523651480674743652e-01
1.065855860710144043e+00
9.048101305961608887e-01
8.809625506401062012e-01
8.530539274215698242e-01
6.923596858978271484e-01
9.189099073410034180e-01
4.824768900871276855e-01
1.034767031669616699e+00
8.014085292816162109e-01
9.131309390068054199e-01
9.126001596450805664e-01
8.802291154861450195e-01
6.888515949249267578e-01
7.387080788612365723e-01
7.429387569427490234e-01
8.355861902236938477e-01
1.072964429855346680e+00
9.970808029174804688e-01
6.394865512847900391e-01
9.964581131935119629e-01
6.161814928054809570e-01
7.791892290115356445e-01
9.010936021804809570e-01
8.287264108657836914e-01
9.363283514976501465e-01
8.039842844009399414e-01
5.277311801910400391e-01
8.566403985023498535e-01
8.223472833633422852e-01
7.318482398986816406e-01
6.128402948379516602e-01
6.345324516296386719e-01
6.432974934577941895e-01
6.363212466239929199e-01
6.514718532562255859e-01
9.404360055923461914e-01
8.946087956428527832e-01
6.549791097640991211e-01
7.799113392829895020e-01
1.076737880706787109e+00
7.300376892089843750e-01
6.981599926948547363e-01
8.376086950302124023e-01
8.648947477340698242e-01
5.302228927612304688e-01
7.450765967369079590e-01
6.748412847518920898e-01
5.618199110031127930e-01
6.969333887100219727e-01
6.984314918518066406e-01
9.430533051490783691e-01
7.099476456642150879e-01
4.537932574748992920e-01
6.990333795547485352e-01
5.994944572448730469e-01
7.288537025451660156e-01
6.813282966613769531e-01
6.898182630538940430e-01
7.382882833480834961e-01
7.622092962265014648e-01
6.702996492385864258e-01
8.205762505531311035e-01
1.041599273681640625e+00
9.074494242668151855e-01
6.728209257125854492e-01
9.906953573226928711e-01
7.861661911010742188e-01
7.508784532546997070e-01
6.918410658836364746e-01
7.739066481590270996e-01
6.290465593338012695e-01
8.664005994796752930e-01
7.183001041412353516e-01
7.025105953216552734e-01
5.797314643859863281e-01
5.800304412841796875e-01
9.747838973999023438e-01
6.545386314392089844e-01
8.003829121589660645e-01
7.436210513114929199e-01
8.400164842605590820e-01
6.877257823944091797e-01
8.935217261314392090e-01
1.000918149948120117e+00
5.061310529708862305e-01
5.815488100051879883e-01
6.546339988708496094e-01
8.203947544097900391e-01
5.700956583023071289e-01
1.058672904968261719e+00
9.071865081787109375e-01
9.117387533187866211e-01
6.084179282188415527e-01
7.672240138053894043e-01
9.291663169860839844e-01
4.687398374080657959e-01
6.965990066528320312e-01
7.842145562171936035e-01
5.604292154312133789e-01
6.096982955932617188e-01
7.854918241500854492e-01
8.748564720153808594e-01
5.994772911071777344e-01
5.300453901290893555e-01
8.260627985000610352e-01
5.644381046295166016e-01
6.920579671859741211e-01
7.002177238464355469e-01
8.660973310470581055e-01
6.770545244216918945e-01
5.703599452972412109e-01
9.911236166954040527e-01
8.809178471565246582e-01
5.916748046875000000e-01
5.022317171096801758e-01
9.559966921806335449e-01
5.546374917030334473e-01
6.899552345275878906e-01
8.642556667327880859e-01
7.996480464935302734e-01
6.869045495986938477e-01
8.662868738174438477e-01
6.497529745101928711e-01
6.324078440666198730e-01
6.598130464553833008e-01
6.965410709381103516e-01
8.972144126892089844e-01
6.024580001831054688e-01
7.409322261810302734e-01
7.136285901069641113e-01
6.725925207138061523e-01
8.457429409027099609e-01
7.812922596931457520e-01
9.162257313728332520e-01
7.923932671546936035e-01
4.400390088558197021e-01
7.163093090057373047e-01
6.322959065437316895e-01
7.710450291633605957e-01
6.897643804550170898e-01
8.864614367485046387e-01
7.390607595443725586e-01
7.124743461608886719e-01
9.683339595794677734e-01
6.942245364189147949e-01
7.387294769287109375e-01
6.234791874885559082e-01
5.013917684555053711e-01
6.723878979682922363e-01
7.252644300460815430e-01
5.165260434150695801e-01
7.641129493713378906e-01
7.516745328903198242e-01
9.439859390258789062e-01
7.854868173599243164e-01
8.354865908622741699e-01
8.689627647399902344e-01
6.834011077880859375e-01
5.677253603935241699e-01
5.225859880447387695e-01
6.889103651046752930e-01
4.841561317443847656e-01
8.707232475280761719e-01
9.779742360115051270e-01
6.562279462814331055e-01
6.295989751815795898e-01
7.053532600402832031e-01
9.987319111824035645e-01
8.808404803276062012e-01
6.926836967468261719e-01
6.802048683166503906e-01
8.760197758674621582e-01
6.350272893905639648e-01
9.166500568389892578e-01
6.136700510978698730e-01
9.845071434974670410e-01
6.593737602233886719e-01
7.619627714157104492e-01
9.048018455505371094e-01
6.402845978736877441e-01
5.943490862846374512e-01
7.246680259704589844e-01
8.490039706230163574e-01
6.742515563964843750e-01
8.474565148353576660e-01
9.190627336502075195e-01
8.560807704925537109e-01
7.972285747528076172e-01
8.165172338485717773e-01
6.350595355033874512e-01
5.639151334762573242e-01
6.179903745651245117e-01
9.475409984588623047e-01
1.110782861709594727e+00
7.385462522506713867e-01
1.162162661552429199e+00
7.791415452957153320e-01
6.308780908584594727e-01
7.029219269752502441e-01
6.614826321601867676e-01
7.013603448867797852e-01
5.510086417198181152e-01
6.077286005020141602e-01
7.482781410217285156e-01
6.342127323150634766e-01
8.154700994491577148e-01
8.484643101692199707e-01
8.404577374458312988e-01
6.545387506484985352e-01
5.179280638694763184e-01
8.909417390823364258e-01
7.055167555809020996e-01
8.443480730056762695e-01
6.325229406356811523e-01
7.043992280960083008e-01
6.964328885078430176e-01
6.638774871826171875e-01
9.924073815345764160e-01
6.049644351005554199e-01
6.146736145019531250e-01
8.043797016143798828e-01
6.291375160217285156e-01
6.915511488914489746e-01
7.236254215240478516e-01
8.109262585639953613e-01
7.371629476547241211e-01
6.632933616638183594e-01
5.924117565155029297e-01
8.668475151062011719e-01
6.307168006896972656e-01
7.379625439643859863e-01
9.018259644508361816e-01
8.204642534255981445e-01
6.699706315994262695e-01
8.653053641319274902e-01
7.545356750488281250e-01
8.882915973663330078e-01
8.122113943099975586e-01
6.902109980583190918e-01
7.026357650756835938e-01
6.832934617996215820e-01
9.050444364547729492e-01
8.515204191207885742e-01
8.614359498023986816e-01
7.525865435600280762e-01
7.843182086944580078e-01
7.840683460235595703e-01
6.228116750717163086e-01
1.008780956268310547e+00
6.784391999244689941e-01
6.017807722091674805e-01
7.131752967834472656e-01
7.283924818038940430e-01
8.706989884376525879e-01
1.104855060577392578e+00
8.908976316452026367e-01
7.750002145767211914e-01
4.790546000003814697e-01
8.308764100074768066e-01
7.794053554534912109e-01
7.089996933937072754e-01
5.653541684150695801e-01
5.444615483283996582e-01
1.015201330184936523e+00
8.025732040405273438e-01
5.963466167449951172e-01
6.581351757049560547e-01
7.193256616592407227e-01
9.405228495597839355e-01
6.899087429046630859e-01
7.581194639205932617e-01
6.206923127174377441e-01
8.621035814285278320e-01
6.278239488601684570e-01
6.538472175598144531e-01
8.767939805984497070e-01
9.433684349060058594e-01
9.933108687400817871e-01
6.503075361251831055e-01
8.765146732330322266e-01
7.331698536872863770e-01
6.614993214607238770e-01
1.033679246902465820e+00
6.017515659332275391e-01
7.296649217605590820e-01
1.009413123130798340e+00
8.133136630058288574e-01
4.722381830215454102e-01
6.576253175735473633e-01
8.730534315109252930e-01
6.127277016639709473e-01
7.039905190467834473e-01
9.359419345855712891e-01
7.358350157737731934e-01
8.486821651458740234e-01
9.455999135971069336e-01
5.616913437843322754e-01
8.158746957778930664e-01
7.183848619461059570e-01
5.388914346694946289e-01
6.938602924346923828e-01
6.209452748298645020e-01
6.706552505493164062e-01
5.634720325469970703e-01
6.477704644203186035e-01
7.963711619377136230e-01
6.369907855987548828e-01
5.587569475173950195e-01
7.256790399551391602e-01
5.558804869651794434e-01
7.086226940155029297e-01
5.721582174301147461e-01
8.805164098739624023e-01
8.940810561180114746e-01
7.436591386795043945e-01
6.240447759628295898e-01
7.389762401580810547e-01
7.287156581878662109e-01
6.412496566772460938e-01
8.671216964721679688e-01
6.193565726280212402e-01
7.815814018249511719e-01
6.931068897247314453e-01
6.216918826103210449e-01
7.303479909896850586e-01
9.736258983612060547e-01
6.878915429115295410e-01
8.306349515914916992e-01
8.367784619331359863e-01
7.494592666625976562e-01
7.015627622604370117e-01
5.950456857681274414e-01
4.461167752742767334e-01
8.747828006744384766e-01
8.292359709739685059e-01
7.224523425102233887e-01
7.336910963058471680e-01
8.350450396537780762e-01
6.378657817840576172e-01
8.170778751373291016e-01
6.272267699241638184e-01
6.927961111068725586e-01
9.262973070144653320e-01
6.991909742355346680e-01
5.627899169921875000e-01
4.869196712970733643e-01
6.924723982810974121e-01
6.137281656265258789e-01
5.799713730812072754e-01
7.668191194534301758e-01
6.025250554084777832e-01
6.668465137481689453e-01
7.571394443511962891e-01
7.040420770645141602e-01
6.944378614425659180e-01
6.900290846824645996e-01
8.938710093498229980e-01
5.459320545196533203e-01
8.586809039115905762e-01
9.049408435821533203e-01
7.420308589935302734e-01
8.161308169364929199e-01
8.636797666549682617e-01
9.995244145393371582e-01
6.470260620117187500e-01
7.154479622840881348e-01
7.350226044654846191e-01
6.858968138694763184e-01
6.068250536918640137e-01
7.200412154197692871e-01
5.961897373199462891e-01
6.784305572509765625e-01
6.110411286354064941e-01
7.733815908432006836e-01
7.574745416641235352e-01
5.680315494537353516e-01
6.782660484313964844e-01
8.464751243591308594e-01
7.348786592483520508e-01
8.081728219985961914e-01
8.597158789634704590e-01
7.189107537269592285e-01
5.723870992660522461e-01
9.747961163520812988e-01
6.611469388008117676e-01
4.949732720851898193e-01
7.209348082542419434e-01
1.001744031906127930e+00
7.353841066360473633e-01
7.173174023628234863e-01
7.983785867691040039e-01
7.739836573600769043e-01
7.065440416336059570e-01
8.843942284584045410e-01
6.578986644744873047e-01
7.648470401763916016e-01
1.059349536895751953e+00
7.649608850479125977e-01
7.040002346038818359e-01
7.736403346061706543e-01
6.670651435852050781e-01
8.121742010116577148e-01
6.828671693801879883e-01
6.532669067382812500e-01
8.303471803665161133e-01
5.454741716384887695e-01
4.312710762023925781e-01
7.089446783065795898e-01
6.038330197334289551e-01
5.638484954833984375e-01
9.375293254852294922e-01
8.661820888519287109e-01
6.413777470588684082e-01
7.213351726531982422e-01
7.940495014190673828e-01
6.241643428802490234e-01
6.705256700515747070e-01
6.170580983161926270e-01
6.924228668212890625e-01
8.260285854339599609e-01
7.260220050811767578e-01
7.501423358917236328e-01
6.083390116691589355e-01
6.183081865310668945e-01
9.332216978073120117e-01
6.637475490570068359e-01
5.505805611610412598e-01
7.184368968009948730e-01
8.465075492858886719e-01
5.529476404190063477e-01
6.170768737792968750e-01
6.654545068740844727e-01
6.509133577346801758e-01
1.030540823936462402e+00
7.447463274002075195e-01
1.026167750358581543e+00
5.380699634552001953e-01
6.743475794792175293e-01
7.856233119964599609e-01
8.852375745773315430e-01
5.277932882308959961e-01
1.229675054550170898e+00
5.721868276596069336e-01
6.431888937950134277e-01
7.982721924781799316e-01
7.570575475692749023e-01
6.218720674514770508e-01
6.595861911773681641e-01
8.797385692596435547e-01
6.403616666793823242e-01
6.480317711830139160e-01
9.932225346565246582e-01
6.531751155853271484e-01
5.630958676338195801e-01
8.245192766189575195e-01
1.019637107849121094e+00
9.248340129852294922e-01
6.414871811866760254e-01
6.595076322555541992e-01
6.324886083602905273e-01
8.062338829040527344e-01
5.243065357208251953e-01
6.455148458480834961e-01
8.025988936424255371e-01
6.792249083518981934e-01
4.746978282928466797e-01
5.493277907371520996e-01
5.796009302139282227e-01
6.466684937477111816e-01
7.829864025115966797e-01
4.506419897079467773e-01
8.654993772506713867e-01
7.245961427688598633e-01
1.004182100296020508e+00
7.382482290267944336e-01
6.737326979637145996e-01
6.875101327896118164e-01
8.711886405944824219e-01
1.024829268455505371e+00
5.262327194213867188e-01
6.865589022636413574e-01
6.802365183830261230e-01
6.183061599731445312e-01
6.758570671081542969e-01
6.596072316169738770e-01
7.295308113098144531e-01
5.353615283966064453e-01
7.225597500801086426e-01
6.117488145828247070e-01
5.745933651924133301e-01
5.554325580596923828e-01
9.497833251953125000e-01
7.874600887298583984e-01
6.010285615921020508e-01
8.421319723129272461e-01
8.237125873565673828e-01
6.207323074340820312e-01
6.210075616836547852e-01
7.671481966972351074e-01
1.004614353179931641e+00
9.552823901176452637e-01
5.735992193222045898e-01
7.753829956054687500e-01
8.070783615112304688e-01
7.585803270339965820e-01
5.835006833076477051e-01
6.546203494071960449e-01
6.076444983482360840e-01
6.410629749298095703e-01
6.680220365524291992e-01
6.187766790390014648e-01
7.044137716293334961e-01
7.117448449134826660e-01
7.063357830047607422e-01
9.161907434463500977e-01
8.136384487152099609e-01
7.452799081802368164e-01
7.520552873611450195e-01
6.428989171981811523e-01
5.582379698753356934e-01
6.940090060234069824e-01
7.033278942108154297e-01
7.810902595520019531e-01
8.250552415847778320e-01
6.906138658523559570e-01
1.052129387855529785e+00
6.934115886688232422e-01
8.082039952278137207e-01
6.674700975418090820e-01
5.049563646316528320e-01
5.234270095825195312e-01
7.968530654907226562e-01
1.082395076751708984e+00
4.804133176803588867e-01
7.783541679382324219e-01
8.563356995582580566e-01
9.060451388359069824e-01
8.764833211898803711e-01
8.967952132225036621e-01
7.036891579627990723e-01
8.848828077316284180e-01
7.393921613693237305e-01
7.456010580062866211e-01
8.160768747329711914e-01
6.431729793548583984e-01
7.937894463539123535e-01
9.686671495437622070e-01
8.459718227386474609e-01
7.399507761001586914e-01
5.917527079582214355e-01
5.127187967300415039e-01
5.889018177986145020e-01
9.164507389068603516e-01
7.776363492012023926e-01
7.128426432609558105e-01
7.926869392395019531e-01
7.153649926185607910e-01
6.929653882980346680e-01
7.722551822662353516e-01
8.873844146728515625e-01
7.683898210525512695e-01
6.555407047271728516e-01
9.292802810668945312e-01
6.559851169586181641e-01
6.674724817276000977e-01
7.437973022460937500e-01
8.602633476257324219e-01
9.208319187164306641e-01
7.969250679016113281e-01
7.074182033538818359e-01
6.818623542785644531e-01
8.138089776039123535e-01
1.134565353393554688e+00
7.462809085845947266e-01
8.386155366897583008e-01
8.515357971191406250e-01
1.008648514747619629e+00
6.420599222183227539e-01
9.354779124259948730e-01
1.008497238159179688e+00
6.741948723793029785e-01
7.486463785171508789e-01
5.665384531021118164e-01
1.058291912078857422e+00
6.357976198196411133e-01
6.651421785354614258e-01
6.482123732566833496e-01
7.635689973831176758e-01
6.414089202880859375e-01
1.002424955368041992e+00
8.362957239151000977e-01
5.937575697898864746e-01
6.621760129928588867e-01
6.935837864875793457e-01
8.158689737319946289e-01
7.463043332099914551e-01
1.005117297172546387e+00
7.340092062950134277e-01
6.480792164802551270e-01
7.205100059509277344e-01
6.353812813758850098e-01
9.502658247947692871e-01
6.469430923461914062e-01
6.167071461677551270e-01
6.767762899398803711e-01
8.382124900817871094e-01
8.701916337013244629e-01
7.623512148857116699e-01
5.990352034568786621e-01
7.626695632934570312e-01
1.056476116180419922e+00
7.908971905708312988e-01
8.987697958946228027e-01
6.586903929710388184e-01
5.683193206787109375e-01
6.973327398300170898e-01
8.478647470474243164e-01
7.015548348426818848e-01
9.345582723617553711e-01
5.878981351852416992e-01
7.760519981384277344e-01
8.272657990455627441e-01
6.065043807029724121e-01
9.176518917083740234e-01
6.579285860061645508e-01
7.316693663597106934e-01
7.884325981140136719e-01
6.333122849464416504e-01
6.583875417709350586e-01
7.811864614486694336e-01
6.057178378105163574e-01
1.175590991973876953e+00
9.408180713653564453e-01
7.290123701095581055e-01
7.003996968269348145e-01
7.162624597549438477e-01
7.656639218330383301e-01
6.362301707267761230e-01
7.099644541740417480e-01
6.395103931427001953e-01
6.662721633911132812e-01
9.282760024070739746e-01
7.564471364021301270e-01
8.197121620178222656e-01
8.518698215484619141e-01
7.166390419006347656e-01
9.158630371093750000e-01
4.451762735843658447e-01
6.015220880508422852e-01
7.002984881401062012e-01
7.063002586364746094e-01
6.589767932891845703e-01
9.289009571075439453e-01
5.877969861030578613e-01
7.285923957824707031e-01
7.238681316375732422e-01
5.780246257781982422e-01
6.389444470405578613e-01
9.308172464370727539e-01
9.123944640159606934e-01
4.142434298992156982e-01
6.985185146331787109e-01
5.291667580604553223e-01
7.077239155769348145e-01
6.821539402008056641e-01
7.694932222366333008e-01
7.012288570404052734e-01
5.961183309555053711e-01
7.033364176750183105e-01
6.502546072006225586e-01
6.346942186355590820e-01
9.195819497108459473e-01
6.571868658065795898e-01
5.831753015518188477e-01
7.410116791725158691e-01
8.963104486465454102e-01
9.629059433937072754e-01
5.182510614395141602e-01
8.163110017776489258e-01
6.042919158935546875e-01
7.021899223327636719e-01
6.879233121871948242e-01
7.548964023590087891e-01
7.632117271423339844e-01
7.730068564414978027e-01
8.202406167984008789e-01
7.468512058258056641e-01
6.805492639541625977e-01
6.118026375770568848e-01
8.290539979934692383e-01
9.242194294929504395e-01
5.948747396469116211e-01
6.991441249847412109e-01
9.200485944747924805e-01
8.871098756790161133e-01
6.867709159851074219e-01
5.009584426879882812e-01
6.151103973388671875e-01
4.300399124622344971e-01
8.242410421371459961e-01
6.893343925476074219e-01
7.774681448936462402e-01
7.340403199195861816e-01
6.480996608734130859e-01
7.497431039810180664e-01
1.021146297454833984e+00
6.672652363777160645e-01
6.431568861007690430e-01
7.997709512710571289e-01
9.071177840232849121e-01
8.231860399246215820e-01
1.088140010833740234e+00
7.569243907928466797e-01
7.389531135559082031e-01
1.044964075088500977e+00
6.686942577362060547e-01
7.418954372406005859e-01
6.199702024459838867e-01
1.173530936241149902e+00
9.141902923583984375e-01
1.028361082077026367e+00
1.026877880096435547e+00
9.291771054267883301e-01
6.434307098388671875e-01
1.016135692596435547e+00
4.938631951808929443e-01
7.777774333953857422e-01
6.452038288116455078e-01
6.623885035514831543e-01
7.889311313629150391e-01
6.182301640510559082e-01
5.558159947395324707e-01
7.824388146400451660e-01
6.459679603576660156e-01
7.343304753303527832e-01
6.238653659820556641e-01
8.195021152496337891e-01
6.018460392951965332e-01
8.583964109420776367e-01
9.787129163742065430e-01
5.091455578804016113e-01
8.613724708557128906e-01
6.426171660423278809e-01
7.238239049911499023e-01
8.157504200935363770e-01
7.667760252952575684e-01
6.293427944183349609e-01
9.791177511215209961e-01
7.798631787300109863e-01
1.003538846969604492e+00
4.440685510635375977e-01
6.894100308418273926e-01
7.174803018569946289e-01
9.761550426483154297e-01
5.833436250686645508e-01
5.255264639854431152e-01
7.684297561645507812e-01
7.434680461883544922e-01
5.686681866645812988e-01
8.364114761352539062e-01
6.197841167449951172e-01
9.198814630508422852e-01
6.870847344398498535e-01
8.332338333129882812e-01
6.114827394485473633e-01
5.651243329048156738e-01
6.878727674484252930e-01
6.335542201995849609e-01
8.051374554634094238e-01
6.445279717445373535e-01
7.339020371437072754e-01
6.814482212066650391e-01
7.057789564132690430e-01
7.057374119758605957e-01
6.584460139274597168e-01
6.090074777603149414e-01
7.815994024276733398e-01
6.999410390853881836e-01
7.038534879684448242e-01
7.938809990882873535e-01
6.049432754516601562e-01
8.693952560424804688e-01
5.365328788757324219e-01
7.590792775154113770e-01
5.803800821304321289e-01
9.872267246246337891e-01
7.337153553962707520e-01
5.707305669784545898e-01
8.297241330146789551e-01
7.150154113769531250e-01
5.918202400207519531e-01
6.821707487106323242e-01
7.386897206306457520e-01
6.892164945602416992e-01
8.302369117736816406e-01
5.482160449028015137e-01
5.340852737426757812e-01
7.094692587852478027e-01
6.062787175178527832e-01
7.959245443344116211e-01
1.191400766372680664e+00
6.268484592437744141e-01
6.321619749069213867e-01
7.724292278289794922e-01
5.822619199752807617e-01
7.689253091812133789e-01
8.852918744087219238e-01
6.128917932510375977e-01
8.408644199371337891e-01
6.679298877716064453e-01
6.917742490768432617e-01
5.760666131973266602e-01
6.317970156669616699e-01
8.405191898345947266e-01
7.351571321487426758e-01
6.764429807662963867e-01
7.854684591293334961e-01
7.150366306304931641e-01
7.216330766677856445e-01
6.785767674446105957e-01
5.665863156318664551e-01
6.739189624786376953e-01
5.549492835998535156e-01
4.600460231304168701e-01
7.554178833961486816e-01
7.723890542984008789e-01
8.594014644622802734e-01
6.586272120475769043e-01
5.452716946601867676e-01
6.285178661346435547e-01
6.859880685806274414e-01
6.166700124740600586e-01
9.191097617149353027e-01
7.021922469139099121e-01
7.456412315368652344e-01
9.859541654586791992e-01
6.709851622581481934e-01
6.509412527084350586e-01
6.515156626701354980e-01
8.173933029174804688e-01
5.352456569671630859e-01
7.327927350997924805e-01
1.119650483131408691e+00
7.672010660171508789e-01
7.309747934341430664e-01
7.833470106124877930e-01
7.581646442413330078e-01
8.680403232574462891e-01
6.855522394180297852e-01
7.854187488555908203e-01
6.153807640075683594e-01
6.924477219581604004e-01
8.797246217727661133e-01
7.548385262489318848e-01
5.199853181838989258e-01
8.295705318450927734e-01
5.733114480972290039e-01
4.939063191413879395e-01
9.106388688087463379e-01
8.178650140762329102e-01
6.123307943344116211e-01
6.263613700866699219e-01
7.093959450721740723e-01
7.263136506080627441e-01
6.827009916305541992e-01
7.515959739685058594e-01
9.473620653152465820e-01
7.155973911285400391e-01
7.792700529098510742e-01
6.790792942047119141e-01
8.431785106658935547e-01
8.595511317253112793e-01
7.065426111221313477e-01
7.310783863067626953e-01
1.039659738540649414e+00
7.323838472366333008e-01
6.834251880645751953e-01
8.100831508636474609e-01
6.824312806129455566e-01
5.026264190673828125e-01
5.902227759361267090e-01
7.062395811080932617e-01
9.547564983367919922e-01
8.420225381851196289e-01
6.612266302108764648e-01
7.458956241607666016e-01
6.739418506622314453e-01
7.211696505546569824e-01
7.021331787109375000e-01
7.130290865898132324e-01
7.249805331230163574e-01
6.396624445915222168e-01
9.332343935966491699e-01
7.100125551223754883e-01
7.973893880844116211e-01
7.179412841796875000e-01
5.194413065910339355e-01
5.742925405502319336e-01
6.741137504577636719e-01
7.302736043930053711e-01
5.717999935150146484e-01
8.680310249328613281e-01
8.640979528427124023e-01
7.095513343811035156e-01
7.496707439422607422e-01
6.479771137237548828e-01
9.868888854980468750e-01
8.154054284095764160e-01
7.602749466896057129e-01
5.948573946952819824e-01
7.475402355194091797e-01
9.733461141586303711e-01
8.223971724510192871e-01
5.722337961196899414e-01
7.618272304534912109e-01
6.519008874893188477e-01
5.690043568611145020e-01
7.132822275161743164e-01
7.268457412719726562e-01
8.495316505432128906e-01
7.602732777595520020e-01
6.566179394721984863e-01
7.383372187614440918e-01
8.517795801162719727e-01
7.919840216636657715e-01
7.547323107719421387e-01
9.388696551322937012e-01
5.870428681373596191e-01
7.250725030899047852e-01
5.442167520523071289e-01
5.576369762420654297e-01
8.060991764068603516e-01
7.219192981719970703e-01
7.280525565147399902e-01
7.608320116996765137e-01
5.596010684967041016e-01
9.774869680404663086e-01
5.243142843246459961e-01
8.013458251953125000e-01
7.863155603408813477e-01
8.311823606491088867e-01
7.977047562599182129e-01
5.394994616508483887e-01
7.523162364959716797e-01
7.682538628578186035e-01
7.402950525283813477e-01
8.438475728034973145e-01
6.667498350143432617e-01
4.680709242820739746e-01
5.729625225067138672e-01
8.262529373168945312e-01
5.569657683372497559e-01
9.571984410285949707e-01
7.261925935745239258e-01
5.516958236694335938e-01
6.050723195075988770e-01
4.869215488433837891e-01
4.847964048385620117e-01
9.984096884727478027e-01
5.378130078315734863e-01
6.314925551414489746e-01
9.572075605392456055e-01
8.063933253288269043e-01
9.674521684646606445e-01
8.869016766548156738e-01
6.408295631408691406e-01
7.297328114509582520e-01
6.083822846412658691e-01
9.706550836563110352e-01
7.859730124473571777e-01
9.959771633148193359e-01
8.283035755157470703e-01
7.036678194999694824e-01
6.930878162384033203e-01
4.575748145580291748e-01
7.352032065391540527e-01
5.913454294204711914e-01
7.194974422454833984e-01
7.017786502838134766e-01
6.761910319328308105e-01
5.906214118003845215e-01
8.352977037429809570e-01
7.859631180763244629e-01
6.650174856185913086e-01
7.132754921913146973e-01
7.300194501876831055e-01
9.189075827598571777e-01
4.948238134384155273e-01
6.158077716827392578e-01
8.575948476791381836e-01
6.216949224472045898e-01
6.956259012222290039e-01
5.879201889038085938e-01
9.752537608146667480e-01
7.927727699279785156e-01
6.445248126983642578e-01
8.052560687065124512e-01
6.193549633026123047e-01
9.128028154373168945e-01
6.415994763374328613e-01
7.685936689376831055e-01
6.045320034027099609e-01
1.066906809806823730e+00
6.346995234489440918e-01
6.735900044441223145e-01
8.810499310493469238e-01
5.448125004768371582e-01
6.227750778198242188e-01
7.985625267028808594e-01
7.614741325378417969e-01
7.095519900321960449e-01
7.262470722198486328e-01
7.506712079048156738e-01
8.196328282356262207e-01
1.002400875091552734e+00
7.439990043640136719e-01
6.411861181259155273e-01
9.193316698074340820e-01
7.503356933593750000e-01
9.656678438186645508e-01
8.561552762985229492e-01
7.391269803047180176e-01
1.015069127082824707e+00
6.743171215057373047e-01
7.494640350341796875e-01
8.874350190162658691e-01
6.503559350967407227e-01
6.654103994369506836e-01
8.064919114112854004e-01
7.011806964874267578e-01
8.344541192054748535e-01
6.076974868774414062e-01
5.629940032958984375e-01
5.799393653869628906e-01
8.670355081558227539e-01
8.489738106727600098e-01
5.308828949928283691e-01
8.038333058357238770e-01
8.487120866775512695e-01
7.173528075218200684e-01
9.522160887718200684e-01
9.011000990867614746e-01
6.170331239700317383e-01
8.091752529144287109e-01
5.950767397880554199e-01
5.630959272384643555e-01
9.183732271194458008e-01
7.561014890670776367e-01
5.634764432907104492e-01
1.073374152183532715e+00
7.968533039093017578e-01
1.025415420532226562e+00
6.827586889266967773e-01
7.604663372039794922e-01
7.519298791885375977e-01
6.634080410003662109e-01
7.865502834320068359e-01
8.358614444732666016e-01
9.473839998245239258e-01
8.626890182495117188e-01
7.910809516906738281e-01
8.130180835723876953e-01
6.452296972274780273e-01
5.084596872329711914e-01
7.948312759399414062e-01
6.247686147689819336e-01
7.918537855148315430e-01
8.173511028289794922e-01
8.399603962898254395e-01
8.147343993186950684e-01
7.379790544509887695e-01
7.261244058609008789e-01
7.750223875045776367e-01
6.363663673400878906e-01
7.101839184761047363e-01
7.030811309814453125e-01
7.790375947952270508e-01
7.665584087371826172e-01
8.427467346191406250e-01
1.019198417663574219e+00
6.547391414642333984e-01
8.827683925628662109e-01
6.313053965568542480e-01
6.101672053337097168e-01
6.857835054397583008e-01
6.094180345535278320e-01
5.936742424964904785e-01
7.793712615966796875e-01
6.387360095977783203e-01
7.106782793998718262e-01
6.691285371780395508e-01
8.829797506332397461e-01
7.442079186439514160e-01
8.680195808410644531e-01
6.512997150421142578e-01
5.946685075759887695e-01
6.967281699180603027e-01
9.848471879959106445e-01
7.439614534378051758e-01
7.890373468399047852e-01
6.452382206916809082e-01
6.637974977493286133e-01
6.424816846847534180e-01
1.184949398040771484e+00
5.790273547172546387e-01
6.867270469665527344e-01
9.063535332679748535e-01
8.630785942077636719e-01
1.138862490653991699e+00
6.869735717773437500e-01
7.558918595314025879e-01
6.784235835075378418e-01
6.538560390472412109e-01
7.656768560409545898e-01
7.539334297180175781e-01
6.724712848663330078e-01
6.936371326446533203e-01
6.384566426277160645e-01
9.219228625297546387e-01
5.343366861343383789e-01
9.358610510826110840e-01
6.573891639709472656e-01
6.617925167083740234e-01
5.239034891128540039e-01
5.649366974830627441e-01
5.479436516761779785e-01
5.657180547714233398e-01
8.894439935684204102e-01
7.885223627090454102e-01
5.977972745895385742e-01
4.828868806362152100e-01
7.805675864219665527e-01
5.072456002235412598e-01
7.397881746292114258e-01
6.527346968650817871e-01
9.211086034774780273e-01
7.862228155136108398e-01
6.095780134201049805e-01
1.052020072937011719e+00
7.834586501121520996e-01
6.206926107406616211e-01
4.378231465816497803e-01
6.590924263000488281e-01
7.287793755531311035e-01
5.481739044189453125e-01
4.652299284934997559e-01
6.907117962837219238e-01
7.120525240898132324e-01
5.544492602348327637e-01
7.426573038101196289e-01
4.803885221481323242e-01
6.179935932159423828e-01
6.990286707878112793e-01
8.228028416633605957e-01
1.030433416366577148e+00
9.084081053733825684e-01
8.195932507514953613e-01
6.484694480895996094e-01
6.464598178863525391e-01
7.233194112777709961e-01
4.664999246597290039e-01
5.212110280990600586e-01
8.452261686325073242e-01
6.890918016433715820e-01
8.476279377937316895e-01
5.818169713020324707e-01
6.569792032241821289e-01
6.399372816085815430e-01
8.523272275924682617e-01
6.769251823425292969e-01
9.585609436035156250e-01
6.584481000900268555e-01
9.680309295654296875e-01
8.777900934219360352e-01
6.793882250785827637e-01
8.479251861572265625e-01
9.950248599052429199e-01
9.043772220611572266e-01
1.057014703750610352e+00
6.529740095138549805e-01
7.725566625595092773e-01
6.442961692810058594e-01
5.554707050323486328e-01
7.196187973022460938e-01
6.660686731338500977e-01
8.048244714736938477e-01
6.761354207992553711e-01
7.198179960250854492e-01
6.069035530090332031e-01
9.147342443466186523e-01
5.416784286499023438e-01
6.744877099990844727e-01
7.880368232727050781e-01
7.660703659057617188e-01
