1.837151646614074707e-01
1.643472611904144287e-01
8.467348664999008179e-02
1.555399894714355469e-01
1.496680080890655518e-01
1.132517009973526001e-01
6.362043321132659912e-02
2.857227325439453125e-01
1.593115329742431641e-01
2.338791638612747192e-01
1.334654092788696289e-01
1.369457244873046875e-01
3.276629745960235596e-01
5.024249106645584106e-02
4.872110486030578613e-02
3.214990496635437012e-01
3.473761975765228271e-01
1.876403689384460449e-01
1.100312769412994385e-01
1.085577905178070068e-01
4.436014294624328613e-01
3.687006831169128418e-01
2.097160816192626953e-01
5.998498201370239258e-02
7.531165331602096558e-02
1.257731765508651733e-01
8.346003293991088867e-02
9.287519752979278564e-02
6.551078706979751587e-02
2.823453545570373535e-01
1.395061016082763672e-01
1.266943663358688354e-01
1.429004520177841187e-01
1.006853729486465454e-01
1.743493974208831787e-01
2.386718392372131348e-01
1.254495382308959961e-01
1.383418738842010498e-01
1.176696643233299255e-01
1.274004727602005005e-01
1.529120802879333496e-01
1.700657755136489868e-01
4.406921565532684326e-02
1.264075040817260742e-01
2.062304317951202393e-02
1.586486846208572388e-01
2.217309921979904175e-01
1.287458389997482300e-01
2.176916897296905518e-01
3.032428324222564697e-01
6.612730026245117188e-02
1.107305213809013367e-01
4.974808543920516968e-02
4.140312671661376953e-01
1.355550289154052734e-01
1.818296760320663452e-01
1.442730724811553955e-01
2.380181252956390381e-01
1.425117403268814087e-01
1.628614068031311035e-01
2.111682593822479248e-01
1.686924993991851807e-01
1.268331557512283325e-01
1.802867352962493896e-01
1.869605481624603271e-01
1.211593449115753174e-01
6.072027981281280518e-02
2.068856209516525269e-01
3.422414362430572510e-01
1.397680640220642090e-01
1.726012527942657471e-01
6.901987642049789429e-02
1.137958317995071411e-01
1.977110505104064941e-01
1.967329084873199463e-01
1.781852692365646362e-01
1.895347386598587036e-01
2.357536852359771729e-01
1.186018511652946472e-01
5.862276256084442139e-02
1.870370209217071533e-01
2.907509505748748779e-01
1.149091124534606934e-01
2.323379963636398315e-01
1.389717310667037964e-01
1.058208495378494263e-01
1.113230884075164795e-01
1.896597892045974731e-01
1.705857664346694946e-01
2.186758816242218018e-01
1.552613973617553711e-01
6.488640606403350830e-02
2.755208611488342285e-01
4.496497660875320435e-02
1.526464968919754028e-01
3.170314058661460876e-02
2.715398669242858887e-01
1.573200821876525879e-01
2.514304220676422119e-01
1.199238598346710205e-01
1.889416873455047607e-01
2.720456719398498535e-01
4.276285767555236816e-01
1.307731866836547852e-01
3.365057706832885742e-01
8.074648678302764893e-02
2.543631196022033691e-01
1.376824975013732910e-01
1.666783541440963745e-01
2.555834650993347168e-01
1.425066441297531128e-01
3.089615888893604279e-02
1.399155259132385254e-01
3.907163813710212708e-02
8.878390491008758545e-02
9.657292068004608154e-02
9.865009784698486328e-02
2.667641043663024902e-01
1.460074484348297119e-01
1.891630887985229492e-01
1.657751798629760742e-01
1.472404003143310547e-01
1.207100898027420044e-01
1.417212784290313721e-01
2.904022932052612305e-01
1.825578659772872925e-01
2.809521853923797607e-01
1.978492587804794312e-01
4.841828644275665283e-01
2.171233594417572021e-01
4.306950569152832031e-01
2.455100119113922119e-01
1.124729663133621216e-01
2.260418534278869629e-01
7.334262132644653320e-02
3.227899372577667236e-01
2.792342007160186768e-01
1.604741811752319336e-01
2.836171090602874756e-01
1.434566229581832886e-01
3.182485401630401611e-01
1.501602381467819214e-01
4.898411780595779419e-02
1.958554387092590332e-01
1.471186876296997070e-01
2.320095598697662354e-01
2.336913645267486572e-01
1.792213320732116699e-01
8.961736410856246948e-02
2.408443391323089600e-01
6.621960550546646118e-02
1.906415820121765137e-01
1.118865832686424255e-01
1.110810339450836182e-01
1.381775587797164917e-01
2.916496992111206055e-01
1.671643853187561035e-01
2.350233495235443115e-01
3.118074536323547363e-01
1.530795991420745850e-01
1.725596785545349121e-01
6.772901862859725952e-02
9.074339270591735840e-02
1.437818408012390137e-01
1.851475685834884644e-01
2.899429500102996826e-01
1.369006931781768799e-01
8.547846227884292603e-02
2.094478756189346313e-01
2.235188186168670654e-01
2.674745321273803711e-01
6.830671429634094238e-02
1.591284871101379395e-01
8.500199019908905029e-02
1.006046831607818604e-01
2.805917561054229736e-01
1.605495810508728027e-01
1.685693562030792236e-01
8.915025740861892700e-02
7.478839904069900513e-02
2.397294193506240845e-01
9.933303296566009521e-02
1.383622884750366211e-01
1.631241291761398315e-01
1.857792735099792480e-01
1.822991371154785156e-01
1.269705593585968018e-01
3.259746432304382324e-01
7.365235686302185059e-02
4.357706755399703979e-02
1.055592894554138184e-01
3.507630527019500732e-02
2.316059023141860962e-01
2.677216529846191406e-01
6.729290634393692017e-02
1.685352921485900879e-01
1.867232173681259155e-01
4.732301086187362671e-02
1.438583731651306152e-01
1.322591304779052734e-01
2.222375869750976562e-01
2.176049724221229553e-02
2.377797365188598633e-01
5.408486127853393555e-01
3.492119610309600830e-01
1.316246390342712402e-01
1.219118535518646240e-01
1.703424453735351562e-01
1.230690032243728638e-01
1.670192331075668335e-01
1.570003628730773926e-01
1.685809195041656494e-01
1.422984451055526733e-01
4.787886142730712891e-02
1.262660622596740723e-01
1.216233968734741211e-01
1.824954450130462646e-01
1.772812306880950928e-01
8.288350701332092285e-02
2.105776071548461914e-01
1.858065575361251831e-01
2.799833714962005615e-01
1.574254035949707031e-01
3.131631314754486084e-01
2.401500046253204346e-01
1.538068205118179321e-01
2.393727749586105347e-01
4.384142756462097168e-01
4.202719926834106445e-01
4.112920165061950684e-01
3.740132749080657959e-01
2.072339951992034912e-01
2.350986152887344360e-01
2.481043189764022827e-01
1.970318406820297241e-01
8.559489250183105469e-02
4.998466745018959045e-02
1.452338397502899170e-01
5.384467169642448425e-02
2.804345190525054932e-01
1.591238379478454590e-01
4.794453978538513184e-01
9.708924591541290283e-02
1.281929463148117065e-01
2.355231344699859619e-01
2.962327003479003906e-01
1.482972502708435059e-01
2.991466224193572998e-01
8.136444538831710815e-02
2.441066205501556396e-01
1.240516752004623413e-01
3.860597908496856689e-01
1.250103861093521118e-01
1.130541265010833740e-01
1.211501881480216980e-01
5.881341174244880676e-02
1.876342445611953735e-01
9.405051916837692261e-02
1.018802598118782043e-01
3.082849085330963135e-01
2.877309918403625488e-01
1.069022119045257568e-01
1.273278445005416870e-01
3.776785433292388916e-01
1.964663118124008179e-01
3.033642768859863281e-01
5.090036243200302124e-02
2.247894704341888428e-01
1.761260777711868286e-01
2.983600795269012451e-01
2.977809309959411621e-01
2.547942996025085449e-01
2.434507012367248535e-01
1.809732168912887573e-01
4.331005811691284180e-01
2.583025991916656494e-01
4.979539662599563599e-02
3.618158102035522461e-01
3.069187104701995850e-01
3.189457654953002930e-01
2.933609783649444580e-01
1.634543240070343018e-01
3.207074403762817383e-01
3.121607303619384766e-01
8.863184601068496704e-02
1.737264990806579590e-01
2.662165462970733643e-01
8.706070482730865479e-02
2.799233496189117432e-01
9.324268996715545654e-02
3.120658397674560547e-01
1.748700439929962158e-01
1.437997967004776001e-01
1.743389666080474854e-01
1.785667985677719116e-01
1.257682144641876221e-01
1.451925337314605713e-01
4.046648740768432617e-01
1.820342540740966797e-01
2.593412399291992188e-01
1.350264549255371094e-01
2.235211431980133057e-01
1.100923120975494385e-01
2.435087859630584717e-01
1.814876198768615723e-01
7.894346863031387329e-02
2.025383412837982178e-01
6.720730662345886230e-02
1.787138879299163818e-01
1.239033192396163940e-01
1.483361721038818359e-01
2.909851670265197754e-01
9.293836355209350586e-02
1.264205873012542725e-01
1.650507152080535889e-01
1.178986132144927979e-01
1.386302411556243896e-01
3.154141008853912354e-01
1.767529100179672241e-01
2.001029551029205322e-01
2.633391618728637695e-01
1.211514919996261597e-01
3.049722015857696533e-01
9.275238215923309326e-02
9.259216487407684326e-02
6.781379878520965576e-02
1.025727763772010803e-01
1.000211387872695923e-01
4.208105057477951050e-02
2.970540821552276611e-01
6.609307974576950073e-02
1.812055408954620361e-01
3.538173139095306396e-01
3.075878620147705078e-01
3.445066809654235840e-01
2.497291862964630127e-01
3.556190133094787598e-01
1.703212559223175049e-01
9.347444027662277222e-02
2.735001742839813232e-01
2.742662727832794189e-01
2.242100387811660767e-01
1.723743379116058350e-01
1.234134733676910400e-01
2.389745861291885376e-01
1.503491550683975220e-01
1.028687059879302979e-01
1.056323945522308350e-01
1.361983418464660645e-01
4.658892005681991577e-02
2.701929956674575806e-02
3.286095261573791504e-01
1.976797580718994141e-01
1.977384835481643677e-01
5.005761235952377319e-02
1.309368312358856201e-01
9.988899528980255127e-02
4.095707088708877563e-02
1.291092634201049805e-01
2.095230817794799805e-01
3.144872188568115234e-01
2.765957117080688477e-01
2.959755659103393555e-01
2.301579862833023071e-01
1.365757882595062256e-01
1.444324553012847900e-01
1.449061930179595947e-01
9.632608294486999512e-02
4.665819182991981506e-02
3.034753799438476562e-01
2.849762439727783203e-01
2.044134438037872314e-01
3.600515127182006836e-01
1.904056072235107422e-01
3.482740521430969238e-01
2.237185239791870117e-01
1.193188726902008057e-01
3.095440864562988281e-01
1.989819705486297607e-01
2.345566600561141968e-01
2.376727312803268433e-01
1.463434249162673950e-01
1.747127324342727661e-01
1.599576473236083984e-01
8.516361564397811890e-02
1.909845918416976929e-01
1.572988927364349365e-01
4.449954628944396973e-01
4.173049926757812500e-01
2.030528187751770020e-01
1.415695846080780029e-01
3.016459643840789795e-01
2.762538194656372070e-01
1.904956698417663574e-01
2.619321644306182861e-01
3.717749118804931641e-01
3.146132826805114746e-01
8.842916041612625122e-02
5.254224538803100586e-01
1.532958447933197021e-01
2.907909154891967773e-01
1.536478996276855469e-01
1.092666685581207275e-01
1.256846785545349121e-01
1.782108694314956665e-01
2.993055582046508789e-01
1.918566226959228516e-01
1.598876416683197021e-01
1.692885905504226685e-01
1.003619879484176636e-01
3.310136497020721436e-01
8.549555391073226929e-02
1.542733460664749146e-01
3.766944408416748047e-01
4.080162942409515381e-02
1.407218277454376221e-01
8.803337067365646362e-02
3.387533724308013916e-01
1.009380593895912170e-01
2.616950273513793945e-01
1.959549188613891602e-01
1.158918738365173340e-01
1.818072050809860229e-01
1.180935725569725037e-01
3.021207451820373535e-01
1.737566739320755005e-01
1.148581504821777344e-01
1.702692210674285889e-01
2.009969651699066162e-01
7.700977474451065063e-02
3.180679678916931152e-01
5.039510130882263184e-01
3.327868506312370300e-02
1.899973675608634949e-02
2.968757152557373047e-01
1.481182426214218140e-01
3.855936527252197266e-01
1.982478946447372437e-01
3.597683906555175781e-01
2.047281265258789062e-01
2.084083259105682373e-01
9.403088688850402832e-02
6.541479378938674927e-02
1.912659108638763428e-01
1.988634169101715088e-01
3.063861131668090820e-01
9.262499213218688965e-02
1.404301226139068604e-01
7.872907817363739014e-02
2.936381697654724121e-01
1.961722820997238159e-01
1.693408191204071045e-01
1.682142913341522217e-01
7.650779932737350464e-02
5.764596164226531982e-02
3.069967627525329590e-01
1.534686237573623657e-01
1.991152167320251465e-01
4.731792956590652466e-02
3.144359886646270752e-01
1.747832596302032471e-01
2.098133862018585205e-01
1.537332534790039062e-01
1.361480951309204102e-01
2.194931954145431519e-01
1.397515982389450073e-01
3.489699959754943848e-01
3.439087867736816406e-01
1.895254552364349365e-01
1.846803575754165649e-01
2.290797382593154907e-01
1.833951622247695923e-01
1.347980797290802002e-01
6.610128283500671387e-02
2.882582545280456543e-01
2.485580742359161377e-01
6.986786425113677979e-02
2.447102963924407959e-01
1.635490804910659790e-01
2.024988830089569092e-01
1.750311404466629028e-01
3.054177761077880859e-01
9.500028192996978760e-02
2.189916670322418213e-01
2.326653450727462769e-01
2.709953188896179199e-01
3.547727465629577637e-01
5.841898173093795776e-02
1.462527960538864136e-01
7.521067559719085693e-02
2.103278189897537231e-01
1.669289767742156982e-01
1.602648496627807617e-01
1.627412438392639160e-01
5.120877921581268311e-02
1.419074833393096924e-01
1.770968139171600342e-01
7.707890868186950684e-02
3.653284534811973572e-02
1.205853223800659180e-01
4.355538785457611084e-01
1.892550289630889893e-01
1.798876971006393433e-01
1.552302539348602295e-01
3.898421227931976318e-01
3.715445101261138916e-02
1.040313616394996643e-01
2.332670688629150391e-01
2.478949725627899170e-01
9.013339877128601074e-02
3.419537097215652466e-02
1.602779328823089600e-01
1.340759843587875366e-01
1.722906082868576050e-01
2.078268975019454956e-01
4.789149761199951172e-02
1.558389514684677124e-01
7.224933803081512451e-02
1.032974794507026672e-01
4.384756088256835938e-01
1.784309446811676025e-01
8.316756039857864380e-02
2.405825257301330566e-01
1.658780276775360107e-01
2.002017199993133545e-01
1.165986433625221252e-01
2.524794340133666992e-01
1.262176930904388428e-01
2.955335974693298340e-01
2.094749361276626587e-01
1.889934539794921875e-01
2.000976502895355225e-01
2.775138020515441895e-01
1.924006044864654541e-01
7.963956147432327271e-02
2.354373335838317871e-01
9.513910114765167236e-02
1.668723225593566895e-01
1.880415678024291992e-01
6.433349847793579102e-02
3.257096409797668457e-01
2.257957756519317627e-01
2.291781902313232422e-01
3.248133063316345215e-01
4.372981935739517212e-02
1.185691952705383301e-01
9.645886719226837158e-02
2.678787708282470703e-01
1.765253841876983643e-01
3.277616202831268311e-01
1.310268491506576538e-01
1.591765880584716797e-01
1.839776337146759033e-01
2.307598888874053955e-01
2.277172505855560303e-01
2.819084525108337402e-01
1.443534493446350098e-01
3.048959076404571533e-01
1.230031549930572510e-01
2.464188337326049805e-01
2.213153541088104248e-01
6.203222647309303284e-02
1.567579060792922974e-01
1.598620414733886719e-01
1.738793104887008667e-01
2.616511881351470947e-01
1.273700892925262451e-01
3.685996234416961670e-01
1.596916466951370239e-01
2.311689108610153198e-01
8.290329575538635254e-02
1.464475244283676147e-01
2.078236490488052368e-01
7.983820140361785889e-02
6.971886157989501953e-01
2.063528150320053101e-01
1.113495677709579468e-01
2.218326926231384277e-01
1.831293404102325439e-01
2.892080545425415039e-01
1.877746134996414185e-01
1.471301913261413574e-01
2.971057295799255371e-01
2.140609920024871826e-01
1.621347665786743164e-01
9.082242101430892944e-02
4.600208401679992676e-01
6.395965814590454102e-02
7.776424288749694824e-02
7.743503898382186890e-02
1.637471318244934082e-01
1.031533479690551758e-01
2.833676338195800781e-02
2.576073408126831055e-01
1.124381422996520996e-01
2.134311795234680176e-01
1.074654236435890198e-01
2.221821397542953491e-01
3.217405676841735840e-01
3.408276140689849854e-01
2.140915393829345703e-01
1.758129894733428955e-01
4.541245102882385254e-02
3.466585576534271240e-01
2.097951769828796387e-01
2.230146825313568115e-01
2.825741171836853027e-01
7.011730968952178955e-02
1.934118568897247314e-01
1.399398446083068848e-01
2.111804187297821045e-01
1.556526124477386475e-01
1.246441900730133057e-01
7.122592628002166748e-02
5.081465095281600952e-02
4.192183017730712891e-01
2.964618206024169922e-01
7.100000977516174316e-02
1.911025196313858032e-01
3.523821532726287842e-01
1.796783506870269775e-01
2.085254341363906860e-01
1.205720528960227966e-01
3.446830213069915771e-01
1.123765856027603149e-01
5.297590047121047974e-02
4.258596524596214294e-02
4.170807600021362305e-01
2.760564088821411133e-01
2.288598120212554932e-01
2.195802628993988037e-01
3.877693712711334229e-01
2.365909665822982788e-01
1.331218928098678589e-01
1.415839344263076782e-01
2.439351677894592285e-01
1.862536072731018066e-01
1.253243088722229004e-01
6.534533202648162842e-02
9.209029376506805420e-02
1.847239434719085693e-01
1.698376387357711792e-01
3.054822608828544617e-02
2.657528519630432129e-01
1.355511099100112915e-01
1.807438731193542480e-01
1.401747912168502808e-01
1.805889010429382324e-01
5.858691930770874023e-01
2.387115508317947388e-01
1.315782517194747925e-01
3.502616286277770996e-01
2.188772261142730713e-01
2.922500967979431152e-01
2.568516433238983154e-01
2.048594057559967041e-01
2.644608914852142334e-01
1.355670094490051270e-01
2.141093313694000244e-01
1.525703072547912598e-01
1.254130601882934570e-01
2.630718946456909180e-01
6.398434937000274658e-02
1.556644141674041748e-01
1.203551664948463440e-01
9.379792213439941406e-02
8.839185535907745361e-02
6.980431824922561646e-02
2.049416452646255493e-01
9.661445021629333496e-02
1.426320672035217285e-01
1.708754450082778931e-01
3.413152992725372314e-01
1.082080155611038208e-01
4.489584565162658691e-01
1.518026292324066162e-01
1.256699264049530029e-01
2.271439582109451294e-01
2.113490700721740723e-01
1.800963729619979858e-01
3.630199283361434937e-02
1.054195463657379150e-01
4.621165245771408081e-02
2.327260971069335938e-01
2.293069809675216675e-01
3.101568520069122314e-01
1.531632691621780396e-01
1.788111776113510132e-01
7.985523343086242676e-02
1.592100262641906738e-01
1.311085820198059082e-01
1.947451680898666382e-01
2.942479848861694336e-01
4.293226003646850586e-01
2.013893723487854004e-01
2.856351137161254883e-01
2.927971482276916504e-01
3.160929679870605469e-02
2.257141917943954468e-01
3.221364691853523254e-02
2.813732922077178955e-01
4.188174307346343994e-01
3.849192261695861816e-01
1.691915839910507202e-01
1.222876980900764465e-01
2.937160432338714600e-01
1.953739225864410400e-01
8.729913085699081421e-02
2.047394216060638428e-01
1.303052157163619995e-01
2.063493579626083374e-01
1.762786358594894409e-01
4.924597144126892090e-01
2.362936437129974365e-01
1.205302476882934570e-01
1.894853711128234863e-01
1.903262883424758911e-01
3.419443368911743164e-01
1.664004325866699219e-01
1.249693557620048523e-01
4.072741866111755371e-01
3.100870251655578613e-01
1.762314438819885254e-01
1.724203228950500488e-01
1.307966411113739014e-01
1.305898874998092651e-01
2.297855913639068604e-01
4.686953127384185791e-02
1.480994671583175659e-01
7.968214154243469238e-02
1.700389981269836426e-01
3.657579421997070312e-01
3.020042777061462402e-01
1.266727894544601440e-01
4.798641800880432129e-01
2.263031005859375000e-01
1.844057440757751465e-01
3.266818523406982422e-01
1.232988685369491577e-01
3.207916617393493652e-01
7.614511251449584961e-02
3.407543301582336426e-01
4.472421407699584961e-01
1.174193918704986572e-01
1.340221166610717773e-01
1.084394380450248718e-01
1.920666396617889404e-01
9.481232613325119019e-02
2.467259168624877930e-01
2.209319174289703369e-01
1.506214439868927002e-01
4.012882113456726074e-01
2.150745987892150879e-01
5.105062946677207947e-02
3.898532986640930176e-01
2.241348475217819214e-01
3.716494441032409668e-01
1.647451221942901611e-01
6.890462338924407959e-02
3.266854584217071533e-01
4.991131424903869629e-01
2.721463441848754883e-01
1.118957102298736572e-01
2.069595754146575928e-01
1.905320584774017334e-01
9.465049207210540771e-02
1.880992799997329712e-01
2.664987444877624512e-01
8.322529494762420654e-02
8.640863001346588135e-02
4.097371995449066162e-01
3.121682703495025635e-01
1.394289433956146240e-01
1.413097679615020752e-01
2.160789072513580322e-01
2.035735249519348145e-01
1.233055964112281799e-01
1.216752156615257263e-01
1.766699254512786865e-01
1.354161947965621948e-01
2.714242041110992432e-01
3.153514862060546875e-01
1.237979233264923096e-01
2.078403830528259277e-01
3.145222067832946777e-01
1.493743956089019775e-01
1.988138556480407715e-01
3.537360131740570068e-01
2.903131544589996338e-01
2.310256063938140869e-01
1.794933378696441650e-01
1.499534845352172852e-01
1.509928256273269653e-01
2.109563499689102173e-01
1.722213923931121826e-01
3.115774989128112793e-01
8.328574895858764648e-02
4.234096705913543701e-01
2.618440091609954834e-01
1.341854035854339600e-01
1.960926353931427002e-01
1.426660120487213135e-01
3.220383226871490479e-01
2.465390264987945557e-01
6.593120098114013672e-02
5.807436257600784302e-02
3.080320060253143311e-01
1.756651997566223145e-01
1.172666102647781372e-01
5.530992746353149414e-01
2.188507169485092163e-01
1.808757930994033813e-01
3.469527959823608398e-01
8.715564012527465820e-02
2.588207423686981201e-01
2.003897130489349365e-01
1.173280179500579834e-01
3.069943189620971680e-01
1.222537383437156677e-01
1.247387528419494629e-01
9.330964088439941406e-02
2.572388648986816406e-01
5.851676687598228455e-02
1.662375032901763916e-01
3.101326227188110352e-01
2.444729208946228027e-01
1.645947098731994629e-01
1.511957347393035889e-01
1.822896301746368408e-01
1.403179764747619629e-01
3.331442475318908691e-01
1.539165675640106201e-01
9.430988132953643799e-02
1.710954904556274414e-01
2.108315825462341309e-01
4.905673265457153320e-01
2.384727001190185547e-01
2.830054461956024170e-01
2.527707517147064209e-01
8.689239621162414551e-02
2.214761674404144287e-01
2.515139579772949219e-01
2.764003574848175049e-01
2.568276822566986084e-01
5.964596569538116455e-02
3.263208270072937012e-01
3.695627450942993164e-01
3.770109117031097412e-01
1.616781949996948242e-01
2.129677385091781616e-01
1.399641931056976318e-01
3.266105055809020996e-01
1.584369540214538574e-01
9.831286966800689697e-02
1.341908127069473267e-01
3.230561614036560059e-01
2.983725666999816895e-01
1.692693233489990234e-01
2.066038995981216431e-01
1.429571360349655151e-01
1.462420821189880371e-01
4.147377610206604004e-01
2.355902045965194702e-01
2.613235116004943848e-01
3.239369392395019531e-01
2.712824046611785889e-01
1.048358231782913208e-01
3.019183874130249023e-01
3.172239661216735840e-01
1.462583541870117188e-01
2.187723517417907715e-01
3.473156690597534180e-01
2.861883640289306641e-01
1.728214025497436523e-01
2.302086502313613892e-01
3.084735870361328125e-01
2.262919098138809204e-01
6.934368610382080078e-02
3.614267110824584961e-01
2.602456212043762207e-01
1.022416353225708008e-01
2.580713629722595215e-01
2.621084153652191162e-01
9.002746641635894775e-02
1.482093483209609985e-01
1.070374846458435059e-01
1.142848283052444458e-01
1.165164932608604431e-01
3.194735050201416016e-01
1.710053086280822754e-01
2.460783720016479492e-01
2.384086251258850098e-01
9.061454981565475464e-02
8.717788755893707275e-02
2.080067098140716553e-01
8.531363308429718018e-02
8.742950856685638428e-02
9.397799521684646606e-02
6.207188218832015991e-02
1.358360648155212402e-01
1.630610674619674683e-01
1.965993493795394897e-01
2.407168447971343994e-01
3.596208393573760986e-01
2.729633152484893799e-01
2.919807136058807373e-01
8.725291490554809570e-02
4.722192883491516113e-01
3.030356764793395996e-01
1.919127702713012695e-01
2.307204008102416992e-01
3.263316750526428223e-01
2.560644447803497314e-01
1.387474536895751953e-01
8.205851912498474121e-02
2.481667846441268921e-01
9.509761631488800049e-02
7.652299851179122925e-02
2.115402370691299438e-01
9.943664073944091797e-02
1.868759095668792725e-01
1.809200048446655273e-01
9.086138755083084106e-02
2.350198924541473389e-01
2.406020276248455048e-02
1.936801373958587646e-01
2.244338691234588623e-01
1.076613813638687134e-01
1.022934094071388245e-01
1.852219402790069580e-01
2.650563716888427734e-01
6.102709472179412842e-02
1.360284984111785889e-01
9.901198744773864746e-02
4.512637853622436523e-01
1.304214298725128174e-01
6.395325064659118652e-02
1.129950135946273804e-01
2.948814332485198975e-01
1.408438682556152344e-01
1.059879362583160400e-01
1.467677950859069824e-01
4.495721682906150818e-02
1.054069995880126953e-01
6.475518643856048584e-02
6.912280619144439697e-02
1.172341555356979370e-01
1.567626148462295532e-01
1.244507580995559692e-01
1.381532698869705200e-01
4.063970223069190979e-02
4.345058798789978027e-01
1.023459061980247498e-01
2.452879548072814941e-01
4.436076283454895020e-01
1.473198533058166504e-01
8.486564457416534424e-02
9.574039280414581299e-02
1.879433691501617432e-01
2.193236351013183594e-01
1.327329576015472412e-01
2.396552562713623047e-01
4.314060807228088379e-01
5.118364095687866211e-01
1.764534413814544678e-01
1.683980822563171387e-01
3.562940955162048340e-01
4.299993813037872314e-01
4.240361601114273071e-02
3.268502354621887207e-01
2.340896725654602051e-01
2.753667831420898438e-01
8.365670591592788696e-02
1.864722967147827148e-01
5.124839544296264648e-01
6.983546912670135498e-02
1.764986515045166016e-01
3.793475329875946045e-01
1.005708649754524231e-01
7.166202366352081299e-02
2.495421171188354492e-01
2.224129736423492432e-01
6.953033804893493652e-02
3.101376295089721680e-01
1.910488754510879517e-01
2.292646169662475586e-01
1.666768491268157959e-01
3.345712423324584961e-01
2.366236150264739990e-01
1.224101036787033081e-01
1.977392733097076416e-01
5.289097428321838379e-01
2.531565427780151367e-01
1.512236893177032471e-01
1.634494960308074951e-01
1.832502782344818115e-01
2.188894450664520264e-01
2.696595788002014160e-01
6.429676711559295654e-02
2.500903606414794922e-01
7.942615449428558350e-02
2.860296070575714111e-01
2.196549475193023682e-01
1.891937255859375000e-01
1.927943825721740723e-01
3.186115026473999023e-01
3.248384594917297363e-01
2.776253521442413330e-01
4.938527196645736694e-02
3.402124047279357910e-01
2.139403671026229858e-01
1.873134076595306396e-01
1.292072385549545288e-01
2.584884166717529297e-01
1.167186573147773743e-01
1.858316361904144287e-01
5.551025271415710449e-02
4.515632987022399902e-01
3.451846241950988770e-01
2.784172892570495605e-01
2.919891476631164551e-01
3.395493030548095703e-01
2.500424385070800781e-01
2.917773723602294922e-01
2.090465724468231201e-01
2.331140637397766113e-01
6.376595795154571533e-02
5.880203843116760254e-02
1.224624291062355042e-01
2.389972805976867676e-01
3.090325593948364258e-01
1.779183745384216309e-01
1.914611011743545532e-01
1.432943046092987061e-01
5.159542709589004517e-02
1.471783667802810669e-01
1.214447617530822754e-01
1.742207109928131104e-01
2.075799703598022461e-01
1.899984925985336304e-01
1.435816287994384766e-01
2.203578501939773560e-01
7.244987785816192627e-02
2.126044780015945435e-01
9.398107230663299561e-02
1.620572209358215332e-01
1.864696592092514038e-01
2.425547838211059570e-01
1.116501241922378540e-01
4.740835726261138916e-02
1.821915805339813232e-01
2.488726526498794556e-01
2.426081597805023193e-01
2.748222649097442627e-01
2.190039455890655518e-01
2.236613482236862183e-01
2.736933827400207520e-01
9.446720778942108154e-02
1.394542157649993896e-01
2.977671623229980469e-01
1.917198598384857178e-01
2.144904583692550659e-01
2.558706998825073242e-01
3.887693881988525391e-01
2.765402793884277344e-01
3.331886529922485352e-01
4.766709804534912109e-01
3.440079092979431152e-01
2.915147840976715088e-01
1.714314222335815430e-01
1.738225519657135010e-01
9.005773812532424927e-02
1.831514388322830200e-01
2.230764180421829224e-01
2.280709594488143921e-01
1.876820027828216553e-01
1.340428888797760010e-01
3.165504038333892822e-01
1.944372206926345825e-01
1.831075549125671387e-01
3.709956407546997070e-01
1.406096667051315308e-01
2.452540695667266846e-01
2.535758912563323975e-01
8.414167165756225586e-02
6.249687448143959045e-02
5.363745242357254028e-02
1.681493520736694336e-01
3.567115068435668945e-01
2.443177402019500732e-01
1.358917951583862305e-01
7.818374037742614746e-02
9.288386255502700806e-02
1.178294420242309570e-01
1.076346263289451599e-01
1.655127406120300293e-01
1.228308901190757751e-01
9.532901644706726074e-02
1.848617792129516602e-01
2.631937265396118164e-01
1.021918207406997681e-01
2.272709459066390991e-01
4.100788533687591553e-01
1.070083975791931152e-01
2.632780075073242188e-01
6.054756045341491699e-02
4.201994463801383972e-02
3.437019586563110352e-01
7.030676305294036865e-02
4.747644811868667603e-02
1.202544271945953369e-01
1.329471319913864136e-01
1.160349473357200623e-01
3.456699252128601074e-01
2.015084624290466309e-01
8.614857494831085205e-02
1.243637129664421082e-01
7.114009559154510498e-02
1.200266480445861816e-01
9.389156103134155273e-02
1.243509128689765930e-01
1.593729108572006226e-01
1.681993752717971802e-01
2.908679246902465820e-01
3.473200798034667969e-01
9.460317343473434448e-02
2.577789425849914551e-01
2.605568766593933105e-01
1.636698842048645020e-01
1.994510889053344727e-01
1.668035238981246948e-01
6.881080567836761475e-02
1.105622872710227966e-01
1.897454261779785156e-01
1.211680620908737183e-01
1.154724881052970886e-01
3.102048039436340332e-01
1.226150840520858765e-01
5.993868410587310791e-02
6.967532634735107422e-02
4.450304061174392700e-02
3.823464214801788330e-01
2.145680189132690430e-01
9.270163625478744507e-02
1.058152243494987488e-01
4.304474592208862305e-01
2.003212571144104004e-01
9.143683314323425293e-02
5.485807731747627258e-02
1.355001330375671387e-01
1.464432328939437866e-01
3.896480798721313477e-02
1.097446307539939880e-01
2.834956049919128418e-01
1.219650357961654663e-01
2.220396697521209717e-01
1.506356149911880493e-01
2.648207843303680420e-01
1.142255663871765137e-01
7.840991765260696411e-02
2.049942165613174438e-01
3.637530207633972168e-01
4.450754523277282715e-01
1.553177386522293091e-01
5.557232350111007690e-02
2.611120045185089111e-01
1.093517988920211792e-01
2.109704911708831787e-01
1.756548583507537842e-01
4.349967464804649353e-02
1.649932563304901123e-01
1.429593563079833984e-01
1.021471694111824036e-01
2.459614276885986328e-01
1.902409791946411133e-01
5.162665992975234985e-02
2.658815383911132812e-01
7.460959255695343018e-02
1.311370134353637695e-01
2.331237494945526123e-01
1.797009259462356567e-01
8.414772897958755493e-02
1.613922119140625000e-01
6.686607003211975098e-02
1.342609226703643799e-01
8.101450651884078979e-02
2.499698847532272339e-01
2.049129754304885864e-01
2.945672869682312012e-01
1.602382510900497437e-01
5.387313291430473328e-02
1.495309621095657349e-01
1.661687791347503662e-01
2.293605655431747437e-01
3.940129876136779785e-01
4.392419382929801941e-02
1.209068298339843750e-01
2.163915485143661499e-01
1.499811857938766479e-01
2.071269452571868896e-01
5.432620644569396973e-02
2.555488049983978271e-01
4.290946722030639648e-01
4.099860042333602905e-02
3.911690711975097656e-01
8.021352440118789673e-02
2.045484185218811035e-01
2.310186177492141724e-01
1.921737492084503174e-01
2.016494125127792358e-01
2.441520243883132935e-01
2.130384445190429688e-01
1.896582096815109253e-01
2.446296215057373047e-01
9.516297280788421631e-02
3.014326691627502441e-01
2.526393234729766846e-01
9.939406812191009521e-02
1.694418638944625854e-01
1.538629829883575439e-01
2.174802571535110474e-01
1.965253055095672607e-01
1.627103239297866821e-01
1.283079087734222412e-01
1.760699450969696045e-01
7.414487004280090332e-02
1.072309762239456177e-01
1.720818728208541870e-01
2.247941344976425171e-01
1.634916961193084717e-01
8.030223846435546875e-02
2.612250745296478271e-01
4.333029389381408691e-01
2.829484045505523682e-01
2.227027416229248047e-01
1.257115006446838379e-01
7.820401340723037720e-02
1.886560618877410889e-01
2.272349447011947632e-01
2.636088728904724121e-01
2.831814885139465332e-01
1.198346614837646484e-01
1.382926404476165771e-01
1.733738631010055542e-01
1.685999035835266113e-01
1.053975820541381836e+00
