3.443984389305114746e-01
1.533209681510925293e-01
2.521181702613830566e-01
1.782318353652954102e-01
1.642018556594848633e-01
1.188246533274650574e-01
4.465667605400085449e-01
2.134200632572174072e-01
3.341450095176696777e-01
1.847938299179077148e-01
1.735104024410247803e-01
1.655668020248413086e-01
1.598987430334091187e-01
1.305674165487289429e-01
1.241030097007751465e-01
1.476381272077560425e-01
1.626192927360534668e-01
2.005688846111297607e-01
2.640792429447174072e-01
7.656670361757278442e-02
2.821527123451232910e-01
3.316146135330200195e-01
1.824191808700561523e-01
9.458201378583908081e-02
1.134102866053581238e-01
4.953238368034362793e-01
1.927766799926757812e-01
3.120628893375396729e-01
4.725241065025329590e-01
2.071624696254730225e-01
3.619470000267028809e-01
8.658149838447570801e-02
2.510326504707336426e-01
5.676126480102539062e-01
2.650677859783172607e-01
2.427599281072616577e-01
2.353292703628540039e-01
1.751704066991806030e-01
3.653050661087036133e-01
4.483027160167694092e-01
1.590325832366943359e-01
1.849812716245651245e-01
1.074325814843177795e-01
3.004945814609527588e-01
2.593760490417480469e-01
6.824640035629272461e-01
1.606907248497009277e-01
2.584753036499023438e-01
1.953039020299911499e-01
7.898179441690444946e-02
3.666239976882934570e-01
1.987666636705398560e-01
1.484361886978149414e-01
1.450418680906295776e-01
2.366033643484115601e-01
1.105999499559402466e-01
2.159414291381835938e-01
2.229382693767547607e-01
1.648575067520141602e-01
1.629051864147186279e-01
1.885553747415542603e-01
4.018681049346923828e-01
3.194189667701721191e-01
1.983633041381835938e-01
1.729026734828948975e-01
1.740261614322662354e-01
2.944135367870330811e-01
9.920525550842285156e-02
3.197608888149261475e-01
6.930028647184371948e-02
8.506906777620315552e-02
1.667459011077880859e-01
2.743937373161315918e-01
3.226336538791656494e-01
1.763279438018798828e-01
9.164123237133026123e-02
3.636642098426818848e-01
8.920133113861083984e-02
4.288304448127746582e-01
2.025807499885559082e-01
1.017995029687881470e-01
8.869919180870056152e-02
7.490215450525283813e-02
2.143703997135162354e-01
3.415976166725158691e-01
1.985224187374114990e-01
1.943359225988388062e-01
2.321502566337585449e-01
4.955438673496246338e-01
2.131617963314056396e-01
2.913731336593627930e-01
1.865156739950180054e-01
1.394836455583572388e-01
2.000356465578079224e-01
2.316575050354003906e-01
1.238135248422622681e-01
1.202593445777893066e-01
3.281227648258209229e-01
4.542160630226135254e-01
2.058213651180267334e-01
3.636702597141265869e-01
2.388224005699157715e-01
9.661537408828735352e-02
1.237021535634994507e-01
2.978021502494812012e-01
1.940010040998458862e-01
1.976324617862701416e-01
2.595124542713165283e-01
1.255723088979721069e-01
1.559189856052398682e-01
8.828848600387573242e-02
3.089040517807006836e-01
8.308938145637512207e-02
1.555002629756927490e-01
1.053014844655990601e-01
1.262030899524688721e-01
1.793794631958007812e-01
3.119454383850097656e-01
3.689404726028442383e-01
3.581894040107727051e-01
1.335057765245437622e-01
1.234688684344291687e-01
1.831985712051391602e-01
1.664415001869201660e-01
9.398913383483886719e-02
4.231381118297576904e-01
5.465668439865112305e-02
1.068103089928627014e-01
4.270150065422058105e-01
7.234666496515274048e-02
3.204266428947448730e-01
2.802948057651519775e-01
2.543420195579528809e-01
1.196745783090591431e-01
9.477854520082473755e-02
1.253879368305206299e-01
1.593832969665527344e-01
6.904019415378570557e-02
1.394154429435729980e-01
7.948842644691467285e-02
1.938308328390121460e-01
1.698611974716186523e-01
1.575239002704620361e-01
4.368085861206054688e-01
4.326242208480834961e-02
2.321378439664840698e-01
5.445005744695663452e-02
2.515050172805786133e-01
1.822697073221206665e-01
1.917992532253265381e-01
2.867971062660217285e-01
1.239981949329376221e-01
2.017891407012939453e-01
2.802066206932067871e-01
2.896333038806915283e-01
3.031758069992065430e-01
3.644602298736572266e-01
1.891427934169769287e-01
2.190863192081451416e-01
2.734746932983398438e-01
1.405261158943176270e-01
2.479252219200134277e-01
3.742939829826354980e-01
2.409006208181381226e-01
2.068378627300262451e-01
1.569790244102478027e-01
2.080645114183425903e-01
2.044334858655929565e-01
7.432262599468231201e-02
1.833453625440597534e-01
8.744823187589645386e-02
2.777777910232543945e-01
1.895777732133865356e-01
9.092693030834197998e-02
1.298028230667114258e-01
1.200286149978637695e-01
2.445912361145019531e-01
2.146383821964263916e-01
1.068099439144134521e-01
1.000429019331932068e-01
1.291121691465377808e-01
1.486628651618957520e-01
1.358976513147354126e-01
7.632390409708023071e-02
2.050179541110992432e-01
2.151066660881042480e-01
3.025615215301513672e-01
2.711103260517120361e-01
1.696719825267791748e-01
1.662625521421432495e-01
2.986750900745391846e-01
3.135570287704467773e-01
2.462039291858673096e-01
6.446254998445510864e-02
2.774793803691864014e-01
1.667050719261169434e-01
2.135190963745117188e-01
2.134031355381011963e-01
1.225272715091705322e-01
1.735475063323974609e-01
2.302544862031936646e-01
3.574064970016479492e-01
1.808936744928359985e-01
2.312949001789093018e-01
1.813963502645492554e-01
4.032509028911590576e-01
2.893031239509582520e-01
2.147425711154937744e-01
1.372105032205581665e-01
2.376169860363006592e-01
1.389448344707489014e-01
3.231305778026580811e-01
1.080906465649604797e-01
3.049306273460388184e-01
2.862940430641174316e-01
2.734246551990509033e-01
1.667655110359191895e-01
1.220833584666252136e-01
3.109075129032135010e-01
1.742425262928009033e-01
1.820281744003295898e-01
1.305430233478546143e-01
1.744939982891082764e-01
2.774147093296051025e-01
2.188815176486968994e-01
1.775313019752502441e-01
7.579912990331649780e-02
1.896776407957077026e-01
1.464705318212509155e-01
1.333129405975341797e-01
1.653619557619094849e-01
1.256680488586425781e-01
1.982948482036590576e-01
9.310531616210937500e-02
3.123955130577087402e-01
1.349305808544158936e-01
2.957216501235961914e-01
7.969105243682861328e-02
3.959225863218307495e-02
1.849202811717987061e-01
1.821437776088714600e-01
1.627774983644485474e-01
1.296172738075256348e-01
2.907350063323974609e-01
8.872310072183609009e-02
2.019712030887603760e-01
4.040439799427986145e-02
4.610951989889144897e-02
3.660348355770111084e-01
4.659008979797363281e-01
1.673999726772308350e-01
2.898265719413757324e-01
8.482722193002700806e-02
1.418747156858444214e-01
1.357240527868270874e-01
2.265337705612182617e-01
7.278139889240264893e-02
1.959790289402008057e-01
4.862812161445617676e-01
6.958828121423721313e-02
3.639904260635375977e-01
1.696382462978363037e-01
1.512641757726669312e-01
1.142463013529777527e-01
2.656598687171936035e-01
1.608602553606033325e-01
9.265981614589691162e-02
1.875311285257339478e-01
3.213215470314025879e-01
4.160827398300170898e-01
2.604753971099853516e-01
4.600547552108764648e-01
1.148426681756973267e-01
2.235943526029586792e-01
1.454173773527145386e-01
2.974160313606262207e-01
4.103521704673767090e-01
8.801065385341644287e-02
1.028646677732467651e-01
1.275623142719268799e-01
2.775738537311553955e-01
2.734389901161193848e-01
1.718585342168807983e-01
1.218300536274909973e-01
1.429012417793273926e-01
2.443471401929855347e-01
1.173148229718208313e-01
3.060905635356903076e-01
1.519832760095596313e-01
3.120656609535217285e-01
5.039883255958557129e-01
5.883721113204956055e-01
4.143242835998535156e-01
1.374064236879348755e-01
2.407529503107070923e-01
3.336167633533477783e-01
5.160332918167114258e-01
3.665034472942352295e-01
1.710270345211029053e-01
2.324003726243972778e-01
4.116728901863098145e-01
3.036800026893615723e-01
3.112152814865112305e-01
2.131252884864807129e-01
3.566111326217651367e-01
2.963529825210571289e-01
3.138751983642578125e-01
2.703103721141815186e-01
1.548123210668563843e-01
2.381075769662857056e-01
1.954008787870407104e-01
2.212590873241424561e-01
1.577398926019668579e-01
2.967771589756011963e-01
1.922097504138946533e-01
3.204007744789123535e-01
1.864544898271560669e-01
2.472425699234008789e-01
1.630224585533142090e-01
3.442689776420593262e-01
2.026397734880447388e-01
2.751840651035308838e-01
4.246318936347961426e-01
3.896124064922332764e-01
1.750337779521942139e-01
2.393845915794372559e-01
3.824424743652343750e-01
2.324558198451995850e-01
2.002778053283691406e-01
2.236496508121490479e-01
2.100409567356109619e-01
2.806010246276855469e-01
3.414788246154785156e-01
3.207800090312957764e-01
3.035804033279418945e-01
4.925083518028259277e-01
3.365896940231323242e-01
4.037199020385742188e-01
2.773181796073913574e-01
4.728491604328155518e-01
3.460816144943237305e-01
1.858041733503341675e-01
2.890202999114990234e-01
3.490511178970336914e-01
1.260899156332015991e-01
3.991143703460693359e-01
2.476380169391632080e-01
2.105298936367034912e-01
1.836763024330139160e-01
2.484616786241531372e-01
1.223363503813743591e-01
2.248348891735076904e-01
2.039218842983245850e-01
1.981557905673980713e-01
1.363078951835632324e-01
1.322024166584014893e-01
1.278812289237976074e-01
2.969066500663757324e-01
1.859763413667678833e-01
2.413277477025985718e-01
3.063854575157165527e-01
8.848052471876144409e-02
1.586913019418716431e-01
2.146150171756744385e-01
9.804847836494445801e-02
5.161415338516235352e-01
2.349734306335449219e-01
2.578521966934204102e-01
2.558252811431884766e-01
1.093962937593460083e-01
3.156001269817352295e-01
2.945402264595031738e-01
6.308460980653762817e-02
4.973898828029632568e-02
1.267076730728149414e-01
1.089774072170257568e-01
1.023065149784088135e-01
1.268493086099624634e-01
1.454198062419891357e-01
1.834440827369689941e-01
2.221002280712127686e-01
2.050663977861404419e-01
5.064430087804794312e-02
3.071646988391876221e-01
2.255504727363586426e-01
3.031037449836730957e-01
1.578732877969741821e-01
3.493815362453460693e-01
4.920650646090507507e-02
4.247317314147949219e-01
1.192298382520675659e-01
1.053624749183654785e-01
3.609263896942138672e-01
1.926129162311553955e-01
1.755644381046295166e-01
2.228903621435165405e-01
2.749559879302978516e-01
2.688580751419067383e-01
1.683278083801269531e-01
2.090002894401550293e-01
1.643796414136886597e-01
2.583807110786437988e-01
3.708893060684204102e-01
3.433122038841247559e-01
2.490442395210266113e-01
7.704354822635650635e-02
2.555384039878845215e-01
2.239772677421569824e-01
1.973214298486709595e-01
6.368535012006759644e-02
7.038715481758117676e-02
2.284501641988754272e-01
2.300073802471160889e-01
1.473094820976257324e-01
1.302877366542816162e-01
2.424183785915374756e-01
9.519100934267044067e-02
2.340875864028930664e-01
1.553675830364227295e-01
1.123516559600830078e-01
1.557527482509613037e-01
2.031828314065933228e-01
1.928811669349670410e-01
2.075967937707901001e-01
1.300315111875534058e-01
1.810838282108306885e-01
1.479892432689666748e-01
8.774562180042266846e-02
1.954432576894760132e-01
2.089115381240844727e-01
2.304925024509429932e-01
3.854038119316101074e-01
1.466266810894012451e-01
2.814854085445404053e-01
4.593107998371124268e-01
1.134259402751922607e-01
1.995629221200942993e-01
1.969398558139801025e-01
2.618537843227386475e-01
1.924440860748291016e-01
1.281776428222656250e-01
1.807621121406555176e-01
1.680391728878021240e-01
2.571386396884918213e-01
3.659091889858245850e-02
1.277607828378677368e-01
3.496888279914855957e-01
2.071744203567504883e-01
2.815343737602233887e-01
1.382436156272888184e-01
1.967097818851470947e-01
1.386885643005371094e-01
1.446459442377090454e-01
2.279950529336929321e-01
3.641277551651000977e-02
9.410297870635986328e-02
2.693499326705932617e-01
6.812650710344314575e-02
2.758417427539825439e-01
1.302089542150497437e-01
3.135169744491577148e-01
1.813412606716156006e-01
1.976994276046752930e-01
2.705836296081542969e-01
1.437622606754302979e-01
1.284483820199966431e-01
2.970877587795257568e-01
2.053200751543045044e-01
2.820329666137695312e-01
1.827868521213531494e-01
3.323331177234649658e-01
1.364635974168777466e-01
1.561435461044311523e-01
1.759910434484481812e-01
2.716723456978797913e-02
1.347416341304779053e-01
2.275106459856033325e-01
1.204335391521453857e-01
4.240027964115142822e-01
2.326289713382720947e-01
2.156186401844024658e-01
3.959270417690277100e-01
1.623377948999404907e-01
9.191249310970306396e-02
1.672235280275344849e-01
7.734073698520660400e-02
1.048149913549423218e-01
2.064562737941741943e-01
5.419681593775749207e-02
1.704574674367904663e-01
2.213532477617263794e-01
1.996559500694274902e-01
1.187907829880714417e-01
1.109703183174133301e-01
3.527408242225646973e-01
2.750101983547210693e-01
1.527729183435440063e-01
8.054688572883605957e-02
3.111090660095214844e-01
4.031018614768981934e-01
1.171197593212127686e-01
1.831348240375518799e-01
1.430900990962982178e-01
3.015218079090118408e-01
1.892727017402648926e-01
5.161375552415847778e-02
2.781241536140441895e-01
4.783374369144439697e-01
2.917982339859008789e-01
1.325026154518127441e-01
2.924967408180236816e-01
2.589148283004760742e-01
3.583973348140716553e-01
3.260077238082885742e-01
1.482695192098617554e-01
2.468122690916061401e-01
2.259737253189086914e-01
1.868179440498352051e-01
2.081505954265594482e-01
1.496081054210662842e-01
1.183229386806488037e-01
1.364175379276275635e-01
9.778074920177459717e-02
1.123156398534774780e-01
7.165146619081497192e-02
7.638712227344512939e-02
2.614793777465820312e-01
2.026932239532470703e-01
3.963895440101623535e-01
3.148639798164367676e-01
4.448766708374023438e-01
4.001622498035430908e-01
2.386304736137390137e-01
3.373259603977203369e-01
2.953390479087829590e-01
1.005601137876510620e-01
1.104361414909362793e-01
1.369583308696746826e-01
1.187135055661201477e-01
4.271061420440673828e-01
1.843404471874237061e-01
1.711673587560653687e-01
2.396897375583648682e-01
1.341061741113662720e-01
3.109195828437805176e-01
1.995100080966949463e-01
3.999689221382141113e-01
3.459931910037994385e-01
5.086311697959899902e-02
3.029051721096038818e-01
6.639827042818069458e-02
1.336042582988739014e-01
1.631551086902618408e-01
7.142987847328186035e-02
1.340018957853317261e-01
2.119276076555252075e-01
1.682928055524826050e-01
2.965592741966247559e-01
1.151464954018592834e-01
1.767296493053436279e-01
2.428055703639984131e-01
2.825336456298828125e-01
2.686402499675750732e-01
2.118672132492065430e-01
1.720758974552154541e-01
1.802403330802917480e-01
2.310843467712402344e-01
3.181735873222351074e-01
1.215710341930389404e-01
2.573775053024291992e-01
2.192313671112060547e-01
1.134065464138984680e-01
2.686889469623565674e-01
3.129734396934509277e-01
6.277938932180404663e-02
1.713555157184600830e-01
5.677041411399841309e-02
1.433880627155303955e-01
3.393774032592773438e-01
5.234223604202270508e-02
1.659371256828308105e-01
2.129179090261459351e-01
1.011201962828636169e-01
3.612191379070281982e-01
3.101519942283630371e-01
5.942766368389129639e-02
2.305597066879272461e-01
2.883674502372741699e-01
3.926015794277191162e-01
1.335994750261306763e-01
1.656819581985473633e-01
3.200323581695556641e-01
4.384158551692962646e-01
2.910419106483459473e-01
2.319961190223693848e-01
1.366121172904968262e-01
1.662051081657409668e-01
1.701665967702865601e-01
2.328977435827255249e-01
1.796571314334869385e-01
2.663629353046417236e-01
2.589863240718841553e-01
1.015494167804718018e-01
1.819345355033874512e-01
1.304361820220947266e-01
3.140282630920410156e-01
3.686932325363159180e-01
2.415561825037002563e-01
6.548742204904556274e-02
1.341580599546432495e-01
3.435522615909576416e-01
2.287286669015884399e-01
2.308669090270996094e-01
1.625930517911911011e-01
9.793006628751754761e-02
4.046747386455535889e-01
6.386341154575347900e-02
2.576912045478820801e-01
5.828308314085006714e-02
2.542141079902648926e-01
5.050595402717590332e-01
7.302428036928176880e-02
2.256171703338623047e-01
2.158288657665252686e-01
3.460011482238769531e-01
2.897838354110717773e-01
2.028995901346206665e-01
2.413951158523559570e-01
3.430933356285095215e-01
4.313171803951263428e-01
4.019053280353546143e-01
3.633103966712951660e-01
3.766045570373535156e-01
3.140348792076110840e-01
3.520789146423339844e-01
3.980684876441955566e-01
2.711102366447448730e-01
2.280023694038391113e-01
3.521348834037780762e-01
2.348473370075225830e-01
4.912905693054199219e-01
1.304696798324584961e-01
3.053462207317352295e-01
2.798934280872344971e-01
3.760802447795867920e-01
3.021106123924255371e-01
2.947973608970642090e-01
2.712463438510894775e-01
2.450989335775375366e-01
1.707130670547485352e-01
2.303887009620666504e-01
5.864031314849853516e-01
3.433908522129058838e-01
3.005940616130828857e-01
1.860403418540954590e-01
1.571229100227355957e-01
1.758836060762405396e-01
3.172594606876373291e-01
1.987425237894058228e-01
6.708618998527526855e-02
9.014773368835449219e-02
4.235066175460815430e-01
4.954375624656677246e-01
4.396215081214904785e-01
4.127066135406494141e-01
2.037337422370910645e-01
2.407724410295486450e-01
2.920452654361724854e-01
2.000811398029327393e-01
2.884539961814880371e-01
4.734149202704429626e-02
2.198963165283203125e-01
1.924853026866912842e-01
1.917595267295837402e-01
4.054449796676635742e-01
1.543195396661758423e-01
4.358195662498474121e-01
2.163999974727630615e-01
2.649055123329162598e-01
3.279664516448974609e-01
3.124181926250457764e-01
1.249374374747276306e-01
1.898968517780303955e-01
2.530907392501831055e-01
2.116469144821166992e-01
1.411192268133163452e-01
4.714727997779846191e-01
1.728200912475585938e-01
1.817042231559753418e-01
9.917207807302474976e-02
3.322208523750305176e-01
2.506054937839508057e-01
3.375438153743743896e-01
3.632173240184783936e-01
7.156638056039810181e-02
1.727836579084396362e-01
2.923598289489746094e-01
3.524431288242340088e-01
3.084202408790588379e-01
2.534936070442199707e-01
1.702035963535308838e-01
2.165741175413131714e-01
3.040808439254760742e-01
2.639814019203186035e-01
2.708314359188079834e-01
2.431878149509429932e-01
1.095726788043975830e-01
1.752457469701766968e-01
1.384629756212234497e-01
1.828412115573883057e-01
3.600852489471435547e-01
2.179302573204040527e-01
1.138243451714515686e-01
3.669268190860748291e-01
2.339988052845001221e-01
2.607666254043579102e-01
1.891749203205108643e-01
1.303176134824752808e-01
6.435398012399673462e-02
1.019721627235412598e-01
3.037392795085906982e-01
2.815889716148376465e-01
1.219108402729034424e-01
1.471264511346817017e-01
4.592062234878540039e-01
3.390006721019744873e-01
1.426587104797363281e-01
3.029912710189819336e-01
1.159274205565452576e-01
1.729904413223266602e-01
1.375056803226470947e-01
1.688825786113739014e-01
1.855470687150955200e-01
3.592754006385803223e-01
1.592146903276443481e-01
2.453885525465011597e-01
2.603905797004699707e-01
2.658698856830596924e-01
1.176539584994316101e-01
1.241077333688735962e-01
1.899633109569549561e-01
3.661088943481445312e-01
1.649552881717681885e-01
2.131391465663909912e-01
2.487195283174514771e-01
2.776741385459899902e-01
2.474972903728485107e-01
2.296688556671142578e-01
1.339398324489593506e-01
3.081588149070739746e-01
1.841973662376403809e-01
3.745045959949493408e-01
1.673329770565032959e-01
1.530156135559082031e-01
3.084979653358459473e-01
2.219972610473632812e-01
2.645776867866516113e-01
1.613980531692504883e-01
1.095300540328025818e-01
4.348437488079071045e-01
9.575709700584411621e-02
2.372651696205139160e-01
5.242618322372436523e-01
3.110124468803405762e-01
6.765072047710418701e-02
1.597145795822143555e-01
1.050444096326828003e-01
7.285340875387191772e-02
1.465859860181808472e-01
2.265056669712066650e-01
1.378265768289566040e-01
1.872485727071762085e-01
3.409250080585479736e-01
9.960043430328369141e-02
2.141389399766921997e-01
9.716029465198516846e-02
8.717314898967742920e-02
1.459851711988449097e-01
1.130072176456451416e-01
1.246363967657089233e-01
5.663438439369201660e-01
2.478575855493545532e-01
3.669755756855010986e-01
3.120236098766326904e-01
1.718501746654510498e-01
1.386149525642395020e-01
8.638431131839752197e-02
1.888947486877441406e-01
5.142559856176376343e-02
9.046064317226409912e-02
2.553040981292724609e-01
2.383614182472229004e-01
1.323000043630599976e-01
1.050332635641098022e-01
5.568186193704605103e-02
2.970835268497467041e-01
1.907331943511962891e-01
3.045962750911712646e-01
2.691574692726135254e-01
1.969509869813919067e-01
4.174340963363647461e-01
2.562176287174224854e-01
6.014521792531013489e-02
1.319944411516189575e-01
1.243319809436798096e-01
2.399652451276779175e-01
2.901650369167327881e-01
1.546769440174102783e-01
1.325545012950897217e-01
9.885846078395843506e-02
1.914256513118743896e-01
9.074994176626205444e-02
5.953894928097724915e-02
2.852837741374969482e-01
1.623334139585494995e-01
1.892263591289520264e-01
2.194029688835144043e-01
2.847004234790802002e-01
2.039377987384796143e-01
2.192053347826004028e-01
2.608879804611206055e-01
2.484768033027648926e-01
3.126773834228515625e-01
2.013361454010009766e-01
1.518504023551940918e-01
5.785466730594635010e-02
1.180725917220115662e-01
1.160811185836791992e-01
1.365210711956024170e-01
2.942985296249389648e-01
2.296334803104400635e-01
7.582455128431320190e-02
3.438883423805236816e-01
1.606478542089462280e-01
7.575937360525131226e-02
1.755231916904449463e-01
7.267062366008758545e-02
5.548095703125000000e-02
4.231534525752067566e-02
2.218552827835083008e-01
1.180968433618545532e-01
2.246650606393814087e-01
6.135750561952590942e-02
1.051381006836891174e-01
1.739668995141983032e-01
2.179672122001647949e-01
2.049721777439117432e-01
3.438556194305419922e-01
3.392618894577026367e-01
2.376817464828491211e-01
3.885830640792846680e-01
2.434234619140625000e-01
2.849776148796081543e-01
3.064056336879730225e-01
2.173651456832885742e-01
9.262719005346298218e-02
1.896530389785766602e-01
2.863301336765289307e-01
2.852882742881774902e-01
2.016557157039642334e-01
3.635094165802001953e-01
2.270132303237915039e-01
1.562010943889617920e-01
1.138414740562438965e-01
2.627799510955810547e-01
1.910412609577178955e-01
1.863509863615036011e-01
1.198347955942153931e-01
3.962160944938659668e-01
1.648670881986618042e-01
1.621367186307907104e-01
1.607242226600646973e-01
1.546945124864578247e-01
2.415991127490997314e-01
2.315625995397567749e-01
4.944856092333793640e-02
1.922759115695953369e-01
8.267267048358917236e-02
9.981507062911987305e-02
1.756140887737274170e-01
1.671083122491836548e-01
2.969433665275573730e-01
1.443313062191009521e-01
1.311818063259124756e-01
2.757527530193328857e-01
3.009837269783020020e-01
1.819796860218048096e-01
1.462517529726028442e-01
4.219290614128112793e-01
3.576450645923614502e-01
1.740543544292449951e-01
1.731802374124526978e-01
4.535863399505615234e-01
7.137622684240341187e-02
4.790320247411727905e-02
1.908331811428070068e-01
1.613712757825851440e-01
1.191173270344734192e-01
8.622328937053680420e-02
4.877619147300720215e-01
7.344105839729309082e-02
4.824935197830200195e-01
1.633856892585754395e-01
5.840439349412918091e-02
5.187245607376098633e-01
1.594109833240509033e-01
3.029329776763916016e-01
2.628785371780395508e-01
1.403343975543975830e-01
9.319545328617095947e-02
1.148171648383140564e-01
3.647717237472534180e-01
6.343682408332824707e-01
2.811833322048187256e-01
1.011843904852867126e-01
2.034202665090560913e-01
1.954612135887145996e-01
5.403068661689758301e-01
1.443284749984741211e-01
2.369576841592788696e-01
1.534233242273330688e-01
2.271011620759963989e-01
2.661290466785430908e-01
1.375658214092254639e-01
5.884844064712524414e-02
4.024001359939575195e-01
1.561598777770996094e-01
1.549557447433471680e-01
1.091498583555221558e-01
2.408022880554199219e-01
2.908529639244079590e-01
3.064151406288146973e-01
4.370190501213073730e-01
3.016356229782104492e-01
1.839495003223419189e-01
5.217754244804382324e-01
3.239586353302001953e-01
1.767196357250213623e-01
3.328166306018829346e-01
2.568523883819580078e-01
1.341716051101684570e-01
2.381082773208618164e-01
2.011843323707580566e-01
1.302442550659179688e-01
2.758414447307586670e-01
2.365008294582366943e-01
1.893145442008972168e-01
2.916280925273895264e-01
2.797418236732482910e-01
1.167549118399620056e-01
2.651405930519104004e-01
3.335886299610137939e-01
4.358175098896026611e-01
1.776298582553863525e-01
2.583689093589782715e-01
1.451956182718276978e-01
1.782175302505493164e-01
1.668039858341217041e-01
2.118110358715057373e-01
9.573622792959213257e-02
1.239740252494812012e-01
1.326562762260437012e-01
6.940494477748870850e-02
1.089472100138664246e-01
2.750484943389892578e-01
3.106945753097534180e-01
1.379357129335403442e-01
8.624284714460372925e-02
3.245762884616851807e-01
1.630716770887374878e-01
2.295584976673126221e-01
4.044522345066070557e-01
1.317685097455978394e-01
2.652018666267395020e-01
6.050964444875717163e-02
1.113675907254219055e-01
2.156138420104980469e-01
2.874509096145629883e-01
2.591603696346282959e-01
1.640222668647766113e-01
3.180832862854003906e-01
1.012760102748870850e-01
2.679969668388366699e-01
3.461170196533203125e-01
2.024388313293457031e-01
3.362250924110412598e-01
2.141198068857192993e-01
2.310347706079483032e-01
5.177000164985656738e-02
2.776791453361511230e-01
2.949081659317016602e-01
1.622560471296310425e-01
2.323271185159683228e-01
2.540141344070434570e-01
3.436690568923950195e-01
4.691679477691650391e-01
8.103869110345840454e-02
2.646809518337249756e-01
1.862746179103851318e-01
2.994574904441833496e-01
1.735435128211975098e-01
1.920938491821289062e-01
2.272624373435974121e-01
9.590664505958557129e-02
2.330180406570434570e-01
5.780923366546630859e-01
2.746462225914001465e-01
4.266122281551361084e-01
3.430131673812866211e-01
2.204011678695678711e-01
1.359831243753433228e-01
1.413303464651107788e-01
1.097102314233779907e-01
1.014029532670974731e-01
8.038561791181564331e-02
2.105190455913543701e-01
2.833996415138244629e-01
2.435936927795410156e-01
2.318644374608993530e-01
3.453618288040161133e-01
1.913659274578094482e-01
3.461104631423950195e-01
1.383409053087234497e-01
5.974571108818054199e-01
6.690882891416549683e-02
4.267442226409912109e-01
2.540665864944458008e-01
2.538748085498809814e-01
2.492204308509826660e-01
4.209578931331634521e-01
2.247739881277084351e-01
3.367533385753631592e-01
1.656979024410247803e-01
3.224129080772399902e-01
4.860166907310485840e-01
6.083960831165313721e-02
2.344878315925598145e-01
1.624461114406585693e-01
1.850997954607009888e-01
3.352621793746948242e-01
1.086232587695121765e-01
1.725398451089859009e-01
3.534103929996490479e-01
2.722181975841522217e-01
1.245621144771575928e-01
2.102272808551788330e-01
3.861452043056488037e-01
2.369373887777328491e-01
2.258692681789398193e-01
1.036304607987403870e-01
3.409961163997650146e-01
2.049360275268554688e-01
1.697423458099365234e-01
1.938127875328063965e-01
3.383166790008544922e-01
2.651280164718627930e-01
4.562549293041229248e-01
2.641360163688659668e-01
2.422417104244232178e-01
6.157497316598892212e-02
1.325654536485671997e-01
2.874881029129028320e-01
8.995889127254486084e-02
2.723357379436492920e-01
1.397500634193420410e-01
1.063105314970016479e-01
1.172310486435890198e-01
1.970878839492797852e-01
3.769338130950927734e-01
2.486170828342437744e-01
2.375861704349517822e-01
3.555696308612823486e-01
2.051074653863906860e-01
1.124492883682250977e-01
2.001838982105255127e-01
2.901162505149841309e-01
2.844808101654052734e-01
1.274496316909790039e-01
1.086657047271728516e-01
2.558898031711578369e-01
1.667800992727279663e-01
8.826045691967010498e-02
3.377197682857513428e-01
2.431254088878631592e-01
2.135374546051025391e-01
5.526328086853027344e-02
2.987556159496307373e-01
1.779137998819351196e-01
1.703724116086959839e-01
3.102587759494781494e-01
3.590301871299743652e-01
1.544981002807617188e-01
4.921444654464721680e-01
2.029060721397399902e-01
4.906383529305458069e-02
2.648823261260986328e-01
1.747646182775497437e-01
1.910958290100097656e-01
3.004763126373291016e-01
1.139725297689437866e-01
2.182807773351669312e-01
1.708857417106628418e-01
2.170165479183197021e-01
7.835925370454788208e-02
2.176388055086135864e-01
1.022843122482299805e-01
1.646486520767211914e-01
7.658566534519195557e-02
3.187994360923767090e-01
3.333746194839477539e-01
4.822788387537002563e-02
1.270744353532791138e-01
1.602718830108642578e-01
2.599107027053833008e-01
2.434688061475753784e-01
5.355438590049743652e-02
2.608292102813720703e-01
5.264235734939575195e-01
1.796735078096389771e-01
1.267769932746887207e-01
2.238059341907501221e-01
2.872933745384216309e-01
2.267129123210906982e-01
1.877897679805755615e-01
3.679158985614776611e-01
3.856564760208129883e-01
3.538816273212432861e-01
2.210483700037002563e-01
6.761266291141510010e-02
4.091486036777496338e-01
1.802181899547576904e-01
4.565265774726867676e-01
1.583505272865295410e-01
2.182954251766204834e-01
2.238579094409942627e-01
1.521510779857635498e-01
5.537333488464355469e-01
4.123031497001647949e-01
7.024005651473999023e-01
9.198836088180541992e-01
9.598845243453979492e-02
2.340441942214965820e-01
3.772073388099670410e-01
4.075327217578887939e-01
1.770749986171722412e-01
3.015181124210357666e-01
1.290865689516067505e-01
1.353065669536590576e-01
1.541581153869628906e-01
8.068771660327911377e-02
2.627662420272827148e-01
1.614961624145507812e-01
2.784523069858551025e-01
1.273417174816131592e-01
2.412775754928588867e-01
2.088123410940170288e-01
1.995995044708251953e-01
1.682549118995666504e-01
4.736242890357971191e-01
1.619226932525634766e-01
2.658643722534179688e-01
2.318053245544433594e-01
1.901991218328475952e-01
7.298454642295837402e-02
4.359562397003173828e-01
2.259842902421951294e-01
3.531312048435211182e-01
4.206009209156036377e-01
1.560760289430618286e-01
2.974954843521118164e-01
2.686297595500946045e-01
2.331479191780090332e-01
3.212705254554748535e-01
2.144447863101959229e-01
1.990897953510284424e-01
3.803593516349792480e-01
2.163746356964111328e-01
5.045793056488037109e-01
2.300027310848236084e-01
2.672272324562072754e-01
3.880785107612609863e-01
3.589426577091217041e-01
7.580614089965820312e-01
2.479090541601181030e-01
4.985440969467163086e-01
2.682827711105346680e-01
5.493926405906677246e-01
4.977265000343322754e-01
1.805290281772613525e-01
8.864350318908691406e-01
2.183146774768829346e-01
3.590828776359558105e-01
2.705793678760528564e-01
3.546504378318786621e-01
2.104992717504501343e-01
5.254743099212646484e-01
5.949236154556274414e-01
3.902372121810913086e-01
3.333326876163482666e-01
3.985756039619445801e-01
5.392910242080688477e-01
2.607300579547882080e-01
3.505054414272308350e-01
3.766221404075622559e-01
2.221887111663818359e-01
1.782733798027038574e-01
3.120110034942626953e-01
1.958242356777191162e-01
1.137651503086090088e-01
1.770749092102050781e-01
1.682435870170593262e-01
2.464212179183959961e-01
3.446768522262573242e-01
2.357322722673416138e-01
3.342078924179077148e-01
9.301169216632843018e-02
4.414704740047454834e-01
3.942639827728271484e-01
4.960935115814208984e-01
3.255453705787658691e-01
1.870592534542083740e-01
1.081976890563964844e-01
3.647854924201965332e-01
1.225188598036766052e-01
3.875645399093627930e-01
1.242701709270477295e-01
8.945796638727188110e-02
1.602653861045837402e-01
3.158678710460662842e-01
3.840287327766418457e-01
2.407907545566558838e-01
1.315519213676452637e-01
2.624857723712921143e-01
1.379137933254241943e-01
1.783696860074996948e-01
2.230396121740341187e-01
2.891162037849426270e-01
2.043706327676773071e-01
1.628617942333221436e-01
1.052397191524505615e-01
2.103042900562286377e-01
2.239714562892913818e-01
1.822408884763717651e-01
1.617610901594161987e-01
1.691781878471374512e-01
4.724062979221343994e-01
