8.817598968744277954e-02
3.054833710193634033e-01
6.810119003057479858e-02
2.549080848693847656e-01
1.314212679862976074e-01
3.057724237442016602e-01
6.509717702865600586e-01
2.719584703445434570e-01
1.644080877304077148e-01
2.574451863765716553e-01
4.390574693679809570e-01
1.930065602064132690e-01
1.098841056227684021e-01
9.796761721372604370e-02
1.502513289451599121e-01
1.141417548060417175e-01
1.234964802861213684e-01
1.330071687698364258e-01
1.295015215873718262e-01
1.309946626424789429e-01
2.373884469270706177e-01
1.375549733638763428e-01
2.625195682048797607e-01
2.700645625591278076e-01
1.503916978836059570e-01
5.658595263957977295e-02
4.796280711889266968e-02
7.421655654907226562e-01
2.257811427116394043e-01
6.805441528558731079e-02
6.790068000555038452e-02
6.927727162837982178e-02
8.300000429153442383e-02
1.935015916824340820e-01
7.205619663000106812e-02
1.566660106182098389e-01
2.386060059070587158e-01
1.847295463085174561e-01
1.084147542715072632e-01
3.590407669544219971e-01
2.707079350948333740e-01
1.551074683666229248e-01
2.119913995265960693e-01
1.174113079905509949e-01
2.443888783454895020e-01
2.188948988914489746e-01
1.478950381278991699e-01
5.296170711517333984e-02
5.164093151688575745e-02
1.570455431938171387e-01
1.077030599117279053e-01
3.858163356781005859e-01
2.795072495937347412e-01
2.409045398235321045e-01
1.239459291100502014e-01
5.961269140243530273e-02
1.696792691946029663e-01
2.685761749744415283e-01
1.935144364833831787e-01
1.173650324344635010e-01
9.222838282585144043e-02
7.824850827455520630e-02
3.481348752975463867e-01
1.097795218229293823e-01
1.245637163519859314e-01
1.152864322066307068e-01
3.162527978420257568e-01
1.259731352329254150e-01
6.783197820186614990e-02
2.523964643478393555e-01
1.604621559381484985e-01
1.051287427544593811e-01
1.609825044870376587e-01
4.042561054229736328e-01
1.271638721227645874e-01
9.447036683559417725e-02
6.718953251838684082e-01
6.812277436256408691e-02
1.472057104110717773e-01
2.453531026840209961e-01
8.482745289802551270e-02
1.262868493795394897e-01
1.550438702106475830e-01
1.373912692070007324e-01
2.418634742498397827e-01
1.298649162054061890e-01
1.304409503936767578e-01
1.616511493921279907e-01
2.153427600860595703e-01
7.991311699151992798e-02
1.177808046340942383e-01
2.710906565189361572e-01
1.241002008318901062e-01
1.361066251993179321e-01
7.751033455133438110e-02
9.909481555223464966e-02
1.542906612157821655e-01
6.702683866024017334e-02
1.239693984389305115e-01
2.184109836816787720e-01
2.835104465484619141e-01
1.118088960647583008e-01
2.754426598548889160e-01
7.998995482921600342e-02
6.963673979043960571e-02
1.480466425418853760e-01
2.019069939851760864e-01
1.615554392337799072e-01
1.797515749931335449e-01
7.936622202396392822e-02
3.268773257732391357e-01
3.602867946028709412e-02
4.320180788636207581e-02
1.591690480709075928e-01
1.756632328033447266e-01
1.532007604837417603e-01
1.176224648952484131e-01
6.598479300737380981e-02
4.991530999541282654e-02
4.238331317901611328e-01
1.373433023691177368e-01
6.479117274284362793e-02
4.496559500694274902e-01
4.267645627260208130e-02
8.488790690898895264e-02
3.231187164783477783e-01
7.349860668182373047e-02
1.353815197944641113e-01
1.421288102865219116e-01
7.413716614246368408e-02
1.173155829310417175e-01
1.444104164838790894e-01
1.165226176381111145e-01
6.871590018272399902e-02
6.387396156787872314e-02
5.763184279203414917e-02
2.983708381652832031e-01
1.836715936660766602e-01
1.442019939422607422e-01
1.150136888027191162e-01
1.156847998499870300e-01
1.180423423647880554e-01
1.132465824484825134e-01
2.157778739929199219e-01
1.325303167104721069e-01
2.191233932971954346e-01
1.155810207128524780e-01
3.898592889308929443e-01
1.750574409961700439e-01
2.542520165443420410e-01
3.176539838314056396e-01
4.467222094535827637e-02
1.294840425252914429e-01
8.805254846811294556e-02
1.090953573584556580e-01
4.852896928787231445e-01
1.476482599973678589e-01
2.358585149049758911e-01
2.359676659107208252e-01
2.222764343023300171e-01
1.218888238072395325e-01
1.150373369455337524e-01
1.903832256793975830e-01
2.624783515930175781e-01
3.701772987842559814e-01
8.869738876819610596e-02
9.790341556072235107e-02
1.440208256244659424e-01
1.394644081592559814e-01
1.318685263395309448e-01
2.752322256565093994e-01
1.349799633026123047e-01
1.513174772262573242e-01
7.649555057287216187e-02
5.446703732013702393e-02
1.024541258811950684e-01
8.463784307241439819e-02
6.250596046447753906e-02
7.452861964702606201e-02
4.503352195024490356e-02
7.182569801807403564e-02
1.133451014757156372e-01
1.531695276498794556e-01
1.734986156225204468e-01
2.470312267541885376e-01
1.217151582241058350e-01
1.416866928339004517e-01
1.268464922904968262e-01
1.524478048086166382e-01
2.398783564567565918e-01
6.954823434352874756e-02
3.678204864263534546e-02
4.052165150642395020e-01
2.996358871459960938e-01
1.780090928077697754e-01
1.805862188339233398e-01
2.052242010831832886e-01
2.437890470027923584e-01
1.824744939804077148e-01
2.344086170196533203e-01
2.251844406127929688e-01
4.141219705343246460e-02
2.787355184555053711e-01
3.343782201409339905e-02
1.619957834482192993e-01
1.381961405277252197e-01
8.910536766052246094e-02
1.734730005264282227e-01
3.597897291183471680e-01
8.095388114452362061e-02
2.995444238185882568e-01
1.268270164728164673e-01
2.881543710827827454e-02
6.426061987876892090e-01
6.460615992546081543e-02
3.205407857894897461e-01
2.448318898677825928e-01
4.089949727058410645e-01
8.114016056060791016e-02
2.622908949851989746e-01
3.573529720306396484e-01
1.250332891941070557e-01
2.251307666301727295e-01
2.591002881526947021e-01
1.052448824048042297e-01
1.119889914989471436e-01
1.281820833683013916e-01
2.337174117565155029e-01
3.332306444644927979e-01
1.150091737508773804e-01
1.067391932010650635e-01
3.312518447637557983e-02
1.674100756645202637e-01
5.229686200618743896e-02
2.722205519676208496e-01
2.807032167911529541e-01
1.994630247354507446e-01
6.957481801509857178e-02
1.248250454664230347e-01
1.245600953698158264e-01
8.404354751110076904e-02
1.067841276526451111e-01
7.287606596946716309e-02
1.247680708765983582e-01
2.415590882301330566e-01
1.419795006513595581e-01
2.828390151262283325e-02
1.950907856225967407e-01
1.640859842300415039e-01
9.400582313537597656e-02
4.302878305315971375e-02
7.386732101440429688e-02
4.893409088253974915e-02
1.457112431526184082e-01
1.658442765474319458e-01
4.637240245938301086e-02
4.339335858821868896e-02
6.630832701921463013e-02
2.708708643913269043e-01
2.630478143692016602e-01
9.623636305332183838e-02
1.301878392696380615e-01
2.185572087764739990e-01
8.854680508375167847e-02
1.228514164686203003e-01
4.610960185527801514e-02
2.503671050071716309e-01
2.485780417919158936e-01
1.982862651348114014e-01
2.141687273979187012e-01
1.209019124507904053e-01
6.855438649654388428e-02
4.703337550163269043e-01
3.884414210915565491e-02
7.473818212747573853e-02
2.748036384582519531e-01
1.712152212858200073e-01
1.330019086599349976e-01
1.281889081001281738e-01
1.103077679872512817e-01
3.413794040679931641e-01
4.051798582077026367e-01
1.736565679311752319e-01
3.973364457488059998e-02
4.236658290028572083e-02
1.063547208905220032e-01
1.956084668636322021e-01
9.372310340404510498e-02
4.043995738029479980e-01
8.345251530408859253e-02
7.959870994091033936e-02
2.093483656644821167e-01
3.813678324222564697e-01
8.845901489257812500e-02
2.101877182722091675e-01
4.613967537879943848e-01
3.519125878810882568e-01
9.494601190090179443e-02
1.289203763008117676e-01
9.623555839061737061e-02
8.603557944297790527e-02
1.973444819450378418e-01
1.860712170600891113e-01
3.582320511341094971e-01
3.864941596984863281e-01
8.029192686080932617e-02
2.776105105876922607e-01
2.504725456237792969e-01
1.070230454206466675e-01
1.053579226136207581e-01
1.032043322920799255e-01
1.828604191541671753e-01
1.990894675254821777e-01
1.635309457778930664e-01
1.393071711063385010e-01
9.512681514024734497e-02
2.475741356611251831e-01
7.162688672542572021e-02
7.680787146091461182e-02
1.429515331983566284e-01
1.598345339298248291e-01
6.261980533599853516e-02
1.052896603941917419e-01
5.509951114654541016e-01
1.113322898745536804e-01
1.569771766662597656e-01
1.852968484163284302e-01
2.998991012573242188e-01
8.390196412801742554e-02
3.398359417915344238e-01
2.866825461387634277e-01
1.073112785816192627e-01
1.350149214267730713e-01
3.066393733024597168e-01
2.449138313531875610e-01
4.826932027935981750e-02
1.976105421781539917e-01
8.070399612188339233e-02
2.542740106582641602e-01
1.273582577705383301e-01
1.539427340030670166e-01
1.281226128339767456e-01
1.221200898289680481e-01
1.531549096107482910e-01
8.681026101112365723e-02
2.467195093631744385e-01
5.067556351423263550e-02
3.174141049385070801e-01
1.614821255207061768e-01
1.991148740053176880e-01
1.822697669267654419e-01
2.259814441204071045e-01
1.168264895677566528e-01
1.009815409779548645e-01
3.332459926605224609e-02
1.123941317200660706e-01
1.041063517332077026e-01
1.627118438482284546e-01
3.083745948970317841e-02
1.470767110586166382e-01
3.423935174942016602e-01
4.820108413696289062e-01
7.415628433227539062e-02
2.833643257617950439e-01
2.422204017639160156e-01
3.641084581613540649e-02
8.546969294548034668e-02
1.550622582435607910e-01
1.024956405162811279e-01
7.041970640420913696e-02
5.607200041413307190e-02
5.958371609449386597e-02
1.066814810037612915e-01
2.922842502593994141e-01
1.554331481456756592e-01
1.162756383419036865e-01
1.233882158994674683e-01
6.702927500009536743e-02
9.603264927864074707e-02
6.538828462362289429e-02
2.236419469118118286e-01
9.629344195127487183e-02
7.217055559158325195e-02
9.285943210124969482e-02
2.527615427970886230e-01
1.507084071636199951e-01
3.159973025321960449e-02
7.159736752510070801e-02
2.529109716415405273e-01
7.062955200672149658e-02
1.279823035001754761e-01
1.063760221004486084e-01
6.841801851987838745e-02
2.450709939002990723e-01
3.413433730602264404e-01
1.555881202220916748e-01
7.830527424812316895e-02
1.558211147785186768e-01
7.879102230072021484e-02
7.961362600326538086e-02
2.012493759393692017e-01
3.150184080004692078e-02
6.949904561042785645e-02
2.007749974727630615e-01
3.682623431086540222e-02
1.817265897989273071e-01
1.369523853063583374e-01
3.104475438594818115e-01
1.517960280179977417e-01
3.049060106277465820e-01
1.887854188680648804e-01
1.735903918743133545e-01
7.292269915342330933e-02
3.880373239517211914e-01
3.875455632805824280e-02
2.538971304893493652e-01
4.799215123057365417e-02
2.146545648574829102e-01
2.438358366489410400e-01
7.843790948390960693e-02
4.562069475650787354e-02
1.027674078941345215e-01
2.265455946326255798e-02
1.374533176422119141e-01
4.787770286202430725e-02
3.253206238150596619e-02
1.683946847915649414e-01
2.941709458827972412e-01
2.148494124412536621e-01
9.953559190034866333e-02
7.965904474258422852e-02
2.045651078224182129e-01
6.285264343023300171e-02
8.331979066133499146e-02
9.577777236700057983e-02
9.385617077350616455e-02
1.587061434984207153e-01
3.484120219945907593e-02
6.877928227186203003e-02
1.027736067771911621e-01
1.430936902761459351e-01
4.557151347398757935e-02
2.539913356304168701e-02
1.486139446496963501e-01
1.329405307769775391e-01
2.176001369953155518e-01
2.613698244094848633e-01
1.942539811134338379e-01
4.059327021241188049e-02
3.894063532352447510e-01
4.338561892509460449e-01
1.679485440254211426e-01
4.453418850898742676e-01
1.775064170360565186e-01
2.339989691972732544e-01
2.322160750627517700e-01
3.561781048774719238e-01
6.411414593458175659e-02
2.812929153442382812e-01
2.057215720415115356e-01
1.880234479904174805e-01
4.942049086093902588e-01
2.876204848289489746e-01
2.108606100082397461e-01
2.599409222602844238e-01
8.891546726226806641e-01
1.878096461296081543e-01
4.066779613494873047e-01
8.471652865409851074e-02
3.506414294242858887e-01
6.495072692632675171e-02
2.188453674316406250e-01
1.057570949196815491e-01
2.434077560901641846e-01
2.181551605463027954e-01
2.767878770828247070e-01
2.670557200908660889e-01
2.168329507112503052e-01
1.582676619291305542e-01
2.213751822710037231e-01
2.657043635845184326e-01
6.936844438314437866e-02
1.877303868532180786e-01
1.638300120830535889e-01
3.124661445617675781e-01
1.324731111526489258e-01
2.470627427101135254e-01
1.550175249576568604e-01
1.605662405490875244e-01
1.852182894945144653e-01
1.980446577072143555e-01
1.357804238796234131e-01
1.535347104072570801e-01
2.115738540887832642e-01
3.859013915061950684e-01
6.583273410797119141e-02
1.193071007728576660e-01
2.033903896808624268e-01
1.603618413209915161e-01
1.675397455692291260e-01
9.292124211788177490e-02
6.704200804233551025e-02
1.654169410467147827e-01
3.072322010993957520e-01
1.873805671930313110e-01
6.671831011772155762e-01
1.550994962453842163e-01
1.072321981191635132e-01
1.755807995796203613e-01
1.507474333047866821e-01
1.754879653453826904e-01
2.901539206504821777e-01
1.637125909328460693e-01
1.489185094833374023e-01
6.549583375453948975e-02
3.843935728073120117e-01
1.905179768800735474e-01
2.424902319908142090e-01
2.468100786209106445e-01
9.526190906763076782e-02
1.919512450695037842e-01
3.289471268653869629e-01
1.403722465038299561e-01
9.425324201583862305e-02
1.553364098072052002e-01
9.311930835247039795e-02
3.068314790725708008e-01
1.559301018714904785e-01
8.297852426767349243e-02
1.315764039754867554e-01
1.018620952963829041e-01
2.726280391216278076e-01
1.784620732069015503e-01
1.964699625968933105e-01
6.010800227522850037e-02
2.837576270103454590e-01
1.798231452703475952e-01
1.903661638498306274e-01
9.688740968704223633e-02
2.131946384906768799e-01
6.714337319135665894e-02
1.504959762096405029e-01
2.113750278949737549e-01
2.414830923080444336e-01
2.981929183006286621e-01
8.014079928398132324e-02
6.769089400768280029e-02
1.221521347761154175e-01
5.338777229189872742e-02
2.123734205961227417e-01
6.003772094845771790e-02
3.425621390342712402e-01
2.071623206138610840e-01
7.495079189538955688e-02
1.349524706602096558e-01
2.611177563667297363e-01
7.770827412605285645e-02
1.154790222644805908e-01
9.698322042822837830e-03
2.677992880344390869e-01
3.140757679939270020e-01
1.519560217857360840e-01
2.105579972267150879e-01
2.630872726440429688e-01
7.645452022552490234e-02
1.313702166080474854e-01
9.824617207050323486e-02
1.848532706499099731e-01
2.987437844276428223e-01
2.401130199432373047e-01
1.870902031660079956e-01
1.701272577047348022e-01
1.652560383081436157e-01
1.470122337341308594e-01
5.616223439574241638e-02
2.747846543788909912e-01
1.653808802366256714e-01
1.261924058198928833e-01
1.653137505054473877e-01
4.466485381126403809e-01
2.633044421672821045e-01
2.841250300407409668e-01
3.481935560703277588e-01
3.564568758010864258e-01
6.071931496262550354e-02
4.548877477645874023e-01
2.235752195119857788e-01
3.612192273139953613e-01
2.130056172609329224e-01
9.661316871643066406e-02
2.673960030078887939e-01
4.109951257705688477e-01
1.396384835243225098e-01
2.753910422325134277e-01
1.213731318712234497e-01
1.911762356758117676e-01
1.979416906833648682e-01
1.142797917127609253e-01
3.313430547714233398e-01
2.105583995580673218e-01
4.555848836898803711e-01
2.437839210033416748e-01
2.102711200714111328e-01
1.184068322181701660e-01
1.699956357479095459e-01
2.181825637817382812e-01
8.810282498598098755e-02
2.751085758209228516e-01
1.805731356143951416e-01
9.998780488967895508e-02
1.770591288805007935e-01
6.257621049880981445e-01
4.381071776151657104e-02
7.025235146284103394e-02
1.246604621410369873e-01
1.294497102499008179e-01
3.433553874492645264e-01
7.971473783254623413e-02
2.461135387420654297e-01
2.632262110710144043e-01
9.328050911426544189e-02
2.103165388107299805e-01
3.163785934448242188e-01
1.360460519790649414e-01
1.286425888538360596e-01
1.110579520463943481e-01
2.629733979701995850e-01
4.620677977800369263e-02
5.452947318553924561e-02
1.668234467506408691e-01
8.281205594539642334e-02
8.664869517087936401e-02
1.165256053209304810e-01
2.843896150588989258e-01
3.073168396949768066e-01
4.217769801616668701e-01
1.218476146459579468e-01
3.402346968650817871e-01
8.487552404403686523e-02
1.333918273448944092e-01
2.800869047641754150e-01
1.514632999897003174e-01
5.545341372489929199e-01
4.797896146774291992e-01
1.044597849249839783e-01
1.752135902643203735e-01
1.689492315053939819e-01
1.659008562564849854e-01
2.502088844776153564e-01
8.531787991523742676e-02
4.640924632549285889e-01
1.591853201389312744e-01
1.972972750663757324e-01
1.818428486585617065e-01
2.232569754123687744e-01
4.657875597476959229e-01
7.770889997482299805e-02
7.304580509662628174e-02
3.661368787288665771e-01
3.099742531776428223e-01
4.200514554977416992e-01
1.309263408184051514e-01
1.067766472697257996e-01
1.559258401393890381e-01
7.128760218620300293e-02
8.588790148496627808e-02
9.021598100662231445e-02
1.464662402868270874e-01
7.106298953294754028e-02
2.549622058868408203e-01
1.542942821979522705e-01
1.298850476741790771e-01
1.201568394899368286e-01
1.628991961479187012e-01
2.733712270855903625e-02
1.802876889705657959e-01
1.439948081970214844e-01
9.043241292238235474e-02
1.151515319943428040e-01
1.821032166481018066e-01
1.513103693723678589e-01
1.024078130722045898e-01
2.292025238275527954e-01
1.146440505981445312e-01
1.644701659679412842e-01
8.339045941829681396e-02
1.072007119655609131e-01
2.598124183714389801e-02
1.009527370333671570e-01
1.546235531568527222e-01
1.102739498019218445e-01
9.236701577901840210e-02
9.543510526418685913e-02
3.895268738269805908e-01
9.833618998527526855e-02
7.909221947193145752e-02
9.007902443408966064e-02
1.486209630966186523e-01
2.695149183273315430e-01
4.435266181826591492e-02
5.588470399379730225e-02
1.418918222188949585e-01
4.420627057552337646e-01
1.833251267671585083e-01
1.127559840679168701e-01
1.268136799335479736e-01
6.208691745996475220e-02
1.088978871703147888e-01
4.010914266109466553e-01
2.891321778297424316e-01
8.623172342777252197e-02
2.447482496500015259e-01
1.259875595569610596e-01
8.304293453693389893e-02
3.592233359813690186e-01
1.507321745157241821e-01
1.487898677587509155e-01
1.672022938728332520e-01
1.584665030241012573e-01
2.656916677951812744e-01
2.203141152858734131e-01
5.149831250309944153e-02
1.808666586875915527e-01
1.023976653814315796e-01
1.751643419265747070e-01
5.174714326858520508e-02
6.145020723342895508e-01
1.839007735252380371e-01
2.075664550065994263e-01
3.447292447090148926e-01
2.237275093793869019e-01
2.204403281211853027e-01
1.990162283182144165e-01
1.207671687006950378e-01
1.642214059829711914e-01
1.156375110149383545e-01
7.018817216157913208e-02
8.003444969654083252e-02
2.835142612457275391e-01
6.766277551651000977e-02
2.941041886806488037e-01
1.413714289665222168e-01
3.557063639163970947e-01
2.102104425430297852e-01
3.514681160449981689e-01
1.677193939685821533e-01
1.828641295433044434e-01
2.336406409740447998e-01
5.293931439518928528e-02
7.929586619138717651e-02
3.629454672336578369e-01
2.623919546604156494e-01
2.272365987300872803e-01
1.997925937175750732e-01
1.592207252979278564e-01
1.335019767284393311e-01
1.789129674434661865e-01
1.891042292118072510e-01
1.022686660289764404e-01
2.527649700641632080e-01
1.340391933917999268e-01
1.792899817228317261e-01
1.054464429616928101e-01
2.164949327707290649e-01
3.615241125226020813e-02
1.144560202956199646e-01
2.296960726380348206e-02
2.975034117698669434e-01
2.074341177940368652e-01
5.701001733541488647e-02
9.034579992294311523e-02
1.409357190132141113e-01
1.787910759449005127e-01
2.363672256469726562e-01
2.707255184650421143e-01
3.663773089647293091e-02
3.034301400184631348e-01
6.184167414903640747e-02
1.823007762432098389e-01
1.610339432954788208e-01
3.973162919282913208e-02
1.242970600724220276e-01
3.482619673013687134e-02
2.574223279953002930e-01
2.196868956089019775e-01
1.514400094747543335e-01
2.233065068721771240e-01
2.068925946950912476e-01
2.041453123092651367e-01
1.219162493944168091e-01
7.297904044389724731e-02
3.773463964462280273e-01
1.384409070014953613e-01
1.005338057875633240e-01
2.164500504732131958e-01
1.089292019605636597e-01
7.128642499446868896e-02
2.029257416725158691e-01
2.181304395198822021e-01
2.037508636713027954e-01
1.213449165225028992e-01
5.886873006820678711e-01
2.551563680171966553e-01
2.048208415508270264e-01
1.522867828607559204e-01
5.022817850112915039e-02
4.246306046843528748e-02
4.841977730393409729e-02
1.525214761495590210e-01
2.551125884056091309e-01
1.697394698858261108e-01
1.885854005813598633e-01
2.745617628097534180e-01
7.587130367755889893e-02
2.048718333244323730e-01
1.101147159934043884e-01
9.599958360195159912e-02
1.364184617996215820e-01
1.227928027510643005e-01
2.154869884252548218e-01
1.145336404442787170e-01
1.325726807117462158e-01
1.898193955421447754e-01
1.612527370452880859e-01
1.914085745811462402e-01
2.395612373948097229e-02
1.053562834858894348e-01
6.297510862350463867e-02
9.778688102960586548e-02
1.304450631141662598e-01
2.099268883466720581e-01
2.769250869750976562e-01
2.131322473287582397e-01
1.543658524751663208e-01
2.821627259254455566e-01
1.471623629331588745e-01
3.009740114212036133e-01
2.231656312942504883e-01
1.991891562938690186e-01
1.680736094713211060e-01
9.380736202001571655e-02
5.450166016817092896e-02
2.014907002449035645e-01
1.388551443815231323e-01
7.045750319957733154e-02
1.758577525615692139e-01
1.233415976166725159e-01
4.857574403285980225e-02
3.969828784465789795e-01
1.543630659580230713e-01
1.265760064125061035e-01
1.814927756786346436e-01
9.790652245283126831e-02
1.911579370498657227e-01
1.080436483025550842e-01
7.600884139537811279e-02
2.537530660629272461e-01
2.325500547885894775e-01
7.243867218494415283e-02
1.452316045761108398e-01
6.114533543586730957e-02
1.102343350648880005e-01
1.091629341244697571e-01
1.166291385889053345e-01
4.077616035938262939e-01
1.048096865415573120e-01
1.975176483392715454e-01
4.021880775690078735e-02
1.650003790855407715e-01
5.261851102113723755e-02
2.519201636314392090e-01
1.752788424491882324e-01
1.411767601966857910e-01
1.421197056770324707e-01
3.612524271011352539e-02
5.156802758574485779e-02
1.443797945976257324e-01
6.600107997655868530e-02
1.981572806835174561e-01
4.085561633110046387e-02
1.357248276472091675e-01
2.812846899032592773e-01
2.540486156940460205e-01
1.082618832588195801e-01
1.141572669148445129e-01
2.201587557792663574e-01
2.704114615917205811e-01
4.062868654727935791e-02
9.881626814603805542e-02
4.484498873353004456e-02
1.484560817480087280e-01
1.170635223388671875e-01
7.705748081207275391e-02
3.011705577373504639e-01
5.060901492834091187e-02
1.513604819774627686e-01
4.629262536764144897e-02
9.808867424726486206e-02
4.602899029850959778e-02
2.600707113742828369e-01
1.408843845129013062e-01
5.315706878900527954e-02
1.463817209005355835e-01
4.508224874734878540e-02
1.228739917278289795e-01
6.091688573360443115e-02
9.794527292251586914e-02
5.703788250684738159e-02
1.138469856232404709e-02
4.768663644790649414e-02
3.631213903427124023e-01
1.579422205686569214e-01
1.116713061928749084e-01
1.799176186323165894e-01
2.135528624057769775e-01
3.366250544786453247e-02
1.103925555944442749e-01
1.361151486635208130e-01
1.904544681310653687e-01
5.751231685280799866e-02
3.316469788551330566e-01
1.677641719579696655e-01
4.600000977516174316e-01
1.235116273164749146e-01
1.616471409797668457e-01
2.029700130224227905e-01
2.461181879043579102e-01
1.009426862001419067e-01
9.377160668373107910e-02
1.146823018789291382e-01
7.230199873447418213e-02
1.905011832714080811e-01
6.156802177429199219e-02
6.063061207532882690e-02
9.501593559980392456e-02
1.285900920629501343e-01
3.912903666496276855e-01
1.810007989406585693e-01
8.979296684265136719e-02
8.348441123962402344e-02
3.198291361331939697e-01
7.254099845886230469e-02
3.307911455631256104e-01
9.241114556789398193e-02
2.761050462722778320e-01
1.535452604293823242e-01
8.201752603054046631e-02
5.290274322032928467e-02
2.191953957080841064e-01
2.099450528621673584e-01
2.128291428089141846e-01
9.936153143644332886e-02
3.199009224772453308e-02
4.835355281829833984e-02
6.112393736839294434e-02
2.411564998328685760e-02
2.823305726051330566e-01
3.853499889373779297e-01
3.315223455429077148e-01
4.190718829631805420e-01
1.816851496696472168e-01
5.584483966231346130e-02
1.722398847341537476e-01
2.661114633083343506e-01
1.615696549415588379e-01
9.672705829143524170e-02
1.484844386577606201e-01
1.348285079002380371e-01
2.524746656417846680e-01
2.067497074604034424e-01
1.510690152645111084e-01
1.656997501850128174e-01
8.237309753894805908e-02
1.853675395250320435e-01
1.741707473993301392e-01
4.060089588165283203e-01
2.411220520734786987e-01
8.350218832492828369e-02
6.950277090072631836e-02
1.031482517719268799e-01
1.720665395259857178e-01
1.204183623194694519e-01
5.874294042587280273e-02
3.664210140705108643e-01
1.423746049404144287e-01
1.748803704977035522e-01
2.951489388942718506e-01
1.657473891973495483e-01
2.141467034816741943e-01
4.523955881595611572e-01
1.906332671642303467e-01
3.173437118530273438e-01
3.080495595932006836e-01
1.553601473569869995e-01
1.737203896045684814e-01
1.656750142574310303e-01
6.237313896417617798e-02
2.085684835910797119e-01
2.142078429460525513e-01
2.127270698547363281e-01
2.611714601516723633e-01
3.704057633876800537e-01
1.798199862241744995e-01
4.313257336616516113e-02
4.101264476776123047e-02
1.473143994808197021e-01
1.897641867399215698e-01
3.407297730445861816e-01
2.399066388607025146e-01
1.530783176422119141e-01
2.215834259986877441e-01
8.922858536243438721e-02
3.343724310398101807e-01
2.234258353710174561e-01
6.416908651590347290e-02
2.045726776123046875e-01
1.761399358510971069e-01
3.610416054725646973e-01
2.265412956476211548e-01
1.188687607645988464e-01
1.971686184406280518e-01
3.185064792633056641e-01
8.623164147138595581e-02
1.484827995300292969e-01
1.426423639059066772e-01
1.518025994300842285e-01
1.098860800266265869e-01
8.883953839540481567e-02
2.224133759737014771e-01
1.298402249813079834e-01
7.923330366611480713e-02
6.844396144151687622e-02
5.514641478657722473e-02
2.075821161270141602e-01
1.074991077184677124e-01
4.216421395540237427e-02
2.794857025146484375e-01
2.589571774005889893e-01
6.654727458953857422e-02
2.089160829782485962e-01
7.506440579891204834e-02
2.515648603439331055e-01
2.879261374473571777e-01
3.448151350021362305e-01
1.428603529930114746e-01
5.345944315195083618e-02
2.814010977745056152e-01
4.995900392532348633e-02
1.630728840827941895e-01
1.993959099054336548e-01
1.670927554368972778e-01
1.520244479179382324e-01
1.426671296358108521e-01
1.505523771047592163e-01
1.161025166511535645e-01
1.776422113180160522e-01
1.960044056177139282e-01
1.207696944475173950e-01
9.889154881238937378e-02
2.121800780296325684e-01
2.651854753494262695e-01
3.458167314529418945e-01
8.868356049060821533e-02
3.311660885810852051e-01
8.045627921819686890e-02
1.390353590250015259e-01
8.402763307094573975e-02
1.307663917541503906e-01
2.451706528663635254e-01
6.709733605384826660e-02
8.476006239652633667e-02
4.829917103052139282e-02
1.678250581026077271e-01
1.839420646429061890e-01
1.223928406834602356e-01
1.700215041637420654e-01
1.702335774898529053e-01
2.252086997032165527e-01
1.485581845045089722e-01
1.983635425567626953e-01
1.950840651988983154e-01
9.556617587804794312e-02
7.160934060811996460e-02
9.347470849752426147e-02
1.847434490919113159e-01
2.376504540443420410e-01
1.846036016941070557e-01
2.575587034225463867e-01
6.012519821524620056e-02
1.171844899654388428e-01
5.052937567234039307e-02
6.699337065219879150e-02
1.788302063941955566e-01
1.875772774219512939e-01
9.903410822153091431e-02
1.373212039470672607e-01
3.677855134010314941e-01
2.522586882114410400e-01
1.133269295096397400e-01
8.014658093452453613e-02
1.219378039240837097e-01
9.200607985258102417e-02
1.016065180301666260e-01
1.645764261484146118e-01
1.298698335886001587e-01
5.582503601908683777e-02
4.092000052332878113e-02
2.006605863571166992e-01
1.444179117679595947e-01
9.904998540878295898e-02
4.346811026334762573e-02
9.687708318233489990e-02
1.308415979146957397e-01
1.724888086318969727e-01
7.905794680118560791e-02
1.944277882575988770e-01
9.351894259452819824e-02
1.163258552551269531e-01
1.793725937604904175e-01
1.368087679147720337e-01
1.652753353118896484e-01
2.074389755725860596e-01
5.003935098648071289e-02
2.926496565341949463e-01
5.831099301576614380e-02
2.601832896471023560e-02
3.164655268192291260e-01
2.578192353248596191e-01
1.100781261920928955e-01
2.811868488788604736e-01
4.588696360588073730e-01
1.984780281782150269e-01
4.092364609241485596e-01
2.602093219757080078e-01
1.523942947387695312e-01
1.875287592411041260e-01
2.048365622758865356e-01
4.121179506182670593e-02
9.234168380498886108e-02
1.431147605180740356e-01
2.266752123832702637e-01
4.873393774032592773e-01
8.617442846298217773e-02
1.649670302867889404e-01
2.777958512306213379e-01
1.575821191072463989e-01
1.729024797677993774e-01
2.130597829818725586e-01
3.540672361850738525e-01
2.252613604068756104e-01
1.397385746240615845e-01
3.544700145721435547e-01
3.173263072967529297e-01
3.484452366828918457e-01
1.002338975667953491e-01
3.636944591999053955e-01
2.210275232791900635e-01
1.557099074125289917e-01
6.138280034065246582e-02
1.212219744920730591e-01
1.401489377021789551e-01
1.593834459781646729e-01
1.236567795276641846e-01
1.196976006031036377e-01
7.431352883577346802e-02
2.980903387069702148e-01
1.218140050768852234e-01
1.849484592676162720e-01
1.373914331197738647e-01
1.146488636732101440e-01
1.903491169214248657e-01
1.319245547056198120e-01
6.275576353073120117e-02
1.612466275691986084e-01
1.562559902667999268e-01
1.533494144678115845e-01
2.759264111518859863e-01
1.283676922321319580e-01
7.069157063961029053e-02
9.480424225330352783e-02
1.770674437284469604e-01
9.994948655366897583e-02
4.833382368087768555e-02
1.157202497124671936e-01
9.460489451885223389e-02
1.919926516711711884e-02
3.112524151802062988e-01
1.587053686380386353e-01
1.251879185438156128e-01
7.834047079086303711e-02
6.851781904697418213e-02
1.305505931377410889e-01
4.830178990960121155e-02
2.730481624603271484e-01
5.532940477132797241e-02
1.265010982751846313e-01
2.965605631470680237e-02
1.731850951910018921e-01
1.831095665693283081e-01
1.931718736886978149e-01
1.818396598100662231e-01
2.193118333816528320e-01
1.160592511296272278e-01
2.519965469837188721e-01
3.068953752517700195e-01
2.796960771083831787e-01
1.053968369960784912e-01
2.298409342765808105e-01
3.089039027690887451e-02
9.202127158641815186e-02
2.517247498035430908e-01
1.997350454330444336e-01
4.834656715393066406e-01
2.953990101814270020e-01
1.691490411758422852e-01
2.610502541065216064e-01
1.679671108722686768e-01
1.913365870714187622e-01
1.011411547660827637e-01
7.493087649345397949e-02
1.692721396684646606e-01
4.988015443086624146e-02
4.280622005462646484e-01
1.971120983362197876e-01
1.782149672508239746e-01
1.231081336736679077e-01
3.682735562324523926e-02
1.922208964824676514e-01
2.561033368110656738e-01
4.299534857273101807e-02
2.279194146394729614e-01
2.797325551509857178e-01
3.200677335262298584e-01
2.109453976154327393e-01
2.635079026222229004e-01
1.229052543640136719e-01
1.027823388576507568e-01
1.570848524570465088e-01
2.132325768470764160e-01
1.521141678094863892e-01
3.663738965988159180e-01
3.625815734267234802e-02
1.220798641443252563e-01
2.765639424324035645e-01
2.671933174133300781e-01
2.618083916604518890e-02
