1.152017489075660706e-01
1.751579642295837402e-01
3.204498887062072754e-01
2.724082767963409424e-02
1.017137318849563599e-01
1.261258125305175781e-01
4.100079536437988281e-01
2.127190232276916504e-01
2.809261083602905273e-01
9.897187352180480957e-02
2.091995775699615479e-01
8.390934020280838013e-02
1.478894203901290894e-01
7.226106524467468262e-02
1.808606088161468506e-01
7.146806269884109497e-02
5.625445395708084106e-02
9.860356897115707397e-02
1.028071269392967224e-01
3.454918563365936279e-01
2.113824039697647095e-01
1.826332211494445801e-01
5.404739826917648315e-02
1.358498036861419678e-01
1.081662476062774658e-01
7.782995700836181641e-02
7.558534294366836548e-02
1.084523573517799377e-01
1.874448060989379883e-01
1.249593049287796021e-01
2.050187885761260986e-01
1.252627521753311157e-01
1.571015119552612305e-01
1.802583038806915283e-01
1.007370427250862122e-01
3.234445452690124512e-01
7.335238158702850342e-02
1.228018403053283691e-01
2.367175370454788208e-01
1.041885465383529663e-01
1.329241842031478882e-01
1.779783070087432861e-01
9.660034626722335815e-02
1.973379701375961304e-01
2.196154892444610596e-01
9.096620976924896240e-02
9.685999900102615356e-02
2.133178710937500000e-02
3.100124597549438477e-01
2.515025734901428223e-01
2.341884374618530273e-01
1.842602789402008057e-01
1.538693308830261230e-01
1.665918529033660889e-01
6.453235447406768799e-02
9.067975729703903198e-02
4.826083779335021973e-01
1.383060663938522339e-01
5.604396760463714600e-02
1.299444288015365601e-01
6.059136986732482910e-02
1.576241254806518555e-01
4.726195633411407471e-01
6.221950426697731018e-02
2.518439292907714844e-01
1.392735391855239868e-01
1.798602342605590820e-01
3.216293454170227051e-01
1.917472183704376221e-01
1.407924890518188477e-01
2.426506280899047852e-01
2.144872583448886871e-02
1.351591348648071289e-01
7.228697091341018677e-02
1.190465986728668213e-01
6.439527869224548340e-02
5.830296874046325684e-02
2.025839090347290039e-01
3.757990002632141113e-01
9.409452974796295166e-02
3.509224653244018555e-01
1.365384757518768311e-01
2.133091241121292114e-01
6.211706995964050293e-02
2.250171005725860596e-01
1.085702851414680481e-01
2.721374630928039551e-01
8.546572923660278320e-02
9.058216214179992676e-02
8.563774824142456055e-02
1.950552165508270264e-01
6.205782666802406311e-02
3.422474265098571777e-01
2.036547064781188965e-01
1.395707577466964722e-01
5.588097870349884033e-02
5.534210205078125000e-01
4.028882831335067749e-02
1.228379905223846436e-01
2.641759514808654785e-01
1.603851467370986938e-01
1.446316540241241455e-01
3.022368848323822021e-01
9.446061402559280396e-02
1.259938776493072510e-01
1.019475907087326050e-01
5.053270608186721802e-02
5.845485627651214600e-02
7.844468206167221069e-02
3.132167458534240723e-01
4.109279215335845947e-01
6.680469214916229248e-02
2.052012681961059570e-01
3.708470165729522705e-01
1.479323357343673706e-01
1.132497340440750122e-01
2.430633157491683960e-01
1.878070831298828125e-01
1.581100821495056152e-01
1.025023236870765686e-01
1.532680392265319824e-01
2.235863506793975830e-01
2.351604104042053223e-01
2.053706347942352295e-01
1.480690836906433105e-01
6.301701068878173828e-02
1.412076354026794434e-01
1.604520380496978760e-01
2.004107832908630371e-01
1.221940293908119202e-01
2.020766586065292358e-01
6.373875588178634644e-02
1.190439611673355103e-01
3.229351714253425598e-02
2.972871810197830200e-02
7.781823724508285522e-02
3.068725466728210449e-01
4.040905833244323730e-02
1.085762530565261841e-01
2.018661424517631531e-02
1.205671727657318115e-01
5.829221382737159729e-02
1.377711296081542969e-01
1.359080821275711060e-01
8.439769595861434937e-02
9.071079641580581665e-02
2.656179666519165039e-01
2.055337876081466675e-01
2.443294227123260498e-01
1.905177235603332520e-01
6.259013712406158447e-02
1.334319561719894409e-01
5.410332977771759033e-02
1.555071324110031128e-01
1.285981982946395874e-01
3.962106257677078247e-02
6.886513531208038330e-02
1.036901175975799561e-01
1.384867280721664429e-01
2.172195315361022949e-01
1.010519862174987793e-01
1.744922995567321777e-01
1.254836320877075195e-01
2.290290743112564087e-01
8.508259803056716919e-02
1.741456091403961182e-01
3.480956852436065674e-01
1.439348012208938599e-01
8.966411650180816650e-02
1.727198660373687744e-01
1.560962498188018799e-01
1.311678290367126465e-01
1.306545287370681763e-01
1.770984828472137451e-01
7.513962686061859131e-02
2.489229664206504822e-02
1.323503404855728149e-01
2.669405639171600342e-01
3.197889626026153564e-01
1.414799839258193970e-01
7.335284352302551270e-02
7.360601425170898438e-02
1.096037700772285461e-01
3.022832609713077545e-02
3.280799388885498047e-01
2.477477043867111206e-01
1.400589346885681152e-01
2.729021012783050537e-02
1.239690035581588745e-01
5.663599818944931030e-02
1.524150967597961426e-01
1.250598728656768799e-01
1.121184900403022766e-01
5.241550132632255554e-02
1.690315604209899902e-01
2.824372649192810059e-01
2.783048152923583984e-01
1.969704031944274902e-01
7.753524184226989746e-02
1.218051016330718994e-01
2.921435832977294922e-01
2.310716211795806885e-01
2.355228513479232788e-01
2.266685813665390015e-01
8.181941509246826172e-02
5.967352539300918579e-02
2.635517418384552002e-01
3.867641091346740723e-02
1.128155589103698730e-01
2.793209552764892578e-01
2.717413567006587982e-02
1.453505456447601318e-01
1.533672511577606201e-01
9.700746089220046997e-02
1.445025503635406494e-01
2.442365288734436035e-01
1.757322400808334351e-01
1.649925857782363892e-01
3.023371100425720215e-01
2.371673583984375000e-01
2.640029191970825195e-01
2.555182278156280518e-01
4.376757144927978516e-02
1.944930553436279297e-01
1.375458240509033203e-01
1.170623302459716797e-01
6.110722199082374573e-02
1.455825716257095337e-01
2.890945971012115479e-01
7.895418256521224976e-02
1.564383804798126221e-01
2.199590355157852173e-01
3.402257859706878662e-01
2.980299293994903564e-02
3.555642366409301758e-01
1.906318664550781250e-01
4.353804886341094971e-02
2.151408940553665161e-01
2.868191003799438477e-01
1.579696685075759888e-01
1.481947600841522217e-01
6.279262900352478027e-02
2.664511501789093018e-01
1.333380192518234253e-01
5.778884887695312500e-02
5.192147567868232727e-02
1.459499150514602661e-01
1.418903321027755737e-01
3.299926817417144775e-01
4.089306294918060303e-02
1.142605021595954895e-01
1.560980379581451416e-01
2.826078832149505615e-01
1.912025213241577148e-01
1.346937716007232666e-01
1.932902336120605469e-01
2.631130814552307129e-01
2.080317437648773193e-01
1.824946999549865723e-01
1.535475403070449829e-01
1.592021733522415161e-01
1.474718749523162842e-01
1.247100383043289185e-01
2.105758786201477051e-01
5.919506773352622986e-02
2.379167377948760986e-01
1.076359152793884277e-01
8.487339317798614502e-02
8.463248610496520996e-02
1.153246685862541199e-01
2.041633576154708862e-01
2.836280465126037598e-01
8.714173734188079834e-02
1.057478040456771851e-01
3.629446029663085938e-01
2.092970013618469238e-01
5.576090887188911438e-02
3.056487441062927246e-01
1.947410553693771362e-01
1.893006861209869385e-01
1.386497318744659424e-01
1.344271004199981689e-01
2.454421520233154297e-01
7.905492186546325684e-02
4.635085165500640869e-02
1.737825870513916016e-01
2.916650772094726562e-01
1.891961991786956787e-01
2.192418128252029419e-01
1.416447758674621582e-01
2.225609868764877319e-01
8.355332911014556885e-02
2.589398622512817383e-01
8.023142069578170776e-02
7.533892989158630371e-02
7.288713753223419189e-02
2.672299146652221680e-01
2.047639489173889160e-01
8.022332191467285156e-02
1.714966297149658203e-01
1.029359921813011169e-01
9.685593843460083008e-02
1.470568776130676270e-01
2.309638559818267822e-01
1.727591454982757568e-01
6.407651305198669434e-02
2.533746957778930664e-01
2.688419520854949951e-01
1.544841229915618896e-01
4.165065586566925049e-01
2.665673792362213135e-01
6.207370758056640625e-02
1.864624917507171631e-01
6.759987771511077881e-02
2.238389253616333008e-01
2.030139863491058350e-01
5.968274921178817749e-02
1.015859544277191162e-01
2.204305976629257202e-01
2.118277251720428467e-01
2.532962858676910400e-01
1.672428697347640991e-01
1.215136349201202393e-01
2.035300619900226593e-02
6.970329582691192627e-02
4.438364505767822266e-02
3.272397220134735107e-01
1.016424447298049927e-01
1.832448244094848633e-01
2.035233080387115479e-01
1.440726220607757568e-01
1.429806798696517944e-01
2.125955820083618164e-01
1.773158162832260132e-01
1.799277961254119873e-01
1.650536358356475830e-01
6.545995920896530151e-02
2.477219700813293457e-01
1.806402504444122314e-01
8.077976107597351074e-02
2.773475646972656250e-02
1.008578985929489136e-01
5.065552890300750732e-02
4.416587948799133301e-02
9.405581653118133545e-02
2.616073489189147949e-01
1.297724843025207520e-01
8.375720679759979248e-02
1.934936195611953735e-01
8.899467438459396362e-02
4.245685786008834839e-02
6.458113342523574829e-02
1.562464535236358643e-01
2.491069212555885315e-02
1.639868617057800293e-01
2.315676510334014893e-01
2.078835479915142059e-02
3.929752856492996216e-02
3.092074692249298096e-01
1.674602925777435303e-01
1.792464256286621094e-01
6.652236729860305786e-02
2.349005341529846191e-01
3.048004582524299622e-02
3.493475615978240967e-01
2.801219224929809570e-01
1.372607946395874023e-01
2.178821265697479248e-01
2.930291295051574707e-01
3.255057036876678467e-01
5.191292762756347656e-01
2.393832206726074219e-01
1.681554317474365234e-01
8.538075536489486694e-02
1.062618792057037354e-01
3.757262825965881348e-01
7.293367385864257812e-02
2.324341833591461182e-01
2.211987078189849854e-01
8.010646700859069824e-02
9.322069585323333740e-02
1.443398892879486084e-01
1.009534001350402832e-01
8.067735284566879272e-02
2.771976403892040253e-02
3.003833591938018799e-01
7.204288989305496216e-02
1.463165283203125000e-01
1.445459723472595215e-01
2.620802521705627441e-01
5.067548155784606934e-02
4.813064262270927429e-02
4.494017362594604492e-02
2.443134188652038574e-01
1.385348886251449585e-01
2.467603683471679688e-01
5.348961800336837769e-02
2.608774788677692413e-02
4.623101279139518738e-02
1.215891838073730469e-01
6.490739434957504272e-02
1.471604406833648682e-01
1.814701259136199951e-01
7.147669047117233276e-02
9.828653186559677124e-02
2.126586735248565674e-01
1.469229757785797119e-01
3.769674152135848999e-02
7.446433603763580322e-02
1.627269387245178223e-01
1.255778223276138306e-01
1.907223910093307495e-01
1.128131151199340820e-01
1.667563021183013916e-01
3.938254714012145996e-01
1.793198585510253906e-01
8.173803985118865967e-02
2.711718529462814331e-02
1.411769986152648926e-01
2.310366779565811157e-01
7.522775977849960327e-02
1.517382860183715820e-01
1.175374686717987061e-01
8.613796532154083252e-02
1.389398276805877686e-01
1.648947298526763916e-01
1.352774649858474731e-01
2.211184054613113403e-01
3.890234231948852539e-02
1.389157474040985107e-01
1.827174723148345947e-01
1.877158582210540771e-01
1.259929835796356201e-01
2.083744108676910400e-01
1.378563791513442993e-01
1.970565319061279297e-01
8.276879787445068359e-02
1.136403530836105347e-01
4.799066483974456787e-02
2.819141149520874023e-01
2.180960774421691895e-01
2.338296771049499512e-01
1.451997160911560059e-01
3.016579151153564453e-01
1.910443156957626343e-01
1.408297121524810791e-01
4.601167142391204834e-02
1.162605732679367065e-01
1.300191879272460938e-01
2.268655598163604736e-01
9.879946708679199219e-02
1.330818384885787964e-01
3.092626631259918213e-01
4.044338464736938477e-01
1.213630884885787964e-01
1.919095814228057861e-01
5.374353379011154175e-02
6.977701932191848755e-02
3.108443617820739746e-01
2.549082636833190918e-01
3.138161301612854004e-01
8.086291700601577759e-02
1.195004135370254517e-01
9.287658333778381348e-02
2.363138198852539062e-01
1.991488039493560791e-01
8.765824884176254272e-02
2.609136104583740234e-01
7.296458631753921509e-02
1.739658862352371216e-01
1.931819319725036621e-01
3.121923804283142090e-01
3.070598244667053223e-01
1.347842663526535034e-01
1.742912828922271729e-01
1.062939390540122986e-01
1.919856369495391846e-01
9.155342727899551392e-02
1.603802144527435303e-01
1.597946435213088989e-01
2.458663135766983032e-01
8.739057928323745728e-02
2.655955553054809570e-01
3.102700971066951752e-02
1.621302217245101929e-01
4.953730106353759766e-02
9.905052930116653442e-02
1.523665040731430054e-01
1.602993160486221313e-01
2.414990514516830444e-01
2.882641553878784180e-01
1.109436005353927612e-01
2.203305959701538086e-01
9.350955486297607422e-02
2.469283044338226318e-01
4.090951010584831238e-02
7.533741742372512817e-02
1.215380430221557617e-01
1.316204369068145752e-01
3.844732791185379028e-02
3.929868042469024658e-01
3.005641102790832520e-01
9.339074790477752686e-02
7.512736320495605469e-02
9.076721966266632080e-02
4.693815112113952637e-02
8.742071688175201416e-02
4.608150199055671692e-02
5.315586179494857788e-02
1.760537922382354736e-01
2.625286877155303955e-01
1.685099005699157715e-01
3.201864361763000488e-01
9.924518316984176636e-02
2.650175988674163818e-01
1.179099231958389282e-01
5.516169965267181396e-02
3.281902372837066650e-01
1.737165749073028564e-01
1.849990338087081909e-01
3.217131644487380981e-02
8.773810416460037231e-02
9.932472556829452515e-02
4.090920835733413696e-02
2.272087708115577698e-02
2.785578668117523193e-01
2.464253753423690796e-01
1.320729404687881470e-01
1.621445119380950928e-01
3.178315162658691406e-01
1.415513008832931519e-01
5.955459922552108765e-02
2.978321537375450134e-02
3.293660283088684082e-01
3.645692467689514160e-01
4.059259891510009766e-01
1.327241212129592896e-01
1.718171536922454834e-01
1.660784929990768433e-01
1.511084735393524170e-01
1.787391304969787598e-01
3.659811615943908691e-01
7.415045052766799927e-02
1.421093642711639404e-01
2.239918559789657593e-01
1.379559934139251709e-01
1.468052119016647339e-01
1.056302785873413086e-01
2.080761790275573730e-01
2.536436915397644043e-01
4.018590971827507019e-02
6.468100845813751221e-02
5.841473862528800964e-02
4.496859759092330933e-02
5.056621134281158447e-02
1.193016916513442993e-01
2.081831395626068115e-01
8.199229836463928223e-02
1.654910743236541748e-01
1.551688089966773987e-02
2.598075568675994873e-01
1.237251833081245422e-01
8.728115260601043701e-02
7.859109342098236084e-02
1.950442194938659668e-01
1.935022175312042236e-01
1.221192479133605957e-01
1.763166189193725586e-01
5.373811721801757812e-02
1.097492575645446777e-01
1.117456853389739990e-01
3.289420604705810547e-01
2.729317843914031982e-01
6.097251921892166138e-02
1.902268230915069580e-01
2.984810471534729004e-01
1.076496168971061707e-01
7.249131798744201660e-02
1.355855613946914673e-01
1.222075223922729492e-01
1.528001129627227783e-01
5.566933155059814453e-01
2.226818352937698364e-01
1.309015154838562012e-01
2.092411965131759644e-01
1.990849971771240234e-01
8.565298467874526978e-02
7.549944519996643066e-02
7.236689329147338867e-02
1.824632883071899414e-01
7.193958759307861328e-02
2.037757337093353271e-01
9.332707524299621582e-02
2.606016397476196289e-01
2.252532839775085449e-01
1.928166449069976807e-01
7.129321992397308350e-02
8.809076249599456787e-02
2.568801045417785645e-01
1.680121198296546936e-02
1.065255776047706604e-01
5.163472890853881836e-02
4.213025271892547607e-01
2.893387079238891602e-01
4.811793267726898193e-01
1.130916699767112732e-01
1.975436955690383911e-01
1.967313736677169800e-01
4.001892209053039551e-01
4.162299036979675293e-01
1.139586418867111206e-01
1.113536208868026733e-01
1.707958877086639404e-01
3.617745041847229004e-01
1.639180183410644531e-01
1.792632192373275757e-01
5.831163749098777771e-02
9.529878944158554077e-02
2.366598397493362427e-01
2.048767954111099243e-01
6.100447103381156921e-02
4.157409667968750000e-01
3.233711123466491699e-01
3.045379519462585449e-01
2.662350237369537354e-01
1.157937347888946533e-01
2.481916695833206177e-01
1.642804145812988281e-01
8.981501311063766479e-02
2.336348891258239746e-01
3.764570355415344238e-01
1.918843984603881836e-01
1.814046949148178101e-01
8.173133432865142822e-02
7.555010914802551270e-02
1.680716574192047119e-01
1.587959975004196167e-01
6.530621647834777832e-02
4.217004403471946716e-02
2.048408687114715576e-01
1.311928629875183105e-01
1.233938261866569519e-01
1.971155107021331787e-01
1.065932437777519226e-01
7.984586060047149658e-02
1.534941494464874268e-01
1.631253659725189209e-01
1.025766506791114807e-01
1.414410471916198730e-01
1.020436957478523254e-01
7.186354696750640869e-02
1.283832490444183350e-01
3.390629589557647705e-01
1.054089814424514771e-01
2.709498405456542969e-01
7.507948577404022217e-02
3.448414802551269531e-02
3.362692892551422119e-01
8.956055343151092529e-02
8.020134270191192627e-02
2.884270250797271729e-01
6.901581585407257080e-02
2.736725807189941406e-01
3.636010736227035522e-02
2.495270967483520508e-01
1.078040972352027893e-01
1.184413135051727295e-01
1.933880895376205444e-01
1.376011967658996582e-01
1.051405221223831177e-01
1.683962643146514893e-01
1.018386408686637878e-01
2.410638630390167236e-01
1.241947859525680542e-01
2.630454897880554199e-01
1.765971034765243530e-01
8.005179464817047119e-02
2.652533054351806641e-01
2.066398262977600098e-01
1.253592669963836670e-01
1.056088805198669434e-01
6.538265943527221680e-02
7.945780456066131592e-02
3.859709799289703369e-01
2.308418750762939453e-01
9.928017854690551758e-02
2.586669325828552246e-01
3.031947016716003418e-01
1.376743614673614502e-01
5.331265926361083984e-02
6.088027730584144592e-02
1.004172638058662415e-01
5.639509856700897217e-02
4.091204702854156494e-01
1.896838843822479248e-01
2.605854868888854980e-01
2.002018988132476807e-01
3.296267241239547729e-02
9.369622170925140381e-02
6.467441469430923462e-02
8.650305867195129395e-02
5.103226751089096069e-02
2.147302329540252686e-01
1.334805190563201904e-01
1.179600059986114502e-01
1.768334209918975830e-01
3.370245099067687988e-01
1.310900151729583740e-01
1.338441222906112671e-01
6.275975704193115234e-02
1.300271898508071899e-01
1.262199431657791138e-01
6.260490417480468750e-02
1.448263376951217651e-01
5.806232616305351257e-02
1.673137545585632324e-01
1.341801285743713379e-01
3.738355636596679688e-02
2.089088112115859985e-01
5.609744787216186523e-02
2.814312092959880829e-02
1.780223548412322998e-01
7.243746519088745117e-02
7.697522640228271484e-02
1.589360088109970093e-01
8.126960694789886475e-02
2.140997946262359619e-01
2.438322752714157104e-01
1.021564602851867676e-01
1.961773633956909180e-01
4.591216892004013062e-02
3.071578145027160645e-01
1.071571782231330872e-01
1.027005985379219055e-01
2.756879925727844238e-01
1.740168929100036621e-01
2.731234133243560791e-01
1.354669481515884399e-01
3.500782251358032227e-01
2.769430279731750488e-01
1.450840830802917480e-01
2.428026199340820312e-01
2.197584211826324463e-01
4.362505674362182617e-02
1.205607578158378601e-01
1.034741401672363281e-01
1.665637642145156860e-01
6.091208010911941528e-02
2.343515753746032715e-01
3.421928882598876953e-01
5.151101946830749512e-02
1.219424307346343994e-01
1.585918515920639038e-01
3.542469739913940430e-01
3.067419826984405518e-01
7.943956553936004639e-02
2.045802772045135498e-01
5.668099969625473022e-02
2.003345489501953125e-01
2.111169993877410889e-01
1.114319413900375366e-01
2.059272229671478271e-01
2.081291973590850830e-01
3.154301643371582031e-01
8.850774168968200684e-02
3.534651696681976318e-01
1.632404029369354248e-01
2.238931059837341309e-01
1.673769801855087280e-01
4.096108302474021912e-02
2.412880361080169678e-01
2.060797810554504395e-01
1.713710278272628784e-01
2.747879624366760254e-01
1.307570189237594604e-01
1.444379687309265137e-01
2.099010199308395386e-01
9.959526360034942627e-02
2.838410139083862305e-01
2.132924497127532959e-01
1.236673891544342041e-01
2.782397866249084473e-01
8.865724503993988037e-02
3.530339151620864868e-02
3.602631390094757080e-02
7.929217815399169922e-02
1.318469643592834473e-01
2.106418311595916748e-01
1.609768867492675781e-01
1.254759728908538818e-01
4.850892722606658936e-02
2.489058375358581543e-01
5.997514352202415466e-02
9.715405851602554321e-02
1.264616250991821289e-01
2.109161317348480225e-01
2.240400910377502441e-01
1.351470053195953369e-01
1.708593666553497314e-01
1.556263566017150879e-01
2.918022871017456055e-01
2.214351594448089600e-01
2.616331577301025391e-01
1.858203858137130737e-01
1.095249652862548828e-01
3.087406754493713379e-01
3.166875839233398438e-01
2.458186149597167969e-01
1.334093958139419556e-01
1.013329625129699707e-01
3.965993523597717285e-01
9.444597363471984863e-02
2.249581962823867798e-01
2.487410157918930054e-01
1.360132545232772827e-01
1.250751614570617676e-01
2.888826467096805573e-02
4.581220075488090515e-02
3.325210809707641602e-01
1.648491024971008301e-01
1.924150884151458740e-01
1.915256977081298828e-01
2.879749238491058350e-01
2.306437939405441284e-01
2.209613323211669922e-01
2.027731090784072876e-01
2.143063247203826904e-01
1.909280717372894287e-01
1.161533147096633911e-01
2.114976644515991211e-01
2.724084258079528809e-01
1.736081987619400024e-01
7.854688912630081177e-02
1.280545592308044434e-01
3.016131743788719177e-02
2.038998007774353027e-01
1.445815563201904297e-01
5.777496472001075745e-02
1.393211781978607178e-01
2.319322675466537476e-01
8.268177509307861328e-02
1.714509427547454834e-01
6.352616846561431885e-02
1.124190315604209900e-01
2.217228859663009644e-01
2.374523282051086426e-01
1.449600607156753540e-01
2.732723355293273926e-01
1.005117669701576233e-01
1.458066552877426147e-01
1.297733932733535767e-01
9.857079386711120605e-02
1.332747638225555420e-01
3.350599110126495361e-02
1.478903442621231079e-01
1.814065873622894287e-01
2.473467439413070679e-01
2.043914049863815308e-01
1.845338046550750732e-01
2.616507709026336670e-01
5.165255069732666016e-02
2.891829609870910645e-01
5.195682495832443237e-02
2.509210705757141113e-01
2.274869382381439209e-01
4.320859909057617188e-02
1.177596300840377808e-01
1.755183339118957520e-01
1.403364241123199463e-01
3.016799092292785645e-01
9.848571568727493286e-02
1.562876105308532715e-01
8.310490846633911133e-02
1.907380819320678711e-01
1.743407249450683594e-01
9.506369382143020630e-02
1.023595482110977173e-01
2.096584290266036987e-01
1.293057501316070557e-01
8.329868316650390625e-02
2.334453165531158447e-01
2.483029365539550781e-01
1.158322170376777649e-01
2.610478997230529785e-01
1.381737440824508667e-01
2.162875682115554810e-01
1.772759258747100830e-01
2.188569009304046631e-01
7.557601481676101685e-02
4.276800751686096191e-01
2.544407546520233154e-01
4.246247708797454834e-01
1.991797983646392822e-01
3.474501371383666992e-01
1.354260742664337158e-01
1.054797396063804626e-01
2.280638515949249268e-01
1.341715157032012939e-01
1.496628224849700928e-01
2.450382709503173828e-02
9.444180876016616821e-02
1.630301177501678467e-01
1.289651393890380859e-01
3.611813485622406006e-02
1.426198929548263550e-01
2.469991296529769897e-01
4.297851920127868652e-01
8.903312683105468750e-02
1.153236031532287598e-01
1.132376566529273987e-01
3.301518857479095459e-01
1.372310221195220947e-01
7.175115495920181274e-02
1.379721015691757202e-01
9.762570261955261230e-02
2.201576232910156250e-01
1.215330362319946289e-01
2.230777405202388763e-02
1.669320464134216309e-01
2.900005690753459930e-02
2.124000489711761475e-01
2.252672612667083740e-01
1.969577074050903320e-01
1.516458988189697266e-01
1.090677976608276367e-01
4.998237192630767822e-01
1.453112959861755371e-01
1.324778348207473755e-01
1.228063106536865234e-01
2.262662798166275024e-01
1.496684849262237549e-01
2.094644904136657715e-01
1.185736730694770813e-01
3.230710029602050781e-01
3.703572601079940796e-02
2.674556374549865723e-01
2.783893048763275146e-01
1.650177687406539917e-01
3.151063919067382812e-01
1.781172007322311401e-01
6.857716292142868042e-02
2.323418557643890381e-01
2.757814526557922363e-01
8.567358553409576416e-02
1.120619997382164001e-01
1.239712834358215332e-01
3.901422619819641113e-01
1.051112338900566101e-01
3.323423862457275391e-02
2.655100822448730469e-01
3.869714736938476562e-01
1.138969957828521729e-01
1.207589060068130493e-01
3.300220146775245667e-02
1.210769116878509521e-01
6.417495012283325195e-02
6.241187080740928650e-02
6.141851097345352173e-02
2.086466550827026367e-01
2.998281121253967285e-01
8.722735941410064697e-02
2.528211772441864014e-01
7.099930942058563232e-02
1.186650395393371582e-01
2.225387394428253174e-01
3.104917407035827637e-01
3.175707161426544189e-01
1.341872215270996094e-01
6.734806299209594727e-02
1.296155303716659546e-01
7.040558010339736938e-02
1.191276386380195618e-01
1.131060570478439331e-01
3.976213559508323669e-02
2.088016271591186523e-01
1.717633455991744995e-01
2.352028489112854004e-01
2.807860970497131348e-01
3.408473134040832520e-01
3.139308094978332520e-01
7.468941062688827515e-02
1.956956684589385986e-01
2.426840215921401978e-01
1.368287205696105957e-01
2.431406676769256592e-01
2.020333260297775269e-01
1.321731656789779663e-01
2.982247471809387207e-01
6.215587258338928223e-02
7.327373325824737549e-02
5.396243929862976074e-02
1.186101585626602173e-01
5.363429710268974304e-02
8.523651957511901855e-02
8.661527931690216064e-02
5.626806616783142090e-02
3.506405949592590332e-01
9.055509418249130249e-02
8.068235218524932861e-02
7.375228404998779297e-02
6.897263973951339722e-02
1.883364617824554443e-01
5.718683078885078430e-02
9.493435919284820557e-02
5.446068197488784790e-02
2.466993220150470734e-02
2.752404212951660156e-01
4.598370939493179321e-02
1.698332130908966064e-01
1.856800615787506104e-01
3.700454831123352051e-01
3.680422902107238770e-02
1.796021312475204468e-01
1.033799424767494202e-01
4.488249421119689941e-01
1.481565982103347778e-01
2.405903488397598267e-01
2.340609729290008545e-01
2.883170545101165771e-01
4.523276910185813904e-02
2.449880689382553101e-01
8.399713784456253052e-02
1.041908189654350281e-01
3.679513186216354370e-02
4.761861264705657959e-02
1.280385106801986694e-01
1.195619106292724609e-01
3.456197679042816162e-02
3.735429421067237854e-02
1.624640673398971558e-01
3.484223783016204834e-02
3.759158402681350708e-02
4.415517151355743408e-01
2.367946133017539978e-02
2.006720304489135742e-01
2.779957652091979980e-01
7.189043611288070679e-02
1.994096189737319946e-01
1.224658042192459106e-01
2.307156175374984741e-01
1.275909692049026489e-01
2.561240792274475098e-01
1.976608783006668091e-01
3.387120068073272705e-01
2.287183254957199097e-01
2.702721953392028809e-01
2.323412299156188965e-01
1.426268666982650757e-01
3.156569600105285645e-01
1.846974641084671021e-01
5.369755253195762634e-02
7.903391122817993164e-02
6.914401799440383911e-02
2.314586341381072998e-01
2.332822233438491821e-01
2.946805655956268311e-01
4.592797160148620605e-02
1.284765303134918213e-01
1.373203098773956299e-01
2.017607390880584717e-01
1.550935804843902588e-01
1.604398638010025024e-01
1.011072173714637756e-01
7.442769408226013184e-02
1.713402569293975830e-01
3.355341851711273193e-01
7.745511829853057861e-02
1.248229667544364929e-01
5.595463514328002930e-02
8.592832833528518677e-02
9.736064076423645020e-02
1.590475887060165405e-01
6.498830765485763550e-02
2.485129609704017639e-02
7.290430366992950439e-02
2.723855376243591309e-01
3.716444373130798340e-01
3.600937426090240479e-01
2.295851409435272217e-01
1.242438331246376038e-01
2.500102221965789795e-01
1.839765906333923340e-01
1.866661012172698975e-01
1.211241185665130615e-01
6.181213632225990295e-02
1.221755743026733398e-01
2.388463728129863739e-02
5.907203257083892822e-02
9.165048599243164062e-02
1.068372279405593872e-01
6.407362222671508789e-02
6.060220673680305481e-02
1.430414021015167236e-01
5.404595285654067993e-02
8.305628597736358643e-02
2.047522515058517456e-01
2.073339521884918213e-01
2.217711806297302246e-01
1.857775747776031494e-01
2.724950909614562988e-01
1.012541204690933228e-01
3.069982305169105530e-02
2.315951883792877197e-02
8.340956270694732666e-02
2.905865609645843506e-01
2.410054653882980347e-01
2.173774987459182739e-01
3.429519534111022949e-01
1.098477393388748169e-01
1.171691492199897766e-01
2.542948126792907715e-01
1.475025564432144165e-01
1.469948440790176392e-01
1.859701871871948242e-01
1.173016726970672607e-01
2.503179013729095459e-01
2.143454551696777344e-01
2.943229675292968750e-01
3.503563106060028076e-01
2.087557911872863770e-01
9.232877194881439209e-02
2.879048585891723633e-01
2.238512635231018066e-01
7.082412391901016235e-02
3.987928479909896851e-02
2.449865937232971191e-01
1.395535767078399658e-01
1.725317090749740601e-01
1.668041646480560303e-01
1.944624185562133789e-01
1.510467231273651123e-01
1.119151860475540161e-01
2.856174111366271973e-01
1.007665768265724182e-01
1.521409153938293457e-01
4.008720815181732178e-02
3.426208347082138062e-02
2.649829983711242676e-01
3.236671090126037598e-01
8.023062348365783691e-02
1.244952902197837830e-01
1.751750111579895020e-01
5.958317965269088745e-02
3.021053075790405273e-01
8.851080387830734253e-02
1.634824126958847046e-01
2.590671181678771973e-01
2.985503375530242920e-01
1.928004920482635498e-01
1.315104663372039795e-01
1.001460999250411987e-01
1.441586911678314209e-01
2.949843108654022217e-01
1.225665062665939331e-01
8.228801190853118896e-02
2.198080271482467651e-01
1.644769459962844849e-01
3.773150593042373657e-02
1.182598918676376343e-01
1.811975538730621338e-01
2.646456360816955566e-01
8.375161886215209961e-02
1.430111825466156006e-01
1.329986453056335449e-01
3.937054425477981567e-02
2.106822729110717773e-01
1.685797572135925293e-01
2.686045467853546143e-01
2.538167238235473633e-01
1.341106295585632324e-01
7.658429443836212158e-02
1.126551553606987000e-01
3.078561425209045410e-01
1.884986460208892822e-01
2.174451351165771484e-01
3.062606155872344971e-01
6.298026442527770996e-02
6.232616305351257324e-02
7.291882485151290894e-02
1.783424019813537598e-01
6.485420465469360352e-02
5.928803980350494385e-02
1.109766289591789246e-01
3.581734299659729004e-01
2.526119053363800049e-01
1.391458213329315186e-01
1.372572481632232666e-01
1.440203338861465454e-01
1.041217744350433350e-01
9.273968636989593506e-02
1.633417308330535889e-01
1.259518712759017944e-01
3.564505577087402344e-01
8.246235549449920654e-02
7.508660852909088135e-02
1.884850710630416870e-01
8.819577842950820923e-02
6.028611958026885986e-02
2.110826820135116577e-01
2.272552102804183960e-01
5.754397436976432800e-02
5.995261669158935547e-02
1.780705749988555908e-01
1.366934329271316528e-01
1.311291903257369995e-01
5.035299062728881836e-02
1.270067393779754639e-01
1.289954483509063721e-01
1.907407641410827637e-01
6.105025112628936768e-02
2.344445884227752686e-01
8.304214477539062500e-02
2.908748090267181396e-01
4.221469759941101074e-01
6.136808544397354126e-02
1.150351092219352722e-01
9.575509279966354370e-02
4.975345134735107422e-01
2.296719513833522797e-02
4.819196090102195740e-02
4.978279173374176025e-01
2.075103819370269775e-01
1.894724965095520020e-01
1.419832855463027954e-01
1.102765724062919617e-01
9.908697009086608887e-02
7.911457121372222900e-02
2.196777164936065674e-01
1.795543730258941650e-01
1.296267658472061157e-01
2.437935769557952881e-01
1.473133563995361328e-01
1.995361596345901489e-01
8.038695901632308960e-02
2.156477719545364380e-01
1.326522529125213623e-01
1.277138739824295044e-01
3.031029701232910156e-01
5.094749107956886292e-02
7.562379539012908936e-02
1.840685755014419556e-01
1.221087723970413208e-01
1.367071270942687988e-01
2.182652354240417480e-01
1.219140514731407166e-01
1.719707101583480835e-01
