4.683926999568939209e-01
3.544317781925201416e-01
3.706532716751098633e-01
3.082509636878967285e-01
3.260557651519775391e-01
4.415618181228637695e-01
6.393463611602783203e-01
3.212200403213500977e-01
2.759901285171508789e-01
1.694300770759582520e-01
4.903126358985900879e-01
3.196887373924255371e-01
4.704107344150543213e-01
3.676929473876953125e-01
3.541966080665588379e-01
3.650183677673339844e-01
2.085264325141906738e-01
3.041128516197204590e-01
2.580576241016387939e-01
4.733944833278656006e-01
4.643557071685791016e-01
2.434918880462646484e-01
5.858680009841918945e-01
4.936480820178985596e-01
4.182495474815368652e-01
2.500689029693603516e-01
2.072940915822982788e-01
4.315994083881378174e-01
1.980858594179153442e-01
2.692589461803436279e-01
3.029699325561523438e-01
3.140791058540344238e-01
6.027774810791015625e-01
4.141248464584350586e-01
5.608720779418945312e-01
4.317644238471984863e-01
4.202874898910522461e-01
2.852016091346740723e-01
5.746122002601623535e-01
2.929658293724060059e-01
5.498045086860656738e-01
4.083072841167449951e-01
3.310340940952301025e-01
4.984827041625976562e-01
3.417700529098510742e-01
2.530106902122497559e-01
3.011459708213806152e-01
5.841107964515686035e-01
5.450475811958312988e-01
3.868652880191802979e-01
3.802043795585632324e-01
3.387362360954284668e-01
2.673943638801574707e-01
3.008690178394317627e-01
6.261386275291442871e-01
2.283559143543243408e-01
4.128383994102478027e-01
2.493152916431427002e-01
3.661372363567352295e-01
3.564930260181427002e-01
6.965423822402954102e-01
3.997192680835723877e-01
3.477234840393066406e-01
2.216956317424774170e-01
2.653264105319976807e-01
1.537857502698898315e-01
4.660605788230895996e-01
2.662864923477172852e-01
3.833008408546447754e-01
3.094251155853271484e-01
5.955384969711303711e-01
5.250248908996582031e-01
1.929050087928771973e-01
4.399334192276000977e-01
6.480323076248168945e-01
2.744086086750030518e-01
4.684066176414489746e-01
3.042077422142028809e-01
5.796577334403991699e-01
4.266406297683715820e-01
2.897232770919799805e-01
2.195628583431243896e-01
5.504084229469299316e-01
4.850327968597412109e-01
4.780800938606262207e-01
1.183312237262725830e-01
3.770662844181060791e-01
1.562866866588592529e-01
6.042993664741516113e-01
5.056006908416748047e-01
2.636206150054931641e-01
3.773450553417205811e-01
1.630355268716812134e-01
2.975233197212219238e-01
2.747951149940490723e-01
2.735210657119750977e-01
3.046273589134216309e-01
4.277229309082031250e-01
6.748380661010742188e-01
6.392049789428710938e-01
6.013106107711791992e-01
2.573104500770568848e-01
1.383339762687683105e-01
5.494132637977600098e-01
2.663721144199371338e-01
1.981965601444244385e-01
1.531754434108734131e-01
3.395102024078369141e-01
2.828618586063385010e-01
6.385081410408020020e-01
3.412433266639709473e-01
2.599389553070068359e-01
2.941700816154479980e-01
1.223391741514205933e-01
4.679136276245117188e-01
5.984678268432617188e-01
6.377730369567871094e-01
1.967796683311462402e-01
2.642387449741363525e-01
3.581868410110473633e-01
3.024473190307617188e-01
3.038529753684997559e-01
3.392420411109924316e-01
2.606243491172790527e-01
5.387978553771972656e-01
3.631166219711303711e-01
6.348015069961547852e-01
1.573965996503829956e-01
4.148242175579071045e-01
3.807749152183532715e-01
5.583499670028686523e-01
3.407988846302032471e-01
4.469293057918548584e-01
3.477324247360229492e-01
2.683061361312866211e-01
6.264268159866333008e-01
3.866941928863525391e-01
3.533930182456970215e-01
4.399703741073608398e-01
3.550568521022796631e-01
1.975328624248504639e-01
3.653315305709838867e-01
3.484542667865753174e-01
3.587127327919006348e-01
2.079538106918334961e-01
4.843459129333496094e-01
7.785254716873168945e-01
3.380608558654785156e-01
5.395743250846862793e-01
3.223588466644287109e-01
3.242058157920837402e-01
3.078328967094421387e-01
3.010995388031005859e-01
2.492464482784271240e-01
3.279186487197875977e-01
3.162877559661865234e-01
4.462459087371826172e-01
1.174213439226150513e-01
2.992808818817138672e-01
5.052224397659301758e-01
3.887070715427398682e-01
6.415614485740661621e-01
2.696800231933593750e-01
7.386684417724609375e-01
4.858205318450927734e-01
2.597179412841796875e-01
4.191216826438903809e-01
1.527690589427947998e-01
3.718886375427246094e-01
4.272494912147521973e-01
2.570947110652923584e-01
3.945138752460479736e-01
2.787695527076721191e-01
3.108307421207427979e-01
4.746643304824829102e-01
2.582831382751464844e-01
7.158083915710449219e-01
5.176013112068176270e-01
3.828343152999877930e-01
3.856481909751892090e-01
3.790690898895263672e-01
5.378910303115844727e-01
5.262689590454101562e-01
4.544353485107421875e-01
3.305162787437438965e-01
5.910126566886901855e-01
6.525681614875793457e-01
3.758265376091003418e-01
2.399384677410125732e-01
2.240476906299591064e-01
3.406960964202880859e-01
3.559320867061614990e-01
5.634894371032714844e-01
2.562032938003540039e-01
2.669112086296081543e-01
2.641398906707763672e-01
3.974211812019348145e-01
3.118178546428680420e-01
2.717103362083435059e-01
5.381132364273071289e-01
3.367024660110473633e-01
3.195058703422546387e-01
3.200361728668212891e-01
3.401281833648681641e-01
3.275434970855712891e-01
3.560738563537597656e-01
3.617580533027648926e-01
1.107793897390365601e-01
3.431558310985565186e-01
3.224366009235382080e-01
2.204561531543731689e-01
3.787119388580322266e-01
3.959538340568542480e-01
3.932866752147674561e-01
3.078149557113647461e-01
2.486112564802169800e-01
2.218695878982543945e-01
1.204056441783905029e-01
5.128464102745056152e-01
9.655678272247314453e-02
3.505183458328247070e-01
4.366690516471862793e-01
2.506238818168640137e-01
4.355816543102264404e-01
4.194149076938629150e-01
2.355093359947204590e-01
2.685152292251586914e-01
3.230524063110351562e-01
5.720906257629394531e-01
3.870781362056732178e-01
5.500278472900390625e-01
5.828673243522644043e-01
3.340332508087158203e-01
5.214824080467224121e-01
4.448428153991699219e-01
2.265356034040451050e-01
2.830497622489929199e-01
2.643067240715026855e-01
4.868899583816528320e-01
3.407301306724548340e-01
2.640358805656433105e-01
4.886706471443176270e-01
2.196563780307769775e-01
2.239779829978942871e-01
2.703402042388916016e-01
4.620553553104400635e-01
5.633278489112854004e-01
3.781072795391082764e-01
5.664701461791992188e-01
3.740068674087524414e-01
2.214051038026809692e-01
2.475755512714385986e-01
2.872797250747680664e-01
3.952956497669219971e-01
3.277232646942138672e-01
2.600977122783660889e-01
3.452357053756713867e-01
4.022880494594573975e-01
2.136226892471313477e-01
3.657506108283996582e-01
1.028944849967956543e-01
1.128283143043518066e-01
4.712429642677307129e-01
4.737555682659149170e-01
5.175583958625793457e-01
2.288513779640197754e-01
4.934158027172088623e-01
3.659973442554473877e-01
3.499657511711120605e-01
4.655532240867614746e-01
2.251147627830505371e-01
2.634294927120208740e-01
1.863385289907455444e-01
5.114581584930419922e-01
3.812027275562286377e-01
3.781782090663909912e-01
3.514491319656372070e-01
3.492822051048278809e-01
3.645185530185699463e-01
4.093509912490844727e-01
2.020057588815689087e-01
2.087266743183135986e-01
5.823960900306701660e-01
3.279978036880493164e-01
2.639338374137878418e-01
5.799736380577087402e-01
4.427062869071960449e-01
3.519389927387237549e-01
2.230586111545562744e-01
3.543549478054046631e-01
5.149852037429809570e-01
7.355638742446899414e-01
2.093733549118041992e-01
2.645958662033081055e-01
3.768576085567474365e-01
2.511984109878540039e-01
3.068881630897521973e-01
5.364624261856079102e-01
3.702527284622192383e-01
1.824458837509155273e-01
3.299561440944671631e-01
2.499821335077285767e-01
5.151416063308715820e-01
2.667498588562011719e-01
3.975232243537902832e-01
2.708653807640075684e-01
1.439891755580902100e-01
4.628267288208007812e-01
3.273265957832336426e-01
2.836652100086212158e-01
3.921446502208709717e-01
2.920130193233489990e-01
3.637056648731231689e-01
4.950511753559112549e-01
4.349113702774047852e-01
4.813475608825683594e-01
3.831264078617095947e-01
4.379176497459411621e-01
2.727218866348266602e-01
3.473139405250549316e-01
4.214481413364410400e-01
6.434785127639770508e-01
2.259657084941864014e-01
3.839197754859924316e-01
6.961668729782104492e-01
1.129666119813919067e-01
3.758414387702941895e-01
7.193578481674194336e-01
2.425302863121032715e-01
2.613497674465179443e-01
3.221296668052673340e-01
3.887099325656890869e-01
6.449233293533325195e-01
2.371660470962524414e-01
4.255468547344207764e-01
3.447672724723815918e-01
1.372252553701400757e-01
3.030654489994049072e-01
4.963754415512084961e-01
4.159171581268310547e-01
2.897861301898956299e-01
4.323202967643737793e-01
6.948766112327575684e-01
4.660502672195434570e-01
2.720505893230438232e-01
2.527940571308135986e-01
5.426769256591796875e-01
2.360328733921051025e-01
2.853417098522186279e-01
4.305831193923950195e-01
2.963697016239166260e-01
3.337925672531127930e-01
2.574349641799926758e-01
3.966868519783020020e-01
6.351913213729858398e-01
4.315811097621917725e-01
2.664335668087005615e-01
2.239840030670166016e-01
6.291021704673767090e-01
2.191793620586395264e-01
4.496958851814270020e-01
5.526158809661865234e-01
3.985373973846435547e-01
4.530168473720550537e-01
5.384371280670166016e-01
1.845574229955673218e-01
5.556064844131469727e-01
4.676805734634399414e-01
4.031479954719543457e-01
2.649681568145751953e-01
2.595768868923187256e-01
5.386915802955627441e-01
2.623677253723144531e-01
3.598985671997070312e-01
4.765934944152832031e-01
2.349558770656585693e-01
2.960733473300933838e-01
1.896163970232009888e-01
1.897380948066711426e-01
5.847659111022949219e-01
3.148442506790161133e-01
2.066439539194107056e-01
3.637381792068481445e-01
3.635604381561279297e-01
2.862126827239990234e-01
5.774374604225158691e-01
3.094907402992248535e-01
3.041525185108184814e-01
2.551062107086181641e-01
3.377795219421386719e-01
4.056795835494995117e-01
2.920919954776763916e-01
3.057619929313659668e-01
3.403478562831878662e-01
5.949798822402954102e-01
4.962614774703979492e-01
4.511559009552001953e-01
3.473439812660217285e-01
1.843381375074386597e-01
1.674163639545440674e-01
2.070638537406921387e-01
4.935761690139770508e-01
2.784565091133117676e-01
3.702468276023864746e-01
2.407568246126174927e-01
1.326878666877746582e-01
1.667697429656982422e-01
3.257542252540588379e-01
3.091913461685180664e-01
2.946828603744506836e-01
8.083469420671463013e-02
2.525198757648468018e-01
3.284949362277984619e-01
6.974567174911499023e-01
2.664139866828918457e-01
6.013692617416381836e-01
4.175553917884826660e-01
5.475196242332458496e-01
4.125212430953979492e-01
5.247330665588378906e-01
4.468578100204467773e-01
3.489445447921752930e-01
5.151264071464538574e-01
1.406842023134231567e-01
3.251415491104125977e-01
4.122784137725830078e-01
2.764995098114013672e-01
6.483242511749267578e-01
4.895455539226531982e-01
4.582797288894653320e-01
2.672537565231323242e-01
3.675622940063476562e-01
6.547986865043640137e-01
3.196622729301452637e-01
3.088164925575256348e-01
2.574196159839630127e-01
5.550910830497741699e-01
3.790185749530792236e-01
6.952172517776489258e-01
4.605840444564819336e-01
2.909742593765258789e-01
2.128981947898864746e-01
3.091874122619628906e-01
4.078662991523742676e-01
2.902679443359375000e-01
6.107647418975830078e-01
7.524204254150390625e-01
1.848081946372985840e-01
1.675270795822143555e-01
2.791851758956909180e-01
2.984339594841003418e-01
5.915890932083129883e-01
2.436940968036651611e-01
1.908071935176849365e-01
3.727136254310607910e-01
7.505215406417846680e-01
3.671226799488067627e-01
2.801227569580078125e-01
2.755946516990661621e-01
2.605951428413391113e-01
1.638565063476562500e-01
4.306216537952423096e-01
5.043894052505493164e-01
3.235907256603240967e-01
5.629547834396362305e-01
5.123946666717529297e-01
3.358744084835052490e-01
2.627427577972412109e-01
6.047425866127014160e-01
2.635766267776489258e-01
2.688473463058471680e-01
5.567585229873657227e-01
1.690338551998138428e-01
4.981212615966796875e-01
3.406668305397033691e-01
6.361542940139770508e-01
1.581996977329254150e-01
3.846102356910705566e-01
2.605038583278656006e-01
3.616885542869567871e-01
6.353768110275268555e-01
3.275083899497985840e-01
4.300319552421569824e-01
4.200002551078796387e-01
4.827374815940856934e-01
1.534682512283325195e-01
2.415978312492370605e-01
2.794255018234252930e-01
4.262838363647460938e-01
2.680742144584655762e-01
5.943171977996826172e-01
6.006468534469604492e-01
2.717961370944976807e-01
1.695897281169891357e-01
4.201104342937469482e-01
3.362036347389221191e-01
5.231834650039672852e-01
3.270931839942932129e-01
4.054037332534790039e-01
6.275953054428100586e-01
3.535018563270568848e-01
2.892888784408569336e-01
2.295896708965301514e-01
5.391238927841186523e-01
1.876439303159713745e-01
3.003887534141540527e-01
4.265663623809814453e-01
2.009703069925308228e-01
1.270093917846679688e-01
4.219711422920227051e-01
9.973274171352386475e-02
4.857204556465148926e-01
4.495338201522827148e-01
3.197765946388244629e-01
2.858938574790954590e-01
4.874522686004638672e-01
2.848998904228210449e-01
3.276823163032531738e-01
5.535378456115722656e-01
3.813720345497131348e-01
3.645002841949462891e-01
3.869106769561767578e-01
4.257160723209381104e-01
3.781287968158721924e-01
6.748722791671752930e-01
4.031209647655487061e-01
2.297685593366622925e-01
1.578772217035293579e-01
3.201239705085754395e-01
3.354780972003936768e-01
3.220610916614532471e-01
3.050391077995300293e-01
5.494828224182128906e-01
3.461221456527709961e-01
3.416758477687835693e-01
3.295808434486389160e-01
1.940408647060394287e-01
3.472744226455688477e-01
3.437127470970153809e-01
2.650431990623474121e-01
3.134927153587341309e-01
2.454426884651184082e-01
2.598516941070556641e-01
3.077399730682373047e-01
4.860047996044158936e-01
2.084587812423706055e-01
3.749975562095642090e-01
3.084807097911834717e-01
3.134864866733551025e-01
2.940671443939208984e-01
2.558603584766387939e-01
2.394740879535675049e-01
3.566871583461761475e-01
3.710301220417022705e-01
3.557138741016387939e-01
5.648399591445922852e-01
4.393209218978881836e-01
3.095169365406036377e-01
1.920902281999588013e-01
5.239681005477905273e-01
1.718774735927581787e-01
2.369240820407867432e-01
2.793695330619812012e-01
2.771899700164794922e-01
4.538716673851013184e-01
4.498268961906433105e-01
3.587938547134399414e-01
7.281868457794189453e-01
3.740128278732299805e-01
5.407140851020812988e-01
2.305051386356353760e-01
3.250096142292022705e-01
3.629828691482543945e-01
2.347700446844100952e-01
4.928306937217712402e-01
2.033706605434417725e-01
6.214088201522827148e-01
4.118929505348205566e-01
2.092261612415313721e-01
4.963182210922241211e-01
5.076482892036437988e-01
5.619942545890808105e-01
3.978697061538696289e-01
3.685239553451538086e-01
4.701446294784545898e-01
2.888077497482299805e-01
2.831609845161437988e-01
1.810488998889923096e-01
4.022392034530639648e-01
3.832881450653076172e-01
3.086431026458740234e-01
3.436827659606933594e-01
5.670692920684814453e-01
3.704259395599365234e-01
3.351350426673889160e-01
3.000676929950714111e-01
3.618539571762084961e-01
3.781839013099670410e-01
3.766897320747375488e-01
3.351776897907257080e-01
4.008141756057739258e-01
2.678405046463012695e-01
1.952177286148071289e-01
4.490199387073516846e-01
3.081691265106201172e-01
2.195526361465454102e-01
2.751992344856262207e-01
4.918337464332580566e-01
3.640163242816925049e-01
5.147010087966918945e-01
2.712240815162658691e-01
5.562940835952758789e-01
4.321011900901794434e-01
5.479357242584228516e-01
2.649561166763305664e-01
3.716247379779815674e-01
2.749759554862976074e-01
4.246910512447357178e-01
2.719830870628356934e-01
4.148955941200256348e-01
2.664479017257690430e-01
7.286780476570129395e-01
1.069559305906295776e-01
3.700788319110870361e-01
3.771046400070190430e-01
5.644538998603820801e-01
2.392187565565109253e-01
2.578159570693969727e-01
4.801548719406127930e-01
4.812341630458831787e-01
4.248870313167572021e-01
1.855804473161697388e-01
3.457797169685363770e-01
1.547423005104064941e-01
2.758621573448181152e-01
4.988307058811187744e-01
2.032741010189056396e-01
7.445811033248901367e-01
5.455905199050903320e-01
4.159946441650390625e-01
5.076671242713928223e-01
3.451817929744720459e-01
4.383442997932434082e-01
2.060645222663879395e-01
4.172701835632324219e-01
4.551451206207275391e-01
2.452726960182189941e-01
3.390985727310180664e-01
6.312673091888427734e-01
4.335144758224487305e-01
3.772958815097808838e-01
2.840530872344970703e-01
3.006169795989990234e-01
4.897840023040771484e-01
4.914551377296447754e-01
3.261875212192535400e-01
3.337263464927673340e-01
1.794020831584930420e-01
3.981338143348693848e-01
4.026824533939361572e-01
3.253994882106781006e-01
4.588879346847534180e-01
4.314135909080505371e-01
4.808642268180847168e-01
2.130049020051956177e-01
3.657329678535461426e-01
3.039340078830718994e-01
2.284998744726181030e-01
2.658543586730957031e-01
2.575013637542724609e-01
3.291214108467102051e-01
3.104858100414276123e-01
6.939246058464050293e-01
2.524903118610382080e-01
2.253782153129577637e-01
4.074870944023132324e-01
3.197158575057983398e-01
2.371925264596939087e-01
7.248659133911132812e-01
3.201705217361450195e-01
3.464403152465820312e-01
1.639898121356964111e-01
2.215296030044555664e-01
4.259716868400573730e-01
2.302947044372558594e-01
3.767082393169403076e-01
3.346090316772460938e-01
2.820982933044433594e-01
2.697842121124267578e-01
3.497678041458129883e-01
3.860848546028137207e-01
5.400339365005493164e-01
3.313413858413696289e-01
1.782215535640716553e-01
2.724516391754150391e-01
4.876980185508728027e-01
3.105036318302154541e-01
2.659589052200317383e-01
5.146518349647521973e-01
3.688807785511016846e-01
3.370838761329650879e-01
2.745791077613830566e-01
2.957142591476440430e-01
2.843832969665527344e-01
2.858417630195617676e-01
2.881923317909240723e-01
4.036064743995666504e-01
1.948131024837493896e-01
4.748232960700988770e-01
3.903433978557586670e-01
2.712060511112213135e-01
3.984009027481079102e-01
3.345474600791931152e-01
1.584908664226531982e-01
2.584392428398132324e-01
7.432933449745178223e-01
3.003985285758972168e-01
3.275715410709381104e-01
1.496014446020126343e-01
2.055233567953109741e-01
6.268460750579833984e-01
4.605629444122314453e-01
2.855018973350524902e-01
3.823040127754211426e-01
3.114681839942932129e-01
5.201239585876464844e-01
3.429489731788635254e-01
3.548739552497863770e-01
3.750413060188293457e-01
3.018588423728942871e-01
1.522941887378692627e-01
5.347705483436584473e-01
3.153943121433258057e-01
5.281480550765991211e-01
5.271100997924804688e-01
5.494975447654724121e-01
5.402822494506835938e-01
4.105407595634460449e-01
1.231395974755287170e-01
3.419777154922485352e-01
4.504311680793762207e-01
4.989156723022460938e-01
3.433827757835388184e-01
3.802523016929626465e-01
4.842878580093383789e-01
4.766264557838439941e-01
2.181647717952728271e-01
1.759200692176818848e-01
4.415356516838073730e-01
3.522391915321350098e-01
2.703780233860015869e-01
2.567372024059295654e-01
3.193369507789611816e-01
3.282226026058197021e-01
1.807746589183807373e-01
1.612152308225631714e-01
5.488424301147460938e-01
4.474255442619323730e-01
5.224805474281311035e-01
5.339448451995849609e-01
2.923688888549804688e-01
3.651075959205627441e-01
3.459994196891784668e-01
2.767070531845092773e-01
4.347752332687377930e-01
2.522175312042236328e-01
4.589253664016723633e-01
4.358398020267486572e-01
5.074373483657836914e-01
3.915447592735290527e-01
3.400197625160217285e-01
3.379129171371459961e-01
1.737225055694580078e-01
2.799355983734130859e-01
5.244669914245605469e-01
2.423192262649536133e-01
4.518496394157409668e-01
6.745393872261047363e-01
3.169699907302856445e-01
3.279126882553100586e-01
2.366750836372375488e-01
3.627927303314208984e-01
5.577200651168823242e-01
4.422338902950286865e-01
3.084446787834167480e-01
2.898149788379669189e-01
2.162111997604370117e-01
6.543225049972534180e-01
2.239209413528442383e-01
3.149069845676422119e-01
5.760021805763244629e-01
4.720252752304077148e-01
2.903671264648437500e-01
2.326799780130386353e-01
3.602380752563476562e-01
3.233602643013000488e-01
2.698047757148742676e-01
3.874655961990356445e-01
2.246646285057067871e-01
1.625387072563171387e-01
4.493927359580993652e-01
4.600917994976043701e-01
3.059721291065216064e-01
2.383381575345993042e-01
4.151778221130371094e-01
2.593087255954742432e-01
1.664481312036514282e-01
5.171943306922912598e-01
3.981665372848510742e-01
3.858480155467987061e-01
3.092145323753356934e-01
4.349318742752075195e-01
4.299644529819488525e-01
3.426025807857513428e-01
5.037289857864379883e-01
5.851318836212158203e-01
5.303757786750793457e-01
4.534153044223785400e-01
3.005676865577697754e-01
6.322233676910400391e-01
3.614655137062072754e-01
3.410146832466125488e-01
2.888108789920806885e-01
2.447336614131927490e-01
2.236344516277313232e-01
3.920579850673675537e-01
3.952546715736389160e-01
2.589354813098907471e-01
4.187666177749633789e-01
2.581745982170104980e-01
3.121398389339447021e-01
5.650683641433715820e-01
3.440175056457519531e-01
3.735634684562683105e-01
5.037300586700439453e-01
1.973627209663391113e-01
2.423686683177947998e-01
2.094148099422454834e-01
3.857956826686859131e-01
3.120420277118682861e-01
4.992234706878662109e-01
1.525256335735321045e-01
4.420144259929656982e-01
2.726488709449768066e-01
4.553393721580505371e-01
3.132003843784332275e-01
4.063450694084167480e-01
5.893273353576660156e-01
5.641281008720397949e-01
2.387320697307586670e-01
3.029476404190063477e-01
3.615528345108032227e-01
7.019765973091125488e-01
4.066349864006042480e-01
5.392355918884277344e-01
4.647245407104492188e-01
2.185146510601043701e-01
2.328295111656188965e-01
4.432989954948425293e-01
3.121396899223327637e-01
4.676009118556976318e-01
3.980722725391387939e-01
2.488333135843276978e-01
4.760792553424835205e-01
2.156568169593811035e-01
7.130648493766784668e-01
5.070440769195556641e-01
1.694893836975097656e-01
4.628294706344604492e-01
2.259301245212554932e-01
2.996295988559722900e-01
3.842428922653198242e-01
4.526298046112060547e-01
2.675863504409790039e-01
4.625782966613769531e-01
3.419482409954071045e-01
2.130709588527679443e-01
3.723324239253997803e-01
2.543820738792419434e-01
3.278016448020935059e-01
2.708098292350769043e-01
3.730998933315277100e-01
2.112983614206314087e-01
1.865270286798477173e-01
3.492092490196228027e-01
4.193880558013916016e-01
3.326715826988220215e-01
3.539987206459045410e-01
3.061255514621734619e-01
4.103034734725952148e-01
2.670295238494873047e-01
6.886653900146484375e-01
4.256671667098999023e-01
3.561313450336456299e-01
3.535749316215515137e-01
2.995635867118835449e-01
2.941457927227020264e-01
1.794539690017700195e-01
1.787372082471847534e-01
2.927705645561218262e-01
2.694548070430755615e-01
3.350870609283447266e-01
2.920598387718200684e-01
4.971336722373962402e-01
3.006553351879119873e-01
1.353900730609893799e-01
2.898147404193878174e-01
4.178122878074645996e-01
7.357639074325561523e-01
2.765815854072570801e-01
3.989375233650207520e-01
5.475409626960754395e-01
2.376987487077713013e-01
2.611907720565795898e-01
1.889938414096832275e-01
4.556215107440948486e-01
3.187626600265502930e-01
3.640646040439605713e-01
3.604362308979034424e-01
5.770177841186523438e-01
2.418293356895446777e-01
3.052262961864471436e-01
3.794455230236053467e-01
4.405249357223510742e-01
3.536424338817596436e-01
2.428375184535980225e-01
2.808615267276763916e-01
2.971342206001281738e-01
4.551081657409667969e-01
3.584698438644409180e-01
6.713114380836486816e-01
4.843653142452239990e-01
2.057796567678451538e-01
3.456727266311645508e-01
4.898122251033782959e-01
3.371888399124145508e-01
3.096652030944824219e-01
4.810269474983215332e-01
5.803827047348022461e-01
5.023438334465026855e-01
3.716058433055877686e-01
4.963635802268981934e-01
4.569002985954284668e-01
6.881585121154785156e-01
3.898665010929107666e-01
2.643364369869232178e-01
4.501019716262817383e-01
3.097056746482849121e-01
4.259763062000274658e-01
2.794909179210662842e-01
2.565172612667083740e-01
3.157280683517456055e-01
3.345251977443695068e-01
5.025128722190856934e-01
5.276585817337036133e-01
3.468023240566253662e-01
3.969702720642089844e-01
2.983490824699401855e-01
2.440654635429382324e-01
3.876366019248962402e-01
6.835097670555114746e-01
3.687649369239807129e-01
3.261486887931823730e-01
3.155002593994140625e-01
5.642330050468444824e-01
3.579540252685546875e-01
2.698407471179962158e-01
3.397318124771118164e-01
3.499991297721862793e-01
1.743530631065368652e-01
5.954570770263671875e-01
4.501636624336242676e-01
3.808882236480712891e-01
5.132978558540344238e-01
6.921272277832031250e-01
4.166345894336700439e-01
3.402207493782043457e-01
4.740855395793914795e-01
2.883425056934356689e-01
3.595850765705108643e-01
2.335395067930221558e-01
3.036909401416778564e-01
1.921471953392028809e-01
3.654444217681884766e-01
4.722824692726135254e-01
3.730044960975646973e-01
4.582948684692382812e-01
2.554950118064880371e-01
2.150288820266723633e-01
3.096661865711212158e-01
2.651755213737487793e-01
4.868299365043640137e-01
4.166744947433471680e-01
5.971616506576538086e-01
2.892390489578247070e-01
2.460589557886123657e-01
2.386458218097686768e-01
2.192771732807159424e-01
4.551192820072174072e-01
2.125807106494903564e-01
4.178848862648010254e-01
3.599016070365905762e-01
2.095831632614135742e-01
3.675922155380249023e-01
3.151431679725646973e-01
4.527888000011444092e-01
3.128643035888671875e-01
2.839706242084503174e-01
5.358315706253051758e-01
3.612755537033081055e-01
1.994324326515197754e-01
2.932180464267730713e-01
2.962924242019653320e-01
3.798826932907104492e-01
3.188689351081848145e-01
4.110983610153198242e-01
2.625656723976135254e-01
2.533605396747589111e-01
4.633379578590393066e-01
2.145125865936279297e-01
3.681495487689971924e-01
6.015638113021850586e-01
2.321167737245559692e-01
4.111693799495697021e-01
3.650835454463958740e-01
3.718979954719543457e-01
3.581253290176391602e-01
5.731958746910095215e-01
3.243860304355621338e-01
3.627932965755462646e-01
1.758099198341369629e-01
2.980293929576873779e-01
5.035929679870605469e-01
1.429243832826614380e-01
2.544041275978088379e-01
4.204361438751220703e-01
5.254288911819458008e-01
4.935603737831115723e-01
3.517447113990783691e-01
2.637203335762023926e-01
3.740067481994628906e-01
3.381612300872802734e-01
4.994492530822753906e-01
6.836177706718444824e-01
4.984394311904907227e-01
5.582529306411743164e-01
4.158350825309753418e-01
2.749435305595397949e-01
8.467968702316284180e-01
5.764339566230773926e-01
2.818939089775085449e-01
1.784396171569824219e-01
3.960568904876708984e-01
3.895459771156311035e-01
3.637055754661560059e-01
5.568133592605590820e-01
1.778190433979034424e-01
1.391870379447937012e-01
2.042665481567382812e-01
1.606069803237915039e-01
4.556092917919158936e-01
2.738445699214935303e-01
3.785029649734497070e-01
6.746941804885864258e-01
2.640429735183715820e-01
3.803299963474273682e-01
2.782830893993377686e-01
5.025531053543090820e-01
6.541601419448852539e-01
7.146605253219604492e-01
7.365938425064086914e-01
3.829653859138488770e-01
2.968537211418151855e-01
3.797464668750762939e-01
4.485295712947845459e-01
1.776422262191772461e-01
4.726659953594207764e-01
3.164168596267700195e-01
4.336445331573486328e-01
3.291897177696228027e-01
2.717173397541046143e-01
4.158025383949279785e-01
4.307840168476104736e-01
3.937216401100158691e-01
2.258199304342269897e-01
1.909751594066619873e-01
4.168003499507904053e-01
2.218497395515441895e-01
3.293349742889404297e-01
4.150733947753906250e-01
3.172036409378051758e-01
3.774701058864593506e-01
4.563882946968078613e-01
2.315330058336257935e-01
2.681004405021667480e-01
4.932125210762023926e-01
2.856872975826263428e-01
4.232203364372253418e-01
4.793602526187896729e-01
3.929556310176849365e-01
3.941704332828521729e-01
2.065790146589279175e-01
3.787992298603057861e-01
2.032468616962432861e-01
4.796785116195678711e-01
1.509276777505874634e-01
1.430553346872329712e-01
2.604428827762603760e-01
3.020166456699371338e-01
4.832374453544616699e-01
1.996580958366394043e-01
3.907791972160339355e-01
3.125339448451995850e-01
5.177192687988281250e-01
2.681645750999450684e-01
3.520252108573913574e-01
6.522260904312133789e-01
1.032712683081626892e-01
3.399535715579986572e-01
1.728369593620300293e-01
4.818100929260253906e-01
1.827484667301177979e-01
3.219477534294128418e-01
3.741056323051452637e-01
3.787052035331726074e-01
4.495610594749450684e-01
2.590302824974060059e-01
2.981858253479003906e-01
4.836308062076568604e-01
3.479218184947967529e-01
3.171792030334472656e-01
3.928194046020507812e-01
3.595856428146362305e-01
5.029567480087280273e-01
3.729026913642883301e-01
5.253287553787231445e-01
3.232312202453613281e-01
2.368733733892440796e-01
3.461979925632476807e-01
3.858141899108886719e-01
1.863442808389663696e-01
4.274681806564331055e-01
3.213015794754028320e-01
3.898969888687133789e-01
5.480397939682006836e-01
2.716752886772155762e-01
3.563300371170043945e-01
3.853966593742370605e-01
3.794100880622863770e-01
1.831558942794799805e-01
3.585011363029479980e-01
2.176816016435623169e-01
7.177618145942687988e-01
3.123816847801208496e-01
3.506639599800109863e-01
3.796052634716033936e-01
1.446971297264099121e-01
1.813890784978866577e-01
3.629434704780578613e-01
8.191605806350708008e-01
7.570139169692993164e-01
4.452061951160430908e-01
5.553701519966125488e-01
3.381304144859313965e-01
4.106243252754211426e-01
3.842625617980957031e-01
3.292588591575622559e-01
3.566475510597229004e-01
6.240777969360351562e-01
2.937200069427490234e-01
3.729088902473449707e-01
5.283706784248352051e-01
4.800391197204589844e-01
5.686148405075073242e-01
3.040428459644317627e-01
4.563472867012023926e-01
3.895835876464843750e-01
3.231420218944549561e-01
3.888938426971435547e-01
5.370000600814819336e-01
4.136870205402374268e-01
3.048711121082305908e-01
3.923537731170654297e-01
3.186474740505218506e-01
1.543063223361968994e-01
2.965024113655090332e-01
3.465970158576965332e-01
3.589486479759216309e-01
2.162724137306213379e-01
4.200090169906616211e-01
2.145841717720031738e-01
6.640573740005493164e-01
2.873863279819488525e-01
4.224182367324829102e-01
2.614566385746002197e-01
2.626967728137969971e-01
3.093294799327850342e-01
1.576316058635711670e-01
4.983040690422058105e-01
3.443148732185363770e-01
2.834284603595733643e-01
2.557120323181152344e-01
3.802417516708374023e-01
2.314913272857666016e-01
2.124534249305725098e-01
3.103682994842529297e-01
3.285329341888427734e-01
3.893148303031921387e-01
2.752352654933929443e-01
5.155466794967651367e-01
3.259998559951782227e-01
2.679720818996429443e-01
2.249738574028015137e-01
3.187521100044250488e-01
3.012039661407470703e-01
3.775039315223693848e-01
3.203597366809844971e-01
4.497812986373901367e-01
2.415223717689514160e-01
2.635821998119354248e-01
2.719432711601257324e-01
3.200388550758361816e-01
1.811747401952743530e-01
3.448173999786376953e-01
1.763750016689300537e-01
2.451642751693725586e-01
6.732173562049865723e-01
3.429634571075439453e-01
4.750551581382751465e-01
3.216284513473510742e-01
1.821676045656204224e-01
3.093800544738769531e-01
5.836344957351684570e-01
5.804970264434814453e-01
2.474541813135147095e-01
2.553932070732116699e-01
3.232556283473968506e-01
2.308731526136398315e-01
2.026742100715637207e-01
5.840576887130737305e-01
7.216076254844665527e-01
5.813605189323425293e-01
3.210834860801696777e-01
5.376799106597900391e-01
3.659087121486663818e-01
7.760637402534484863e-01
