7.396419346332550049e-02
3.289159238338470459e-01
2.192484587430953979e-01
2.422051578760147095e-01
2.957625389099121094e-01
1.534609794616699219e-01
1.634104251861572266e-01
2.853848636150360107e-01
8.573573827743530273e-02
2.664611637592315674e-01
1.434681266546249390e-01
1.091309860348701477e-01
6.598068773746490479e-02
2.270454168319702148e-01
2.019999325275421143e-01
1.865401566028594971e-01
7.874866575002670288e-02
5.902915447950363159e-02
1.902920752763748169e-01
5.015320703387260437e-02
2.258256822824478149e-01
2.971562743186950684e-01
4.716365784406661987e-02
5.303483828902244568e-02
1.419984400272369385e-01
2.964681684970855713e-01
3.225004971027374268e-01
2.069105803966522217e-01
1.734552532434463501e-01
9.463028609752655029e-02
2.477929927408695221e-02
5.146249532699584961e-01
4.119078069925308228e-02
2.876870036125183105e-01
1.280957311391830444e-01
1.420651823282241821e-01
3.874194920063018799e-01
2.523513138294219971e-01
2.820661664009094238e-01
2.042448520660400391e-01
2.383127212524414062e-01
3.396432697772979736e-01
1.750960350036621094e-01
1.524209380149841309e-01
5.358738079667091370e-02
2.562958598136901855e-01
2.790761291980743408e-01
4.160996377468109131e-01
1.038322597742080688e-01
1.262155473232269287e-01
1.286281347274780273e-01
2.690935432910919189e-01
4.574279189109802246e-01
1.835310757160186768e-01
1.747212260961532593e-01
2.348418235778808594e-01
2.214221954345703125e-01
8.489510416984558105e-02
9.976197034120559692e-02
7.495240122079849243e-02
3.175947666168212891e-01
8.585993945598602295e-02
3.453724980354309082e-01
2.652483582496643066e-01
2.999216616153717041e-01
3.427351266145706177e-02
2.951984405517578125e-01
1.907261461019515991e-01
2.225237786769866943e-01
1.203640401363372803e-01
1.029397845268249512e-01
9.087365865707397461e-02
2.512200474739074707e-01
1.226365491747856140e-01
9.171165525913238525e-02
2.113041877746582031e-01
2.605259120464324951e-01
2.582747340202331543e-01
1.584537476301193237e-01
1.506641805171966553e-01
1.469499170780181885e-01
7.163181900978088379e-02
9.064631164073944092e-02
1.381114870309829712e-01
6.847408413887023926e-02
3.162350058555603027e-01
3.514738678932189941e-01
6.495290249586105347e-02
1.175994947552680969e-01
1.615947633981704712e-01
3.084587454795837402e-01
2.813341021537780762e-01
4.848218262195587158e-01
1.741802096366882324e-01
2.087203562259674072e-01
2.912825047969818115e-01
3.903364837169647217e-01
2.261109650135040283e-01
1.226058527827262878e-01
3.508575856685638428e-01
2.241480052471160889e-01
2.139550745487213135e-01
1.309397518634796143e-01
9.859552979469299316e-02
1.097531765699386597e-01
4.156436324119567871e-01
2.284119278192520142e-01
1.137038990855216980e-01
2.025842368602752686e-01
2.307109534740447998e-01
3.369605243206024170e-01
3.070612847805023193e-01
4.253184199333190918e-01
9.780508279800415039e-02
3.277353644371032715e-01
1.521761119365692139e-01
6.784952878952026367e-01
8.015840500593185425e-02
2.213654071092605591e-01
2.434538006782531738e-01
2.750034630298614502e-01
1.329544931650161743e-01
4.964700639247894287e-01
5.439791679382324219e-01
2.766568660736083984e-01
3.570455908775329590e-01
3.684912025928497314e-01
3.471226394176483154e-01
1.139307320117950439e-01
1.901358813047409058e-01
1.337058842182159424e-01
1.752269268035888672e-01
1.642325669527053833e-01
1.727927923202514648e-01
2.950792908668518066e-01
1.125551983714103699e-01
1.533163487911224365e-01
3.039140403270721436e-01
1.836783736944198608e-01
1.082055792212486267e-01
2.365188896656036377e-01
1.281076818704605103e-01
1.324876546859741211e-01
2.763679623603820801e-01
2.902031540870666504e-01
2.189379185438156128e-01
1.045501604676246643e-01
2.394182384014129639e-01
3.085376322269439697e-01
2.129877507686614990e-01
3.520558476448059082e-01
1.259986758232116699e-01
4.977029934525489807e-02
1.691844016313552856e-01
1.387790143489837646e-01
8.068268001079559326e-02
6.636732071638107300e-02
2.699882686138153076e-01
2.852116227149963379e-01
1.281393617391586304e-01
1.311307698488235474e-01
3.813885152339935303e-01
1.001730710268020630e-01
2.503077685832977295e-01
1.719295680522918701e-01
1.729700565338134766e-01
4.624564573168754578e-02
1.372519135475158691e-01
2.172773927450180054e-01
1.322984993457794189e-01
1.972152441740036011e-01
2.475889623165130615e-01
1.362367868423461914e-01
1.968270987272262573e-01
2.489348798990249634e-01
1.925757229328155518e-01
1.839771568775177002e-01
2.506747841835021973e-01
3.187540173530578613e-02
2.608844935894012451e-01
8.670514822006225586e-02
2.469514012336730957e-01
1.397193819284439087e-01
1.080437302589416504e-01
1.572364866733551025e-01
2.002221345901489258e-01
2.316916584968566895e-01
7.025884091854095459e-02
1.657412648200988770e-01
1.104229241609573364e-01
1.034601554274559021e-01
4.532399475574493408e-01
4.087318480014801025e-01
1.977338790893554688e-01
1.611459255218505859e-01
2.619138956069946289e-01
2.462182641029357910e-01
1.932056844234466553e-01
3.190414309501647949e-01
1.903387010097503662e-01
5.754119753837585449e-01
2.785398960113525391e-01
3.135846257209777832e-01
2.523914873600006104e-01
7.666210085153579712e-02
3.918391838669776917e-02
2.256393283605575562e-01
2.926874160766601562e-01
1.101441830396652222e-01
1.311060786247253418e-01
1.045862287282943726e-01
7.537063211202621460e-02
1.603504121303558350e-01
1.434077024459838867e-01
5.129761695861816406e-01
1.995752900838851929e-01
1.966378390789031982e-01
1.846599727869033813e-01
9.745986759662628174e-02
9.837801754474639893e-02
2.337601631879806519e-01
1.475416570901870728e-01
3.078986406326293945e-01
2.152065932750701904e-01
1.524710804224014282e-01
2.253735959529876709e-01
2.135387063026428223e-01
1.153941974043846130e-01
5.682605132460594177e-02
2.774423062801361084e-01
2.800393104553222656e-01
3.859200477600097656e-01
2.204895168542861938e-01
1.734354943037033081e-01
9.343186765909194946e-02
3.866330385208129883e-01
2.701225876808166504e-01
1.140194833278656006e-01
9.593682736158370972e-02
2.258885055780410767e-01
1.047746986150741577e-01
2.082424461841583252e-01
1.913090795278549194e-01
3.570934534072875977e-01
1.078303307294845581e-01
2.124449014663696289e-01
4.059901833534240723e-01
4.719666838645935059e-01
1.750473827123641968e-01
2.757242918014526367e-01
1.708630621433258057e-01
2.232389152050018311e-01
2.199327647686004639e-01
9.132242202758789062e-02
3.183961510658264160e-01
7.843653857707977295e-02
1.209360808134078979e-01
3.074726462364196777e-01
1.246965304017066956e-01
9.338136017322540283e-02
3.538839817047119141e-01
1.163548454642295837e-01
2.847013771533966064e-01
2.470310628414154053e-01
1.535475850105285645e-01
1.989391148090362549e-01
2.852202951908111572e-01
2.862480580806732178e-01
3.322176337242126465e-01
3.197293579578399658e-01
1.937098503112792969e-01
2.443528175354003906e-01
2.444548755884170532e-01
3.348151743412017822e-01
7.867542505264282227e-01
1.529719680547714233e-01
2.013937234878540039e-01
1.659303903579711914e-01
2.581751346588134766e-01
1.614930927753448486e-01
2.262935340404510498e-01
2.070126384496688843e-01
3.585922122001647949e-01
4.082801043987274170e-01
1.726483851671218872e-01
2.352980822324752808e-01
1.926464736461639404e-01
3.115726709365844727e-01
1.633442640304565430e-01
2.222639620304107666e-01
2.577351629734039307e-01
2.852779328823089600e-01
2.500864267349243164e-01
1.020109206438064575e-01
1.851034313440322876e-01
2.475632727146148682e-01
7.371345162391662598e-02
1.547863185405731201e-01
1.123179420828819275e-01
2.537481486797332764e-01
7.956068962812423706e-02
1.671181619167327881e-01
8.334732055664062500e-02
6.062869727611541748e-02
1.812096089124679565e-01
1.240998283028602600e-01
7.515479624271392822e-02
2.010719776153564453e-01
1.073770895600318909e-01
2.595013082027435303e-01
2.038440704345703125e-01
2.070802748203277588e-01
5.885373428463935852e-02
1.931796073913574219e-01
4.790950417518615723e-01
1.509095430374145508e-01
1.922995150089263916e-01
1.567954123020172119e-01
5.538800954818725586e-01
1.122699081897735596e-01
1.211357861757278442e-01
2.635044753551483154e-01
1.723307073116302490e-01
1.413722932338714600e-01
4.539062380790710449e-01
7.520214468240737915e-02
1.220941692590713501e-01
7.278850674629211426e-02
2.929512858390808105e-01
5.123937875032424927e-02
5.319900512695312500e-01
1.672856360673904419e-01
2.475152015686035156e-01
1.611807048320770264e-01
8.204391598701477051e-02
6.359108090400695801e-01
2.024683207273483276e-01
3.938681483268737793e-01
2.000772058963775635e-01
3.815033137798309326e-01
2.358783334493637085e-01
5.727797746658325195e-01
1.339448988437652588e-01
1.733472049236297607e-01
1.356683820486068726e-01
6.604009121656417847e-02
2.153813540935516357e-01
1.464417576789855957e-01
3.336182534694671631e-01
1.868840008974075317e-01
1.988448798656463623e-01
1.380585879087448120e-01
1.648004651069641113e-01
3.126538097858428955e-01
1.907455772161483765e-01
1.497497856616973877e-01
1.187747642397880554e-01
1.448436677455902100e-01
1.164576262235641479e-01
2.012431621551513672e-01
2.250712513923645020e-01
1.102547049522399902e-01
1.651078462600708008e-01
8.743675798177719116e-02
2.045052051544189453e-01
1.578730493783950806e-01
2.188457548618316650e-01
7.078285515308380127e-02
2.368412315845489502e-01
1.386072784662246704e-01
4.071179628372192383e-01
1.328099668025970459e-01
2.810927033424377441e-01
1.647378206253051758e-01
1.946098506450653076e-01
8.116587251424789429e-02
3.158816397190093994e-01
7.973152399063110352e-02
2.738218903541564941e-01
3.142632246017456055e-01
1.416322886943817139e-01
1.699375659227371216e-01
1.059987768530845642e-01
7.369145005941390991e-02
7.239583134651184082e-02
3.755301535129547119e-01
2.313809990882873535e-01
1.414013355970382690e-01
5.107032880187034607e-02
1.296440064907073975e-01
2.248743623495101929e-01
1.066121757030487061e-01
2.298245429992675781e-01
3.929876685142517090e-01
2.213314771652221680e-01
1.387709975242614746e-01
2.029234468936920166e-01
1.054098606109619141e-01
1.523990631103515625e-01
2.475397735834121704e-01
2.592768967151641846e-01
3.468660414218902588e-01
1.291987597942352295e-01
7.445745170116424561e-02
7.714185863733291626e-02
1.650474965572357178e-01
3.151272535324096680e-01
2.715398967266082764e-01
1.940760314464569092e-01
1.441030055284500122e-01
2.575333714485168457e-01
1.463526636362075806e-01
1.246033087372779846e-01
2.863051891326904297e-01
1.943785995244979858e-01
9.294776618480682373e-02
2.776177525520324707e-01
1.465651094913482666e-01
6.688268482685089111e-02
1.625292897224426270e-01
8.952070772647857666e-02
2.467432171106338501e-01
2.790148258209228516e-01
1.298581957817077637e-01
1.948291659355163574e-01
9.618337452411651611e-02
1.055517643690109253e-01
3.447643816471099854e-01
1.988215744495391846e-01
3.987230956554412842e-01
2.290399372577667236e-01
2.955644428730010986e-01
2.858416438102722168e-01
3.904045820236206055e-01
1.882274001836776733e-01
2.193680256605148315e-01
1.046640872955322266e-01
1.932933181524276733e-01
1.988662779331207275e-01
3.166027665138244629e-01
3.525900542736053467e-01
1.666412055492401123e-01
2.526338100433349609e-01
1.584875285625457764e-01
2.438648641109466553e-01
1.111051589250564575e-01
3.012023866176605225e-01
1.549092829227447510e-01
2.756081819534301758e-01
2.679606080055236816e-01
2.250215411186218262e-01
1.343089640140533447e-01
2.486931681632995605e-01
5.537889897823333740e-02
1.820114850997924805e-01
9.712210297584533691e-02
2.186668664216995239e-01
2.333958595991134644e-01
2.140513211488723755e-01
1.692083477973937988e-01
1.411163210868835449e-01
2.620185017585754395e-01
2.901391088962554932e-01
1.925543248653411865e-01
1.886162459850311279e-01
1.637834906578063965e-01
2.193455249071121216e-01
1.577497124671936035e-01
1.647214591503143311e-01
6.493048667907714844e-01
1.952978372573852539e-01
1.465713679790496826e-01
1.897455155849456787e-01
2.885188162326812744e-01
3.643954992294311523e-01
2.431472241878509521e-01
1.035093963146209717e-01
8.718032389879226685e-02
4.003533720970153809e-01
2.225800156593322754e-01
7.843899726867675781e-02
1.450360417366027832e-01
1.285728365182876587e-01
2.180638909339904785e-01
6.750633567571640015e-02
1.311293542385101318e-01
2.401326596736907959e-01
1.787179112434387207e-01
2.829026877880096436e-01
2.831196188926696777e-01
7.451130449771881104e-02
4.189099669456481934e-01
1.555562913417816162e-01
3.254124820232391357e-01
1.816684305667877197e-01
2.180269062519073486e-01
2.657150924205780029e-01
1.224828809499740601e-01
3.248845636844635010e-01
4.947777464985847473e-02
3.347617387771606445e-01
1.973181366920471191e-01
2.148407697677612305e-01
1.447923183441162109e-01
3.090997040271759033e-01
2.233785688877105713e-01
2.227538228034973145e-01
1.807717531919479370e-01
1.615139394998550415e-01
1.555905640125274658e-01
2.991993129253387451e-01
3.903231918811798096e-01
1.818994581699371338e-01
1.844810843467712402e-01
1.391561627388000488e-01
8.563045412302017212e-02
4.980777502059936523e-01
8.608189225196838379e-02
2.027277499437332153e-01
2.399141639471054077e-01
3.415850996971130371e-01
1.232153698801994324e-01
1.056936085224151611e-01
1.522493064403533936e-01
1.593466103076934814e-01
1.315179914236068726e-01
3.827617466449737549e-01
1.126998886466026306e-01
1.167504042387008667e-01
1.571385562419891357e-01
4.034692645072937012e-01
2.073419392108917236e-01
2.478887438774108887e-01
1.553025245666503906e-01
9.738035500049591064e-02
3.519043326377868652e-01
2.443305701017379761e-01
1.564923673868179321e-01
1.046087741851806641e-01
1.963195949792861938e-01
3.308348059654235840e-01
1.692263633012771606e-01
1.224802583456039429e-01
1.082292050123214722e-01
2.291194498538970947e-01
1.573458909988403320e-01
1.169201880693435669e-01
2.422856092453002930e-01
2.522548735141754150e-01
1.261741667985916138e-01
4.665493071079254150e-01
9.882403165102005005e-02
2.443920671939849854e-01
2.399989366531372070e-01
1.309261769056320190e-01
1.880418807268142700e-01
3.903664350509643555e-01
2.492396235466003418e-01
1.338713467121124268e-01
2.040663063526153564e-01
1.837926357984542847e-01
3.655041456222534180e-01
2.618911862373352051e-01
3.453249335289001465e-01
3.603471219539642334e-01
4.182416498661041260e-01
2.271495908498764038e-01
3.544906973838806152e-01
2.923772931098937988e-01
1.790755391120910645e-01
1.990620791912078857e-01
2.703464031219482422e-01
1.662689149379730225e-01
2.102067023515701294e-01
1.105638071894645691e-01
9.440381824970245361e-02
1.691715419292449951e-01
1.203777864575386047e-01
2.450858652591705322e-01
1.224794760346412659e-01
2.474004030227661133e-01
3.272247314453125000e-01
3.828482031822204590e-01
8.504936099052429199e-02
5.985227972269058228e-02
1.020972728729248047e-01
1.280290484428405762e-01
1.458487361669540405e-01
4.873309731483459473e-01
2.108671069145202637e-01
1.602289974689483643e-01
2.124280035495758057e-01
2.735851407051086426e-01
2.020017951726913452e-01
1.491116583347320557e-01
9.691677242517471313e-02
9.218849986791610718e-02
2.129098176956176758e-01
3.212670683860778809e-01
2.523623704910278320e-01
3.490281701087951660e-01
2.982115745544433594e-01
1.170054525136947632e-01
2.096148431301116943e-01
2.425105422735214233e-01
1.995047032833099365e-01
1.108538731932640076e-01
1.937044858932495117e-01
2.246959209442138672e-01
1.262865960597991943e-01
1.622306704521179199e-01
1.299843341112136841e-01
1.599669605493545532e-01
1.036606878042221069e-01
1.419929265975952148e-01
1.295838952064514160e-01
8.219599723815917969e-02
2.234716862440109253e-01
1.249327138066291809e-01
2.326625585556030273e-01
2.482086271047592163e-01
9.781537950038909912e-02
1.250392347574234009e-01
1.070865467190742493e-01
1.307345181703567505e-01
2.849244177341461182e-01
2.771700620651245117e-01
1.702256947755813599e-01
1.822950989007949829e-01
1.190339848399162292e-01
2.043839991092681885e-01
2.480717450380325317e-01
5.277034267783164978e-02
2.091737240552902222e-01
2.034037262201309204e-01
2.287803292274475098e-01
9.152366220951080322e-02
1.642572730779647827e-01
1.479229480028152466e-01
1.742739677429199219e-01
2.003788650035858154e-01
3.911442756652832031e-01
1.926746070384979248e-01
8.181758224964141846e-02
1.714829504489898682e-01
2.523527443408966064e-01
6.717672944068908691e-02
1.357020288705825806e-01
1.855471432209014893e-01
9.172829985618591309e-02
3.720846772193908691e-02
3.205505013465881348e-02
2.346362620592117310e-01
1.555828303098678589e-01
8.819456398487091064e-02
2.907968759536743164e-01
2.104029506444931030e-01
3.126405477523803711e-01
2.177247554063796997e-01
2.668552398681640625e-01
1.043683737516403198e-01
7.564584910869598389e-02
2.378798723220825195e-01
9.453295916318893433e-02
1.789335012435913086e-01
2.590053677558898926e-01
1.152391135692596436e-01
1.609157621860504150e-01
1.260861307382583618e-01
1.891890019178390503e-01
2.662506103515625000e-01
1.669455766677856445e-01
5.795981362462043762e-02
2.221244573593139648e-01
1.565636545419692993e-01
1.255152523517608643e-01
2.632354795932769775e-01
2.617157101631164551e-01
1.499685645103454590e-01
2.669568657875061035e-01
2.394920587539672852e-01
4.803120791912078857e-01
2.155197709798812866e-01
3.709704875946044922e-01
1.626676917076110840e-01
2.859150767326354980e-01
1.442362070083618164e-01
2.436853051185607910e-01
8.796700835227966309e-02
7.414454221725463867e-02
1.729184538125991821e-01
1.836789846420288086e-01
2.436318099498748779e-01
2.043872475624084473e-01
7.947467267513275146e-02
1.030006259679794312e-01
1.905846148729324341e-01
1.981371641159057617e-01
4.804091453552246094e-01
1.581684201955795288e-01
1.022425666451454163e-01
1.258430480957031250e-01
1.432067602872848511e-01
2.271869033575057983e-01
3.343157768249511719e-01
7.624422013759613037e-02
7.899582386016845703e-02
1.791290044784545898e-01
1.390565931797027588e-01
3.681013584136962891e-01
1.649084687232971191e-01
1.342144459486007690e-01
5.569318532943725586e-01
1.097516641020774841e-01
1.368137896060943604e-01
2.840006649494171143e-01
3.031608164310455322e-01
1.138272210955619812e-01
2.528720498085021973e-01
1.268334686756134033e-01
3.387264013290405273e-01
2.781524956226348877e-01
1.744429767131805420e-01
3.092803359031677246e-01
1.794970631599426270e-01
2.198803573846817017e-01
1.314051002264022827e-01
3.286496102809906006e-01
2.554909884929656982e-01
2.498247325420379639e-01
1.621780693531036377e-01
1.389641612768173218e-01
2.096004188060760498e-01
2.388932704925537109e-01
8.687114715576171875e-02
4.852921962738037109e-01
2.320244312286376953e-01
2.025064229965209961e-01
5.578229427337646484e-01
2.297752946615219116e-01
2.360288351774215698e-01
1.997820138931274414e-01
6.800995767116546631e-02
1.662186980247497559e-01
3.004185855388641357e-01
7.841032743453979492e-02
7.212171703577041626e-02
1.914839148521423340e-01
1.835855692625045776e-01
1.726575940847396851e-01
2.104211151599884033e-01
2.056294232606887817e-01
6.501861661672592163e-02
1.441763043403625488e-01
7.360630482435226440e-02
2.499426603317260742e-01
2.520701289176940918e-02
9.624390304088592529e-02
1.624788939952850342e-01
1.847854703664779663e-01
4.267328977584838867e-02
1.124093607068061829e-01
2.320615053176879883e-01
7.985989749431610107e-02
9.182710945606231689e-02
1.216946691274642944e-01
1.521196067333221436e-01
2.377914637327194214e-01
3.367990255355834961e-01
1.672311127185821533e-01
2.376378774642944336e-01
2.815285325050354004e-01
3.117963969707489014e-01
2.036562711000442505e-01
2.115708738565444946e-01
1.831112802028656006e-01
8.764819055795669556e-02
2.363714277744293213e-01
1.028668433427810669e-01
2.770513892173767090e-01
7.182311415672302246e-01
8.150810748338699341e-02
1.894341707229614258e-01
3.237382173538208008e-01
2.616134285926818848e-01
1.372553259134292603e-01
3.248165845870971680e-01
4.023780226707458496e-01
1.329998672008514404e-01
2.593116462230682373e-01
9.326705336570739746e-02
1.713224798440933228e-01
2.757391929626464844e-01
2.198325693607330322e-01
2.288227975368499756e-01
1.277580410242080688e-01
1.934707164764404297e-01
1.590724736452102661e-01
1.874623149633407593e-01
1.009091362357139587e-01
2.391343712806701660e-01
2.639682590961456299e-01
2.186386883258819580e-01
1.050036996603012085e-01
2.172033488750457764e-01
1.473013609647750854e-01
2.373707592487335205e-01
1.955533623695373535e-01
6.626674532890319824e-02
1.955997943878173828e-01
2.342471182346343994e-01
1.177918463945388794e-01
2.234290838241577148e-01
1.061237454414367676e-01
4.880763292312622070e-01
4.492172598838806152e-02
4.638810753822326660e-01
4.612349867820739746e-01
1.816024482250213623e-01
3.936457037925720215e-01
2.080172598361968994e-01
1.608555316925048828e-01
8.133291453123092651e-02
2.667068243026733398e-01
2.072191983461380005e-01
1.731677651405334473e-01
2.198815941810607910e-01
7.159353047609329224e-02
9.366960823535919189e-02
2.134276926517486572e-01
2.011788338422775269e-01
3.715755045413970947e-01
1.885890960693359375e-01
2.806867361068725586e-01
2.282040119171142578e-01
3.601771891117095947e-01
1.488848179578781128e-01
2.063991725444793701e-01
1.034741997718811035e-01
1.869351416826248169e-01
1.794332116842269897e-01
6.884100437164306641e-01
1.191794648766517639e-01
1.362396478652954102e-01
2.342420667409896851e-01
2.435541898012161255e-01
2.536002993583679199e-01
3.225455880165100098e-01
1.003246158361434937e-01
1.949477195739746094e-01
4.949421882629394531e-01
2.570337355136871338e-01
2.599748969078063965e-01
1.476371288299560547e-01
3.568661212921142578e-01
1.559382677078247070e-01
1.462251245975494385e-01
3.852800428867340088e-01
1.091822534799575806e-01
3.164209425449371338e-01
1.985814273357391357e-01
1.239499747753143311e-01
4.023619592189788818e-01
2.013780027627944946e-01
1.585165858268737793e-01
3.476081043481826782e-02
1.243013143539428711e-01
1.361039876937866211e-01
7.088133692741394043e-02
2.164223790168762207e-01
2.192955762147903442e-01
4.752308502793312073e-02
4.536899179220199585e-02
1.863988935947418213e-01
1.790714263916015625e-01
7.062157988548278809e-02
8.988040685653686523e-02
9.331950545310974121e-02
1.438069641590118408e-01
1.844282746315002441e-01
2.246002852916717529e-01
3.183481991291046143e-01
8.790540695190429688e-02
1.505495160818099976e-01
2.066346704959869385e-01
8.652760088443756104e-02
1.260528266429901123e-01
1.881915330886840820e-01
3.815843462944030762e-01
1.413301974534988403e-01
5.909161269664764404e-02
1.791589260101318359e-01
1.294004917144775391e-01
6.852047145366668701e-02
3.064714670181274414e-01
3.544898033142089844e-01
1.203998923301696777e-01
3.241400122642517090e-01
1.712042987346649170e-01
3.862640857696533203e-01
2.370151132345199585e-01
7.970011234283447266e-02
1.906045377254486084e-01
7.012478262186050415e-02
4.103761911392211914e-01
1.274933218955993652e-01
3.420237302780151367e-01
6.427814066410064697e-02
3.081263303756713867e-01
1.631244719028472900e-01
3.593772649765014648e-01
3.823543190956115723e-01
2.475086599588394165e-01
2.765261828899383545e-01
3.226685523986816406e-01
1.744717955589294434e-01
1.203443482518196106e-01
2.034546136856079102e-01
5.571677684783935547e-01
1.506752073764801025e-01
1.356335133314132690e-01
1.646177470684051514e-01
1.533528715372085571e-01
1.491713523864746094e-01
1.525582969188690186e-01
1.294370293617248535e-01
1.772012412548065186e-01
2.869291007518768311e-01
1.380225121974945068e-01
6.646890938282012939e-02
7.733897864818572998e-02
2.528119683265686035e-01
3.827346488833427429e-02
2.353018373250961304e-01
3.969324231147766113e-01
2.562730312347412109e-01
2.738989293575286865e-01
1.549673378467559814e-01
1.483641713857650757e-01
1.886196434497833252e-01
4.747565984725952148e-01
9.441933035850524902e-02
1.109431684017181396e-01
1.459421366453170776e-01
2.180286794900894165e-01
2.933416366577148438e-01
1.201314553618431091e-01
3.818868100643157959e-01
1.509972065687179565e-01
3.129287064075469971e-01
1.524032652378082275e-01
1.907002329826354980e-01
2.456995099782943726e-01
1.343060284852981567e-01
1.067694425582885742e-01
2.700979709625244141e-01
1.139469742774963379e-01
3.226245641708374023e-01
3.429485559463500977e-01
4.357210993766784668e-01
4.299374297261238098e-02
1.637253463268280029e-01
2.116577476263046265e-01
4.176911115646362305e-01
2.067320942878723145e-01
1.001617237925529480e-01
1.747514754533767700e-01
1.682020425796508789e-01
1.218193918466567993e-01
6.428059190511703491e-02
1.203158050775527954e-01
2.589721679687500000e-01
2.417631149291992188e-01
1.150167137384414673e-01
1.989659368991851807e-01
9.344013035297393799e-02
1.070696711540222168e-01
5.039608478546142578e-02
8.660635352134704590e-02
2.855830788612365723e-01
1.713970303535461426e-01
4.368765354156494141e-01
9.263581037521362305e-02
2.887316942214965820e-01
2.078970372676849365e-01
3.904555439949035645e-01
1.297147423028945923e-01
2.722700536251068115e-01
2.688167989253997803e-01
5.141899734735488892e-02
8.019843697547912598e-02
5.909184217453002930e-01
1.206701546907424927e-01
1.419276297092437744e-01
8.629501610994338989e-02
2.464454025030136108e-01
2.429518401622772217e-01
2.219282835721969604e-01
4.297113418579101562e-01
7.368043065071105957e-02
1.721521466970443726e-01
1.149256154894828796e-01
1.145852953195571899e-01
1.164727210998535156e-01
1.620750129222869873e-01
1.453088521957397461e-01
1.418215930461883545e-01
1.472899019718170166e-01
7.879015803337097168e-02
1.625752002000808716e-01
1.687273532152175903e-01
2.696449458599090576e-01
4.772633314132690430e-01
9.652388840913772583e-02
9.500746428966522217e-02
3.016860485076904297e-01
2.004464268684387207e-01
1.498049497604370117e-01
2.437509149312973022e-01
2.060732543468475342e-01
8.482298254966735840e-02
4.851393997669219971e-01
3.312427997589111328e-01
4.924006760120391846e-02
2.059018909931182861e-01
2.645503878593444824e-01
3.397406041622161865e-01
7.823925018310546875e-01
2.508988380432128906e-01
2.108534611761569977e-02
4.814670681953430176e-01
5.621758103370666504e-02
7.993550598621368408e-02
2.478702664375305176e-01
1.049943417310714722e-01
4.925145208835601807e-02
2.032265663146972656e-01
4.464271068572998047e-01
2.007437944412231445e-01
5.199691653251647949e-01
1.818802207708358765e-01
8.929187059402465820e-02
2.012232542037963867e-01
2.433143407106399536e-01
3.110066354274749756e-01
2.832613289356231689e-01
2.790191471576690674e-01
2.660485506057739258e-01
2.212039530277252197e-01
1.498440057039260864e-01
2.803393602371215820e-01
1.661576032638549805e-01
1.288080513477325439e-01
3.090169727802276611e-01
1.689427495002746582e-01
1.557469666004180908e-01
1.229779571294784546e-01
1.335285454988479614e-01
3.179229199886322021e-01
2.294675707817077637e-01
1.306579113006591797e-01
2.015970051288604736e-01
9.120304882526397705e-02
1.562172323465347290e-01
1.294338256120681763e-01
1.484569013118743896e-01
2.047903686761856079e-01
2.350635230541229248e-01
5.107460916042327881e-02
6.548801064491271973e-02
1.532789617776870728e-01
2.579334080219268799e-01
1.079640835523605347e-01
7.822094857692718506e-02
4.021210074424743652e-01
2.096229493618011475e-01
8.976395428180694580e-02
2.635577321052551270e-01
2.447647005319595337e-01
1.713492274284362793e-01
9.140083938837051392e-02
2.293943911790847778e-01
1.951662600040435791e-01
1.000929400324821472e-01
1.972571313381195068e-01
2.554592490196228027e-01
2.013077437877655029e-01
4.019664824008941650e-01
3.724650442600250244e-01
6.023879051208496094e-01
1.103464514017105103e-01
1.356392055749893188e-01
5.673241615295410156e-01
2.588353157043457031e-01
3.524628877639770508e-01
2.004768997430801392e-01
1.740926504135131836e-01
1.085222810506820679e-01
1.147325560450553894e-01
1.888348013162612915e-01
3.577277660369873047e-01
1.413330882787704468e-01
3.519951105117797852e-01
2.164737284183502197e-01
1.924357414245605469e-01
3.478622734546661377e-01
1.062046140432357788e-01
1.408233344554901123e-01
1.483548879623413086e-01
2.263056635856628418e-01
1.358422487974166870e-01
1.300666034221649170e-01
2.004561275243759155e-01
2.035151422023773193e-01
2.118088304996490479e-01
6.629843264818191528e-02
2.884659767150878906e-01
2.759368419647216797e-01
2.921020984649658203e-01
7.027966529130935669e-02
1.096007972955703735e-01
2.204495221376419067e-01
1.747525334358215332e-01
7.376192510128021240e-02
1.145151257514953613e-01
1.247307211160659790e-01
1.911030858755111694e-01
1.819010525941848755e-01
1.606923043727874756e-01
9.808437526226043701e-02
3.516129255294799805e-01
1.588286161422729492e-01
2.728945016860961914e-01
1.501316279172897339e-01
3.881114125251770020e-01
1.723915636539459229e-01
1.405669003725051880e-01
1.371152102947235107e-01
2.010342627763748169e-01
4.452908784151077271e-02
1.850456595420837402e-01
2.410487532615661621e-01
1.733628809452056885e-01
1.237723380327224731e-01
8.432739973068237305e-02
3.284373581409454346e-01
2.895746827125549316e-01
2.530732452869415283e-01
1.524195224046707153e-01
1.549215018749237061e-01
1.627669632434844971e-01
1.716413795948028564e-01
2.505530416965484619e-01
1.124544292688369751e-01
1.493269056081771851e-01
1.145607009530067444e-01
1.157943159341812134e-01
4.308439791202545166e-01
2.367479503154754639e-01
2.262196242809295654e-01
2.246352583169937134e-01
1.460507065057754517e-01
5.190347880125045776e-02
2.181853204965591431e-01
1.899070441722869873e-01
1.028907299041748047e-01
2.822642326354980469e-01
1.666881889104843140e-01
4.210737347602844238e-01
2.705726623535156250e-01
2.021747082471847534e-01
1.647556573152542114e-01
2.151583731174468994e-01
2.892172932624816895e-01
2.379371821880340576e-01
1.171594411134719849e-01
3.074535131454467773e-01
3.642136752605438232e-01
1.127638816833496094e-01
1.765111833810806274e-01
2.757857441902160645e-01
3.524772822856903076e-01
1.962379962205886841e-01
2.655194699764251709e-01
2.587876915931701660e-01
2.597462832927703857e-01
1.568809449672698975e-01
3.676822781562805176e-01
7.482925802469253540e-02
2.231881320476531982e-01
1.907038092613220215e-01
1.566943675279617310e-01
2.641454041004180908e-01
2.986365258693695068e-01
8.537930250167846680e-02
1.634384542703628540e-01
2.176070660352706909e-01
3.681155443191528320e-01
7.483143359422683716e-02
2.202397137880325317e-01
1.794245094060897827e-01
2.913818955421447754e-01
3.086867332458496094e-01
2.138282358646392822e-01
2.729682028293609619e-01
5.095916986465454102e-01
2.768726050853729248e-01
2.095482796430587769e-01
3.680689334869384766e-01
1.575933694839477539e-01
1.498276293277740479e-01
1.865349411964416504e-01
1.970744580030441284e-01
2.772005498409271240e-01
2.042631804943084717e-01
1.040283963084220886e-01
1.958127617835998535e-01
1.296838670969009399e-01
1.596095114946365356e-01
4.890441894531250000e-02
2.411234080791473389e-01
1.594050973653793335e-01
1.089720129966735840e-01
2.807057201862335205e-01
3.104072213172912598e-01
3.089249432086944580e-01
1.346338987350463867e-01
6.627562642097473145e-02
1.903536915779113770e-01
1.532503217458724976e-01
3.221624493598937988e-01
1.536453515291213989e-01
3.150004148483276367e-01
2.161519527435302734e-01
8.213730156421661377e-02
1.059685871005058289e-01
2.413876205682754517e-01
2.198465913534164429e-01
3.410111069679260254e-01
1.100803017616271973e-01
6.648629903793334961e-02
1.708283871412277222e-01
1.658617854118347168e-01
6.186927109956741333e-02
1.141639053821563721e-01
1.141062855720520020e+00
