7.321206331253051758e-01
4.154105484485626221e-01
1.855396926403045654e-01
1.590033769607543945e-01
5.233717560768127441e-01
7.629463076591491699e-02
3.131483197212219238e-01
3.368749022483825684e-01
5.780315995216369629e-01
5.357651710510253906e-01
2.518989145755767822e-01
2.692155838012695312e-01
6.359573602676391602e-01
7.733970880508422852e-01
1.647591143846511841e-01
1.976392865180969238e-01
3.018905222415924072e-01
2.731242775917053223e-01
3.461242318153381348e-01
1.792121380567550659e-01
2.402468323707580566e-01
2.145006805658340454e-01
1.933678090572357178e-01
1.441510617733001709e-01
9.473955631256103516e-02
2.361049950122833252e-01
5.675750374794006348e-01
3.276366591453552246e-01
2.093249857425689697e-01
1.693155765533447266e-01
3.950906991958618164e-01
3.189840316772460938e-01
3.683099746704101562e-01
1.340207457542419434e-01
3.288469612598419189e-01
3.106854856014251709e-01
2.109069377183914185e-01
1.532781720161437988e-01
1.908714771270751953e-01
7.930400967597961426e-02
2.710296511650085449e-01
3.100454807281494141e-01
2.742634415626525879e-01
1.705908179283142090e-01
2.843126952648162842e-01
2.221709787845611572e-01
1.429734230041503906e-01
1.431390196084976196e-01
3.322380781173706055e-01
4.678618609905242920e-01
5.664334893226623535e-01
3.199711441993713379e-01
2.175459265708923340e-01
2.577191293239593506e-01
2.739493250846862793e-01
2.916599512100219727e-01
1.446744203567504883e-01
2.148722708225250244e-01
2.046265304088592529e-01
2.225897610187530518e-01
1.343887448310852051e-01
1.577741056680679321e-01
4.365729689598083496e-01
1.576834172010421753e-01
6.625600159168243408e-02
2.372209429740905762e-01
3.199256062507629395e-01
1.614322662353515625e-01
2.708227634429931641e-01
1.173196807503700256e-01
1.244613975286483765e-01
3.826935291290283203e-01
1.168255209922790527e-01
5.416865274310112000e-02
9.967081248760223389e-02
5.625641345977783203e-02
8.598029613494873047e-02
2.994379699230194092e-01
1.618387699127197266e-01
3.789504766464233398e-01
1.989043056964874268e-01
2.168991863727569580e-01
2.629306316375732422e-01
3.517680987715721130e-02
1.239518374204635620e-01
1.026650592684745789e-01
1.162304729223251343e-01
3.068497478961944580e-01
4.502739012241363525e-01
4.775245487689971924e-02
3.087658286094665527e-01
1.401236951351165771e-01
2.251608371734619141e-01
1.234404295682907104e-01
3.905005380511283875e-02
1.342038959264755249e-01
1.119012162089347839e-01
1.767923235893249512e-01
1.243072003126144409e-01
1.128345876932144165e-01
1.920918524265289307e-01
1.477683633565902710e-01
1.188181638717651367e-01
2.303861528635025024e-01
1.222810149192810059e-01
2.623718082904815674e-01
2.887457013130187988e-01
3.514874577522277832e-01
4.011171460151672363e-01
2.028025686740875244e-01
1.933183372020721436e-01
1.017856895923614502e-01
6.707341969013214111e-02
1.926282942295074463e-01
2.966442108154296875e-01
1.992885917425155640e-01
6.258671730756759644e-02
1.618091613054275513e-01
6.643917411565780640e-02
1.308878809213638306e-01
1.881478130817413330e-01
2.026995569467544556e-01
1.549804806709289551e-01
5.693028122186660767e-02
4.893250390887260437e-02
1.153694465756416321e-01
1.826272606849670410e-01
1.182307600975036621e-01
2.967097759246826172e-01
1.009690463542938232e-01
1.378886252641677856e-01
1.305116117000579834e-01
9.138339012861251831e-02
1.583814769983291626e-01
1.934113651514053345e-01
9.537789225578308105e-02
2.272491902112960815e-01
3.385204076766967773e-01
3.744800686836242676e-01
3.418301641941070557e-01
2.000200748443603516e-01
1.374967396259307861e-01
1.260128468275070190e-01
2.021937221288681030e-01
1.568867117166519165e-01
1.050599068403244019e-01
9.375062584877014160e-02
9.686604142189025879e-02
1.628556847572326660e-01
4.540633559226989746e-01
1.444233655929565430e-01
2.018614262342453003e-01
1.160679608583450317e-01
7.100637257099151611e-02
2.425094097852706909e-01
1.178846359252929688e-01
1.586848795413970947e-01
1.900738477706909180e-01
3.070026636123657227e-01
1.693560779094696045e-01
2.964112758636474609e-01
1.073465421795845032e-01
1.213852316141128540e-01
9.949190914630889893e-02
1.693218797445297241e-01
1.399531364440917969e-01
4.857718348503112793e-01
2.303125858306884766e-01
1.552686095237731934e-01
8.326942473649978638e-02
3.039696812629699707e-01
1.581682264804840088e-01
3.232676386833190918e-01
2.474746853113174438e-01
2.515754997730255127e-01
1.721635758876800537e-01
1.015506982803344727e-01
1.014569401741027832e-01
2.383205592632293701e-01
1.343174576759338379e-01
4.657361507415771484e-01
1.769475340843200684e-01
9.346855431795120239e-02
6.937260925769805908e-02
1.605906188488006592e-01
6.169836968183517456e-02
2.782212495803833008e-01
5.608987808227539062e-02
1.785370707511901855e-01
1.652740538120269775e-01
1.211872398853302002e-01
3.407424092292785645e-01
1.241677626967430115e-01
2.546793818473815918e-01
1.163062602281570435e-01
8.998588472604751587e-02
1.687115281820297241e-01
7.657311856746673584e-02
4.455016553401947021e-02
2.655665874481201172e-01
3.021332025527954102e-01
2.104540467262268066e-01
1.598635464906692505e-01
9.105566889047622681e-02
3.532563745975494385e-01
1.690981686115264893e-01
6.040833145380020142e-02
1.383309066295623779e-01
1.713921278715133667e-01
1.996659636497497559e-01
4.623939096927642822e-02
3.001338243484497070e-01
9.229803085327148438e-02
3.310117125511169434e-02
2.913505434989929199e-01
1.407050043344497681e-01
1.869252771139144897e-01
3.564942479133605957e-01
8.843038976192474365e-02
9.975975006818771362e-02
3.064194619655609131e-01
2.562500834465026855e-01
2.971073091030120850e-01
8.819106221199035645e-02
6.500454246997833252e-02
1.622959226369857788e-01
2.064920365810394287e-01
2.768130600452423096e-01
2.649459242820739746e-01
2.094686329364776611e-01
1.139583513140678406e-01
1.469735801219940186e-01
1.310639381408691406e-01
3.904664143919944763e-02
2.073759138584136963e-01
2.685142159461975098e-01
3.013445734977722168e-01
2.590923309326171875e-01
1.120075434446334839e-01
7.778577506542205811e-02
5.585275888442993164e-01
1.272096335887908936e-01
8.846960961818695068e-02
1.241143196821212769e-01
1.741624474525451660e-01
2.743930220603942871e-01
9.418053925037384033e-02
4.918780550360679626e-02
7.092496752738952637e-02
1.775937080383300781e-01
1.996611356735229492e-01
1.955836117267608643e-01
1.846787333488464355e-01
1.070880889892578125e-01
1.487923562526702881e-01
2.081518769264221191e-01
6.382475793361663818e-02
2.811925411224365234e-01
3.915156424045562744e-02
2.612154781818389893e-01
1.500421315431594849e-01
8.475172519683837891e-02
8.693652600049972534e-02
2.725722491741180420e-01
1.145078837871551514e-01
2.676830589771270752e-01
2.430666983127593994e-01
2.076324224472045898e-01
6.967420876026153564e-02
3.693068027496337891e-01
2.883186340332031250e-01
2.599862217903137207e-01
9.358022361993789673e-02
1.757546067237854004e-01
1.438491344451904297e-01
2.129695117473602295e-01
1.174874082207679749e-01
3.119169771671295166e-01
1.576531529426574707e-01
3.825857639312744141e-01
1.769763827323913574e-01
2.753350734710693359e-01
1.948282867670059204e-01
6.871555745601654053e-02
1.474552750587463379e-01
1.608011871576309204e-01
1.449962109327316284e-01
3.540894985198974609e-01
2.136484980583190918e-01
7.821621000766754150e-02
1.272620707750320435e-01
3.546188473701477051e-01
2.118958830833435059e-01
3.580938279628753662e-01
1.928634494543075562e-01
2.480937838554382324e-01
1.691362708806991577e-01
3.625393807888031006e-01
1.548353135585784912e-01
9.117395430803298950e-02
1.096956729888916016e-01
3.945504873991012573e-02
2.906835675239562988e-01
1.265434622764587402e-01
2.116386592388153076e-01
1.341753154993057251e-01
5.137284100055694580e-02
9.437601268291473389e-02
6.678867340087890625e-02
1.748369187116622925e-01
2.748232148587703705e-02
1.367616802453994751e-01
3.722938299179077148e-01
7.702435553073883057e-02
4.832825958728790283e-01
9.335616976022720337e-02
2.752968072891235352e-01
5.711629986763000488e-02
7.886042445898056030e-02
2.593747377395629883e-01
1.644154191017150879e-01
2.822850346565246582e-01
1.781454682350158691e-01
1.804741770029067993e-01
4.698699712753295898e-02
1.120964810252189636e-01
3.421157896518707275e-01
2.116509974002838135e-01
1.766859441995620728e-01
3.023929893970489502e-01
2.311069071292877197e-01
1.934396922588348389e-01
1.010398492217063904e-01
2.429031878709793091e-01
1.370007246732711792e-01
3.397846221923828125e-01
1.868638694286346436e-01
1.545370519161224365e-01
9.848729521036148071e-02
1.318154633045196533e-01
2.360770553350448608e-01
1.475745588541030884e-01
8.413522690534591675e-02
2.663772702217102051e-01
9.491633623838424683e-02
1.872477382421493530e-01
2.458447217941284180e-01
3.277373015880584717e-01
1.454516947269439697e-01
7.433259487152099609e-02
1.090014949440956116e-01
5.235558748245239258e-02
6.928747147321701050e-02
2.911221981048583984e-01
2.439309358596801758e-01
3.378803133964538574e-01
1.187268197536468506e-01
6.306825280189514160e-01
4.469938576221466064e-01
3.150816261768341064e-01
3.008311390876770020e-01
2.662034332752227783e-01
1.025079488754272461e-01
2.682831883430480957e-01
3.601878881454467773e-01
2.590190172195434570e-01
1.759536713361740112e-01
1.861694753170013428e-01
2.504382729530334473e-01
1.501565724611282349e-01
1.136663928627967834e-01
1.346573531627655029e-01
3.243683576583862305e-01
1.923364698886871338e-01
2.584364414215087891e-01
2.773292362689971924e-01
1.824126243591308594e-01
9.856265783309936523e-02
2.151622474193572998e-01
6.597614288330078125e-02
6.421096622943878174e-02
1.487258970737457275e-01
5.453601479530334473e-01
1.224976629018783569e-01
3.108858764171600342e-01
1.069646179676055908e-01
2.702198028564453125e-01
2.049593180418014526e-01
8.204217255115509033e-02
1.505481600761413574e-01
1.981728971004486084e-01
3.145555853843688965e-01
1.295773088932037354e-01
1.515287011861801147e-01
1.949972659349441528e-01
2.211262583732604980e-01
2.985188961029052734e-01
2.493484318256378174e-01
8.332677930593490601e-02
1.454165577888488770e-01
2.283062487840652466e-01
8.213963359594345093e-02
1.715008020401000977e-01
2.239606678485870361e-01
2.510631084442138672e-01
6.666663289070129395e-02
7.330601662397384644e-02
1.295671910047531128e-01
2.956440150737762451e-01
1.492776721715927124e-01
2.616605162620544434e-01
6.218133121728897095e-02
8.841658383607864380e-02
2.247707247734069824e-01
2.125648409128189087e-01
1.300483942031860352e-01
1.352897286415100098e-01
8.735662698745727539e-02
4.154016450047492981e-02
4.934908449649810791e-02
1.062401384115219116e-01
2.735065817832946777e-01
1.975995004177093506e-01
9.507425129413604736e-02
2.287653535604476929e-01
8.899656683206558228e-02
2.652870714664459229e-01
2.265458703041076660e-01
1.742531955242156982e-01
6.520281732082366943e-02
2.187340855598449707e-01
6.218917667865753174e-02
6.051970645785331726e-02
1.250133216381072998e-01
1.384897679090499878e-01
5.722609534859657288e-02
1.947157979011535645e-01
3.014843463897705078e-01
2.769556641578674316e-01
3.559868931770324707e-01
4.842705726623535156e-01
1.871570944786071777e-01
2.442256808280944824e-01
2.792539596557617188e-01
2.530889809131622314e-01
1.261096447706222534e-01
1.082075685262680054e-01
2.478593587875366211e-01
1.832570284605026245e-01
1.709456145763397217e-01
1.217875555157661438e-01
8.297413587570190430e-02
3.740622103214263916e-01
2.131567150354385376e-02
1.955449581146240234e-02
1.022607460618019104e-01
5.413595959544181824e-02
2.952334657311439514e-02
4.478638768196105957e-01
4.350440800189971924e-01
4.446419328451156616e-02
5.142546817660331726e-02
4.393334984779357910e-01
1.868081390857696533e-01
1.708674579858779907e-01
1.905984878540039062e-01
2.493405640125274658e-01
2.285874634981155396e-01
1.757977902889251709e-01
7.330063730478286743e-02
1.170962601900100708e-01
3.050635457038879395e-01
2.412408739328384399e-01
1.152352467179298401e-01
1.808065325021743774e-01
1.036454737186431885e-01
1.805191338062286377e-01
2.595795392990112305e-01
1.365952044725418091e-01
1.254881322383880615e-01
2.696849703788757324e-01
1.614293754100799561e-01
7.234499603509902954e-02
1.033772826194763184e-01
1.122012659907341003e-01
1.192851662635803223e-01
3.140920996665954590e-01
1.618233323097229004e-01
7.977958023548126221e-02
3.073070049285888672e-01
5.744286254048347473e-02
7.661907374858856201e-02
8.877845108509063721e-02
8.202046155929565430e-02
3.189252018928527832e-01
1.021966263651847839e-01
4.775861501693725586e-01
3.759766817092895508e-01
2.008128762245178223e-01
7.505671679973602295e-02
1.668856739997863770e-01
3.861320614814758301e-01
1.895020306110382080e-01
1.713101565837860107e-01
1.946444213390350342e-01
1.272934675216674805e-01
1.210329234600067139e-01
3.596572875976562500e-01
5.958374962210655212e-02
1.007055193185806274e-01
2.697707116603851318e-01
1.752253472805023193e-01
7.308520376682281494e-02
1.368786990642547607e-01
2.432762831449508667e-02
1.102962121367454529e-01
3.940358757972717285e-01
3.267045691609382629e-02
1.107884198427200317e-01
1.137744709849357605e-01
2.670972943305969238e-01
1.623595803976058960e-01
6.516976654529571533e-02
1.417678743600845337e-01
1.106299906969070435e-01
7.239067554473876953e-02
3.641983270645141602e-01
3.267955482006072998e-01
1.841629445552825928e-01
2.127741873264312744e-01
1.360855698585510254e-01
1.974404901266098022e-01
2.101815342903137207e-01
1.467470973730087280e-01
1.288213282823562622e-01
1.816571950912475586e-01
1.050722002983093262e-01
1.762319952249526978e-01
1.705127060413360596e-01
5.082250386476516724e-02
1.621742546558380127e-01
1.114380806684494019e-01
3.744056075811386108e-02
3.321636915206909180e-01
3.045270442962646484e-01
3.792981058359146118e-02
5.445276945829391479e-02
2.046447396278381348e-01
1.106085404753684998e-01
1.151346191763877869e-01
2.859913110733032227e-01
1.518273502588272095e-01
6.142286956310272217e-02
1.399554014205932617e-01
1.701243668794631958e-01
7.604715973138809204e-02
1.485043168067932129e-01
2.803280055522918701e-01
1.465408653020858765e-01
1.631759107112884521e-01
1.693442165851593018e-01
3.357152938842773438e-01
2.895403206348419189e-01
1.646913290023803711e-01
2.446997463703155518e-01
7.963827252388000488e-02
1.268164515495300293e-01
3.006671667098999023e-01
2.630903422832489014e-01
7.459311187267303467e-02
1.226715296506881714e-01
1.323887407779693604e-01
4.538091272115707397e-02
1.232167482376098633e-01
3.486113995313644409e-02
3.732937946915626526e-02
2.518583536148071289e-01
2.215983271598815918e-01
7.612370699644088745e-02
9.590381383895874023e-02
2.411034405231475830e-01
2.249954193830490112e-01
1.510456800460815430e-01
1.470654904842376709e-01
5.060476809740066528e-02
1.805841177701950073e-02
1.973268687725067139e-01
1.970110386610031128e-01
2.085688561201095581e-01
1.315960586071014404e-01
5.420171841979026794e-02
1.871191859245300293e-01
5.662039667367935181e-02
7.471792399883270264e-02
2.946113049983978271e-01
1.744598150253295898e-01
5.659049004316329956e-02
3.537882566452026367e-01
1.586609482765197754e-01
1.647235602140426636e-01
1.068656668066978455e-01
2.082052230834960938e-01
1.945034265518188477e-01
4.376307427883148193e-01
1.969035863876342773e-01
3.313753753900527954e-02
1.615995764732360840e-01
7.600835710763931274e-02
3.012382090091705322e-01
3.634812533855438232e-01
2.868020236492156982e-01
9.774116426706314087e-02
2.534299194812774658e-01
1.343842893838882446e-01
2.296437919139862061e-01
9.684649109840393066e-02
1.068407520651817322e-01
3.264779448509216309e-01
1.138007119297981262e-01
1.083249449729919434e-01
7.582534104585647583e-02
1.909764707088470459e-01
1.109197214245796204e-01
1.250011920928955078e-01
2.533898949623107910e-01
2.030643522739410400e-01
1.744756549596786499e-01
6.737159192562103271e-02
2.072606384754180908e-01
5.642336606979370117e-02
2.384949624538421631e-01
2.003647387027740479e-01
2.193143367767333984e-01
3.101164102554321289e-01
1.465396583080291748e-01
1.448754221200942993e-01
1.676590442657470703e-01
1.713155061006546021e-01
8.939188718795776367e-02
1.761530637741088867e-01
1.191101521253585815e-01
3.402361273765563965e-02
1.156079918146133423e-01
3.253503739833831787e-01
1.078255772590637207e-01
5.709707364439964294e-02
1.436274945735931396e-01
1.120187640190124512e-01
1.209092512726783752e-01
1.088628321886062622e-01
1.857648491859436035e-01
2.042326331138610840e-01
2.043467164039611816e-01
9.102716296911239624e-02
9.476001560688018799e-02
1.123258322477340698e-01
8.158299326896667480e-02
6.999769806861877441e-02
4.030907154083251953e-02
3.352973610162734985e-02
1.671915650367736816e-01
8.868698030710220337e-02
6.141738593578338623e-02
9.071090817451477051e-02
4.231258928775787354e-01
1.796803325414657593e-01
1.404599845409393311e-01
1.971164047718048096e-01
2.004853934049606323e-01
1.581378579139709473e-01
4.724912345409393311e-02
1.024245396256446838e-01
1.204016357660293579e-01
5.033381283283233643e-02
4.154450446367263794e-02
4.036547243595123291e-02
2.630658745765686035e-01
3.457083404064178467e-01
8.805064857006072998e-02
2.216238081455230713e-01
4.319307804107666016e-01
2.148668169975280762e-01
1.438377946615219116e-01
1.409706473350524902e-01
9.895039349794387817e-02
2.255928367376327515e-01
1.539200693368911743e-01
1.454018950462341309e-01
2.212620973587036133e-01
7.450036704540252686e-02
1.546576023101806641e-01
1.203126460313796997e-01
7.109583914279937744e-02
1.374589353799819946e-01
2.608296275138854980e-01
1.785071343183517456e-01
3.232648968696594238e-01
3.649356663227081299e-01
1.518311500549316406e-01
1.035351902246475220e-01
2.934504151344299316e-01
9.899066388607025146e-02
4.621551558375358582e-02
9.803055971860885620e-02
2.296087443828582764e-01
1.406706124544143677e-01
3.917542099952697754e-01
1.363482177257537842e-01
2.577887773513793945e-01
1.244618892669677734e-01
9.061016887426376343e-02
1.629998385906219482e-01
8.917678892612457275e-02
2.807772755622863770e-01
1.743185967206954956e-01
2.854655981063842773e-01
1.158340871334075928e-01
9.848092496395111084e-02
8.261205255985260010e-02
7.531361281871795654e-02
5.477739870548248291e-02
3.468459844589233398e-02
1.840032637119293213e-01
3.192739486694335938e-01
1.276021599769592285e-01
2.181874215602874756e-01
3.666180074214935303e-01
1.520491093397140503e-01
5.259088799357414246e-02
1.393457204103469849e-01
2.621223628520965576e-01
1.530519425868988037e-01
3.589633107185363770e-02
6.119509786367416382e-02
2.326014488935470581e-01
2.806687951087951660e-01
1.105100810527801514e-01
6.031961739063262939e-02
2.463666498661041260e-01
3.031035065650939941e-01
8.135741204023361206e-02
2.831828594207763672e-01
1.002309322357177734e-01
8.267527073621749878e-02
1.903857290744781494e-01
1.421403884887695312e-01
1.921866238117218018e-01
6.902745366096496582e-02
1.003769859671592712e-01
4.417779669165611267e-02
1.662066280841827393e-01
1.038225144147872925e-01
3.743365705013275146e-01
3.733593821525573730e-01
1.414595693349838257e-01
9.732355922460556030e-02
2.890492677688598633e-01
1.146798208355903625e-01
9.845817834138870239e-02
9.770040959119796753e-02
7.916891574859619141e-02
1.044934615492820740e-01
2.267734408378601074e-01
1.467339545488357544e-01
1.892770528793334961e-01
9.690437465906143188e-02
1.171105578541755676e-01
8.111986517906188965e-02
9.199588000774383545e-02
6.086862832307815552e-02
1.022515743970870972e-01
2.410644888877868652e-01
1.434980779886245728e-01
8.778783679008483887e-02
8.483095467090606689e-02
3.610805869102478027e-01
5.685009434819221497e-02
2.245867252349853516e-01
3.427701443433761597e-02
2.045583724975585938e-01
4.011805057525634766e-01
2.371106743812561035e-01
2.353474050760269165e-01
1.637028455734252930e-01
2.403277009725570679e-01
1.627947986125946045e-01
2.534188926219940186e-01
1.889603137969970703e-01
2.213591933250427246e-01
1.555408239364624023e-01
5.695995092391967773e-01
3.168603777885437012e-02
4.066134095191955566e-01
5.432467460632324219e-01
1.592285931110382080e-01
4.060320183634757996e-02
2.171159386634826660e-01
2.170298993587493896e-01
2.031450569629669189e-01
1.473543643951416016e-01
1.119474247097969055e-01
3.033024668693542480e-01
1.020672172307968140e-01
3.266318440437316895e-01
2.417645454406738281e-01
1.971679329872131348e-01
2.526393234729766846e-01
1.113495156168937683e-01
2.495602071285247803e-01
1.547658741474151611e-01
7.913063466548919678e-02
1.158036217093467712e-01
2.876944541931152344e-01
7.991866767406463623e-02
1.864965558052062988e-01
2.704976797103881836e-01
2.395474910736083984e-01
2.848209142684936523e-01
2.149289548397064209e-01
2.224712073802947998e-01
1.826594173908233643e-01
2.260364890098571777e-01
1.370129585266113281e-01
1.568942964076995850e-01
7.252821326255798340e-02
3.427363336086273193e-01
9.423385560512542725e-02
6.618650257587432861e-02
5.914473161101341248e-02
2.169103324413299561e-01
3.397426754236221313e-02
1.104171723127365112e-01
3.793669864535331726e-02
6.441805511713027954e-02
2.051096782088279724e-02
3.326532840728759766e-01
2.207868546247482300e-02
1.100292801856994629e-01
3.053894639015197754e-01
2.756350636482238770e-01
3.287841752171516418e-02
1.803457885980606079e-01
2.518963217735290527e-01
1.725195348262786865e-01
2.712686061859130859e-01
3.119166791439056396e-01
5.199456214904785156e-02
2.245609015226364136e-01
3.635796904563903809e-01
1.687515527009963989e-01
2.960431575775146484e-01
3.464675843715667725e-01
2.735387086868286133e-01
4.197602272033691406e-01
2.360955625772476196e-01
6.527684628963470459e-02
2.323025017976760864e-01
2.864225208759307861e-01
1.811249256134033203e-01
1.341225951910018921e-01
8.689765632152557373e-02
1.579166352748870850e-01
1.184903383255004883e-01
3.048508763313293457e-01
2.028548270463943481e-01
2.069146037101745605e-01
2.405045181512832642e-01
2.775213122367858887e-01
1.158134788274765015e-01
1.313240826129913330e-01
7.802589237689971924e-02
1.191395819187164307e-01
3.604746609926223755e-02
2.501397132873535156e-01
2.157835662364959717e-01
2.004535794258117676e-01
2.786541283130645752e-01
1.304380595684051514e-01
1.050591468811035156e-01
3.030374050140380859e-01
1.792893260717391968e-01
3.510201871395111084e-01
2.316220402717590332e-01
3.790123760700225830e-01
1.181111484766006470e-01
1.955297887325286865e-01
4.656068384647369385e-01
6.441604346036911011e-02
1.889289766550064087e-01
1.407136917114257812e-01
1.770943701267242432e-01
1.897388398647308350e-01
1.851976066827774048e-01
1.611001193523406982e-01
3.275780677795410156e-01
2.781188189983367920e-01
2.592936754226684570e-01
2.398442327976226807e-01
1.352646350860595703e-01
2.267505824565887451e-01
1.253918707370758057e-01
1.876770406961441040e-01
1.997625827789306641e-01
1.614353954792022705e-01
3.786712884902954102e-02
1.296793967485427856e-01
2.277005761861801147e-01
1.486072242259979248e-01
2.464598566293716431e-01
3.113265037536621094e-01
1.268730759620666504e-01
1.114081293344497681e-01
2.203481197357177734e-01
8.380645513534545898e-02
2.631189823150634766e-01
3.043701350688934326e-01
1.691188812255859375e-01
3.857892751693725586e-01
3.229683041572570801e-01
5.029582232236862183e-02
4.356992617249488831e-02
2.464099824428558350e-01
3.991272449493408203e-01
1.062922477722167969e-01
1.375374794006347656e-01
1.908423006534576416e-01
2.841233313083648682e-01
1.617930978536605835e-01
7.486411929130554199e-02
1.672207713127136230e-01
1.509885936975479126e-01
6.617313623428344727e-02
5.113641172647476196e-02
3.369429707527160645e-01
2.416909933090209961e-01
1.112971156835556030e-01
1.350000202655792236e-01
2.701868712902069092e-01
1.919927000999450684e-01
1.814596354961395264e-01
1.749066710472106934e-01
2.341441214084625244e-01
1.393892019987106323e-01
1.019312739372253418e-01
1.320661604404449463e-01
1.430841684341430664e-01
1.969275027513504028e-01
2.882403731346130371e-01
1.700235605239868164e-01
1.646301150321960449e-01
2.501516938209533691e-01
2.629411220550537109e-01
5.382879972457885742e-01
1.931650340557098389e-01
2.693463861942291260e-01
8.916039019823074341e-02
2.975576519966125488e-01
2.006965130567550659e-01
2.095425128936767578e-01
2.542351782321929932e-01
1.960574090480804443e-01
2.427541017532348633e-01
2.140135467052459717e-01
8.152218908071517944e-02
1.750959157943725586e-01
1.634720861911773682e-01
2.020491510629653931e-01
1.874129474163055420e-01
1.491061300039291382e-01
2.729676365852355957e-01
3.508870005607604980e-01
6.136071681976318359e-02
6.859056651592254639e-02
6.919668614864349365e-02
1.077707782387733459e-01
1.406133323907852173e-01
2.159118354320526123e-01
4.511956125497817993e-02
1.000137478113174438e-01
2.508024573326110840e-01
1.599892526865005493e-01
4.057855606079101562e-01
4.051015377044677734e-01
1.631960570812225342e-01
1.967766880989074707e-01
3.863626122474670410e-01
2.219580560922622681e-01
7.503877580165863037e-02
2.050314247608184814e-01
2.139021754264831543e-01
5.767960846424102783e-02
1.489728540182113647e-01
1.493274569511413574e-01
2.573271393775939941e-01
3.666507899761199951e-01
5.130444169044494629e-01
4.641962796449661255e-02
1.492517292499542236e-01
1.434882879257202148e-01
2.957895994186401367e-01
2.806216478347778320e-01
2.488507628440856934e-01
2.289229333400726318e-01
1.352811902761459351e-01
1.945888102054595947e-01
3.511584997177124023e-01
2.100012302398681641e-01
1.101507022976875305e-01
2.454736083745956421e-01
2.450043410062789917e-01
1.803268939256668091e-01
2.848618626594543457e-01
4.166549816727638245e-02
1.496143341064453125e-01
1.673714816570281982e-01
3.924209624528884888e-02
2.979708015918731689e-01
1.926157027482986450e-01
4.090157151222229004e-01
1.297636330127716064e-01
2.798459827899932861e-01
1.016488373279571533e-01
6.000473499298095703e-01
8.594974875450134277e-02
1.157477870583534241e-01
1.699377447366714478e-01
1.182839795947074890e-01
3.297242820262908936e-01
1.829742640256881714e-01
1.983263939619064331e-01
7.843049615621566772e-02
1.268021613359451294e-01
2.305388152599334717e-01
1.945473253726959229e-01
8.748673647642135620e-02
8.778464794158935547e-02
1.617586016654968262e-01
1.094369590282440186e-01
9.657917171716690063e-02
1.240990608930587769e-01
2.500793337821960449e-02
1.738336831331253052e-01
6.839580088853836060e-02
2.781097590923309326e-01
4.227347373962402344e-01
3.272407501935958862e-02
3.795802891254425049e-01
4.351688176393508911e-02
1.929095089435577393e-01
6.390769779682159424e-02
3.535886108875274658e-02
8.995122462511062622e-02
2.217505574226379395e-01
1.958834528923034668e-01
3.477256000041961670e-02
5.797397494316101074e-01
1.064765229821205139e-01
2.351736277341842651e-01
2.537184357643127441e-01
2.120292633771896362e-01
3.413335680961608887e-01
1.661581397056579590e-01
2.212156802415847778e-01
2.067542523145675659e-01
1.189959198236465454e-01
2.667072713375091553e-01
1.606792211532592773e-01
1.726798713207244873e-01
1.606299877166748047e-01
4.956267774105072021e-02
3.143321871757507324e-01
4.041850566864013672e-01
1.354701966047286987e-01
7.767921686172485352e-02
1.207085251808166504e-01
1.315772235393524170e-01
8.698102086782455444e-02
1.996854841709136963e-01
2.063000798225402832e-01
2.723485827445983887e-01
8.904939889907836914e-02
5.503026396036148071e-02
4.017500281333923340e-01
3.111808001995086670e-01
7.016339898109436035e-02
8.706214278936386108e-02
1.041956096887588501e-01
1.009520590305328369e-01
3.696187138557434082e-01
3.609366342425346375e-02
1.264390349388122559e-01
3.213859349489212036e-02
3.165372014045715332e-01
1.233841106295585632e-01
2.639820277690887451e-01
7.867692410945892334e-02
2.171633392572402954e-01
4.137527346611022949e-01
2.552646100521087646e-01
7.131608575582504272e-02
1.570851951837539673e-01
8.745057135820388794e-02
1.785886436700820923e-01
5.179590731859207153e-02
2.000068128108978271e-01
1.004757732152938843e-01
4.830480739474296570e-02
1.184285357594490051e-01
1.752984523773193359e-01
2.908180654048919678e-01
1.183833479881286621e-01
8.678228408098220825e-02
1.878727972507476807e-01
1.394290924072265625e-01
2.523913979530334473e-01
1.792270988225936890e-01
2.049153894186019897e-01
2.146583348512649536e-01
1.816311478614807129e-01
9.098660200834274292e-02
3.114252686500549316e-01
2.657872438430786133e-02
1.329882349818944931e-02
6.336765289306640625e-01
2.980991899967193604e-01
2.211326062679290771e-01
5.811668932437896729e-02
2.591235041618347168e-01
1.064730584621429443e-01
2.823292016983032227e-01
2.340409457683563232e-01
6.258213520050048828e-02
2.134634405374526978e-01
7.201641798019409180e-02
2.367074638605117798e-01
7.247032970190048218e-02
8.820089697837829590e-02
1.308652758598327637e-01
1.362066864967346191e-01
1.206657290458679199e-01
1.235694810748100281e-01
3.044962882995605469e-01
1.669913977384567261e-01
1.310570836067199707e-01
1.704568266868591309e-01
2.103624045848846436e-01
3.764182031154632568e-01
1.176251545548439026e-01
2.547575533390045166e-01
6.815302371978759766e-01
1.355149298906326294e-01
2.122344970703125000e-01
3.930532634258270264e-01
1.275217235088348389e-01
3.809413313865661621e-01
1.778784096240997314e-01
2.116827368736267090e-01
2.184748649597167969e-01
3.160322308540344238e-01
2.505404949188232422e-01
2.857154607772827148e-01
2.329375445842742920e-01
3.988671898841857910e-01
2.418112754821777344e-01
1.337848454713821411e-01
1.723512709140777588e-01
7.179628312587738037e-02
4.076261222362518311e-01
1.756861805915832520e-01
2.902104854583740234e-01
8.747662305831909180e-01
1.509387791156768799e-01
2.020449340343475342e-01
2.380547672510147095e-01
4.237965643405914307e-01
5.854253843426704407e-02
2.235024452209472656e+00
4.637399315834045410e-01
3.945107758045196533e-01
1.413175612688064575e-01
3.365589082241058350e-01
2.853931486606597900e-01
3.250932693481445312e-01
1.534694731235504150e-01
5.118827819824218750e-01
6.657620668411254883e-01
3.573623597621917725e-01
2.858995199203491211e-01
2.627138495445251465e-01
4.587977528572082520e-01
1.700133234262466431e-01
2.101543545722961426e-01
2.636484503746032715e-01
2.341489195823669434e-01
1.719561517238616943e-01
3.796403408050537109e-01
1.448841542005538940e-01
3.539015352725982666e-01
1.625369489192962646e-01
2.604057788848876953e-01
1.123093068599700928e-01
1.277654916048049927e-01
2.284867465496063232e-01
1.323916018009185791e-01
2.646994590759277344e-01
3.500843048095703125e-01
1.268119961023330688e-01
3.178550601005554199e-01
1.364465206861495972e-01
3.150173127651214600e-01
1.029773354530334473e-01
2.464922815561294556e-01
2.934790849685668945e-01
2.073607444763183594e-01
7.989774644374847412e-02
2.505234777927398682e-01
4.409941136837005615e-01
9.695333242416381836e-02
3.720185756683349609e-01
3.462501168251037598e-01
2.211609184741973877e-01
2.638745605945587158e-01
1.621191501617431641e-01
8.018189668655395508e-02
3.126018643379211426e-01
1.225747466087341309e-01
2.862492501735687256e-01
2.813221812248229980e-01
9.556446969509124756e-02
2.301299273967742920e-01
1.706871837377548218e-01
2.244078516960144043e-01
2.256600856781005859e-01
7.980504631996154785e-02
1.129491254687309265e-01
1.659883260726928711e-01
9.558509290218353271e-02
5.842721462249755859e-01
3.416322767734527588e-01
3.457044661045074463e-01
3.151520490646362305e-01
1.035669595003128052e-01
4.166055917739868164e-01
1.354213654994964600e-01
1.995236873626708984e-01
1.893799565732479095e-02
