4.350486397743225098e-01
2.808139920234680176e-01
3.433023095130920410e-01
1.500837504863739014e-01
1.373632252216339111e-01
1.488047391176223755e-01
5.636653304100036621e-01
2.450502365827560425e-01
2.848317027091979980e-01
2.450488358736038208e-01
3.647559285163879395e-01
1.578983068466186523e-01
1.034428328275680542e-01
6.306498497724533081e-02
1.863054633140563965e-01
1.959893405437469482e-01
1.322177499532699585e-01
1.411678493022918701e-01
3.881071805953979492e-01
2.732136845588684082e-01
2.156493216753005981e-01
3.570151329040527344e-01
1.061139479279518127e-01
1.730267405509948730e-01
9.882721304893493652e-02
1.636670380830764771e-01
1.188267916440963745e-01
5.658826231956481934e-01
3.698915541172027588e-01
1.323402523994445801e-01
2.400651276111602783e-01
1.625373661518096924e-01
1.835081875324249268e-01
1.586159318685531616e-01
1.258983463048934937e-01
2.757624983787536621e-01
3.116685748100280762e-01
1.528803110122680664e-01
2.548931241035461426e-01
2.230312377214431763e-01
2.991994321346282959e-01
2.932332456111907959e-01
2.624197304248809814e-01
3.578032553195953369e-01
3.832060992717742920e-01
2.017192542552947998e-01
1.690775454044342041e-01
2.268039137125015259e-01
2.172402739524841309e-01
2.650174498558044434e-01
2.743418812751770020e-01
2.259724736213684082e-01
3.724883198738098145e-01
2.735655903816223145e-01
3.553744554519653320e-01
1.164344847202301025e-01
2.133949995040893555e-01
2.873571515083312988e-01
1.920458674430847168e-01
3.191059827804565430e-01
1.825256347656250000e-01
3.212064206600189209e-01
1.832398176193237305e-01
2.754873633384704590e-01
2.100690603256225586e-01
1.845690608024597168e-01
1.079571694135665894e-01
2.364871799945831299e-01
1.929230988025665283e-01
5.265348553657531738e-01
1.985535472631454468e-01
6.698285043239593506e-02
3.432409167289733887e-01
1.825706511735916138e-01
3.416591882705688477e-01
8.148682117462158203e-02
2.154749929904937744e-01
1.462479978799819946e-01
1.585336625576019287e-01
1.809497773647308350e-01
3.411432504653930664e-01
2.107080519199371338e-01
1.392245143651962280e-01
1.608975231647491455e-01
2.882329225540161133e-01
2.150291353464126587e-01
1.138009876012802124e-01
1.465940475463867188e-01
3.109414577484130859e-01
2.240528613328933716e-01
4.905813559889793396e-02
1.169913113117218018e-01
2.530300617218017578e-01
1.376384049654006958e-01
1.194120794534683228e-01
1.823440492153167725e-01
4.946474432945251465e-01
2.157385200262069702e-01
1.329998970031738281e-01
2.700382471084594727e-01
5.286650657653808594e-01
2.257353067398071289e-01
2.864661216735839844e-01
4.880680143833160400e-02
3.063501119613647461e-01
2.813820838928222656e-01
2.054496705532073975e-01
1.771635711193084717e-01
2.208822965621948242e-01
4.684599041938781738e-01
1.609349846839904785e-01
2.658467590808868408e-01
1.950972080230712891e-01
7.423524558544158936e-02
9.193284809589385986e-02
7.425327599048614502e-02
1.863151788711547852e-01
1.522681862115859985e-01
3.575894832611083984e-01
1.015684455633163452e-01
2.948446571826934814e-01
4.006695151329040527e-01
4.035484790802001953e-01
2.958872616291046143e-01
3.312554657459259033e-01
1.837230622768402100e-01
1.635310053825378418e-01
2.772728800773620605e-01
1.096925958991050720e-01
1.518162637948989868e-01
1.329141110181808472e-01
1.285236477851867676e-01
2.847677469253540039e-01
1.847453713417053223e-01
2.911866307258605957e-01
2.744621932506561279e-01
3.238750100135803223e-01
2.691003382205963135e-01
3.115683794021606445e-01
1.113541126251220703e-01
2.425962686538696289e-01
2.334530651569366455e-01
1.887938082218170166e-01
3.000077903270721436e-01
1.090808361768722534e-01
1.640665829181671143e-01
1.359833776950836182e-01
1.697693914175033569e-01
1.338899433612823486e-01
1.103628501296043396e-01
8.937827497720718384e-02
1.617634296417236328e-01
2.757208049297332764e-01
1.238644272089004517e-01
3.754564523696899414e-01
1.996653378009796143e-01
3.001735210418701172e-01
1.560408771038055420e-01
3.201894164085388184e-01
7.322321832180023193e-02
1.635438203811645508e-01
1.041094213724136353e-01
1.760229617357254028e-01
1.346033364534378052e-01
3.282285630702972412e-01
3.430356383323669434e-01
2.234822213649749756e-01
2.090356051921844482e-01
1.753992140293121338e-01
1.233942955732345581e-01
1.192823052406311035e-01
2.778831422328948975e-01
5.034575462341308594e-01
3.051850199699401855e-01
1.845499277114868164e-01
2.463633865118026733e-01
1.803577244281768799e-01
1.905449330806732178e-01
1.119046956300735474e-01
2.099346220493316650e-01
4.426606893539428711e-01
3.591535091400146484e-01
3.252755403518676758e-01
2.395465970039367676e-01
3.039574623107910156e-01
4.371483623981475830e-01
1.914960592985153198e-01
3.570699691772460938e-01
1.833949089050292969e-01
4.290958046913146973e-01
2.225829064846038818e-01
1.736634373664855957e-01
1.732703745365142822e-01
1.456091701984405518e-01
1.797223240137100220e-01
3.101272583007812500e-01
3.121613860130310059e-01
4.219082593917846680e-01
2.751922607421875000e-01
1.968706697225570679e-01
2.887876629829406738e-01
2.141202688217163086e-01
4.027137160301208496e-01
1.513008326292037964e-01
2.108485102653503418e-01
1.812067329883575439e-01
1.057121157646179199e-01
2.718909680843353271e-01
2.735058963298797607e-01
8.582867681980133057e-02
4.152570366859436035e-01
1.688167750835418701e-01
3.002400994300842285e-01
3.179509937763214111e-01
2.041749656200408936e-01
8.987713605165481567e-02
2.164010703563690186e-01
1.763736307621002197e-01
2.992590069770812988e-01
2.046258896589279175e-01
3.076184689998626709e-01
1.529122889041900635e-01
2.016683816909790039e-01
6.765975803136825562e-02
6.377863883972167969e-02
1.569408029317855835e-01
8.047749847173690796e-02
1.706188321113586426e-01
1.455226242542266846e-01
2.488690912723541260e-01
2.818570137023925781e-01
3.697932660579681396e-01
1.380621790885925293e-01
2.535443007946014404e-01
3.385853767395019531e-01
3.247208595275878906e-01
9.701998531818389893e-02
1.161859109997749329e-01
3.341273665428161621e-01
3.376014232635498047e-01
1.124740839004516602e-01
2.383798360824584961e-01
1.308123171329498291e-01
7.787486165761947632e-02
3.881679177284240723e-01
9.369461238384246826e-02
1.268036812543869019e-01
5.617161840200424194e-02
2.592815160751342773e-01
1.730571538209915161e-01
2.613177895545959473e-01
2.289884090423583984e-01
2.247869372367858887e-01
1.546295881271362305e-01
2.158005833625793457e-01
1.832939386367797852e-01
2.093312442302703857e-01
1.420746594667434692e-01
1.802500188350677490e-01
2.082088440656661987e-01
5.917432531714439392e-02
2.215939462184906006e-01
2.596738338470458984e-01
4.787087738513946533e-01
1.069627851247787476e-01
2.506208419799804688e-01
5.009900927543640137e-01
2.797521948814392090e-01
1.430664956569671631e-01
1.946725398302078247e-01
9.432950615882873535e-02
3.364563584327697754e-01
1.550348252058029175e-01
1.241697520017623901e-01
1.762169003486633301e-01
3.307921290397644043e-01
2.804071903228759766e-01
3.637855648994445801e-01
1.938780546188354492e-01
3.534631729125976562e-01
1.704354882240295410e-01
2.257515490055084229e-01
3.960673511028289795e-01
3.742217123508453369e-01
1.715935468673706055e-01
2.658452391624450684e-01
3.263865709304809570e-01
1.968349665403366089e-01
2.072236239910125732e-01
1.342122852802276611e-01
1.685414165258407593e-01
2.329455018043518066e-01
2.738748192787170410e-01
2.260295003652572632e-01
1.908834427595138550e-01
4.819102883338928223e-01
2.562519609928131104e-01
2.410701662302017212e-01
2.434141784906387329e-01
1.428401917219161987e-01
1.328633725643157959e-01
1.423746645450592041e-01
1.793755590915679932e-01
1.689172983169555664e-01
2.291404306888580322e-01
1.323739737272262573e-01
2.984341084957122803e-01
9.980113804340362549e-02
2.968090474605560303e-01
4.185403883457183838e-02
3.429434895515441895e-01
1.542728394269943237e-01
3.075536191463470459e-01
2.052263468503952026e-01
2.976235151290893555e-01
1.253806352615356445e-01
2.032267302274703979e-01
3.186967968940734863e-01
1.650940775871276855e-01
1.696811169385910034e-01
1.321645081043243408e-01
2.462662011384963989e-01
3.395769000053405762e-01
3.898687362670898438e-01
1.440487802028656006e-01
6.387940645217895508e-01
4.663684368133544922e-01
2.819526791572570801e-01
1.853652894496917725e-01
9.842605888843536377e-02
2.225923389196395874e-01
3.077441751956939697e-01
1.461833268404006958e-01
1.779181361198425293e-01
2.075056433677673340e-01
1.252899318933486938e-01
1.170875355601310730e-01
2.449046075344085693e-01
2.648850977420806885e-01
1.939054727554321289e-01
1.699209213256835938e-01
2.048822939395904541e-01
9.576862305402755737e-02
2.597249746322631836e-01
1.317849308252334595e-01
1.407909989356994629e-01
1.619553565979003906e-01
2.119333595037460327e-01
2.500818371772766113e-01
1.731254160404205322e-01
1.645922809839248657e-01
1.784340143203735352e-01
1.263923645019531250e-01
9.652489423751831055e-02
2.517271637916564941e-01
2.437600195407867432e-01
6.247784569859504700e-02
3.255131840705871582e-01
1.350009590387344360e-01
1.942898631095886230e-01
2.917852997779846191e-01
3.610389232635498047e-01
1.123606264591217041e-01
1.614358425140380859e-01
2.089125365018844604e-01
8.929096162319183350e-02
1.736407279968261719e-01
4.532824456691741943e-02
4.268138408660888672e-01
2.984843552112579346e-01
2.559370100498199463e-01
2.115973085165023804e-01
2.945570051670074463e-01
2.602199614048004150e-01
3.210322856903076172e-01
1.168601065874099731e-01
1.486307382583618164e-01
9.310261160135269165e-02
4.743574559688568115e-01
2.227988839149475098e-01
2.076501250267028809e-01
8.310589194297790527e-02
1.991010308265686035e-01
1.648931950330734253e-01
1.286262720823287964e-01
2.156420052051544189e-01
2.538754940032958984e-01
3.415590524673461914e-01
3.595029115676879883e-01
2.019728720188140869e-01
2.069617211818695068e-01
1.744099557399749756e-01
2.961596846580505371e-01
2.806522250175476074e-01
3.266152441501617432e-01
3.341085016727447510e-01
2.052626013755798340e-01
5.782982334494590759e-02
1.530597954988479614e-01
2.409970760345458984e-01
1.278312504291534424e-01
1.201604753732681274e-01
2.049575448036193848e-01
2.645326852798461914e-01
3.258796334266662598e-01
6.069596856832504272e-02
4.194967448711395264e-01
4.020556509494781494e-01
1.640937626361846924e-01
2.104052454233169556e-01
1.973859071731567383e-01
4.155087471008300781e-01
2.845883369445800781e-01
3.178280591964721680e-01
2.121727764606475830e-01
3.054760098457336426e-01
3.245958685874938965e-01
1.571201086044311523e-01
2.923153936862945557e-01
1.674886494874954224e-01
1.390498727560043335e-01
2.427143454551696777e-01
2.241317331790924072e-01
1.277205497026443481e-01
9.938338398933410645e-02
2.146203070878982544e-01
1.784493029117584229e-01
3.746479451656341553e-01
2.131694555282592773e-01
2.172537147998809814e-01
8.657333999872207642e-02
1.703077107667922974e-01
3.411678075790405273e-01
1.725305765867233276e-01
3.559020161628723145e-01
2.318481951951980591e-01
3.407970070838928223e-01
1.995875090360641479e-01
2.247655391693115234e-01
2.380989491939544678e-01
1.345694214105606079e-01
3.952359855175018311e-01
1.084466129541397095e-01
9.649837017059326172e-02
1.213196814060211182e-01
1.393440365791320801e-01
1.635913848876953125e-01
1.707297563552856445e-01
1.937131881713867188e-01
3.429404497146606445e-01
2.259402573108673096e-01
1.377740204334259033e-01
3.975914120674133301e-01
1.560827195644378662e-01
4.518670216202735901e-02
1.583287715911865234e-01
1.123247593641281128e-01
2.959716618061065674e-01
2.619803249835968018e-01
1.677354574203491211e-01
2.934230566024780273e-01
2.529588341712951660e-01
5.866191983222961426e-01
2.546056509017944336e-01
1.924385726451873779e-01
7.823710143566131592e-02
4.741268455982208252e-01
3.605726957321166992e-01
2.782618999481201172e-01
2.087438106536865234e-01
2.088272571563720703e-01
3.625094890594482422e-01
3.117083609104156494e-01
4.387045204639434814e-01
2.343914508819580078e-01
1.682293117046356201e-01
4.981493055820465088e-01
2.871989011764526367e-01
3.650063574314117432e-01
3.073344826698303223e-01
4.701084196567535400e-01
5.339108109474182129e-01
3.839665949344635010e-01
1.800080537796020508e-01
2.607546448707580566e-01
2.386650145053863525e-01
5.360926985740661621e-01
2.326176166534423828e-01
1.922163069248199463e-01
1.402114927768707275e-01
2.289603352546691895e-01
1.718930304050445557e-01
3.722824156284332275e-01
2.454588860273361206e-01
2.745646834373474121e-01
1.850918829441070557e-01
2.573308944702148438e-01
1.220395192503929138e-01
9.921252727508544922e-02
2.601247727870941162e-01
2.010015845298767090e-01
1.966215074062347412e-01
3.705229759216308594e-01
7.715629786252975464e-02
2.364690303802490234e-01
1.817582398653030396e-01
1.981620788574218750e-01
1.911906450986862183e-01
1.446499377489089966e-01
2.636079788208007812e-01
2.472039461135864258e-01
3.073124289512634277e-01
3.678288459777832031e-01
2.885985970497131348e-01
1.884802281856536865e-01
1.308090686798095703e-01
1.206373870372772217e-01
2.973195910453796387e-01
8.908737450838088989e-02
1.654519140720367432e-01
6.103971600532531738e-02
1.392515152692794800e-01
3.644068241119384766e-01
2.430744320154190063e-01
2.579168379306793213e-01
4.426851868629455566e-01
2.422858774662017822e-01
1.374581158161163330e-01
2.189716994762420654e-01
3.821638226509094238e-01
1.580506563186645508e-01
1.924339681863784790e-01
4.572337269783020020e-01
1.118788570165634155e-01
2.440486550331115723e-01
2.703958749771118164e-01
2.316559553146362305e-01
2.396076619625091553e-01
1.130364984273910522e-01
1.277903169393539429e-01
2.843732535839080811e-01
8.625297993421554565e-02
3.252603709697723389e-01
3.202020823955535889e-01
5.781558528542518616e-02
9.042251855134963989e-02
1.211011856794357300e-01
5.090222507715225220e-02
3.892683088779449463e-01
1.739249229431152344e-01
1.442431956529617310e-01
2.338267117738723755e-01
4.160243272781372070e-01
2.332141101360321045e-01
1.436597555875778198e-01
1.564802229404449463e-01
2.808963656425476074e-01
4.354959130287170410e-01
1.377347260713577271e-01
2.087171524763107300e-01
4.455662518739700317e-02
3.891126513481140137e-01
7.673929631710052490e-02
6.584950089454650879e-01
1.804962754249572754e-01
6.424439698457717896e-02
2.021460235118865967e-01
2.384348809719085693e-01
2.211644053459167480e-01
2.967491745948791504e-01
1.838006526231765747e-01
3.069572448730468750e-01
2.044939249753952026e-01
1.387056261301040649e-01
2.750793993473052979e-01
1.509813666343688965e-01
2.967673838138580322e-01
1.589789241552352905e-01
2.984547913074493408e-01
2.392202019691467285e-01
1.759713590145111084e-01
1.601929813623428345e-01
1.385643035173416138e-01
3.755128383636474609e-01
2.370890080928802490e-01
3.048868775367736816e-01
4.082116484642028809e-01
2.463165074586868286e-01
3.980595469474792480e-01
2.118126153945922852e-01
2.369483262300491333e-01
1.085882410407066345e-01
6.540673971176147461e-01
3.037442862987518311e-01
1.495363712310791016e-01
2.282511591911315918e-01
7.950379699468612671e-02
2.758477926254272461e-01
1.694758087396621704e-01
1.768672168254852295e-01
3.638708591461181641e-01
1.208715587854385376e-01
4.520789980888366699e-01
1.517438888549804688e-01
4.427812397480010986e-01
1.111354827880859375e-01
1.505098342895507812e-01
4.523802995681762695e-01
2.813084721565246582e-01
1.897419095039367676e-01
2.358400672674179077e-01
9.223181009292602539e-02
2.796829938888549805e-01
1.043559014797210693e-01
1.229635626077651978e-01
3.252652883529663086e-01
3.436509370803833008e-01
2.157375514507293701e-01
4.303646087646484375e-01
2.008175551891326904e-01
3.122166991233825684e-01
2.389726340770721436e-01
2.318453043699264526e-01
2.134044468402862549e-01
3.278770744800567627e-01
1.549948304891586304e-01
2.241523414850234985e-01
1.276553869247436523e-01
3.496994376182556152e-01
9.981101751327514648e-02
9.933874011039733887e-02
1.927369385957717896e-01
1.779561042785644531e-01
2.437766641378402710e-01
2.932942509651184082e-01
8.305057883262634277e-02
1.978409290313720703e-01
1.390771567821502686e-01
3.466874361038208008e-01
1.544571816921234131e-01
5.852867290377616882e-02
8.726332336664199829e-02
2.022791802883148193e-01
2.844405770301818848e-01
7.086735963821411133e-02
2.363412827253341675e-01
1.575145423412322998e-01
2.313041239976882935e-01
2.664698362350463867e-01
9.923957288265228271e-02
9.151353687047958374e-02
2.766164839267730713e-01
1.134053170680999756e-01
8.808148652315139771e-02
2.988683283329010010e-01
2.323492020368576050e-01
3.297098577022552490e-01
1.533421576023101807e-01
2.367230057716369629e-01
2.000462114810943604e-01
2.890942692756652832e-01
1.430119872093200684e-01
2.978894114494323730e-01
3.173443675041198730e-01
3.234640359878540039e-01
1.302551776170730591e-01
4.046667814254760742e-01
2.234865427017211914e-01
1.739937067031860352e-01
2.291091680526733398e-01
1.976690292358398438e-01
1.427753567695617676e-01
2.843690514564514160e-01
2.094412297010421753e-01
3.830021023750305176e-01
7.936227321624755859e-02
7.392177730798721313e-02
8.042726665735244751e-02
1.816888153553009033e-01
2.509769499301910400e-01
3.647761642932891846e-01
1.294222325086593628e-01
3.783991932868957520e-01
2.731252610683441162e-01
7.747176289558410645e-02
1.749029457569122314e-01
3.289075195789337158e-01
2.218004465103149414e-01
1.316457986831665039e-01
1.323310434818267822e-01
1.818572878837585449e-01
4.893642663955688477e-01
3.114864230155944824e-01
3.635264039039611816e-01
2.730306982994079590e-01
3.364233970642089844e-01
9.095825254917144775e-02
3.010604679584503174e-01
3.053063452243804932e-01
1.249459609389305115e-01
1.258477121591567993e-01
2.451882660388946533e-01
2.378425449132919312e-01
1.526019871234893799e-01
4.027234911918640137e-01
1.504506766796112061e-01
2.022716552019119263e-01
5.616735294461250305e-02
3.862754106521606445e-01
2.676478326320648193e-01
1.479854583740234375e-01
1.257079243659973145e-01
2.761529684066772461e-01
3.045587241649627686e-01
8.354131877422332764e-02
9.546612203121185303e-02
3.173581957817077637e-01
2.302404195070266724e-01
6.881865859031677246e-02
3.571852147579193115e-01
1.879288405179977417e-01
3.458538651466369629e-01
1.746908724308013916e-01
1.275625377893447876e-01
2.042130827903747559e-01
3.659631907939910889e-01
4.844390153884887695e-01
3.847639858722686768e-01
2.988572120666503906e-01
3.184144794940948486e-01
2.909584641456604004e-01
1.985824555158615112e-01
3.279894888401031494e-01
2.366714775562286377e-01
1.153485625982284546e-01
2.621777057647705078e-01
2.256959974765777588e-01
3.618255257606506348e-01
1.299537271261215210e-01
2.770301699638366699e-01
1.107397526502609253e-01
2.732184231281280518e-01
2.152722179889678955e-01
8.865575492382049561e-02
2.606377601623535156e-01
1.694080531597137451e-01
2.739799618721008301e-01
2.066942900419235229e-01
4.054308831691741943e-01
2.602545320987701416e-01
1.398141980171203613e-01
2.791787385940551758e-01
1.348378658294677734e-01
2.956033349037170410e-01
2.280678451061248779e-01
8.960522711277008057e-02
1.234805136919021606e-01
3.898223638534545898e-01
3.488923311233520508e-01
4.192845225334167480e-01
1.073362678289413452e-01
3.790452182292938232e-01
1.950595974922180176e-01
2.003105431795120239e-01
3.368127942085266113e-01
1.895608305931091309e-01
1.773407906293869019e-01
2.939270138740539551e-01
3.100930452346801758e-01
2.208625078201293945e-01
1.394357979297637939e-01
4.319216609001159668e-01
1.087939292192459106e-01
1.671958863735198975e-01
1.948044896125793457e-01
2.260606139898300171e-01
2.027856409549713135e-01
2.387769222259521484e-01
3.022444844245910645e-01
2.412185668945312500e-01
4.951268434524536133e-01
2.978737950325012207e-01
2.756288647651672363e-01
2.737065851688385010e-01
3.589771986007690430e-01
9.760385751724243164e-02
7.773887366056442261e-02
1.504404693841934204e-01
1.196316853165626526e-01
2.570632100105285645e-01
9.453176707029342651e-02
1.483245491981506348e-01
2.581276297569274902e-01
1.532912254333496094e-01
3.025369346141815186e-01
3.170160055160522461e-01
3.445381820201873779e-01
3.554682731628417969e-01
1.571469902992248535e-01
1.916779875755310059e-01
3.232802748680114746e-01
1.969046145677566528e-01
2.524517774581909180e-01
2.001231610774993896e-01
2.575963139533996582e-01
1.142288073897361755e-01
1.701733618974685669e-01
5.865820050239562988e-01
3.972942233085632324e-01
3.788495361804962158e-01
1.599333584308624268e-01
1.879672706127166748e-01
4.329225122928619385e-01
3.696293830871582031e-01
2.095447778701782227e-01
5.813552141189575195e-01
2.633653879165649414e-01
2.957413494586944580e-01
3.144510686397552490e-01
2.292604446411132812e-01
2.618167996406555176e-01
1.992598176002502441e-01
2.872596383094787598e-01
9.746329486370086670e-02
1.214776188135147095e-01
1.816529333591461182e-01
2.851059138774871826e-01
1.436162590980529785e-01
2.727745175361633301e-01
1.435051113367080688e-01
1.980462372303009033e-01
4.640733003616333008e-01
2.619889974594116211e-01
3.791948258876800537e-01
2.217352539300918579e-01
3.044727146625518799e-01
1.726418435573577881e-01
3.263856470584869385e-01
3.170567154884338379e-01
1.499665379524230957e-01
2.291651666164398193e-01
1.863137930631637573e-01
2.386261373758316040e-01
2.359784096479415894e-01
1.913789957761764526e-01
1.792064458131790161e-01
1.593579500913619995e-01
1.009941324591636658e-01
5.068904757499694824e-01
2.080969214439392090e-01
2.438473105430603027e-01
7.979987561702728271e-02
2.031862884759902954e-01
3.924443125724792480e-01
3.779718279838562012e-01
1.854998469352722168e-01
5.039902329444885254e-01
2.341095060110092163e-01
1.851979941129684448e-01
1.366625577211380005e-01
2.136977910995483398e-01
1.249657347798347473e-01
2.271862924098968506e-01
2.510104179382324219e-01
1.857971101999282837e-01
7.648123055696487427e-02
1.141224354505538940e-01
2.351072877645492554e-01
1.536162197589874268e-01
6.031062453985214233e-02
7.954013347625732422e-02
1.791852563619613647e-01
2.215156406164169312e-01
1.106393784284591675e-01
1.504479050636291504e-01
1.549914032220840454e-01
2.581478953361511230e-01
2.071205079555511475e-01
3.130508065223693848e-01
5.134904012084007263e-02
3.145209252834320068e-01
5.020135641098022461e-01
1.235107183456420898e-01
1.348028630018234253e-01
1.061395853757858276e-01
1.225866898894309998e-01
3.799930214881896973e-01
1.216610819101333618e-01
2.029086947441101074e-01
1.169555783271789551e-01
1.260000467300415039e-01
1.665705889463424683e-01
2.340865880250930786e-01
2.108385562896728516e-01
2.255603820085525513e-01
3.168295919895172119e-01
3.128779530525207520e-01
2.393234372138977051e-01
1.384610384702682495e-01
1.485958397388458252e-01
1.604634225368499756e-01
3.957231640815734863e-01
2.259350866079330444e-01
1.540985703468322754e-01
1.465112566947937012e-01
3.431844115257263184e-01
1.688075661659240723e-01
2.646836638450622559e-01
2.531518638134002686e-01
1.279370486736297607e-01
2.776702642440795898e-01
2.029141187667846680e-01
1.523175835609436035e-01
3.020419776439666748e-01
2.489736229181289673e-01
3.465269804000854492e-01
4.009546041488647461e-01
1.399048566818237305e-01
2.852681875228881836e-01
2.465887963771820068e-01
2.516863346099853516e-01
2.163625657558441162e-01
1.597321033477783203e-01
6.773199886083602905e-02
5.619410797953605652e-02
1.839318871498107910e-01
3.689672946929931641e-01
2.520083785057067871e-01
2.118306457996368408e-01
1.861116737127304077e-01
3.584826290607452393e-01
1.910500675439834595e-01
1.018864884972572327e-01
1.362136006355285645e-01
2.103397548198699951e-01
3.471539020538330078e-01
1.100595146417617798e-01
6.138089671730995178e-02
9.358351677656173706e-02
5.791748315095901489e-02
1.548656821250915527e-01
1.707939356565475464e-01
8.254704624414443970e-02
2.296104729175567627e-01
1.459291279315948486e-01
2.835667729377746582e-01
1.400765031576156616e-01
2.941685914993286133e-01
3.168102502822875977e-01
1.248361021280288696e-01
2.008619606494903564e-01
1.235375106334686279e-01
1.704902201890945435e-01
3.829900622367858887e-01
3.697198629379272461e-01
1.820566356182098389e-01
1.455876529216766357e-01
1.440532207489013672e-01
3.166761398315429688e-01
1.880148351192474365e-01
2.160803079605102539e-01
2.182667404413223267e-01
5.524528622627258301e-01
8.372172713279724121e-02
2.514722943305969238e-01
1.713478565216064453e-01
1.662151217460632324e-01
6.165067851543426514e-02
2.524666488170623779e-01
2.306916117668151855e-01
5.533229112625122070e-01
2.027594298124313354e-01
1.221416145563125610e-01
4.451301693916320801e-01
2.291188091039657593e-01
3.036558032035827637e-01
2.614186406135559082e-01
2.505682110786437988e-01
1.893342435359954834e-01
1.992360055446624756e-01
1.589247733354568481e-01
2.690753936767578125e-01
2.224668562412261963e-01
2.254174351692199707e-01
3.048027157783508301e-01
6.173527240753173828e-02
4.861462116241455078e-01
8.777342736721038818e-02
2.313694357872009277e-01
1.354869902133941650e-01
2.423060834407806396e-01
1.946576088666915894e-01
1.399501860141754150e-01
1.579328477382659912e-01
2.904131412506103516e-01
1.190172582864761353e-01
9.036046266555786133e-02
2.521841526031494141e-01
2.498033642768859863e-01
3.517418503761291504e-01
2.173989564180374146e-01
2.133966088294982910e-01
1.420842707157135010e-01
2.210783213376998901e-01
4.558448791503906250e-01
2.220686376094818115e-01
2.611790895462036133e-01
2.541436254978179932e-01
3.766066730022430420e-01
2.194206118583679199e-01
1.916081458330154419e-01
6.123427301645278931e-02
3.544567227363586426e-01
2.123672962188720703e-01
1.219830065965652466e-01
3.219081461429595947e-01
3.835228383541107178e-01
2.209490537643432617e-01
1.268765330314636230e-01
2.810812294483184814e-01
3.530989885330200195e-01
1.147566586732864380e-01
1.244024336338043213e-01
2.247993797063827515e-01
9.792085736989974976e-02
1.488419473171234131e-01
1.552721560001373291e-01
1.339651346206665039e-01
1.536526381969451904e-01
3.891279101371765137e-01
2.604756355285644531e-01
2.362063229084014893e-01
3.142458796501159668e-01
2.845027744770050049e-01
1.415711641311645508e-01
5.419518798589706421e-02
2.501641213893890381e-01
2.161570191383361816e-01
3.037400841712951660e-01
1.000979691743850708e-01
3.151065707206726074e-01
1.242266371846199036e-01
1.613184064626693726e-01
1.825309097766876221e-01
4.411501884460449219e-01
1.410768777132034302e-01
3.658665716648101807e-01
2.056107521057128906e-01
2.258009761571884155e-01
3.562601208686828613e-01
2.385261058807373047e-01
3.094522953033447266e-01
3.556393682956695557e-01
2.612557411193847656e-01
1.890991777181625366e-01
4.785801470279693604e-01
1.561719775199890137e-01
2.165827006101608276e-01
3.187358975410461426e-01
2.320946753025054932e-01
2.577432394027709961e-01
3.287793397903442383e-01
2.821799218654632568e-01
4.557950496673583984e-01
6.422913074493408203e-02
1.806617975234985352e-01
4.784089922904968262e-01
1.120131462812423706e-01
1.560710370540618896e-01
1.858717799186706543e-01
2.031709849834442139e-01
2.837417423725128174e-01
1.207122132182121277e-01
1.113696843385696411e-01
1.330789476633071899e-01
3.082120716571807861e-01
1.514138579368591309e-01
1.419656425714492798e-01
2.233839482069015503e-01
1.732095330953598022e-01
2.881697416305541992e-01
6.748445332050323486e-02
2.185914814472198486e-01
2.264398634433746338e-01
1.778107732534408569e-01
2.314282208681106567e-01
1.789278686046600342e-01
1.830481290817260742e-01
2.330856323242187500e-01
1.192940920591354370e-01
6.670542806386947632e-02
2.164145708084106445e-01
2.764922380447387695e-01
2.489681839942932129e-01
2.902399897575378418e-01
7.641946077346801758e-01
1.608338654041290283e-01
5.507083535194396973e-01
3.881703019142150879e-01
2.963036894798278809e-01
1.107355952262878418e-01
3.242827653884887695e-01
2.813822031021118164e-01
5.371697545051574707e-01
2.986105978488922119e-01
7.291507720947265625e-02
2.774715125560760498e-01
4.521704912185668945e-01
2.206227183341979980e-01
1.114471778273582458e-01
6.383265256881713867e-01
4.253491759300231934e-01
3.467243909835815430e-01
5.908598303794860840e-01
2.536930441856384277e-01
1.556860804557800293e-01
5.409396886825561523e-01
3.074752688407897949e-01
2.337927669286727905e-01
9.563790261745452881e-02
1.791114509105682373e-01
1.391147077083587646e-01
3.623465001583099365e-01
3.399965167045593262e-01
3.306190073490142822e-01
2.687897086143493652e-01
6.493588536977767944e-02
1.576345562934875488e-01
4.436978995800018311e-01
1.491126716136932373e-01
3.141234517097473145e-01
2.794695496559143066e-01
3.379619717597961426e-01
3.391945064067840576e-01
1.631256341934204102e-01
2.955377101898193359e-01
2.583468258380889893e-01
3.271977901458740234e-01
2.247418016195297241e-01
9.474577009677886963e-02
1.572444736957550049e-01
2.517960071563720703e-01
2.039821743965148926e-01
1.140740513801574707e-01
4.000410735607147217e-01
3.412372469902038574e-01
1.126609891653060913e-01
2.618613839149475098e-01
4.046457409858703613e-01
1.291119456291198730e-01
3.635770976543426514e-01
3.107810914516448975e-01
1.732052862644195557e-01
1.603622287511825562e-01
2.555687129497528076e-01
3.954803049564361572e-01
4.629131555557250977e-01
1.334457099437713623e-01
1.974854171276092529e-01
1.495366394519805908e-01
1.437808275222778320e-01
4.790649712085723877e-01
1.941755861043930054e-01
1.161505803465843201e-01
1.761381626129150391e-01
6.116018816828727722e-02
2.130049169063568115e-01
2.393341660499572754e-01
9.803430736064910889e-02
2.111384868621826172e-01
2.021004557609558105e-01
3.121710121631622314e-01
1.523426473140716553e-01
2.667522728443145752e-01
1.738356351852416992e-01
3.083809018135070801e-01
2.607785761356353760e-01
2.783909440040588379e-01
1.873470246791839600e-01
2.370575815439224243e-01
2.340307235717773438e-01
1.755934357643127441e-01
4.313876032829284668e-01
2.067783176898956299e-01
2.076660990715026855e-01
7.869778573513031006e-02
2.166672646999359131e-01
1.973317861557006836e-01
1.030815839767456055e-01
1.016343012452125549e-01
1.116831451654434204e-01
1.921794116497039795e-01
2.089092731475830078e-01
6.928647309541702271e-02
2.304654270410537720e-01
2.102966606616973877e-01
6.821414828300476074e-02
1.879999786615371704e-01
3.168025985360145569e-02
5.941500663757324219e-01
4.066841602325439453e-01
2.724567651748657227e-01
4.361482858657836914e-01
2.269707471132278442e-01
3.510038256645202637e-01
2.258720844984054565e-01
1.815600842237472534e-01
3.556706607341766357e-01
8.809833228588104248e-02
2.751369178295135498e-01
1.468083411455154419e-01
1.677099764347076416e-01
2.353307455778121948e-01
3.412304222583770752e-01
1.167254447937011719e-01
2.839708924293518066e-01
3.678390383720397949e-01
1.937294751405715942e-01
1.212361454963684082e-01
3.867675364017486572e-01
2.785070538520812988e-01
2.496420443058013916e-01
2.385092675685882568e-01
1.230154111981391907e-01
1.331736147403717041e-01
1.220593452453613281e-01
1.995061784982681274e-01
8.743803203105926514e-02
2.945575118064880371e-01
1.386654078960418701e-01
1.884155273437500000e-01
3.263569176197052002e-01
1.225310862064361572e-01
1.834939718246459961e-01
1.965616941452026367e-01
3.384370803833007812e-01
3.233800530433654785e-01
2.877666950225830078e-01
4.634373188018798828e-01
1.145741418004035950e-01
2.091925889253616333e-01
7.521159201860427856e-02
2.539700865745544434e-01
2.611500620841979980e-01
2.897993624210357666e-01
3.494971096515655518e-01
