1.319268941879272461e-01
6.499293446540832520e-02
1.095690727233886719e-01
1.667649894952774048e-01
3.748048841953277588e-01
1.244129985570907593e-01
1.225938796997070312e-01
2.475510835647583008e-01
3.587081432342529297e-01
2.308571189641952515e-01
2.171235978603363037e-01
1.568948030471801758e-01
1.331472694873809814e-01
1.574874818325042725e-01
3.669619560241699219e-01
2.943959236145019531e-01
8.676877617835998535e-02
2.360942214727401733e-01
8.208640664815902710e-02
3.471340835094451904e-01
1.503681987524032593e-01
1.945740878582000732e-01
2.697809636592864990e-01
4.237712919712066650e-01
3.031855821609497070e-01
2.395071089267730713e-01
2.859613895416259766e-01
5.477503538131713867e-01
3.198801577091217041e-01
1.969631910324096680e-01
3.110700249671936035e-01
1.240877658128738403e-01
1.621898710727691650e-01
5.731911063194274902e-01
4.485515654087066650e-01
2.093752622604370117e-01
3.842699527740478516e-01
1.725196242332458496e-01
1.422035694122314453e-01
3.093497157096862793e-01
1.235452964901924133e-01
1.962766349315643311e-01
1.609972715377807617e-01
2.029543817043304443e-01
3.059505224227905273e-01
1.870612949132919312e-01
3.003689646720886230e-01
2.073852866888046265e-01
7.719410955905914307e-02
1.358922719955444336e-01
4.011121690273284912e-01
1.989369392395019531e-01
2.051579356193542480e-01
1.582019478082656860e-01
1.209622547030448914e-01
1.037339717149734497e-01
2.062243819236755371e-01
4.004790782928466797e-01
1.578092575073242188e-01
1.491128802299499512e-01
1.584242582321166992e-01
9.554717689752578735e-02
3.159903585910797119e-01
1.407370269298553467e-01
2.672272324562072754e-01
2.023496031761169434e-01
1.639312803745269775e-01
6.672707945108413696e-02
1.057500839233398438e-01
2.001743614673614502e-01
1.357823759317398071e-01
2.214314639568328857e-01
1.333817839622497559e-01
3.154994249343872070e-01
2.004582732915878296e-01
2.095914781093597412e-01
3.953023552894592285e-01
3.490067422389984131e-01
1.622370034456253052e-01
1.387607604265213013e-01
1.125053316354751587e-01
1.966032683849334717e-01
1.251873970031738281e-01
6.062452122569084167e-02
1.745630800724029541e-01
3.053817152976989746e-01
2.991859018802642822e-01
1.773848533630371094e-01
1.549861431121826172e-01
1.182728111743927002e-01
1.794953048229217529e-01
1.760762482881546021e-01
2.531100511550903320e-01
4.533735662698745728e-02
6.363245248794555664e-01
2.616860866546630859e-01
8.685952425003051758e-02
3.153326809406280518e-01
1.600877344608306885e-01
1.751380562782287598e-01
3.912140130996704102e-01
3.770019114017486572e-01
1.777199804782867432e-01
1.883349418640136719e-01
2.172936946153640747e-01
2.057487070560455322e-01
2.196916341781616211e-01
1.005965769290924072e-01
1.616508960723876953e-01
3.257648944854736328e-01
2.021702229976654053e-01
7.317256182432174683e-02
1.710531711578369141e-01
8.032386004924774170e-02
6.587854623794555664e-01
6.022718548774719238e-01
3.854973912239074707e-01
2.739046812057495117e-01
2.340518236160278320e-01
2.765831649303436279e-01
3.585587441921234131e-01
8.023497462272644043e-02
1.416685283184051514e-01
1.809861361980438232e-01
1.849915683269500732e-01
1.979203224182128906e-01
1.056042537093162537e-01
1.636721044778823853e-01
1.101072207093238831e-01
2.166045457124710083e-01
1.190614402294158936e-01
9.227049350738525391e-02
2.932279706001281738e-01
1.273002773523330688e-01
1.858887374401092529e-01
4.076055288314819336e-01
2.641608119010925293e-01
2.912525832653045654e-01
2.738271057605743408e-01
2.493630647659301758e-01
3.411026597023010254e-01
3.806096315383911133e-02
1.034568473696708679e-01
1.700525730848312378e-01
4.571323692798614502e-01
3.402417600154876709e-01
4.374124854803085327e-02
7.483194768428802490e-02
1.409108787775039673e-01
1.435388177633285522e-01
2.592592537403106689e-01
5.654013156890869141e-02
1.317226886749267578e-01
3.331343233585357666e-01
3.082398176193237305e-01
2.772763967514038086e-01
5.266507267951965332e-01
2.658623158931732178e-01
2.649671137332916260e-01
4.785196781158447266e-01
2.316108047962188721e-01
3.142567873001098633e-01
1.143938153982162476e-01
3.166435658931732178e-01
1.510952413082122803e-01
1.807045042514801025e-01
2.184602618217468262e-01
2.184417247772216797e-01
1.600272208452224731e-01
8.233755826950073242e-02
1.982385516166687012e-01
3.645401000976562500e-01
2.162957191467285156e-01
1.597933918237686157e-01
1.165673434734344482e-01
3.806028664112091064e-01
1.465646028518676758e-01
2.185592651367187500e-01
1.008135899901390076e-01
2.705633044242858887e-01
1.728859543800354004e-01
3.010124862194061279e-01
2.140095382928848267e-01
3.488768637180328369e-01
8.188088983297348022e-02
3.465856909751892090e-01
1.293271929025650024e-01
2.167219072580337524e-01
1.264233142137527466e-01
2.637360990047454834e-01
2.833884060382843018e-01
2.369295060634613037e-01
1.988074034452438354e-01
2.652341127395629883e-01
3.944397270679473877e-01
1.030083596706390381e-01
3.062091469764709473e-01
1.958375573158264160e-01
3.095239400863647461e-01
2.952826917171478271e-01
3.127659559249877930e-01
2.003812491893768311e-01
1.263009309768676758e-01
2.294452935457229614e-01
3.146538138389587402e-01
2.828602194786071777e-01
2.022173404693603516e-01
1.425737738609313965e-01
2.167550474405288696e-01
1.860836446285247803e-01
4.225867390632629395e-01
2.517862319946289062e-01
3.562228977680206299e-01
1.564265340566635132e-01
6.592512130737304688e-01
2.536194324493408203e-01
2.061125189065933228e-01
2.403517365455627441e-01
4.099387526512145996e-01
3.050189316272735596e-01
3.305794894695281982e-01
1.084131896495819092e-01
4.341880083084106445e-01
2.831500172615051270e-01
2.967913150787353516e-01
1.462291777133941650e-01
3.314082026481628418e-01
2.224141657352447510e-01
1.830480396747589111e-01
2.566991448402404785e-01
3.676430284976959229e-01
1.250335425138473511e-01
4.471433460712432861e-01
4.040529727935791016e-01
2.456308305263519287e-01
1.679167747497558594e-01
8.513464778661727905e-02
2.649569809436798096e-01
2.103139758110046387e-01
4.221094846725463867e-01
3.930563330650329590e-01
1.263454854488372803e-01
1.928169131278991699e-01
2.482151836156845093e-01
1.967380344867706299e-01
4.468828737735748291e-01
4.688444435596466064e-01
4.086613953113555908e-01
1.926530301570892334e-01
5.260432139039039612e-02
9.861654043197631836e-02
2.089755088090896606e-01
2.157623767852783203e-01
2.328289151191711426e-01
5.190632343292236328e-01
2.422950863838195801e-01
1.286633461713790894e-01
2.053624093532562256e-01
2.225635051727294922e-01
3.897297978401184082e-01
3.360739946365356445e-01
9.384132921695709229e-02
2.889109551906585693e-01
1.121525764465332031e-01
1.771456897258758545e-01
3.785009384155273438e-01
2.996065616607666016e-01
1.888317465782165527e-01
1.915556192398071289e-01
1.618671417236328125e-01
2.327798008918762207e-01
7.413908839225769043e-02
1.179660707712173462e-01
1.703667640686035156e-01
4.374376535415649414e-01
1.752745360136032104e-01
3.623104989528656006e-01
9.566840529441833496e-02
3.314321041107177734e-01
2.012994140386581421e-01
2.547447681427001953e-01
2.276360392570495605e-01
2.351943105459213257e-01
1.059288904070854187e-01
1.728552132844924927e-01
1.572594642639160156e-01
4.150177538394927979e-01
2.005930393934249878e-01
2.108294069766998291e-01
2.019654810428619385e-01
1.099518612027168274e-01
8.934341371059417725e-02
4.025219082832336426e-01
3.346244394779205322e-01
4.187215566635131836e-01
1.337025165557861328e-01
2.003435492515563965e-01
2.504701018333435059e-01
1.751694679260253906e-01
1.602494120597839355e-01
1.312238425016403198e-01
2.332055866718292236e-01
9.415265917778015137e-02
1.529732644557952881e-01
9.874915331602096558e-02
2.190812230110168457e-01
2.384377717971801758e-01
2.094772160053253174e-01
2.448636889457702637e-01
1.387253552675247192e-01
1.486950218677520752e-01
6.165501475334167480e-02
1.817955076694488525e-01
1.289489269256591797e-01
2.364145368337631226e-01
5.027388334274291992e-01
8.522965013980865479e-02
2.687889635562896729e-01
1.673070043325424194e-01
3.468325138092041016e-01
1.481511145830154419e-01
1.526730507612228394e-01
4.769256114959716797e-01
3.942731618881225586e-01
1.202442348003387451e-01
2.428590506315231323e-01
1.972905844449996948e-01
2.740652263164520264e-01
4.261175692081451416e-01
3.604474663734436035e-01
2.319056540727615356e-01
1.577577590942382812e-01
1.632015407085418701e-01
3.928667306900024414e-01
3.058646321296691895e-01
2.896778881549835205e-01
9.874552488327026367e-02
3.210150003433227539e-01
2.285099178552627563e-01
3.280904293060302734e-01
1.513407528400421143e-01
8.575187623500823975e-02
2.563566565513610840e-01
1.116889044642448425e-01
2.498352974653244019e-01
3.410329520702362061e-01
1.838337928056716919e-01
1.681634485721588135e-01
3.825589641928672791e-02
1.272009164094924927e-01
2.254751622676849365e-01
6.774795055389404297e-02
2.974440753459930420e-01
2.983189821243286133e-01
1.049252152442932129e-01
4.940956234931945801e-01
1.146410927176475525e-01
1.204243004322052002e-01
7.514443993568420410e-02
1.649910360574722290e-01
3.327302038669586182e-01
1.940734833478927612e-01
1.225481405854225159e-01
2.112074494361877441e-01
1.492299884557723999e-01
1.537644267082214355e-01
4.608907997608184814e-01
1.311898529529571533e-01
1.807270348072052002e-01
2.228476703166961670e-01
6.971991062164306641e-02
9.639076888561248779e-02
8.436238765716552734e-02
2.954726815223693848e-01
5.071729421615600586e-01
1.675198823213577271e-01
2.400643080472946167e-01
2.296856343746185303e-01
5.379149913787841797e-01
2.634687423706054688e-01
9.858144074678421021e-02
1.246185451745986938e-01
8.879523724317550659e-02
2.210227549076080322e-01
2.632284164428710938e-01
4.773726761341094971e-01
2.233540862798690796e-01
1.759735196828842163e-01
3.823398351669311523e-01
2.267214357852935791e-01
2.342619150876998901e-01
1.691698282957077026e-01
2.349397391080856323e-01
3.386280536651611328e-01
2.286253571510314941e-01
2.373984605073928833e-01
2.064612656831741333e-01
1.533692330121994019e-01
1.471618413925170898e-01
1.633262038230895996e-01
1.433143466711044312e-01
3.948618173599243164e-01
2.043664157390594482e-01
2.531163096427917480e-01
3.362132310867309570e-01
3.176279067993164062e-01
4.692580923438072205e-02
2.604263722896575928e-01
4.582320451736450195e-01
2.157450467348098755e-01
2.788799405097961426e-01
8.326854556798934937e-02
2.924183607101440430e-01
1.966059803962707520e-01
1.989885568618774414e-01
1.487076580524444580e-01
2.446563839912414551e-01
3.966463506221771240e-01
2.054297029972076416e-01
2.069855332374572754e-01
2.560422718524932861e-01
1.060645729303359985e-01
3.117537498474121094e-01
2.907920181751251221e-01
4.314338862895965576e-01
1.199678406119346619e-01
2.771409749984741211e-01
2.171079367399215698e-01
1.719541549682617188e-01
2.536026835441589355e-01
4.077122211456298828e-01
3.231808543205261230e-01
1.347331404685974121e-01
2.110540121793746948e-01
1.673229187726974487e-01
2.488727718591690063e-01
1.531344652175903320e-01
2.358967661857604980e-01
3.573705554008483887e-01
3.110357522964477539e-01
2.902818322181701660e-01
1.897233128547668457e-01
2.269818186759948730e-01
2.650846838951110840e-01
6.279300153255462646e-02
2.235743701457977295e-01
1.874815225601196289e-01
1.785084754228591919e-01
3.448986709117889404e-01
2.071250677108764648e-01
2.198963165283203125e-01
4.309975206851959229e-01
2.530485093593597412e-01
1.650332659482955933e-01
3.313165009021759033e-01
1.223204880952835083e-01
2.261248975992202759e-01
5.794377326965332031e-01
2.190830707550048828e-01
2.053411006927490234e-01
3.603427410125732422e-01
5.580185055732727051e-01
2.210160046815872192e-01
2.114650756120681763e-01
2.161644846200942993e-01
9.520681202411651611e-02
1.331530660390853882e-01
2.042145431041717529e-01
5.153639912605285645e-01
2.464107573032379150e-01
2.721593677997589111e-01
4.345705509185791016e-01
2.035737633705139160e-01
2.193560749292373657e-01
2.313206344842910767e-01
3.170783519744873047e-01
2.294053137302398682e-01
1.895079016685485840e-01
2.639673650264739990e-01
2.849062085151672363e-01
2.677253484725952148e-01
2.176313847303390503e-01
3.847361803054809570e-01
1.938124895095825195e-01
4.087160229682922363e-01
1.931240260601043701e-01
2.822180986404418945e-01
3.845616579055786133e-01
1.824748665094375610e-01
7.487972080707550049e-02
2.258049249649047852e-01
2.132545411586761475e-01
2.142834812402725220e-01
3.651762306690216064e-01
1.649519205093383789e-01
3.687721192836761475e-01
8.888791501522064209e-02
1.106838285923004150e-01
1.324807405471801758e-01
1.669225096702575684e-01
1.948383450508117676e-01
1.434842050075531006e-01
1.844890415668487549e-01
1.311909258365631104e-01
4.037213623523712158e-01
1.785448193550109863e-01
1.070782616734504700e-01
1.195296347141265869e-01
7.500109821557998657e-02
1.131507903337478638e-01
4.251432120800018311e-01
3.299006819725036621e-01
2.600603401660919189e-01
2.100981473922729492e-01
1.163913458585739136e-01
3.760444819927215576e-01
1.199707612395286560e-01
2.968124747276306152e-01
1.299266666173934937e-01
1.153110116720199585e-01
2.297473549842834473e-01
2.144506871700286865e-01
1.488642096519470215e-01
4.349278509616851807e-01
2.999858856201171875e-01
4.885181188583374023e-01
2.912814617156982422e-01
3.238172829151153564e-01
3.507278561592102051e-01
1.918286085128784180e-01
2.348343729972839355e-01
1.971441209316253662e-01
1.917195022106170654e-01
1.709271967411041260e-01
8.609119057655334473e-02
2.004014253616333008e-01
2.027830779552459717e-01
1.612375378608703613e-01
2.525084614753723145e-01
4.472218751907348633e-01
2.256622314453125000e-01
2.871642410755157471e-01
2.634007930755615234e-01
9.058646857738494873e-02
2.745350003242492676e-01
2.191967815160751343e-01
9.444090723991394043e-02
2.316050231456756592e-01
5.644632130861282349e-02
1.984721124172210693e-01
5.058781504631042480e-01
1.316074579954147339e-01
1.063217371702194214e-01
2.570264935493469238e-01
1.372921466827392578e-01
3.245311081409454346e-01
4.850071668624877930e-01
4.255945086479187012e-01
4.299396872520446777e-01
1.028756201267242432e-01
6.248905509710311890e-02
4.310428500175476074e-01
2.255856096744537354e-01
2.060653269290924072e-01
7.875062525272369385e-02
3.055538833141326904e-01
1.261433064937591553e-01
9.078454971313476562e-02
2.396385818719863892e-01
1.924715340137481689e-01
6.424397230148315430e-02
1.542954146862030029e-01
2.498417794704437256e-01
1.541697978973388672e-01
7.810629904270172119e-02
3.162638247013092041e-01
2.554301619529724121e-01
3.256022036075592041e-01
1.645134538412094116e-01
2.428905963897705078e-01
2.675974071025848389e-01
5.451991558074951172e-01
3.835527896881103516e-01
1.688195466995239258e-01
2.384398281574249268e-01
3.220799863338470459e-01
2.025084197521209717e-01
3.621811270713806152e-01
1.786914020776748657e-01
9.898144006729125977e-02
5.287891030311584473e-01
2.856103181838989258e-01
1.488623768091201782e-01
2.681895494461059570e-01
1.049508973956108093e-01
1.867043823003768921e-01
9.057832360267639160e-01
2.793818712234497070e-01
3.469745218753814697e-01
3.360553383827209473e-01
2.874401211738586426e-01
1.786366403102874756e-01
2.180627733469009399e-01
3.785410523414611816e-01
1.760700643062591553e-01
8.580888807773590088e-02
2.951284348964691162e-01
2.275784313678741455e-01
2.021251767873764038e-01
1.884671747684478760e-01
2.981225550174713135e-01
1.687744408845901489e-01
2.028883397579193115e-01
4.330083429813385010e-01
2.019351422786712646e-01
3.838239014148712158e-01
1.275105476379394531e-01
2.311377078294754028e-01
1.382668614387512207e-01
2.068900018930435181e-01
1.559515446424484253e-01
1.882432699203491211e-01
5.174965262413024902e-01
1.750022619962692261e-01
2.087129056453704834e-01
1.961618065834045410e-01
2.848003804683685303e-01
3.542367517948150635e-01
2.086351513862609863e-01
1.733549684286117554e-01
4.335054755210876465e-01
2.074961066246032715e-01
1.909852325916290283e-01
6.960904598236083984e-01
1.466882675886154175e-01
2.733028531074523926e-01
1.479015350341796875e-01
2.380287647247314453e-01
4.205172359943389893e-01
1.102912798523902893e-01
2.633614540100097656e-01
3.772128522396087646e-01
7.208165526390075684e-02
1.460749804973602295e-01
1.515861451625823975e-01
3.473049700260162354e-01
3.483394086360931396e-01
2.774190008640289307e-01
2.795735597610473633e-01
3.335704207420349121e-01
3.820474147796630859e-01
2.147069871425628662e-01
1.719437241554260254e-01
1.563042700290679932e-01
3.699849247932434082e-01
2.759801149368286133e-01
1.811033487319946289e-01
1.732694208621978760e-01
4.556379914283752441e-01
2.154769897460937500e-01
3.202834129333496094e-01
2.813859581947326660e-01
2.301872968673706055e-01
9.683480113744735718e-02
2.359708249568939209e-01
2.323489487171173096e-01
1.051487252116203308e-01
1.330603510141372681e-01
2.874730229377746582e-01
1.484006941318511963e-01
3.625696897506713867e-01
3.012215495109558105e-01
1.110078394412994385e-01
2.104939520359039307e-01
2.623296976089477539e-01
1.759090721607208252e-01
2.558485567569732666e-01
7.216349244117736816e-02
1.978457719087600708e-01
3.141883909702301025e-01
2.916872203350067139e-01
1.705683022737503052e-01
2.214502692222595215e-01
2.198054492473602295e-01
3.550206124782562256e-01
2.409045100212097168e-01
1.764392852783203125e-01
1.318914443254470825e-01
3.303917944431304932e-01
2.139364182949066162e-01
2.370588332414627075e-01
1.392282843589782715e-01
3.279865086078643799e-01
2.437893748283386230e-01
1.763834059238433838e-01
2.872548401355743408e-01
2.699871063232421875e-01
4.412506222724914551e-01
2.176442593336105347e-01
2.472903579473495483e-01
2.839901447296142578e-01
1.783505380153656006e-01
2.625683248043060303e-01
1.378952264785766602e-01
1.016461327672004700e-01
1.350771486759185791e-01
1.870332956314086914e-01
1.559499353170394897e-01
2.897628769278526306e-02
3.369556665420532227e-01
1.017663553357124329e-01
1.182601228356361389e-01
2.596960365772247314e-01
8.533021807670593262e-02
1.218213737010955811e-01
2.071592807769775391e-01
2.227344661951065063e-01
1.714636236429214478e-01
1.007452085614204407e-01
2.449153661727905273e-01
2.971478402614593506e-01
1.949439048767089844e-01
2.417998611927032471e-01
1.415096968412399292e-01
1.865928769111633301e-01
2.115620374679565430e-01
2.252577543258666992e-01
8.134617656469345093e-02
3.488102555274963379e-01
1.265056431293487549e-01
8.891553431749343872e-02
1.499055773019790649e-01
1.879954934120178223e-01
2.780874967575073242e-01
3.483403027057647705e-01
2.019171565771102905e-01
2.622858285903930664e-01
7.704208791255950928e-02
3.095806241035461426e-01
1.499904543161392212e-01
2.425241470336914062e-01
2.503356337547302246e-01
2.528599798679351807e-01
1.293365359306335449e-01
4.150911867618560791e-01
1.469320654869079590e-01
2.440311759710311890e-01
2.753396332263946533e-01
1.084151342511177063e-01
4.326221644878387451e-01
2.216114401817321777e-01
5.188831090927124023e-01
4.672193825244903564e-01
2.197781652212142944e-01
2.592399120330810547e-01
7.496480643749237061e-02
2.342508137226104736e-01
5.354381799697875977e-01
6.638312339782714844e-01
3.948073983192443848e-01
3.124953806400299072e-01
3.445234894752502441e-01
2.357272803783416748e-01
1.918442547321319580e-01
6.616522371768951416e-02
2.660583257675170898e-01
2.239650338888168335e-01
1.247923523187637329e-01
3.011856675148010254e-01
1.547444611787796021e-01
4.586216509342193604e-01
3.450257182121276855e-01
2.173092067241668701e-01
2.559702694416046143e-01
4.008230566978454590e-01
3.144742548465728760e-01
2.000735104084014893e-01
1.961747556924819946e-01
1.079885065555572510e-01
1.185283511877059937e-01
3.788205981254577637e-01
4.811141490936279297e-01
2.532638013362884521e-01
5.917740613222122192e-02
2.422289848327636719e-01
7.358116656541824341e-02
2.848611772060394287e-01
1.181158199906349182e-01
1.655254811048507690e-01
2.462671846151351929e-01
1.494526565074920654e-01
3.609867393970489502e-01
3.417996466159820557e-01
1.452121138572692871e-01
2.353200018405914307e-01
2.959715723991394043e-01
1.116242706775665283e-01
3.274673819541931152e-01
1.519969850778579712e-01
4.817049503326416016e-01
3.270727992057800293e-01
1.684269309043884277e-01
4.589323401451110840e-01
1.654236018657684326e-01
2.890628576278686523e-01
1.801108866930007935e-01
2.269492000341415405e-01
2.309995889663696289e-01
1.907684504985809326e-01
1.002713590860366821e-01
2.493134737014770508e-01
1.141034886240959167e-01
1.063131093978881836e-01
2.559542357921600342e-01
2.321491390466690063e-01
1.079719662666320801e-01
5.069836378097534180e-01
1.958434283733367920e-01
2.887775301933288574e-01
2.126730382442474365e-01
3.601784706115722656e-01
1.566423773765563965e-01
1.265881210565567017e-01
3.117267489433288574e-01
1.650436669588088989e-01
3.661879003047943115e-01
3.329142332077026367e-01
2.560853660106658936e-01
3.126522898674011230e-01
1.244812458753585815e-01
2.634746730327606201e-01
1.630348563194274902e-01
8.903870731592178345e-02
4.115344285964965820e-01
2.326859831809997559e-01
5.915767550468444824e-01
1.947601139545440674e-01
1.070507913827896118e-01
1.027672663331031799e-01
1.160140559077262878e-01
1.186265572905540466e-01
3.717373609542846680e-01
1.505275964736938477e-01
1.842370629310607910e-01
2.637012898921966553e-01
2.385911345481872559e-01
5.321044921875000000e-01
2.275576591491699219e-01
2.090923637151718140e-01
3.276765346527099609e-01
3.302164375782012939e-01
3.585454821586608887e-01
3.712148070335388184e-01
1.724748611450195312e-01
5.198579430580139160e-01
3.469683229923248291e-01
3.104062676429748535e-01
3.926555514335632324e-01
1.783767640590667725e-01
2.990796566009521484e-01
1.779518872499465942e-01
1.138436868786811829e-01
4.812855422496795654e-01
1.170881241559982300e-01
3.016657829284667969e-01
1.145689859986305237e-01
2.203331291675567627e-01
8.163192123174667358e-02
2.439801394939422607e-01
3.119245171546936035e-01
4.525985717773437500e-01
1.705082207918167114e-01
1.614740788936614990e-01
1.271292716264724731e-01
3.067544102668762207e-01
4.552311003208160400e-01
8.565326780080795288e-02
2.056622356176376343e-01
2.152361571788787842e-01
2.054039835929870605e-01
1.951899826526641846e-01
2.658818364143371582e-01
1.752188950777053833e-01
2.855700254440307617e-01
2.188911736011505127e-01
1.738189607858657837e-01
1.552858352661132812e-01
2.504279613494873047e-01
2.513696551322937012e-01
2.570041120052337646e-01
2.569209337234497070e-01
2.109205424785614014e-01
2.153215259313583374e-01
2.679927945137023926e-01
1.911191344261169434e-01
2.085442095994949341e-01
1.808332800865173340e-01
2.816274762153625488e-01
3.600004017353057861e-01
1.037187278270721436e-01
2.175053507089614868e-01
3.060043454170227051e-01
2.700695693492889404e-01
1.459008306264877319e-01
4.422270059585571289e-01
3.472567200660705566e-01
1.953427791595458984e-01
3.657944202423095703e-01
2.755359411239624023e-01
2.769331634044647217e-01
1.692019551992416382e-01
2.995113134384155273e-01
1.925397515296936035e-01
9.062749147415161133e-02
1.517050266265869141e-01
1.109579652547836304e-01
3.685503005981445312e-01
1.633218824863433838e-01
2.655749917030334473e-01
1.349346041679382324e-01
2.212980389595031738e-01
2.448999583721160889e-01
3.764328360557556152e-01
1.003451496362686157e-01
2.948439717292785645e-01
2.576651573181152344e-01
2.829276323318481445e-01
4.729516506195068359e-01
2.212559878826141357e-01
1.326011717319488525e-01
1.237137988209724426e-01
1.968467831611633301e-01
2.687634527683258057e-01
1.796972155570983887e-01
9.595628082752227783e-02
1.236317008733749390e-01
1.470891386270523071e-01
3.862019777297973633e-01
1.802800297737121582e-01
1.562534421682357788e-01
4.533460438251495361e-01
3.654815852642059326e-01
3.093650043010711670e-01
2.501619160175323486e-01
3.973363041877746582e-01
4.441732168197631836e-01
2.885405123233795166e-01
1.796178072690963745e-01
1.893931329250335693e-01
1.852944940328598022e-01
2.938429117202758789e-01
2.803075909614562988e-01
2.206338047981262207e-01
1.634402871131896973e-01
2.315547019243240356e-01
1.670036464929580688e-01
2.784112691879272461e-01
2.683999538421630859e-01
2.700780630111694336e-01
1.667797565460205078e-01
3.097347617149353027e-01
1.724624484777450562e-01
1.531121730804443359e-01
1.205811947584152222e-01
3.207003176212310791e-01
6.529517471790313721e-02
3.108218014240264893e-01
3.330776393413543701e-01
1.170142516493797302e-01
2.710448503494262695e-01
1.259454786777496338e-01
8.976451307535171509e-02
2.461584806442260742e-01
2.225706130266189575e-01
1.604618877172470093e-01
2.067610025405883789e-01
2.447281777858734131e-01
1.778392642736434937e-01
9.628564119338989258e-02
1.620194017887115479e-01
2.427903115749359131e-01
2.475150674581527710e-01
8.198108524084091187e-02
3.295519649982452393e-01
3.726264238357543945e-01
2.759870290756225586e-01
1.710054129362106323e-01
8.935280889272689819e-02
2.033410817384719849e-01
3.778168559074401855e-01
1.560638248920440674e-01
2.256682962179183960e-01
3.251012563705444336e-01
1.484471857547760010e-01
1.217835396528244019e-01
2.644287049770355225e-01
3.207602798938751221e-01
3.513733148574829102e-01
2.409432828426361084e-01
1.654144227504730225e-01
2.720678448677062988e-01
2.696543633937835693e-01
1.407829821109771729e-01
1.870821267366409302e-01
2.427914142608642578e-01
1.278815567493438721e-01
2.177476286888122559e-01
1.044457554817199707e-01
8.657695353031158447e-02
2.824749648571014404e-01
6.100583821535110474e-02
1.743694692850112915e-01
1.240429803729057312e-01
1.577806174755096436e-01
2.447726577520370483e-01
2.654113471508026123e-01
2.353917360305786133e-01
3.217871785163879395e-01
1.823852956295013428e-01
3.389936685562133789e-01
1.118273884057998657e-01
1.508488804101943970e-01
4.072790741920471191e-01
2.268692851066589355e-01
5.155816078186035156e-01
9.236588329076766968e-02
2.780743241310119629e-01
4.739874601364135742e-01
1.469569802284240723e-01
1.780284196138381958e-01
2.094209641218185425e-01
3.635610044002532959e-01
2.230597883462905884e-01
3.521586060523986816e-01
9.486450999975204468e-02
2.224741280078887939e-01
1.783029437065124512e-01
1.617072671651840210e-01
2.493526786565780640e-01
8.581396937370300293e-02
3.838020563125610352e-01
1.194541454315185547e-01
1.456418931484222412e-01
2.933914363384246826e-01
3.170062899589538574e-01
3.047222793102264404e-01
1.521236151456832886e-01
2.341385483741760254e-01
2.853572368621826172e-01
2.105146348476409912e-01
3.766393661499023438e-02
8.186726272106170654e-02
1.017001569271087646e-01
2.215060442686080933e-01
1.709854900836944580e-01
2.129416912794113159e-01
2.025805562734603882e-01
2.837772667407989502e-01
1.658885627985000610e-01
1.296607255935668945e-01
2.296059280633926392e-01
4.303892254829406738e-01
2.605274319648742676e-01
4.676982462406158447e-01
2.156453877687454224e-01
8.095093965530395508e-01
2.596629858016967773e-01
2.296943813562393188e-01
1.142313927412033081e-01
3.764178454875946045e-01
1.930912435054779053e-01
6.396280974149703979e-02
2.629343271255493164e-01
2.794442176818847656e-01
1.706129014492034912e-01
1.228192597627639771e-01
2.235600650310516357e-01
7.424901425838470459e-02
4.460914134979248047e-01
1.201907843351364136e-01
2.869156599044799805e-01
2.984353005886077881e-01
1.795590370893478394e-01
1.567723602056503296e-01
1.830763816833496094e-01
2.866908907890319824e-01
2.616366744041442871e-01
1.663931012153625488e-01
2.082376182079315186e-01
2.362613081932067871e-01
1.079749912023544312e-01
2.786235213279724121e-01
1.555253267288208008e-01
6.141004338860511780e-02
1.459191739559173584e-01
2.103984206914901733e-01
2.116968333721160889e-01
2.128431200981140137e-01
4.276590645313262939e-01
9.710660576820373535e-02
1.213040426373481750e-01
3.411818146705627441e-01
3.460034132003784180e-01
1.626478582620620728e-01
3.204374313354492188e-01
2.080239355564117432e-01
3.719624578952789307e-01
1.619632244110107422e-01
1.327892690896987915e-01
1.172286123037338257e-01
5.995064601302146912e-02
7.187077403068542480e-02
2.128321081399917603e-01
1.727912575006484985e-01
2.421384304761886597e-01
9.226915985345840454e-02
2.805012166500091553e-01
6.840794533491134644e-02
2.010274827480316162e-01
1.355922967195510864e-01
9.655808657407760620e-02
1.609183251857757568e-01
1.702295690774917603e-01
2.632695436477661133e-01
8.358027786016464233e-02
2.583546340465545654e-01
3.087576627731323242e-01
2.457601875066757202e-01
2.060241848230361938e-01
2.357589751482009888e-01
1.911498308181762695e-01
1.721800416707992554e-01
7.700861990451812744e-02
3.217888176441192627e-01
1.194716393947601318e-01
3.069769144058227539e-01
3.975147604942321777e-01
3.727692365646362305e-01
3.276137113571166992e-01
4.136147797107696533e-01
2.418671846389770508e-01
3.263579308986663818e-01
1.349237412214279175e-01
1.256279647350311279e-01
2.040935456752777100e-01
1.930560469627380371e-01
2.276529073715209961e-01
2.563915252685546875e-01
1.743016093969345093e-01
2.180261462926864624e-01
2.699204683303833008e-01
1.238173842430114746e-01
2.358430773019790649e-01
6.963516771793365479e-02
1.471147686243057251e-01
1.709243059158325195e-01
1.053113043308258057e-01
2.235185652971267700e-01
2.336923778057098389e-01
1.661093235015869141e-01
2.888217270374298096e-01
3.068895936012268066e-01
3.817105889320373535e-01
1.144912019371986389e-01
3.403209447860717773e-01
1.919300854206085205e-01
3.538666963577270508e-01
1.693887710571289062e-01
1.533361077308654785e-01
2.671803236007690430e-01
3.179376423358917236e-01
1.156340539455413818e-01
3.042452633380889893e-01
2.599725723266601562e-01
1.885890215635299683e-01
2.601744532585144043e-01
2.454823404550552368e-01
2.303755879402160645e-01
2.395221292972564697e-01
1.397657096385955811e-01
5.097238421440124512e-01
1.132440567016601562e-01
3.267825245857238770e-01
3.145624995231628418e-01
5.007930099964141846e-02
1.670242697000503540e-01
1.131521016359329224e-01
1.595186591148376465e-01
1.063520833849906921e-01
3.745304942131042480e-01
9.039139002561569214e-02
1.735475212335586548e-01
4.307978749275207520e-01
2.509588301181793213e-01
1.355620324611663818e-01
4.017841815948486328e-01
3.777634799480438232e-01
3.730697631835937500e-01
2.596854865550994873e-01
1.948387622833251953e-01
3.490163981914520264e-01
1.811618655920028687e-01
2.224443852901458740e-01
2.282411158084869385e-01
2.301172614097595215e-01
8.995933830738067627e-02
2.187442034482955933e-01
2.112832814455032349e-01
1.487157940864562988e-01
3.877750635147094727e-01
3.902144432067871094e-01
2.082874625921249390e-01
1.835167407989501953e-01
2.808066606521606445e-01
1.481863856315612793e-01
1.676642894744873047e-01
4.496787786483764648e-01
2.065689563751220703e-01
3.522196710109710693e-01
2.167863100767135620e-01
2.249676734209060669e-01
1.721578389406204224e-01
7.522317767143249512e-02
1.023358255624771118e-01
1.855764240026473999e-01
7.532304525375366211e-01
3.848094642162322998e-01
4.739908576011657715e-01
4.302031397819519043e-01
2.519076764583587646e-01
4.578760862350463867e-01
3.018890917301177979e-01
2.677574753761291504e-01
2.551840245723724365e-01
3.300826549530029297e-01
3.121085762977600098e-01
1.122012510895729065e-01
1.793167442083358765e-01
5.632029175758361816e-01
2.675427794456481934e-01
2.062400579452514648e-01
2.444074451923370361e-01
3.378110527992248535e-01
1.766033023595809937e-01
3.013203144073486328e-01
1.309061408042907715e+00
