6.353060156106948853e-02
2.016016989946365356e-01
1.588322371244430542e-01
7.651200890541076660e-02
1.311926394701004028e-01
1.656663119792938232e-01
2.818220555782318115e-01
1.963651925325393677e-01
1.137784570455551147e-01
2.474247664213180542e-01
1.038188338279724121e-01
2.105626165866851807e-01
1.108790934085845947e-01
1.213210821151733398e-01
1.374492943286895752e-01
5.861011892557144165e-02
5.929713323712348938e-02
5.223450809717178345e-02
1.888330578804016113e-01
9.802765399217605591e-02
1.606971323490142822e-01
9.758831560611724854e-02
1.865659803152084351e-01
7.330814003944396973e-02
1.552727520465850830e-01
2.061520963907241821e-01
1.270127296447753906e-01
5.659143626689910889e-02
4.141370207071304321e-02
3.866302967071533203e-02
6.953326612710952759e-02
2.026891708374023438e-02
3.908384740352630615e-01
5.735878273844718933e-02
2.115278244018554688e-01
1.620100587606430054e-01
1.648397445678710938e-01
2.265402823686599731e-01
1.780335158109664917e-01
1.154029071331024170e-01
2.053652107715606689e-01
6.307978928089141846e-02
2.506337165832519531e-01
9.995996952056884766e-02
5.239199474453926086e-02
2.359383255243301392e-01
2.300940752029418945e-01
7.165622711181640625e-01
1.285049170255661011e-01
1.306203752756118774e-01
3.394649550318717957e-02
2.254911214113235474e-01
1.292242258787155151e-01
1.191318854689598083e-01
2.091328054666519165e-01
1.664977520704269409e-01
2.213330566883087158e-01
1.837866306304931641e-01
6.252618134021759033e-02
1.188236624002456665e-01
6.758183240890502930e-02
1.591614186763763428e-01
2.731911242008209229e-01
4.045235514640808105e-01
7.686756551265716553e-02
1.605660468339920044e-01
1.101578325033187866e-01
3.576982766389846802e-02
4.553021863102912903e-02
1.451309323310852051e-01
1.317142248153686523e-01
2.447583079338073730e-01
2.583756744861602783e-01
7.221522182226181030e-02
3.710559755563735962e-02
8.476143330335617065e-02
1.704061031341552734e-01
9.379312396049499512e-02
2.285933941602706909e-01
1.152860373258590698e-01
1.802154183387756348e-01
1.184232681989669800e-01
5.787479877471923828e-02
2.869203686714172363e-01
7.158082723617553711e-02
2.035106718540191650e-01
9.930606186389923096e-02
6.191603466868400574e-02
1.943805515766143799e-01
2.106246352195739746e-01
2.560991048812866211e-01
3.353833407163619995e-02
6.512191146612167358e-02
1.944667696952819824e-01
1.781868338584899902e-01
1.782732009887695312e-01
2.666826844215393066e-01
2.685849368572235107e-01
1.277357339859008789e-01
6.912223994731903076e-02
2.404458075761795044e-01
1.684759110212326050e-01
8.984965831041336060e-02
1.517265439033508301e-01
1.051008701324462891e-01
6.644941121339797974e-02
5.523326620459556580e-02
2.255743294954299927e-01
5.858157202601432800e-02
1.296433657407760620e-01
3.015961498022079468e-02
2.744018435478210449e-01
2.678267955780029297e-01
1.815644651651382446e-01
3.714068830013275146e-01
2.444125711917877197e-01
1.410181522369384766e-01
2.048744261264801025e-01
1.351870298385620117e-01
2.415539473295211792e-01
4.212915301322937012e-01
3.838183730840682983e-02
3.527604416012763977e-02
3.793568164110183716e-02
1.432023048400878906e-01
6.220151856541633606e-02
2.129580229520797729e-01
3.755676746368408203e-01
1.875091791152954102e-01
2.059338092803955078e-01
2.191030383110046387e-01
3.160439729690551758e-01
9.475386887788772583e-02
9.689261019229888916e-02
2.626134753227233887e-01
9.158474951982498169e-02
1.281065940856933594e-01
1.454535573720932007e-01
1.617844700813293457e-01
1.461278647184371948e-01
2.613713145256042480e-01
1.648979187011718750e-01
3.634978532791137695e-01
1.786750108003616333e-01
1.395275294780731201e-01
8.525315672159194946e-02
2.041818946599960327e-01
1.214214563369750977e-01
1.702671349048614502e-01
2.209565043449401855e-01
1.337271630764007568e-01
1.616426408290863037e-01
1.677507460117340088e-01
1.730213910341262817e-01
1.880189031362533569e-01
5.905289202928543091e-02
6.742575764656066895e-02
1.313513368368148804e-01
1.928933411836624146e-01
1.108584403991699219e-01
1.439771950244903564e-01
1.085269898176193237e-01
1.583940386772155762e-01
7.922515273094177246e-02
3.957622498273849487e-02
8.928525447845458984e-02
1.305543780326843262e-01
2.553111910820007324e-01
3.917607665061950684e-02
3.465078026056289673e-02
1.547893881797790527e-01
3.416490852832794189e-01
1.788991317152976990e-02
3.141298592090606689e-01
2.022180557250976562e-01
1.829329878091812134e-01
2.047696560621261597e-01
1.943142265081405640e-01
7.598157227039337158e-02
1.242060586810112000e-01
6.206970289349555969e-02
2.421923875808715820e-01
1.474651098251342773e-01
1.483624875545501709e-01
1.065224111080169678e-01
1.190381050109863281e-01
1.662441939115524292e-01
1.971310973167419434e-01
6.827192753553390503e-02
1.848473995923995972e-01
2.267313152551651001e-01
2.353960275650024414e-01
2.740840613842010498e-01
9.713152050971984863e-02
2.223653197288513184e-01
1.041833460330963135e-01
5.779024213552474976e-02
1.648553460836410522e-01
1.812999844551086426e-01
3.272823393344879150e-01
1.075754910707473755e-01
3.701201677322387695e-01
4.490215778350830078e-01
9.935526549816131592e-02
2.815963029861450195e-01
1.205634325742721558e-01
1.942032873630523682e-01
9.885160624980926514e-02
1.442607045173645020e-01
1.148376911878585815e-01
1.405196785926818848e-01
1.019364297389984131e-01
2.075034379959106445e-01
2.980890274047851562e-01
2.628799676895141602e-01
1.321579962968826294e-01
1.595500707626342773e-01
2.535221576690673828e-01
1.792010217905044556e-01
3.167945891618728638e-02
4.819032549858093262e-01
4.483095556497573853e-02
3.259788453578948975e-01
2.104933857917785645e-01
2.052186727523803711e-01
2.354114353656768799e-01
9.598945826292037964e-02
1.660202294588088989e-01
1.421955972909927368e-01
2.607291638851165771e-01
6.023418530821800232e-02
5.223118141293525696e-02
3.560809046030044556e-02
2.175059020519256592e-01
3.776568174362182617e-01
7.440751791000366211e-02
2.813456580042839050e-02
5.182760953903198242e-02
1.611217409372329712e-01
8.800463378429412842e-02
5.019050091505050659e-02
1.390840709209442139e-01
7.553184032440185547e-02
1.432740986347198486e-01
1.166547760367393494e-01
7.780969142913818359e-02
2.471477240324020386e-01
1.152818873524665833e-01
5.660232901573181152e-02
7.173991948366165161e-02
7.014834880828857422e-02
3.491981700062751770e-02
1.516010612249374390e-01
2.193373590707778931e-01
2.087957561016082764e-01
8.049112558364868164e-02
5.720560252666473389e-02
2.549316287040710449e-01
1.803886294364929199e-01
9.623023867607116699e-02
1.963237822055816650e-01
2.683621048927307129e-01
3.475759625434875488e-01
1.024560779333114624e-01
7.733397930860519409e-02
1.370785534381866455e-01
1.664889454841613770e-01
1.435030698776245117e-01
9.347156435251235962e-02
3.622498512268066406e-01
1.526176333427429199e-01
3.446367979049682617e-01
4.382575675845146179e-02
1.473837643861770630e-01
4.861743152141571045e-01
2.007109522819519043e-01
5.388571321964263916e-02
6.792154908180236816e-02
4.740728437900543213e-02
4.437179863452911377e-01
9.264360368251800537e-02
1.646318137645721436e-01
4.434922337532043457e-02
1.418026387691497803e-01
1.596153676509857178e-01
4.158005863428115845e-02
1.836678236722946167e-01
8.355350792407989502e-02
2.377447485923767090e-02
1.393337100744247437e-01
1.693909168243408203e-01
3.650973439216613770e-01
5.583924427628517151e-02
1.130281388759613037e-01
2.251840233802795410e-01
1.416802108287811279e-01
1.379842758178710938e-01
2.054643630981445312e-01
1.663610041141510010e-01
1.589416563510894775e-01
2.356797307729721069e-01
3.268400430679321289e-01
1.737337410449981689e-01
7.435178756713867188e-02
1.037072315812110901e-01
5.881273001432418823e-02
1.584462970495223999e-01
7.970594614744186401e-02
1.294428408145904541e-01
7.947517186403274536e-02
4.111778736114501953e-02
1.950148120522499084e-02
8.990427106618881226e-02
2.307498008012771606e-01
1.386139392852783203e-01
9.707114845514297485e-02
4.746236801147460938e-01
3.036004602909088135e-01
4.191976785659790039e-02
6.870804727077484131e-02
1.330375075340270996e-01
8.689339458942413330e-02
5.633673816919326782e-02
9.259368479251861572e-02
9.746895730495452881e-02
1.756095886230468750e-01
1.465194225311279297e-01
8.583995699882507324e-02
1.692409217357635498e-01
1.896526962518692017e-01
2.840928733348846436e-01
1.185556501150131226e-01
2.050724625587463379e-01
1.220508962869644165e-01
3.258562684059143066e-01
2.932538986206054688e-01
3.846596181392669678e-01
1.376570314168930054e-01
2.488567978143692017e-01
5.095099285244941711e-02
8.575476706027984619e-02
2.666143774986267090e-01
1.152322739362716675e-01
1.029316335916519165e-01
2.833213210105895996e-01
1.643266677856445312e-01
4.371659159660339355e-01
5.259249359369277954e-02
1.104287058115005493e-01
2.097993791103363037e-01
5.207641795277595520e-02
4.118196368217468262e-01
1.282839775085449219e-01
5.828519910573959351e-02
1.028321236371994019e-01
1.445123106241226196e-01
2.062751203775405884e-01
6.922748684883117676e-02
7.139603048563003540e-02
5.676844716072082520e-02
1.992600113153457642e-01
1.715103536844253540e-01
6.544631719589233398e-02
1.903492212295532227e-01
6.001085415482521057e-02
2.584121748805046082e-02
1.338911950588226318e-01
1.336655318737030029e-01
6.416125595569610596e-02
1.213265061378479004e-01
9.388118982315063477e-02
8.054274320602416992e-02
2.060430794954299927e-01
3.391439467668533325e-02
4.202993214130401611e-02
4.866190254688262939e-02
4.259114339947700500e-02
1.419677734375000000e-01
1.009641960263252258e-01
1.837934553623199463e-02
2.732568383216857910e-01
2.579781040549278259e-02
3.500415384769439697e-01
2.046479582786560059e-01
1.880801618099212646e-01
1.482145786285400391e-01
4.601714387536048889e-02
9.178284555673599243e-02
1.120206937193870544e-01
1.866175234317779541e-01
2.904433310031890869e-01
4.892978817224502563e-02
3.447659909725189209e-01
2.508824765682220459e-01
1.052837520837783813e-01
2.431386709213256836e-02
2.430777102708816528e-01
1.145905703306198120e-01
1.910237073898315430e-01
4.772468283772468567e-02
9.233693778514862061e-02
5.339846014976501465e-02
8.859873563051223755e-02
1.562602072954177856e-01
2.025543302297592163e-01
1.311997771263122559e-01
1.084773615002632141e-01
1.434091180562973022e-01
8.098977804183959961e-02
1.878796517848968506e-01
1.029761359095573425e-01
3.310258984565734863e-01
2.596280872821807861e-01
1.394793242216110229e-01
1.045374497771263123e-01
1.321998983621597290e-01
2.785328775644302368e-02
1.962287127971649170e-01
1.806653290987014771e-01
1.352292746305465698e-01
1.287450343370437622e-01
9.037214517593383789e-02
1.217936873435974121e-01
6.698904186487197876e-02
1.604127436876296997e-01
2.108192890882492065e-01
8.455587923526763916e-02
7.425935566425323486e-02
2.050242125988006592e-01
3.209733068943023682e-01
1.878803968429565430e-01
2.270914167165756226e-01
2.032487541437149048e-01
1.634296625852584839e-01
5.958113074302673340e-02
5.646716058254241943e-02
5.988327413797378540e-02
1.160648241639137268e-01
1.550168693065643311e-01
2.502858042716979980e-01
2.655985951423645020e-01
1.516364067792892456e-01
2.899182774126529694e-02
2.818513512611389160e-01
5.427333340048789978e-02
1.136619448661804199e-01
7.532320916652679443e-02
5.248505249619483948e-02
4.032965749502182007e-02
9.563066065311431885e-02
1.694355458021163940e-01
1.516174674034118652e-01
1.194642484188079834e-01
8.923220634460449219e-02
3.079093620181083679e-02
1.517167240381240845e-01
6.873691827058792114e-02
1.204539239406585693e-01
3.133033215999603271e-01
1.879338622093200684e-01
2.799429297447204590e-01
1.706664562225341797e-01
3.240138292312622070e-02
9.056389331817626953e-02
7.931203395128250122e-02
1.136566251516342163e-01
3.464564681053161621e-02
2.253623865544795990e-02
1.321697086095809937e-01
3.231172561645507812e-01
1.733550876379013062e-01
1.579258739948272705e-01
2.258953452110290527e-01
6.335306912660598755e-02
6.803733855485916138e-02
2.712255418300628662e-01
3.456225693225860596e-01
2.756354212760925293e-01
1.605591475963592529e-01
4.878003895282745361e-02
2.073589861392974854e-01
1.863498091697692871e-01
1.148060411214828491e-01
1.100588217377662659e-01
2.081554085016250610e-01
1.450672447681427002e-01
2.178562730550765991e-01
1.799979060888290405e-01
1.097031682729721069e-01
3.003282472491264343e-02
2.206464111804962158e-01
3.258885443210601807e-02
1.511512249708175659e-01
1.702476739883422852e-01
7.620855420827865601e-02
1.188269257545471191e-01
2.012054324150085449e-01
1.099192202091217041e-01
1.169415861368179321e-01
4.420024156570434570e-02
2.002126574516296387e-01
1.426962316036224365e-01
1.026653647422790527e-01
3.739555925130844116e-02
7.184986770153045654e-02
2.287625074386596680e-01
2.803097963333129883e-01
3.065419197082519531e-01
8.158829808235168457e-02
2.694198116660118103e-02
9.269246459007263184e-02
1.589806079864501953e-01
1.324529349803924561e-01
1.827419996261596680e-01
4.342029988765716553e-02
1.507415175437927246e-01
4.673368483781814575e-02
1.397962719202041626e-01
8.565308153629302979e-02
2.423827797174453735e-01
3.070268966257572174e-02
4.474253654479980469e-01
1.861421465873718262e-01
2.226568013429641724e-01
1.428182423114776611e-01
2.673010230064392090e-01
4.983100667595863342e-02
1.292819827795028687e-01
2.315614670515060425e-01
1.947430968284606934e-01
1.614679843187332153e-01
3.919121623039245605e-01
2.194603234529495239e-01
2.245709300041198730e-01
1.238035857677459717e-01
1.207561045885086060e-01
4.584078118205070496e-02
1.743995845317840576e-01
9.482717514038085938e-02
2.378714382648468018e-01
1.424897909164428711e-01
1.811531335115432739e-01
4.335221648216247559e-01
6.834813952445983887e-02
1.773811131715774536e-01
6.481520533561706543e-01
9.482514858245849609e-02
2.914955839514732361e-02
2.283646613359451294e-01
8.122873306274414062e-02
1.444297879934310913e-01
4.846484959125518799e-02
3.209761083126068115e-01
8.946830034255981445e-02
3.848421573638916016e-01
1.070199832320213318e-01
6.947264820337295532e-02
2.084570825099945068e-01
1.933766007423400879e-01
1.387503445148468018e-01
1.282074153423309326e-01
7.960605621337890625e-02
9.874070435762405396e-02
9.706954658031463623e-02
2.198961377143859863e-01
3.069389462471008301e-01
1.575912386178970337e-01
1.217613369226455688e-01
2.897163629531860352e-01
1.807427406311035156e-01
7.961843907833099365e-02
1.986710727214813232e-01
1.846911311149597168e-01
1.147896796464920044e-01
5.263086035847663879e-02
5.142483115196228027e-02
1.626036167144775391e-01
4.928810149431228638e-02
2.729193866252899170e-01
1.380280852317810059e-01
2.673905789852142334e-01
1.002198755741119385e-01
2.191616594791412354e-01
2.186309546232223511e-01
1.387482285499572754e-01
1.286987513303756714e-01
3.492900133132934570e-01
9.281414747238159180e-02
1.102575138211250305e-01
5.542518571019172668e-02
1.027058511972427368e-01
3.842297196388244629e-02
1.211791560053825378e-01
1.182692423462867737e-01
8.039675652980804443e-02
1.345165371894836426e-01
9.311386197805404663e-02
1.213143095374107361e-01
1.193151995539665222e-01
8.914618939161300659e-02
7.186742871999740601e-02
2.426744252443313599e-02
2.386506460607051849e-02
1.820494830608367920e-01
4.582679271697998047e-02
2.690931037068367004e-02
3.969275951385498047e-02
1.546722650527954102e-01
2.814497053623199463e-02
2.477889135479927063e-02
1.500927060842514038e-01
1.858747154474258423e-01
3.871783912181854248e-01
1.224563643336296082e-01
1.488236933946609497e-01
1.625005006790161133e-01
3.023211359977722168e-01
1.703392118215560913e-01
1.121717989444732666e-01
1.010469198226928711e-01
1.426752954721450806e-01
1.569496691226959229e-01
1.600512266159057617e-01
2.296634763479232788e-01
2.447886765003204346e-01
4.173593968152999878e-02
1.035003066062927246e-01
1.441269218921661377e-01
1.313907355070114136e-01
2.492057383060455322e-01
2.038624584674835205e-01
9.497334063053131104e-02
7.971519231796264648e-02
1.572963595390319824e-01
4.977967739105224609e-01
1.558016389608383179e-01
2.554300129413604736e-01
1.452403962612152100e-01
3.259024024009704590e-02
4.186626151204109192e-02
1.507094502449035645e-01
2.572731077671051025e-01
1.087699010968208313e-01
1.221470907330513000e-01
2.284947931766510010e-01
1.315443366765975952e-01
1.722928732633590698e-01
1.524274945259094238e-01
2.471616715192794800e-01
2.883650958538055420e-01
1.326604336500167847e-01
1.362327039241790771e-01
1.167325675487518311e-01
1.524466723203659058e-01
8.670641481876373291e-02
3.102570772171020508e-01
1.089335903525352478e-01
1.879546791315078735e-01
2.153072878718376160e-02
1.160815805196762085e-01
1.559324264526367188e-01
5.938266590237617493e-02
6.555489450693130493e-02
1.345835179090499878e-01
1.438850909471511841e-01
5.753291398286819458e-02
2.139665335416793823e-01
1.771974563598632812e-01
7.067956030368804932e-02
1.370503455400466919e-01
4.074504971504211426e-02
2.161830849945545197e-02
2.079866826534271240e-01
1.599253416061401367e-01
1.525461375713348389e-01
1.472347527742385864e-01
4.553119242191314697e-01
4.583133384585380554e-02
1.990012377500534058e-01
5.242443829774856567e-02
1.409099400043487549e-01
1.334212124347686768e-01
2.050068676471710205e-01
1.881563961505889893e-01
8.887470513582229614e-02
3.321490287780761719e-01
1.224590092897415161e-01
4.462537169456481934e-01
3.163527250289916992e-01
2.110607028007507324e-01
8.367964625358581543e-02
2.175177484750747681e-01
1.075222194194793701e-01
1.330176591873168945e-01
6.907641887664794922e-02
1.666060537099838257e-01
2.229072898626327515e-01
1.120870113372802734e-01
7.165029644966125488e-02
5.370266735553741455e-02
8.570919185876846313e-02
8.535277843475341797e-02
5.562406778335571289e-02
2.976576089859008789e-01
2.208095788955688477e-01
2.514049708843231201e-01
1.256658434867858887e-01
2.212303578853607178e-01
4.767824336886405945e-02
6.360112130641937256e-02
2.976011633872985840e-01
9.915944188833236694e-02
9.539931267499923706e-02
1.165621951222419739e-01
8.216333389282226562e-02
1.765751689672470093e-01
1.503312736749649048e-01
1.787164248526096344e-02
2.411782294511795044e-01
1.841858625411987305e-01
9.381055831909179688e-02
2.955586612224578857e-01
7.747717201709747314e-02
9.609075635671615601e-02
4.622600227594375610e-02
1.088783293962478638e-01
7.783713936805725098e-02
1.098358184099197388e-01
1.606112867593765259e-01
3.406547755002975464e-02
8.494386076927185059e-02
1.335237771272659302e-01
3.014018833637237549e-01
1.599933952093124390e-01
1.818845719099044800e-01
1.777384877204895020e-01
1.488116681575775146e-01
5.065521225333213806e-02
2.395199537277221680e-01
2.222192436456680298e-01
6.150408834218978882e-02
2.162083685398101807e-01
3.793171048164367676e-02
1.332293599843978882e-01
2.255417108535766602e-01
2.155446074903011322e-02
1.284828186035156250e-01
2.138852775096893311e-01
4.794771224260330200e-02
5.292761325836181641e-02
2.198809385299682617e-01
6.473121047019958496e-02
8.839456737041473389e-02
3.762601017951965332e-01
1.175763905048370361e-01
1.724091619253158569e-01
1.861743330955505371e-01
5.077453702688217163e-02
1.347511559724807739e-01
2.225043773651123047e-01
2.454727143049240112e-01
1.672090888023376465e-01
7.424247264862060547e-02
5.688877403736114502e-02
3.513689339160919189e-02
1.789931952953338623e-01
1.026875376701354980e-01
4.443469271063804626e-02
7.150504738092422485e-02
6.848196685314178467e-02
1.476872526109218597e-02
6.233693659305572510e-02
2.985427081584930420e-01
2.885608673095703125e-01
2.997798919677734375e-01
8.536583185195922852e-02
2.015231847763061523e-01
2.461614012718200684e-01
9.754388034343719482e-02
1.073157638311386108e-01
1.003284230828285217e-01
1.539858281612396240e-01
1.378359943628311157e-01
2.228915691375732422e-01
8.519099652767181396e-02
1.518291532993316650e-01
4.343205690383911133e-02
2.282963991165161133e-01
2.936725020408630371e-01
1.172652319073677063e-01
7.420885562896728516e-02
2.300153076648712158e-01
1.191124618053436279e-01
1.572331637144088745e-01
1.423634141683578491e-01
8.071187138557434082e-02
3.800602555274963379e-01
1.469187587499618530e-01
5.223523825407028198e-02
1.858775615692138672e-01
3.954328596591949463e-02
3.493383526802062988e-02
2.933380901813507080e-01
2.371504902839660645e-01
2.257100865244865417e-02
1.487008780241012573e-01
2.321291416883468628e-01
1.114780977368354797e-01
1.742512434720993042e-01
1.077868416905403137e-01
2.460532933473587036e-01
9.143947064876556396e-02
1.576933115720748901e-01
5.699026212096214294e-02
3.946574032306671143e-02
1.873895525932312012e-02
1.275745481252670288e-01
4.742123782634735107e-01
1.976660639047622681e-01
1.543773561716079712e-01
2.510388195514678955e-02
2.072802931070327759e-01
5.875186622142791748e-02
3.268412128090858459e-02
1.437231600284576416e-01
2.622036337852478027e-01
9.680992364883422852e-02
1.207907050848007202e-01
1.085385531187057495e-01
2.640004456043243408e-01
1.480224728584289551e-01
4.819082841277122498e-02
1.792811453342437744e-01
8.122377842664718628e-02
8.050279319286346436e-02
1.896654963493347168e-01
9.521328657865524292e-02
1.929721534252166748e-01
5.339401587843894958e-02
2.847291827201843262e-01
2.884819805622100830e-01
1.525967717170715332e-01
2.799009680747985840e-01
1.944063603878021240e-01
9.187342226505279541e-02
2.336858510971069336e-01
3.737399876117706299e-01
2.579279839992523193e-01
4.511274695396423340e-01
1.270486712455749512e-01
1.374950259923934937e-01
1.351792961359024048e-01
6.540087610483169556e-02
9.788310527801513672e-02
4.654060304164886475e-02
2.411625385284423828e-01
1.275369673967361450e-01
1.226546093821525574e-01
7.019187510013580322e-02
4.665178060531616211e-02
1.495623439550399780e-01
1.611713171005249023e-01
1.043773517012596130e-01
1.233774721622467041e-01
1.776111423969268799e-01
1.810527294874191284e-01
1.625265032052993774e-01
1.691131591796875000e-01
1.663214266300201416e-01
2.211242914199829102e-01
1.016681566834449768e-01
1.606525182723999023e-01
1.694795638322830200e-01
2.705698013305664062e-01
1.422126144170761108e-01
1.848496496677398682e-01
9.819461405277252197e-02
1.448595821857452393e-01
1.112584918737411499e-01
1.398505270481109619e-01
9.142856299877166748e-02
8.681140094995498657e-02
2.855137363076210022e-02
1.675035431981086731e-02
8.334026485681533813e-02
3.362124264240264893e-01
1.675153374671936035e-01
1.474340260028839111e-01
1.348252445459365845e-01
3.024591207504272461e-01
5.930742621421813965e-02
7.104951143264770508e-02
1.926760822534561157e-01
1.246702522039413452e-01
2.985694408416748047e-01
1.449540555477142334e-01
1.877159625291824341e-01
4.241046309471130371e-01
1.087978705763816833e-01
2.062124013900756836e-01
8.508128672838211060e-02
2.145046591758728027e-01
1.575268507003784180e-01
1.275958120822906494e-01
1.818492114543914795e-01
8.626234531402587891e-02
2.106004953384399414e-01
2.017241716384887695e-01
1.274954080581665039e-01
6.268218159675598145e-02
1.684278696775436401e-01
5.146827548742294312e-02
1.098787710070610046e-01
6.743258237838745117e-02
1.889692395925521851e-01
3.741707801818847656e-01
2.366619110107421875e-01
7.951774448156356812e-02
1.497835814952850342e-01
1.051440089941024780e-01
5.272860825061798096e-02
7.006084173917770386e-02
1.291430890560150146e-01
2.486628890037536621e-01
1.244924962520599365e-01
1.098556220531463623e-01
1.280368268489837646e-01
1.261698454618453979e-01
1.960705816745758057e-01
1.197684407234191895e-01
2.663060128688812256e-01
2.096690535545349121e-01
7.381645590066909790e-02
8.861799538135528564e-02
9.809055924415588379e-02
6.158332154154777527e-02
5.080355703830718994e-02
9.652674198150634766e-02
2.983070015907287598e-01
1.072406172752380371e-01
1.434877216815948486e-01
2.760061025619506836e-01
1.176635250449180603e-01
2.841813266277313232e-01
1.629623919725418091e-01
1.387720108032226562e-01
1.152261942625045776e-01
8.205555379390716553e-02
2.461210191249847412e-01
7.497188448905944824e-02
2.059322297573089600e-01
1.783285140991210938e-01
1.301439106464385986e-01
2.266586273908615112e-01
6.116763502359390259e-02
2.368678450584411621e-01
1.613837778568267822e-01
4.759671911597251892e-02
6.471441686153411865e-02
1.246364936232566833e-01
1.604301035404205322e-01
4.282427579164505005e-02
3.084260821342468262e-01
7.827460765838623047e-02
1.225509271025657654e-01
1.201619580388069153e-01
5.806425586342811584e-02
5.620245933532714844e-01
1.537416875362396240e-01
1.479030996561050415e-01
9.970648586750030518e-02
2.029810249805450439e-01
2.280700206756591797e-01
2.410647571086883545e-01
8.522798866033554077e-02
5.174416676163673401e-02
1.310541629791259766e-01
2.734503149986267090e-01
1.938205361366271973e-01
3.955148756504058838e-01
5.048309564590454102e-01
1.977262496948242188e-01
3.967855125665664673e-02
3.251352310180664062e-01
6.211030483245849609e-02
1.571022868156433105e-01
1.428957581520080566e-01
2.583660483360290527e-01
1.822373121976852417e-01
9.190902113914489746e-02
4.657516777515411377e-01
2.637697458267211914e-01
6.921389698982238770e-02
2.236761897802352905e-01
6.813790649175643921e-02
8.581373095512390137e-02
8.692625910043716431e-02
1.216056421399116516e-01
5.063880607485771179e-02
7.578854262828826904e-02
3.802040517330169678e-01
4.059506580233573914e-02
4.899842292070388794e-02
2.155286818742752075e-01
1.878436654806137085e-01
2.330350726842880249e-01
1.209980770945549011e-01
6.614198535680770874e-02
2.512651085853576660e-01
3.452421426773071289e-01
1.669531166553497314e-01
3.221417963504791260e-01
2.361079007387161255e-01
2.404601871967315674e-01
4.168392717838287354e-02
1.364434510469436646e-01
1.730666458606719971e-01
3.632373213768005371e-01
9.545044600963592529e-02
4.804401099681854248e-01
1.585466563701629639e-01
1.414960771799087524e-01
8.539425581693649292e-02
1.295750290155410767e-01
2.170179188251495361e-01
1.259206980466842651e-01
1.917307376861572266e-01
1.375779509544372559e-01
2.186823636293411255e-01
1.295868456363677979e-01
1.489857137203216553e-01
1.812183111906051636e-01
7.830199599266052246e-02
1.435132473707199097e-01
2.775075100362300873e-02
5.259935185313224792e-02
4.979590326547622681e-02
1.372318416833877563e-01
3.891486302018165588e-02
1.434081196784973145e-01
1.257841736078262329e-01
1.100507527589797974e-01
1.626533716917037964e-01
8.811820298433303833e-02
2.711037993431091309e-01
4.602933526039123535e-01
3.184201717376708984e-01
1.479621380567550659e-01
1.699005514383316040e-01
4.276096820831298828e-01
1.869937926530838013e-01
3.716916441917419434e-01
3.291968703269958496e-01
1.705621480941772461e-01
1.000290066003799438e-01
1.545017361640930176e-01
1.700705140829086304e-01
1.165925711393356323e-01
6.102933734655380249e-02
1.749613136053085327e-01
2.596629261970520020e-01
3.664651513099670410e-01
2.167527526617050171e-01
1.362428367137908936e-01
1.047284826636314392e-01
8.137801289558410645e-02
1.462208330631256104e-01
8.738739788532257080e-02
1.522361934185028076e-01
1.769525110721588135e-01
5.232871323823928833e-02
1.102477163076400757e-01
3.346838057041168213e-01
1.296633630990982056e-01
5.257494747638702393e-02
4.928237572312355042e-02
7.591144740581512451e-02
2.887781262397766113e-01
2.215940505266189575e-01
9.489076584577560425e-02
1.527070701122283936e-01
2.863830626010894775e-01
2.142087519168853760e-01
6.748922169208526611e-02
4.704121500253677368e-02
6.935222446918487549e-02
8.400633931159973145e-02
2.699955999851226807e-01
2.017881572246551514e-01
1.309692114591598511e-01
2.581297047436237335e-02
1.246842741966247559e-01
3.250614926218986511e-02
2.746066153049468994e-01
1.039353609085083008e-01
7.075013965368270874e-02
1.223647817969322205e-01
5.977056920528411865e-02
1.049504354596138000e-01
1.559137105941772461e-01
1.613667607307434082e-01
6.787424534559249878e-02
6.025964021682739258e-02
1.121154054999351501e-01
4.270467907190322876e-02
5.416043847799301147e-02
7.424533367156982422e-02
8.286127448081970215e-02
1.495681405067443848e-01
1.354770064353942871e-01
2.791514992713928223e-01
2.562331557273864746e-01
1.483889520168304443e-01
1.153296381235122681e-01
4.737832024693489075e-02
3.484142422676086426e-01
2.866705954074859619e-01
1.131035089492797852e-01
3.674138337373733521e-02
6.514269113540649414e-02
1.455166637897491455e-01
2.630550563335418701e-01
1.108292415738105774e-01
6.570292264223098755e-02
1.986492872238159180e-01
2.603389620780944824e-01
8.190493285655975342e-02
6.601493060588836670e-02
5.806333199143409729e-02
2.536450028419494629e-01
1.209903657436370850e-01
1.062695905566215515e-01
5.503944680094718933e-02
9.054132550954818726e-02
2.214394807815551758e-01
7.819342613220214844e-02
4.424673914909362793e-01
1.230248808860778809e-01
1.047768071293830872e-01
1.178458184003829956e-01
4.109255596995353699e-02
2.272205054759979248e-01
3.001392483711242676e-01
2.377789914608001709e-01
1.592537164688110352e-01
1.780351102352142334e-01
8.984303474426269531e-02
3.128856718540191650e-01
1.574333012104034424e-01
9.951766580343246460e-02
2.555317580699920654e-01
1.321121454238891602e-01
2.487409412860870361e-01
5.816355720162391663e-02
2.207205146551132202e-01
1.555558294057846069e-01
1.107999384403228760e-01
2.968256771564483643e-01
1.466125100851058960e-01
2.217106521129608154e-01
8.943893015384674072e-02
2.083023488521575928e-01
5.351639539003372192e-02
3.969863057136535645e-01
1.733308136463165283e-01
1.689747273921966553e-01
1.336088925600051880e-01
1.041747182607650757e-01
2.346934676170349121e-01
4.895119071006774902e-01
1.579763293266296387e-01
3.939951956272125244e-02
1.732040345668792725e-01
8.010578900575637817e-02
6.267226487398147583e-02
1.667143553495407104e-01
1.115458905696868896e-01
1.088099032640457153e-01
1.848899573087692261e-01
1.538919657468795776e-01
1.920079290866851807e-01
9.734974801540374756e-02
1.515663266181945801e-01
1.019167751073837280e-01
2.906630039215087891e-01
1.074152737855911255e-01
1.385927796363830566e-01
3.318418934941291809e-02
3.462485373020172119e-01
3.759429454803466797e-01
6.792098283767700195e-02
2.082394659519195557e-01
1.004692092537879944e-01
2.739699482917785645e-01
2.987684682011604309e-02
1.609746515750885010e-01
1.316137909889221191e-01
1.598214954137802124e-01
9.269309788942337036e-02
1.227184757590293884e-01
2.074130475521087646e-01
3.877805173397064209e-01
4.731045663356781006e-02
1.185173094272613525e-01
1.667800545692443848e-01
1.922352910041809082e-01
4.111693799495697021e-01
1.235648840665817261e-01
1.782329082489013672e-01
9.222599864006042480e-02
4.612698405981063843e-02
2.266630828380584717e-01
1.729180812835693359e-01
6.886932253837585449e-02
1.480919122695922852e-01
8.201463520526885986e-02
1.655449420213699341e-01
4.840937256813049316e-02
1.462993025779724121e-01
1.018721535801887512e-01
1.300871223211288452e-01
1.316673755645751953e-01
9.618900716304779053e-02
1.594213098287582397e-01
1.397763639688491821e-01
3.652412444353103638e-02
1.652506589889526367e-01
1.466424465179443359e-01
1.413286775350570679e-01
1.357779800891876221e-01
3.112609088420867920e-01
1.913528442382812500e-01
2.076432704925537109e-01
1.829200088977813721e-01
1.861171424388885498e-01
1.408131420612335205e-01
1.355717331171035767e-01
6.057338416576385498e-02
4.919679462909698486e-02
2.301800101995468140e-01
2.129677981138229370e-01
1.122055649757385254e-01
5.925592780113220215e-02
3.978770971298217773e-02
6.254876405000686646e-02
1.484063337557017803e-03
