1.828421354293823242e-01
3.567457795143127441e-01
1.339680999517440796e-01
8.256803452968597412e-02
3.361017704010009766e-01
1.243229880928993225e-01
4.226502776145935059e-01
1.644751131534576416e-01
3.299768567085266113e-01
2.220733612775802612e-01
4.946769177913665771e-01
2.331949621438980103e-01
2.174671143293380737e-01
1.539860963821411133e-01
9.594137966632843018e-02
3.686611056327819824e-01
1.772097498178482056e-01
6.464016437530517578e-01
1.346704363822937012e-01
1.054562926292419434e-01
2.832579612731933594e-01
3.482629060745239258e-01
1.660372912883758545e-01
7.944176346063613892e-02
1.902421563863754272e-01
1.369303166866302490e-01
3.920016065239906311e-02
2.234318256378173828e-01
9.007082134485244751e-02
4.960089176893234253e-02
2.466140240430831909e-01
2.101054787635803223e-01
6.517045944929122925e-02
3.831940889358520508e-02
1.630229353904724121e-01
1.390579938888549805e-01
2.028991580009460449e-01
8.210612833499908447e-02
1.538422554731369019e-01
2.557934522628784180e-01
1.380929946899414062e-01
2.974717617034912109e-01
1.157122403383255005e-01
1.421091258525848389e-01
2.862727046012878418e-01
2.069452106952667236e-01
3.241718709468841553e-01
8.977410197257995605e-02
2.662749886512756348e-01
4.948478341102600098e-01
5.000722408294677734e-02
2.477439343929290771e-01
2.288639396429061890e-01
3.159968852996826172e-01
1.217431500554084778e-01
1.508451998233795166e-01
4.351459443569183350e-01
1.236245483160018921e-01
9.260551631450653076e-02
1.268812716007232666e-01
2.584238350391387939e-01
1.086537837982177734e-01
4.430886730551719666e-02
1.651843935251235962e-01
4.011992216110229492e-01
3.801000714302062988e-01
2.392578423023223877e-01
2.893669605255126953e-01
1.395646929740905762e-01
1.216722354292869568e-01
2.156915068626403809e-01
2.312071025371551514e-01
3.585778176784515381e-02
2.083352208137512207e-01
2.940901219844818115e-01
1.031994447112083435e-01
2.009865194559097290e-01
1.751116216182708740e-01
2.508965134620666504e-01
3.316672742366790771e-01
1.037079319357872009e-01
3.043751716613769531e-01
2.561813592910766602e-01
1.524777114391326904e-01
1.452384144067764282e-01
2.252697050571441650e-01
1.013436913490295410e-01
1.795496642589569092e-01
7.631728798151016235e-02
7.047879695892333984e-02
3.896937966346740723e-01
2.510917782783508301e-01
1.007025390863418579e-01
1.365384012460708618e-01
1.064360663294792175e-01
2.388490736484527588e-01
1.306447386741638184e-01
5.457698926329612732e-02
1.238449364900588989e-01
5.594142079353332520e-01
1.885166764259338379e-01
1.011521667242050171e-01
7.971572875976562500e-02
3.868502974510192871e-01
2.591367661952972412e-01
1.718751639127731323e-01
2.602978646755218506e-01
1.732617318630218506e-01
3.021221458911895752e-01
1.425915658473968506e-01
5.184666812419891357e-02
2.145544290542602539e-01
2.332320958375930786e-01
9.682776778936386108e-02
2.859874963760375977e-01
1.598382443189620972e-01
2.303427457809448242e-01
2.270908951759338379e-01
2.941374778747558594e-01
1.337589025497436523e-01
1.008485555648803711e-01
6.279547810554504395e-01
2.255941778421401978e-01
1.038542091846466064e-01
4.667236655950546265e-02
2.093500494956970215e-01
2.357752621173858643e-01
1.967790126800537109e-01
3.446895480155944824e-01
1.725192964076995850e-01
1.729322969913482666e-01
3.269237279891967773e-02
1.095476672053337097e-01
1.263570934534072876e-01
3.286775648593902588e-01
8.633468300104141235e-02
2.437920868396759033e-01
9.775297343730926514e-02
2.809057533740997314e-01
4.281891137361526489e-02
5.777273699641227722e-02
1.875209957361221313e-01
1.273040324449539185e-01
9.026987105607986450e-02
5.571644008159637451e-02
4.454162120819091797e-01
3.391622006893157959e-01
2.498912811279296875e-01
3.436956554651260376e-02
3.890987858176231384e-02
1.521685421466827393e-01
1.656280159950256348e-01
3.021522164344787598e-01
4.972214996814727783e-02
1.917237639427185059e-01
1.804222762584686279e-01
2.031260430812835693e-01
6.636495888233184814e-02
1.256264597177505493e-01
6.714472174644470215e-02
1.692164242267608643e-01
2.076372355222702026e-01
7.593804597854614258e-02
1.254649013280868530e-01
1.834422200918197632e-01
9.813218563795089722e-02
2.902238965034484863e-01
3.429211378097534180e-01
2.364286333322525024e-01
1.021036356687545776e-01
2.333848178386688232e-01
2.058413475751876831e-01
3.606980443000793457e-01
1.128523424267768860e-01
1.443863064050674438e-01
1.040078550577163696e-01
6.153578683733940125e-02
2.930171489715576172e-01
1.495150029659271240e-01
1.783853620290756226e-01
2.298503369092941284e-01
2.402969896793365479e-01
1.180855557322502136e-01
1.568651795387268066e-01
1.618158370256423950e-01
1.944211572408676147e-01
1.581415534019470215e-01
6.699959933757781982e-02
1.947056949138641357e-01
1.387354731559753418e-01
1.394232809543609619e-01
1.285553276538848877e-01
2.763042151927947998e-01
2.264696657657623291e-01
1.104700714349746704e-01
2.975507676601409912e-01
1.668730974197387695e-01
7.302249222993850708e-02
1.671917140483856201e-01
3.204847872257232666e-02
6.242737919092178345e-02
3.671772032976150513e-02
2.474566176533699036e-02
2.906182110309600830e-01
2.426702380180358887e-01
6.896688044071197510e-02
1.905281543731689453e-01
1.567002087831497192e-01
6.399255245923995972e-02
2.029449678957462311e-02
1.669100821018218994e-01
3.475057780742645264e-01
2.177120894193649292e-01
2.014648318290710449e-01
2.304533869028091431e-01
1.068511754274368286e-01
1.255210340023040771e-01
1.405186653137207031e-01
9.017294645309448242e-02
5.024366825819015503e-02
3.191288560628890991e-02
2.106802463531494141e-01
2.043115198612213135e-01
2.540664374828338623e-01
9.569755196571350098e-02
1.286250352859497070e-01
2.076266556978225708e-01
2.076734155416488647e-01
2.565137743949890137e-01
1.076569408178329468e-01
4.232017397880554199e-01
1.013372018933296204e-01
3.081269562244415283e-02
1.023691818118095398e-01
1.411220878362655640e-01
1.284005343914031982e-01
1.186372041702270508e-01
1.590964347124099731e-01
3.323659896850585938e-01
1.891959160566329956e-01
1.086445748805999756e-01
1.277288645505905151e-01
3.068730533123016357e-01
1.388774216175079346e-01
2.532156109809875488e-01
8.894652128219604492e-02
2.666737437248229980e-01
3.984861671924591064e-01
2.262378782033920288e-01
4.220589250326156616e-02
6.860892474651336670e-02
1.599755287170410156e-01
2.303214073181152344e-01
5.055795982480049133e-02
3.219583034515380859e-01
1.831605434417724609e-01
2.347945272922515869e-01
1.599297076463699341e-01
3.306148201227188110e-02
9.525434672832489014e-02
1.551671624183654785e-01
2.370521426200866699e-01
1.517152488231658936e-01
2.707892656326293945e-01
1.349866986274719238e-01
2.344550192356109619e-01
1.151877269148826599e-01
1.565333455801010132e-01
2.169589549303054810e-01
1.180051565170288086e-01
2.255227416753768921e-01
6.498394906520843506e-02
2.518077492713928223e-01
3.652808368206024170e-01
5.137411132454872131e-02
1.204082369804382324e-01
2.186060845851898193e-01
2.800403535366058350e-01
4.199031293392181396e-01
1.398271173238754272e-01
2.245796918869018555e-01
5.159345641732215881e-02
1.718353629112243652e-01
2.383671104907989502e-01
3.062299489974975586e-01
3.288291990756988525e-01
5.790642276406288147e-02
1.292257905006408691e-01
2.406326830387115479e-01
3.558910191059112549e-01
4.748165607452392578e-02
2.023763209581375122e-01
1.259241402149200439e-01
4.582050442695617676e-01
1.936584711074829102e-01
4.171428680419921875e-01
3.747611343860626221e-01
1.186884418129920959e-01
1.304183900356292725e-01
2.378531694412231445e-01
4.646221995353698730e-01
1.317331045866012573e-01
3.666484951972961426e-01
3.741718828678131104e-01
3.535054922103881836e-01
6.512861698865890503e-02
9.745804965496063232e-02
1.787812709808349609e-01
1.794518232345581055e-01
1.318038105964660645e-01
2.577107846736907959e-01
1.796793341636657715e-01
1.445291787385940552e-01
1.659612655639648438e-01
2.885083481669425964e-02
2.361498475074768066e-01
1.003035753965377808e-01
1.445944607257843018e-01
1.533042490482330322e-01
2.507024407386779785e-01
5.230680108070373535e-02
2.027745544910430908e-01
1.799220889806747437e-01
8.213824033737182617e-02
2.162168473005294800e-01
2.266054302453994751e-01
8.912993967533111572e-02
1.398383378982543945e-01
7.791200280189514160e-02
1.924255490303039551e-01
2.069202959537506104e-01
2.429675906896591187e-01
1.062151491641998291e-01
1.479177623987197876e-01
3.091368377208709717e-01
3.004837930202484131e-01
7.438470423221588135e-02
1.789819598197937012e-01
1.590105146169662476e-01
2.422334551811218262e-01
2.202642560005187988e-01
1.994945704936981201e-01
1.135995090007781982e-01
3.541953265666961670e-01
3.954534977674484253e-02
1.252375990152359009e-01
2.387287467718124390e-01
2.108360826969146729e-01
1.272807717323303223e-01
3.604948818683624268e-01
3.301526606082916260e-02
4.378104805946350098e-01
1.079733148217201233e-01
1.493267416954040527e-01
1.672080308198928833e-01
3.606769442558288574e-01
1.360850334167480469e-01
2.059509903192520142e-01
1.527181118726730347e-01
4.465234279632568359e-02
1.767345070838928223e-01
7.314529269933700562e-02
7.563245296478271484e-02
1.926633864641189575e-01
5.020521283149719238e-01
3.115242719650268555e-01
1.585480868816375732e-01
1.929144710302352905e-01
1.501102745532989502e-01
1.026411205530166626e-01
1.510286182165145874e-01
1.961817443370819092e-01
1.709523200988769531e-01
2.665230035781860352e-01
1.896590739488601685e-01
5.373292043805122375e-02
2.386558949947357178e-01
1.217161566019058228e-01
2.608218789100646973e-01
2.066365480422973633e-01
7.845982164144515991e-02
1.144377887248992920e-01
3.501744270324707031e-01
2.780962288379669189e-01
1.561104357242584229e-01
4.013155102729797363e-01
2.003269940614700317e-01
2.283908128738403320e-01
4.040752947330474854e-01
8.290769904851913452e-02
2.683738991618156433e-02
1.349380314350128174e-01
7.856979966163635254e-02
3.019983172416687012e-01
1.938513517379760742e-01
2.355673462152481079e-01
1.744310408830642700e-01
2.439147830009460449e-01
1.956312209367752075e-01
1.102816760540008545e-01
4.049977064132690430e-01
9.709349274635314941e-02
1.539455950260162354e-01
1.644971370697021484e-01
2.246366441249847412e-01
3.085188865661621094e-01
1.818532645702362061e-01
2.548588514328002930e-01
1.918162107467651367e-01
1.371194273233413696e-01
1.757738292217254639e-01
1.649866104125976562e-01
5.232461690902709961e-01
6.433407217264175415e-02
1.304638981819152832e-01
6.623938679695129395e-02
4.435339570045471191e-02
1.144265606999397278e-01
2.511498630046844482e-01
5.768050625920295715e-02
2.458154708147048950e-01
1.861165314912796021e-01
9.097261726856231689e-02
1.709654927253723145e-02
4.821567609906196594e-02
1.058083921670913696e-01
9.357568621635437012e-02
2.832489013671875000e-01
1.073253899812698364e-01
1.808001995086669922e-01
1.760334819555282593e-01
9.093602001667022705e-02
1.432616114616394043e-01
8.475314080715179443e-02
4.561752825975418091e-02
2.340811491012573242e-01
2.450629025697708130e-01
2.828798294067382812e-01
4.966349527239799500e-02
4.909582436084747314e-02
2.811833024024963379e-01
2.809398174285888672e-01
1.606092005968093872e-01
3.064877912402153015e-02
6.256400048732757568e-02
8.882579207420349121e-02
1.579088717699050903e-01
1.686352491378784180e-01
2.049809694290161133e-01
1.664460748434066772e-01
3.486126661300659180e-01
7.301942259073257446e-02
1.321894228458404541e-01
7.022337615489959717e-02
2.459667026996612549e-01
5.918008461594581604e-02
1.321233659982681274e-01
9.331338852643966675e-02
3.126776814460754395e-01
1.034665107727050781e-01
1.479214578866958618e-01
1.853745728731155396e-01
9.476079046726226807e-02
2.099057137966156006e-01
2.159132957458496094e-01
4.965613037347793579e-02
7.407233119010925293e-02
2.437323033809661865e-01
1.293517053127288818e-01
1.301813125610351562e-01
1.094975322484970093e-01
1.519723832607269287e-01
1.886238306760787964e-01
1.365377157926559448e-01
2.092018425464630127e-01
5.756060406565666199e-02
6.372316181659698486e-02
8.090391755104064941e-02
3.334149122238159180e-01
7.618118822574615479e-02
3.122116327285766602e-01
1.532730162143707275e-01
6.991650164127349854e-02
5.513169988989830017e-02
1.924594640731811523e-01
1.510716527700424194e-01
1.225221753120422363e-01
7.989674806594848633e-02
1.670896708965301514e-01
1.615226566791534424e-01
3.742454648017883301e-01
3.362074494361877441e-01
9.274795651435852051e-02
3.045134842395782471e-01
1.431083083152770996e-01
2.627927958965301514e-01
1.078695952892303467e-01
4.906120151281356812e-02
9.679151326417922974e-02
9.847015142440795898e-02
1.743303239345550537e-01
6.600581854581832886e-02
1.584710478782653809e-01
1.863318979740142822e-01
1.614193618297576904e-01
1.958703398704528809e-01
1.468311101198196411e-01
7.605244219303131104e-02
2.326158285140991211e-01
3.471393287181854248e-01
2.129952311515808105e-01
2.463621497154235840e-01
1.200440078973770142e-01
1.084195449948310852e-01
4.226591587066650391e-01
1.864448785781860352e-01
7.548900693655014038e-02
6.040955334901809692e-02
1.647340655326843262e-01
2.044833600521087646e-01
1.750857979059219360e-01
8.791977912187576294e-02
3.527757823467254639e-01
2.792483866214752197e-01
1.023990213871002197e-01
1.262064278125762939e-01
2.766128182411193848e-01
2.438252270221710205e-01
2.814058363437652588e-01
1.334581077098846436e-01
2.328655421733856201e-01
9.953067451715469360e-02
7.174709439277648926e-02
3.552655875682830811e-02
3.131042718887329102e-01
2.073469758033752441e-01
1.949099898338317871e-01
2.994816899299621582e-01
2.275289297103881836e-01
2.469631731510162354e-01
3.079695999622344971e-01
7.470992207527160645e-02
1.293440461158752441e-01
7.144008576869964600e-02
1.282191872596740723e-01
2.085192501544952393e-01
3.020898103713989258e-01
9.327343106269836426e-02
6.149640679359436035e-02
1.134669631719589233e-01
1.274682432413101196e-01
1.113775819540023804e-01
2.826633453369140625e-01
1.385258287191390991e-01
2.075027227401733398e-01
3.310881257057189941e-01
3.316850960254669189e-01
9.124863892793655396e-02
4.412001371383666992e-01
3.471388816833496094e-01
2.747311592102050781e-01
1.551227122545242310e-01
2.043729275465011597e-01
7.833065092563629150e-02
2.211670875549316406e-01
9.300422668457031250e-02
9.571056067943572998e-02
1.366887092590332031e-01
1.785759180784225464e-01
2.462193965911865234e-01
7.710815966129302979e-02
3.252337127923965454e-02
1.202409416437149048e-01
1.219823658466339111e-01
1.010661199688911438e-01
2.119137793779373169e-01
2.504510879516601562e-01
3.203192353248596191e-01
1.908864378929138184e-01
1.115747168660163879e-01
1.971275657415390015e-01
2.783026397228240967e-01
3.314850330352783203e-01
2.185334563255310059e-01
3.344426304101943970e-02
2.569718658924102783e-01
1.411658823490142822e-01
1.829326152801513672e-01
2.966288626194000244e-01
3.500953614711761475e-01
1.625747084617614746e-01
2.718834877014160156e-01
5.313359498977661133e-01
1.373475939035415649e-01
2.427729368209838867e-01
2.635215818881988525e-01
3.449580669403076172e-01
2.636401355266571045e-01
1.603896021842956543e-01
3.147760629653930664e-01
1.534744054079055786e-01
4.260823428630828857e-01
4.098867475986480713e-01
3.562650382518768311e-01
3.178877234458923340e-01
1.751047968864440918e-01
1.263162344694137573e-01
2.500375509262084961e-01
2.381187975406646729e-01
2.336182445287704468e-01
3.321040868759155273e-01
1.607291847467422485e-01
1.316323727369308472e-01
1.583065092563629150e-01
4.740502238273620605e-01
3.902036547660827637e-01
1.329143345355987549e-01
3.265447020530700684e-01
2.033878564834594727e-01
1.747306585311889648e-01
2.654466331005096436e-01
2.675383090972900391e-01
9.854669868946075439e-02
2.805248498916625977e-01
2.434019148349761963e-01
1.083082556724548340e-01
9.898272901773452759e-02
9.728290140628814697e-02
2.496552765369415283e-01
4.074489474296569824e-01
1.274985522031784058e-01
1.259062290191650391e-01
1.838672906160354614e-01
2.167960703372955322e-01
4.701835662126541138e-02
7.718835026025772095e-02
2.755700349807739258e-01
2.569288015365600586e-01
3.260269761085510254e-01
5.826861411333084106e-02
1.416618973016738892e-01
3.492726087570190430e-01
2.053953111171722412e-01
1.521688103675842285e-01
3.595054745674133301e-01
1.960854679346084595e-01
2.331892251968383789e-01
7.336379587650299072e-02
3.579193651676177979e-01
2.502578198909759521e-01
2.953440248966217041e-01
1.568424701690673828e-01
1.362641304731369019e-01
9.442040324211120605e-02
1.504374742507934570e-01
1.459302902221679688e-01
2.922678589820861816e-01
1.025230884552001953e-01
3.931817710399627686e-01
1.317997574806213379e-01
5.661765113472938538e-02
1.388094127178192139e-01
3.900064527988433838e-01
3.618806600570678711e-01
3.526409864425659180e-01
1.547757238149642944e-01
3.116532862186431885e-01
1.071953475475311279e-01
2.585397064685821533e-01
2.320214211940765381e-01
2.086209058761596680e-01
2.321286201477050781e-01
1.792938709259033203e-01
2.744412422180175781e-01
1.847603917121887207e-01
8.009954541921615601e-02
2.425893247127532959e-01
4.153104498982429504e-02
1.823621392250061035e-01
1.594438999891281128e-01
4.193222522735595703e-01
1.130411177873611450e-01
1.769037395715713501e-01
7.059934735298156738e-02
7.610993087291717529e-02
9.279743582010269165e-02
1.191011965274810791e-01
1.791040897369384766e-01
7.685962319374084473e-02
2.368968129158020020e-01
1.444924622774124146e-01
1.355289220809936523e-01
1.203827112913131714e-01
1.272505223751068115e-01
1.157033145427703857e-01
2.088333368301391602e-01
6.590850651264190674e-02
8.413984626531600952e-02
1.534585058689117432e-01
1.717571616172790527e-01
2.292271852493286133e-01
3.058130741119384766e-01
4.398980364203453064e-02
2.546466588973999023e-01
1.992906928062438965e-01
1.759388148784637451e-01
8.809770643711090088e-02
2.003481239080429077e-01
1.170574501156806946e-01
1.127985566854476929e-01
3.040767014026641846e-01
1.306153982877731323e-01
1.259938627481460571e-01
1.081673651933670044e-01
1.019814833998680115e-01
1.009346693754196167e-01
1.192189976572990417e-01
1.567606925964355469e-01
1.437558531761169434e-01
1.074361354112625122e-01
1.405021697282791138e-01
1.372323036193847656e-01
6.811243295669555664e-02
1.307070851325988770e-01
1.238504648208618164e-01
1.547382026910781860e-01
1.782333999872207642e-01
7.142648100852966309e-02
1.473332643508911133e-01
2.544081509113311768e-01
9.428678452968597412e-02
1.948949694633483887e-01
2.177494466304779053e-01
3.657277822494506836e-01
8.227275311946868896e-02
1.176676005125045776e-01
1.643204540014266968e-01
3.171330392360687256e-01
2.335891872644424438e-01
3.382201790809631348e-01
2.611597180366516113e-01
8.811247348785400391e-02
1.754328310489654541e-01
1.068341583013534546e-01
4.063654690980911255e-02
3.438872694969177246e-01
1.954956650733947754e-01
2.497126534581184387e-02
1.093260198831558228e-01
4.444380402565002441e-01
6.056086719036102295e-02
3.243568539619445801e-01
2.212469428777694702e-01
2.972631752490997314e-01
2.106396555900573730e-01
8.762719482183456421e-02
1.698203831911087036e-01
1.024250164628028870e-01
1.649878323078155518e-01
2.740458250045776367e-01
1.075720712542533875e-01
5.958278477191925049e-02
1.886651217937469482e-01
6.817555427551269531e-02
2.399475574493408203e-01
1.747020632028579712e-01
1.893460154533386230e-01
1.926550269126892090e-01
8.250110596418380737e-02
4.232684671878814697e-01
2.548077702522277832e-01
6.824427098035812378e-02
2.628249526023864746e-01
9.142498672008514404e-02
1.908025741577148438e-01
9.142711013555526733e-02
2.093012332916259766e-01
2.503350973129272461e-01
2.046018391847610474e-01
5.845701694488525391e-02
4.838307946920394897e-02
2.529160082340240479e-01
2.830976843833923340e-01
1.753347069025039673e-01
3.272336721420288086e-01
1.700039058923721313e-01
1.088583171367645264e-01
1.361025869846343994e-01
8.945491164922714233e-02
2.520442008972167969e-01
1.319616138935089111e-01
1.270718425512313843e-01
3.059926927089691162e-01
1.009530425071716309e-01
7.376095652580261230e-02
1.347562074661254883e-01
6.726408749818801880e-02
2.631833255290985107e-01
4.271761178970336914e-01
3.105697333812713623e-01
1.015061065554618835e-01
9.259799867868423462e-02
3.209725618362426758e-01
1.104430705308914185e-01
8.675304055213928223e-02
5.906474590301513672e-02
1.967707872390747070e-01
1.209794357419013977e-01
1.558258980512619019e-01
2.335880994796752930e-01
1.046756505966186523e-01
1.414608061313629150e-01
1.059402376413345337e-01
1.386097073554992676e-01
2.635928392410278320e-01
9.014854580163955688e-02
2.072472870349884033e-01
6.078097969293594360e-02
1.787476986646652222e-01
2.524629533290863037e-01
1.829676330089569092e-01
1.790448129177093506e-01
2.290539443492889404e-01
7.282599806785583496e-02
7.973612099885940552e-02
3.943707048892974854e-02
1.861071288585662842e-01
1.437964439392089844e-01
3.134668767452239990e-01
2.159484624862670898e-01
1.722552031278610229e-01
1.247308850288391113e-01
1.766022294759750366e-01
3.810444846749305725e-02
7.092235982418060303e-02
1.840792596340179443e-01
1.688090115785598755e-01
2.259241789579391479e-01
5.317038297653198242e-01
2.614863514900207520e-01
4.018406942486763000e-02
2.765626609325408936e-01
1.691193580627441406e-01
9.608577191829681396e-02
1.690904796123504639e-01
5.718692764639854431e-02
9.960219264030456543e-02
2.670144438743591309e-01
1.399208158254623413e-01
1.838360875844955444e-01
1.110626608133316040e-01
4.127032458782196045e-01
9.844744205474853516e-02
1.384349763393402100e-01
2.055781632661819458e-01
1.917249411344528198e-01
6.777012348175048828e-02
2.148726284503936768e-01
6.237056851387023926e-02
2.826284170150756836e-01
1.815629899501800537e-01
7.125599682331085205e-02
1.234516352415084839e-01
3.340854942798614502e-01
1.079246997833251953e-01
1.658333539962768555e-01
1.617304533720016479e-01
1.541634202003479004e-01
1.015767753124237061e-01
2.105303406715393066e-01
1.432989984750747681e-01
3.797199726104736328e-01
7.822687923908233643e-02
1.294598132371902466e-01
6.414856016635894775e-02
1.375025510787963867e-01
8.478605747222900391e-02
1.940567493438720703e-01
1.867534518241882324e-01
4.609310328960418701e-01
4.986249655485153198e-02
6.678864359855651855e-02
1.541755348443984985e-01
8.240792900323867798e-02
7.899531722068786621e-02
6.217220053076744080e-02
6.939461082220077515e-02
6.155052408576011658e-02
2.231981754302978516e-01
1.507371962070465088e-01
1.336593925952911377e-01
9.185106307268142700e-02
1.088151335716247559e-01
2.580761536955833435e-02
2.222519516944885254e-01
1.404214203357696533e-01
4.070334136486053467e-02
2.743939161300659180e-01
3.693502247333526611e-01
3.358680382370948792e-02
1.290042400360107422e-01
1.958428621292114258e-01
2.432220056653022766e-02
7.712672650814056396e-02
8.808227628469467163e-02
1.786154210567474365e-01
1.978377103805541992e-01
1.107001006603240967e-01
9.109197556972503662e-02
1.548554152250289917e-01
3.138025104999542236e-01
4.303330481052398682e-01
1.463049799203872681e-01
9.002442657947540283e-02
3.940638154745101929e-02
2.433049678802490234e-01
7.142179459333419800e-02
5.523468926548957825e-02
1.948868483304977417e-02
9.796625375747680664e-02
3.491195142269134521e-01
1.274928450584411621e-01
6.779561191797256470e-02
2.107092142105102539e-01
1.642132848501205444e-01
1.319115161895751953e-01
2.195751070976257324e-01
2.603626251220703125e-01
5.246942490339279175e-02
2.815993428230285645e-01
1.328401565551757812e-01
1.648235023021697998e-01
2.015720307826995850e-01
1.995389610528945923e-01
1.400792747735977173e-01
1.389125883579254150e-01
1.164719536900520325e-01
8.118943125009536743e-02
3.001903295516967773e-01
7.590223848819732666e-02
1.876758635044097900e-01
1.511177122592926025e-01
5.867979303002357483e-02
1.957288682460784912e-01
2.351191639900207520e-01
1.336743533611297607e-01
1.495629101991653442e-01
1.163104027509689331e-01
4.592170715332031250e-01
1.172019392251968384e-01
2.146334350109100342e-01
1.922141462564468384e-01
2.306841611862182617e-01
1.180645823478698730e-01
1.938916295766830444e-01
2.819513678550720215e-01
7.686451822519302368e-02
1.621018499135971069e-01
2.085923850536346436e-01
3.216384947299957275e-01
1.321975141763687134e-01
5.743286013603210449e-02
1.469082385301589966e-01
1.550499349832534790e-01
7.980138063430786133e-02
2.200594544410705566e-01
1.400253325700759888e-01
3.414444625377655029e-02
1.757323592901229858e-01
3.383742570877075195e-01
1.781606376171112061e-01
6.779204308986663818e-02
2.812680900096893311e-01
1.244186237454414368e-01
1.154373958706855774e-01
1.565716266632080078e-01
3.094889968633651733e-02
2.287505418062210083e-01
5.949819087982177734e-02
2.489207834005355835e-01
4.052250981330871582e-01
1.385081410408020020e-01
1.500139236450195312e-01
1.505053490400314331e-01
7.300347089767456055e-02
1.987721323966979980e-01
1.937717497348785400e-01
7.211236655712127686e-02
1.782293766736984253e-01
2.450804263353347778e-01
1.006801277399063110e-01
2.517317831516265869e-01
4.855813831090927124e-02
4.725942611694335938e-01
1.471864283084869385e-01
2.099768519401550293e-01
2.175737619400024414e-01
1.981253772974014282e-01
2.484049201011657715e-01
4.435198381543159485e-02
2.016999721527099609e-01
2.622347772121429443e-01
1.540246903896331787e-01
2.058333456516265869e-01
3.089036345481872559e-01
3.594736754894256592e-02
3.974520415067672729e-02
3.230069279670715332e-01
6.941964477300643921e-02
9.138010442256927490e-02
7.088216394186019897e-02
1.816213876008987427e-01
6.528513878583908081e-02
8.946834504604339600e-02
6.951057910919189453e-02
2.217409014701843262e-01
8.093924820423126221e-02
3.476969897747039795e-01
9.008836746215820312e-02
9.952817857265472412e-02
2.706952206790447235e-02
1.929080784320831299e-01
1.076383143663406372e-01
2.101680338382720947e-01
4.215776324272155762e-01
1.221331134438514709e-01
2.689067833125591278e-02
1.046595275402069092e-01
1.085622161626815796e-01
7.170332223176956177e-02
2.107099816203117371e-02
2.728855907917022705e-01
2.469526827335357666e-01
4.498660564422607422e-02
2.884881794452667236e-01
1.113585084676742554e-01
1.491448581218719482e-01
7.056538760662078857e-02
2.882464043796062469e-02
4.423652216792106628e-02
3.411392867565155029e-02
1.020299196243286133e-01
4.648441076278686523e-02
4.596441090106964111e-01
1.218238621950149536e-01
2.345440983772277832e-01
9.286486357450485229e-02
5.249549821019172668e-02
6.900510191917419434e-02
1.710393130779266357e-01
4.986430704593658447e-02
1.712070703506469727e-01
3.254958987236022949e-01
1.420565247535705566e-01
8.713001757860183716e-02
1.008660718798637390e-01
4.263321161270141602e-01
1.042247787117958069e-01
1.051272079348564148e-01
1.175391599535942078e-01
1.029905974864959717e-01
2.573202550411224365e-02
1.116520613431930542e-01
1.598920524120330811e-01
2.110952138900756836e-01
8.150573074817657471e-02
1.779142320156097412e-01
1.050484403967857361e-01
1.167897433042526245e-01
1.911616623401641846e-01
6.843723356723785400e-02
1.829218864440917969e-01
3.586415573954582214e-02
1.156702563166618347e-01
3.211919069290161133e-01
2.480124384164810181e-01
2.058708071708679199e-01
1.367308050394058228e-01
1.046084836125373840e-01
1.875232756137847900e-01
3.031669743359088898e-02
1.065941005945205688e-01
1.402143090963363647e-01
1.271244585514068604e-01
7.609868049621582031e-02
2.426300048828125000e-01
1.036610677838325500e-01
3.212690353393554688e-02
7.184019684791564941e-02
8.613250404596328735e-02
3.212980628013610840e-01
2.593874633312225342e-01
3.308881521224975586e-01
2.380184978246688843e-01
2.540342211723327637e-01
1.445416063070297241e-01
1.922403573989868164e-01
6.213866919279098511e-02
1.159308701753616333e-01
2.894923985004425049e-01
8.069425821304321289e-02
2.535950243473052979e-01
3.432549834251403809e-01
2.120222896337509155e-01
2.074232101440429688e-01
1.719686686992645264e-01
3.629127144813537598e-01
1.736383736133575439e-01
1.267009526491165161e-01
4.170238226652145386e-02
1.162131056189537048e-01
3.021793365478515625e-01
6.277714669704437256e-02
3.032777011394500732e-01
9.920814633369445801e-02
3.879333734512329102e-01
2.721273303031921387e-01
8.180104941129684448e-02
8.901917189359664917e-02
1.535342037677764893e-01
1.635263115167617798e-01
1.288633644580841064e-01
1.670444011688232422e-01
1.498818248510360718e-01
9.471190720796585083e-02
1.697630286216735840e-01
3.350892066955566406e-01
2.827117443084716797e-01
1.716756373643875122e-01
1.945160776376724243e-01
6.539706140756607056e-02
1.495824456214904785e-01
7.699434459209442139e-02
2.766435146331787109e-01
1.866107285022735596e-01
2.886143624782562256e-01
2.591745853424072266e-01
7.653339207172393799e-02
2.249537408351898193e-01
9.364579617977142334e-02
1.867052316665649414e-01
2.127907574176788330e-01
1.371280401945114136e-01
2.359429001808166504e-01
1.780191659927368164e-01
4.027668237686157227e-01
1.836252808570861816e-01
1.949990987777709961e-01
1.065082177519798279e-01
5.664645135402679443e-02
1.171559691429138184e-01
1.415557861328125000e-01
1.211128085851669312e-01
3.362770676612854004e-01
2.933887839317321777e-01
6.446608901023864746e-02
1.957639753818511963e-01
2.376802861690521240e-01
1.573320329189300537e-01
2.022027820348739624e-01
5.114360451698303223e-01
3.848984241485595703e-01
3.047090172767639160e-01
1.022028699517250061e-01
2.597291171550750732e-01
2.633274793624877930e-01
2.908914685249328613e-01
7.534928619861602783e-02
7.274615764617919922e-02
1.354777067899703979e-01
6.176460906863212585e-02
1.603012382984161377e-01
1.739021539688110352e-01
1.638140231370925903e-01
5.326800793409347534e-02
1.198882535099983215e-01
1.669000983238220215e-01
2.053824216127395630e-01
1.168152764439582825e-01
1.107069700956344604e-01
1.779005229473114014e-01
2.662733197212219238e-01
1.630289852619171143e-01
1.278095692396163940e-01
3.283417224884033203e-01
2.337249219417572021e-01
1.199986040592193604e-01
2.377347350120544434e-01
1.616068482398986816e-01
2.037582993507385254e-01
2.308795750141143799e-01
2.476502954959869385e-01
9.741138666868209839e-02
7.583066821098327637e-02
1.682344973087310791e-01
8.380450308322906494e-02
2.746280729770660400e-01
6.240314245223999023e-02
1.637939214706420898e-01
1.597960889339447021e-01
1.110993325710296631e-01
1.733094155788421631e-01
1.247705742716789246e-01
2.542004883289337158e-01
8.152382075786590576e-02
6.663164496421813965e-02
2.727948427200317383e-01
1.428987383842468262e-01
2.704988420009613037e-01
4.868336021900177002e-02
1.853282153606414795e-01
4.884244874119758606e-02
4.685984551906585693e-02
2.731092572212219238e-01
6.388111412525177002e-02
6.748240441083908081e-02
1.978079974651336670e-01
1.839470565319061279e-01
3.573178127408027649e-02
2.724453508853912354e-01
1.272242069244384766e-01
1.663636118173599243e-01
1.007831990718841553e-01
1.943210661411285400e-01
3.422967195510864258e-01
2.605909407138824463e-01
2.247629314661026001e-01
8.670184761285781860e-02
1.099129766225814819e-01
2.935504913330078125e-01
8.178717643022537231e-02
2.813616096973419189e-01
1.270096451044082642e-01
1.347928643226623535e-01
2.881881594657897949e-01
1.358620524406433105e-01
8.226905018091201782e-02
2.985259592533111572e-01
3.410632908344268799e-01
2.078211009502410889e-01
2.606986761093139648e-01
1.648555546998977661e-01
1.091353446245193481e-01
3.994903564453125000e-01
1.583774834871292114e-01
1.655982732772827148e-01
