2.085623145103454590e-01
5.308297649025917053e-02
3.056168258190155029e-01
2.835907936096191406e-01
1.098529621958732605e-01
1.643330156803131104e-01
2.529349029064178467e-01
1.184943318367004395e-01
3.994598984718322754e-01
2.811124920845031738e-01
1.890669614076614380e-01
1.312699168920516968e-01
4.246381521224975586e-01
2.933165132999420166e-01
1.830962002277374268e-01
2.572280764579772949e-01
2.487958818674087524e-01
3.583220839500427246e-01
2.138542979955673218e-01
2.917641103267669678e-01
1.288734078407287598e-01
2.602227926254272461e-01
3.267710804939270020e-01
3.838155865669250488e-01
3.009253740310668945e-01
1.891387850046157837e-01
2.661518454551696777e-01
2.676919996738433838e-01
1.924091130495071411e-01
1.941508501768112183e-01
1.539517045021057129e-01
3.765776753425598145e-01
2.577058374881744385e-01
2.938345670700073242e-01
1.488907337188720703e-01
1.598656475543975830e-01
2.243672311305999756e-01
1.834059357643127441e-01
3.006361722946166992e-01
3.322306871414184570e-01
2.308690547943115234e-01
1.934652030467987061e-01
3.629230856895446777e-01
2.984541952610015869e-01
3.604571223258972168e-01
2.168792188167572021e-01
5.228529572486877441e-01
2.457257509231567383e-01
2.136938124895095825e-01
1.904573887586593628e-01
1.537327766418457031e-01
2.950550317764282227e-01
1.698903143405914307e-01
2.548566162586212158e-01
3.066480159759521484e-01
5.800451636314392090e-01
9.826537966728210449e-02
2.218542397022247314e-01
1.966191381216049194e-01
2.965865731239318848e-01
2.984622120857238770e-01
1.539308279752731323e-01
2.817933857440948486e-01
4.234445989131927490e-01
1.561491787433624268e-01
2.256906330585479736e-01
2.879272699356079102e-01
3.203330039978027344e-01
3.148113489151000977e-01
2.317901700735092163e-01
3.330203890800476074e-01
1.423358023166656494e-01
2.068858444690704346e-01
2.595411539077758789e-01
2.181014716625213623e-01
1.715895831584930420e-01
1.834740638732910156e-01
1.342830061912536621e-01
2.981986999511718750e-01
3.224711418151855469e-01
2.480394244194030762e-01
3.475013375282287598e-01
2.218106687068939209e-01
1.647672057151794434e-01
1.541118025779724121e-01
1.647616773843765259e-01
1.285125166177749634e-01
2.825745046138763428e-01
1.731331646442413330e-01
6.794923543930053711e-01
1.244369670748710632e-01
1.577644646167755127e-01
1.129108741879463196e-01
1.948954463005065918e-01
5.280203372240066528e-02
1.008030250668525696e-01
4.774758815765380859e-01
3.053252696990966797e-01
1.948593705892562866e-01
2.513532638549804688e-01
7.336992025375366211e-02
3.995791375637054443e-01
2.186460644006729126e-01
3.495849370956420898e-01
2.693218886852264404e-01
1.880822926759719849e-01
4.655670821666717529e-01
1.707486659288406372e-01
1.924944221973419189e-01
2.383688092231750488e-01
3.037885725498199463e-01
1.143892258405685425e-01
2.101395130157470703e-01
2.859385609626770020e-01
1.053892746567726135e-01
1.370310187339782715e-01
2.631317973136901855e-01
1.856198906898498535e-01
2.002695798873901367e-01
2.549636662006378174e-01
1.487700939178466797e-01
2.395222783088684082e-01
2.314643114805221558e-01
2.782299816608428955e-01
1.059661209583282471e-01
4.246323704719543457e-01
1.765430718660354614e-01
4.747485816478729248e-01
3.670473396778106689e-01
9.451806545257568359e-02
3.211390376091003418e-01
2.115508019924163818e-01
4.233855903148651123e-01
3.685684800148010254e-01
1.001663208007812500e-01
1.581353843212127686e-01
9.666402637958526611e-02
2.027889639139175415e-01
1.493820846080780029e-01
2.901506423950195312e-01
2.560153603553771973e-01
2.180885076522827148e-01
1.712663471698760986e-01
2.098873853683471680e-01
9.502790868282318115e-02
1.760222613811492920e-01
4.130559563636779785e-01
2.080536782741546631e-01
2.176426053047180176e-01
5.000774264335632324e-01
2.772716879844665527e-01
2.826396822929382324e-01
2.067647874355316162e-01
1.488896608352661133e-01
2.260972261428833008e-01
3.411447703838348389e-01
2.064103782176971436e-01
2.752807140350341797e-01
3.207863271236419678e-01
1.718438863754272461e-01
1.480047702789306641e-01
7.992803305387496948e-02
2.154875695705413818e-01
1.380780786275863647e-01
2.865934371948242188e-01
2.266398668289184570e-01
2.452144324779510498e-01
5.354946106672286987e-02
1.719229817390441895e-01
2.557150125503540039e-01
9.302742779254913330e-02
1.107774898409843445e-01
4.742768704891204834e-01
3.323624134063720703e-01
2.271095663309097290e-01
2.813910245895385742e-01
2.992416620254516602e-01
3.158991038799285889e-01
4.549160003662109375e-01
2.837862372398376465e-01
1.125022768974304199e-01
1.647517085075378418e-01
2.502759099006652832e-01
2.172598987817764282e-01
1.557298898696899414e-01
3.139017522335052490e-01
1.322342753410339355e-01
5.401899814605712891e-01
1.381078958511352539e-01
1.496273130178451538e-01
1.848715394735336304e-01
3.472613692283630371e-01
1.177268177270889282e-01
6.814885884523391724e-02
3.810910880565643311e-01
2.213629782199859619e-01
1.738314777612686157e-01
2.103586196899414062e-01
2.630450129508972168e-01
2.988872230052947998e-01
4.550779759883880615e-01
2.306533306837081909e-01
2.207493036985397339e-01
2.554267942905426025e-01
1.571665853261947632e-01
1.528496742248535156e-01
2.535231113433837891e-01
4.461542963981628418e-01
3.107101917266845703e-01
2.334166467189788818e-01
1.582131683826446533e-01
4.104177951812744141e-01
2.432749867439270020e-01
3.609684407711029053e-01
2.560286223888397217e-01
3.300997912883758545e-01
1.782812327146530151e-01
3.561381101608276367e-01
3.082230687141418457e-01
2.520684003829956055e-01
1.295073628425598145e-01
3.349057435989379883e-01
3.661821782588958740e-01
3.043389916419982910e-01
2.310278117656707764e-01
2.260018885135650635e-01
3.955110311508178711e-01
3.012769818305969238e-01
1.636526584625244141e-01
2.287933230400085449e-01
1.897250115871429443e-01
2.602106630802154541e-01
1.579626500606536865e-01
2.118572145700454712e-01
1.423172056674957275e-01
6.735570728778839111e-02
2.943078279495239258e-01
3.251760900020599365e-01
1.678532212972640991e-01
3.303112983703613281e-01
5.039970874786376953e-01
1.989466995000839233e-01
3.387507796287536621e-01
9.766481816768646240e-02
5.792961120605468750e-01
2.953411936759948730e-01
2.494712173938751221e-01
1.835712343454360962e-01
4.543165862560272217e-01
2.116133719682693481e-01
1.240791156888008118e-01
1.780927628278732300e-01
3.820096850395202637e-01
2.346664071083068848e-01
3.315313458442687988e-01
2.078482508659362793e-01
3.210144042968750000e-01
2.197600901126861572e-01
4.958264231681823730e-01
4.079738557338714600e-01
1.729612350463867188e-01
1.874842494726181030e-01
5.891563743352890015e-02
6.173833087086677551e-02
3.048866689205169678e-01
1.826393306255340576e-01
1.212386116385459900e-01
4.299114346504211426e-01
2.746161818504333496e-01
2.553183734416961670e-01
3.532376587390899658e-01
2.551630139350891113e-01
3.744758367538452148e-01
4.642686843872070312e-01
1.124288663268089294e-01
3.768104314804077148e-01
2.543522715568542480e-01
2.514381408691406250e-01
3.800039887428283691e-01
1.534773409366607666e-01
3.528015613555908203e-01
1.522916853427886963e-01
1.743034720420837402e-01
2.567932307720184326e-01
2.066985368728637695e-01
3.356226980686187744e-01
1.378145217895507812e-01
5.723204836249351501e-02
3.366858959197998047e-01
3.817767798900604248e-01
3.234578967094421387e-01
1.918780356645584106e-01
2.980050444602966309e-01
1.617902219295501709e-01
2.489535063505172729e-01
2.314259409904479980e-01
4.525354206562042236e-01
3.145699203014373779e-01
1.879676580429077148e-01
2.317840009927749634e-01
2.190037965774536133e-01
2.852455675601959229e-01
4.960910081863403320e-01
2.502137124538421631e-01
2.435808479785919189e-01
2.479315847158432007e-01
3.336852192878723145e-01
2.160288393497467041e-01
7.232931256294250488e-02
4.878337979316711426e-01
3.539342284202575684e-01
2.479167133569717407e-01
1.949853897094726562e-01
3.120907247066497803e-01
2.123172879219055176e-01
2.835594415664672852e-01
2.756122946739196777e-01
3.315594196319580078e-01
1.810586005449295044e-01
1.207189708948135376e-01
1.803614646196365356e-01
1.352470815181732178e-01
3.899162411689758301e-01
1.311480402946472168e-01
1.276874393224716187e-01
4.269323647022247314e-01
4.952147603034973145e-02
2.001007497310638428e-01
2.456892430782318115e-01
1.746503710746765137e-01
2.264571487903594971e-01
3.404435813426971436e-01
1.751481443643569946e-01
4.568790793418884277e-01
2.918861806392669678e-01
1.524850279092788696e-01
1.029798388481140137e-01
1.512343734502792358e-01
1.917880624532699585e-01
3.994056880474090576e-01
4.780751764774322510e-01
3.650072515010833740e-01
6.600448489189147949e-02
1.522512435913085938e-01
8.119343221187591553e-02
1.276401728391647339e-01
3.380448520183563232e-01
3.785245120525360107e-01
4.958422780036926270e-01
2.913681268692016602e-01
1.329813301563262939e-01
2.068713307380676270e-01
2.578357160091400146e-01
2.610563039779663086e-01
2.965644001960754395e-01
2.287258058786392212e-01
5.368849039077758789e-01
1.476983577013015747e-01
3.111585080623626709e-01
3.242340981960296631e-01
1.765604913234710693e-01
2.887374162673950195e-01
1.326478719711303711e-01
2.572273015975952148e-01
2.766716480255126953e-01
3.963427245616912842e-01
4.070110619068145752e-01
2.954692840576171875e-01
2.822258472442626953e-01
2.248338758945465088e-01
2.639789283275604248e-01
2.660608887672424316e-01
3.503908216953277588e-01
2.219993770122528076e-01
2.037428915500640869e-01
1.967607736587524414e-01
1.757758557796478271e-01
5.078271627426147461e-01
1.000593602657318115e-01
2.480775117874145508e-01
4.087503850460052490e-01
3.310714364051818848e-01
2.907414734363555908e-01
2.107029706239700317e-01
2.265365421772003174e-01
1.065355837345123291e-01
1.823477894067764282e-01
2.546065449714660645e-01
1.317506730556488037e-01
1.689301878213882446e-01
1.263391822576522827e-01
2.683684825897216797e-01
2.059512883424758911e-01
1.318248957395553589e-01
1.588621437549591064e-01
3.064504265785217285e-01
4.890501499176025391e-01
2.529661059379577637e-01
2.758048176765441895e-01
1.659593284130096436e-01
2.017578780651092529e-01
3.687095940113067627e-01
2.500489056110382080e-01
1.803211122751235962e-01
2.475668638944625854e-01
1.956442296504974365e-01
2.663357555866241455e-01
1.769933998584747314e-01
3.068476915359497070e-01
2.051503211259841919e-01
1.967589110136032104e-01
9.549716114997863770e-02
1.816272735595703125e-01
8.545428514480590820e-02
9.843476116657257080e-02
2.136252075433731079e-01
2.383958697319030762e-01
3.041439652442932129e-01
6.857028007507324219e-01
1.633389145135879517e-01
1.924408376216888428e-01
3.003471493721008301e-01
3.913362920284271240e-01
1.954431086778640747e-01
2.702741026878356934e-01
3.566958308219909668e-01
1.428250521421432495e-01
1.533711701631546021e-01
1.686941832304000854e-01
2.104778885841369629e-01
1.498706787824630737e-01
3.414841592311859131e-01
1.402067542076110840e-01
5.693528056144714355e-01
1.507309377193450928e-01
3.075737953186035156e-01
2.686615586280822754e-01
3.082370758056640625e-01
1.417213976383209229e-01
2.171230316162109375e-01
1.592513620853424072e-01
1.371397674083709717e-01
5.337130427360534668e-01
2.913124561309814453e-01
1.430495381355285645e-01
2.093417197465896606e-01
3.776916563510894775e-01
2.253351658582687378e-01
2.273224145174026489e-01
2.451880723237991333e-01
2.175245285034179688e-01
1.152519881725311279e-01
1.506182253360748291e-01
2.574169933795928955e-01
3.563401699066162109e-01
1.265743076801300049e-01
1.638739705085754395e-01
8.574227243661880493e-02
2.662477493286132812e-01
2.299050092697143555e-01
2.699554264545440674e-01
3.632907271385192871e-01
2.637245655059814453e-01
1.655122935771942139e-01
2.509831786155700684e-01
2.203372865915298462e-01
1.509771943092346191e-01
2.949611544609069824e-01
1.672888100147247314e-01
1.756587326526641846e-01
3.203575015068054199e-01
1.312162280082702637e-01
1.704403609037399292e-01
6.905268877744674683e-02
1.895191967487335205e-01
9.201228618621826172e-02
1.196827739477157593e-01
1.646032780408859253e-01
2.992996275424957275e-01
2.861180901527404785e-01
3.422268331050872803e-01
1.937442421913146973e-01
2.721037268638610840e-01
2.918573915958404541e-01
2.432670742273330688e-01
5.677927136421203613e-01
1.378149241209030151e-01
1.498134285211563110e-01
3.108701109886169434e-01
3.775843977928161621e-01
1.753021478652954102e-01
7.802528142929077148e-02
1.618572175502777100e-01
1.643271297216415405e-01
1.035293638706207275e-01
1.761856377124786377e-01
2.397318035364151001e-01
2.986449599266052246e-01
1.633510887622833252e-01
1.225141063332557678e-01
9.662899374961853027e-02
2.162175476551055908e-01
3.033457398414611816e-01
1.717156022787094116e-01
2.091504335403442383e-01
8.814182132482528687e-02
3.635050654411315918e-01
1.708677113056182861e-01
1.788738071918487549e-01
2.069832384586334229e-01
1.841699182987213135e-01
3.016190230846405029e-01
3.666524291038513184e-01
3.398674130439758301e-01
3.709539473056793213e-01
4.176943302154541016e-01
2.107667922973632812e-01
2.175349891185760498e-01
1.180448383092880249e-01
2.015016376972198486e-01
2.737842202186584473e-01
3.254610300064086914e-01
4.405179023742675781e-01
7.311021536588668823e-02
2.483110278844833374e-01
2.830521464347839355e-01
2.591248750686645508e-01
2.446490228176116943e-01
4.363742768764495850e-01
1.436158120632171631e-01
1.594967693090438843e-01
2.459256350994110107e-01
1.818261444568634033e-01
5.729027390480041504e-01
3.014107942581176758e-01
2.918213009834289551e-01
2.066404372453689575e-01
1.725568324327468872e-01
2.311233878135681152e-01
1.643638908863067627e-01
3.134670257568359375e-01
2.836784720420837402e-01
2.759144902229309082e-01
2.360666096210479736e-01
4.001579284667968750e-01
2.013631314039230347e-01
3.236509561538696289e-01
1.149991974234580994e-01
2.134127020835876465e-01
2.247883230447769165e-01
1.127094849944114685e-01
3.910620510578155518e-01
2.834202349185943604e-01
2.206085324287414551e-01
1.531955003738403320e-01
2.061672061681747437e-01
1.522930115461349487e-01
1.890896856784820557e-01
2.134710252285003662e-01
1.989805102348327637e-01
2.934505641460418701e-01
3.174751996994018555e-01
2.691488564014434814e-01
3.853562772274017334e-01
2.131726592779159546e-01
1.786465495824813843e-01
2.895250618457794189e-01
1.469984948635101318e-01
1.286378353834152222e-01
1.969489306211471558e-01
3.368702530860900879e-01
2.553299665451049805e-01
1.041788533329963684e-01
2.797689139842987061e-01
2.265910208225250244e-01
2.080925256013870239e-01
3.044299185276031494e-01
2.916968464851379395e-01
1.679023057222366333e-01
4.457451105117797852e-01
2.028140276670455933e-01
7.842922210693359375e-02
1.805314719676971436e-01
1.910512745380401611e-01
2.218075990676879883e-01
2.035963088274002075e-01
2.834704518318176270e-01
3.095278441905975342e-01
2.486928701400756836e-01
3.430386781692504883e-01
1.293250322341918945e-01
2.122370302677154541e-01
3.296204805374145508e-01
2.026894241571426392e-01
2.913800477981567383e-01
3.367230892181396484e-01
1.517188996076583862e-01
1.103020310401916504e-01
3.070517182350158691e-01
5.534102022647857666e-02
2.601324319839477539e-01
2.167395353317260742e-01
7.239533960819244385e-02
4.775216057896614075e-02
1.633093655109405518e-01
3.143323659896850586e-01
1.214695572853088379e-01
1.022667214274406433e-01
3.963450789451599121e-01
1.417033672332763672e-01
3.045210838317871094e-01
4.362511038780212402e-01
4.357463121414184570e-01
1.505027413368225098e-01
4.255628585815429688e-01
4.205979108810424805e-01
2.874476909637451172e-01
1.794303655624389648e-01
1.782928407192230225e-01
1.871388703584671021e-01
5.815595388412475586e-01
1.174405813217163086e-01
3.768899738788604736e-01
2.249012738466262817e-01
2.289769351482391357e-01
1.406809985637664795e-01
2.947325706481933594e-01
3.334869742393493652e-01
2.947100400924682617e-01
2.829964458942413330e-01
1.797726303339004517e-01
4.616656601428985596e-01
1.990634053945541382e-01
1.659604907035827637e-01
2.042010426521301270e-01
2.424532771110534668e-01
4.436011314392089844e-01
1.311266571283340454e-01
6.433733701705932617e-01
1.646028161048889160e-01
2.881982624530792236e-01
1.508575379848480225e-01
2.577000260353088379e-01
2.688037157058715820e-01
2.610574066638946533e-01
2.693260908126831055e-01
3.800564110279083252e-01
1.733116209506988525e-01
2.538771033287048340e-01
3.255961239337921143e-01
2.406600713729858398e-01
3.394177854061126709e-01
8.972204476594924927e-02
2.263469398021697998e-01
3.608118891716003418e-01
2.653005421161651611e-01
2.867566347122192383e-01
3.210117816925048828e-01
4.306000471115112305e-01
2.977752089500427246e-01
1.673570722341537476e-01
1.240942329168319702e-01
1.701889038085937500e-01
4.643331170082092285e-01
1.666016280651092529e-01
1.176773309707641602e-01
3.268516659736633301e-01
4.004986882209777832e-01
1.515483409166336060e-01
2.063580453395843506e-01
2.454792261123657227e-01
3.138685226440429688e-01
4.050359725952148438e-01
4.469075798988342285e-01
2.185433804988861084e-01
2.637882530689239502e-01
2.011274993419647217e-01
1.609810888767242432e-01
1.634826958179473877e-01
4.040875732898712158e-01
2.955538630485534668e-01
4.433286488056182861e-01
3.976203501224517822e-01
4.499406814575195312e-01
1.556316316127777100e-01
7.148540765047073364e-02
4.184710383415222168e-01
1.634713113307952881e-01
2.454921901226043701e-01
5.863776206970214844e-01
2.852199673652648926e-01
3.680438399314880371e-01
1.682946234941482544e-01
2.388294339179992676e-01
5.764408111572265625e-01
2.321631312370300293e-01
3.383210003376007080e-01
2.145486623048782349e-01
2.080820202827453613e-01
1.834685504436492920e-01
2.550639808177947998e-01
3.279544115066528320e-01
4.016067087650299072e-01
6.582630425691604614e-02
1.913653016090393066e-01
3.990952074527740479e-01
1.781001091003417969e-01
1.981186121702194214e-01
1.088956668972969055e-01
2.469650208950042725e-01
2.654808759689331055e-01
1.400101184844970703e-01
3.502324521541595459e-01
1.132657825946807861e-01
2.795508205890655518e-01
1.382682174444198608e-01
2.048975527286529541e-01
2.364585548639297485e-01
1.858021616935729980e-01
1.865230649709701538e-01
2.128236442804336548e-01
2.675519883632659912e-01
1.404189318418502808e-01
3.441105186939239502e-01
2.391075193881988525e-01
4.863951802253723145e-01
2.219791710376739502e-01
2.243774235248565674e-01
2.427438348531723022e-01
1.523365378379821777e-01
2.455051839351654053e-01
1.609763205051422119e-01
1.498485207557678223e-01
2.090265452861785889e-01
2.025180459022521973e-01
3.324699103832244873e-01
1.867855787277221680e-01
3.745810985565185547e-01
2.286737263202667236e-01
2.130039930343627930e-01
1.115567833185195923e-01
2.779425680637359619e-01
1.898032724857330322e-01
6.140416488051414490e-02
1.230748072266578674e-01
3.384881913661956787e-01
7.785211503505706787e-02
2.793571054935455322e-01
2.512209415435791016e-01
4.157668054103851318e-01
1.994499713182449341e-01
3.546463251113891602e-01
1.309459209442138672e-01
2.205863296985626221e-01
3.331208527088165283e-01
2.659290432929992676e-01
1.283076256513595581e-01
2.905144691467285156e-01
2.042807042598724365e-01
1.915660947561264038e-01
6.025828123092651367e-01
2.215226888656616211e-01
2.773796319961547852e-01
2.351604253053665161e-01
4.291265010833740234e-01
1.570626348257064819e-01
3.462234139442443848e-01
2.823562026023864746e-01
2.246045768260955811e-01
2.255441099405288696e-01
1.923414766788482666e-01
3.798805475234985352e-01
2.643167078495025635e-01
2.494510859251022339e-01
1.010600030422210693e-01
1.561489403247833252e-01
3.092551827430725098e-01
3.005813062191009521e-01
2.758268415927886963e-01
2.016711831092834473e-01
2.799816429615020752e-01
2.774508893489837646e-01
2.083437740802764893e-01
2.003344446420669556e-01
2.052597850561141968e-01
2.111687660217285156e-01
3.536769151687622070e-01
5.178751796483993530e-02
1.528979241847991943e-01
3.969706296920776367e-01
2.298003733158111572e-01
3.537369072437286377e-01
1.942895799875259399e-01
6.671099364757537842e-02
1.850399523973464966e-01
3.601356148719787598e-01
4.559176564216613770e-01
2.903915047645568848e-01
2.192763388156890869e-01
3.603325486183166504e-01
2.842866182327270508e-01
3.274679481983184814e-01
2.678087949752807617e-01
2.299354076385498047e-01
2.482994198799133301e-01
2.480674684047698975e-01
2.296170890331268311e-01
1.423439979553222656e-01
9.757706522941589355e-02
1.340060532093048096e-01
2.029505521059036255e-01
2.696077823638916016e-01
3.463615775108337402e-01
5.541075766086578369e-02
2.031356990337371826e-01
2.047983258962631226e-01
6.979431957006454468e-02
2.518847882747650146e-01
3.981866836547851562e-01
3.966880440711975098e-01
1.683907955884933472e-01
2.209676802158355713e-01
3.428336977958679199e-01
1.786287724971771240e-01
2.873474359512329102e-01
1.124414652585983276e-01
6.179046034812927246e-01
2.358461916446685791e-01
3.278650641441345215e-01
2.022607177495956421e-01
9.024378657341003418e-02
1.871998757123947144e-01
2.744435966014862061e-01
1.342507451772689819e-01
2.093609422445297241e-01
2.228569686412811279e-01
1.152053028345108032e-01
1.615758836269378662e-01
2.217967212200164795e-01
2.239734083414077759e-01
3.648857474327087402e-01
1.704294830560684204e-01
6.743347644805908203e-01
1.554504781961441040e-01
2.387307882308959961e-01
3.616201281547546387e-01
4.175563454627990723e-01
3.079528510570526123e-01
2.337022721767425537e-01
1.721470057964324951e-01
2.254750877618789673e-01
5.561532378196716309e-01
2.747223973274230957e-01
2.949487566947937012e-01
1.477175056934356689e-01
2.027551233768463135e-01
9.668180346488952637e-02
1.825389564037322998e-01
3.026396334171295166e-01
2.750644087791442871e-01
1.891984045505523682e-01
1.386987566947937012e-01
1.453948169946670532e-01
3.540070056915283203e-01
1.530988365411758423e-01
1.243425980210304260e-01
4.837278723716735840e-01
3.671175837516784668e-01
5.151032656431198120e-02
4.531680643558502197e-01
3.141204416751861572e-01
1.790128797292709351e-01
3.571087121963500977e-01
1.691831052303314209e-01
2.709656953811645508e-01
2.217691093683242798e-01
2.166556715965270996e-01
2.637988924980163574e-01
2.435351908206939697e-01
1.759487539529800415e-01
2.591272890567779541e-01
2.091558426618576050e-01
8.494228124618530273e-02
1.286910772323608398e-01
1.952988356351852417e-01
1.638627946376800537e-01
3.049677014350891113e-01
2.973586916923522949e-01
3.201969563961029053e-01
2.351112067699432373e-01
1.099004298448562622e-01
3.024893701076507568e-01
1.903326809406280518e-01
2.880115509033203125e-01
1.155569404363632202e-01
2.176921963691711426e-01
4.726991057395935059e-01
3.099371790885925293e-01
2.680169939994812012e-01
2.657889127731323242e-01
2.445258498191833496e-01
1.802766621112823486e-01
4.044544696807861328e-01
3.533150553703308105e-01
4.706587195396423340e-01
1.667234450578689575e-01
1.974726468324661255e-01
1.370941400527954102e-01
3.039178252220153809e-01
3.051081299781799316e-01
2.901340723037719727e-01
1.707141101360321045e-01
2.857709825038909912e-01
1.958265006542205811e-01
1.943978965282440186e-01
4.445384442806243896e-01
1.423507928848266602e-01
2.019000947475433350e-01
4.058951735496520996e-01
2.742322087287902832e-01
1.155534833669662476e-01
7.052043080329895020e-02
2.196180522441864014e-01
1.153222545981407166e-01
2.892607450485229492e-01
1.523772180080413818e-01
4.129422307014465332e-01
2.577946186065673828e-01
1.945999115705490112e-01
8.385406732559204102e-01
2.824182808399200439e-01
3.156230747699737549e-01
3.197059631347656250e-01
1.937397420406341553e-01
4.112925231456756592e-01
2.345343828201293945e-01
1.593533158302307129e-01
2.985536158084869385e-01
2.554434835910797119e-01
2.584191560745239258e-01
3.518546819686889648e-01
1.665850877761840820e-01
4.467813968658447266e-01
5.315191149711608887e-01
2.717595696449279785e-01
1.726422756910324097e-01
2.080812901258468628e-01
2.579255402088165283e-01
2.130789458751678467e-01
2.301097959280014038e-01
1.551512479782104492e-01
3.884277343750000000e-01
2.624714076519012451e-01
1.325519829988479614e-01
1.131469011306762695e-01
1.822054386138916016e-01
8.409098535776138306e-02
4.517826437950134277e-01
1.526607275009155273e-01
2.486110478639602661e-01
2.123115360736846924e-01
4.550313204526901245e-02
2.787522971630096436e-01
1.133052557706832886e-01
2.045819759368896484e-01
2.775069475173950195e-01
1.443816721439361572e-01
2.238530963659286499e-01
3.225722610950469971e-01
2.263928949832916260e-01
1.540477424860000610e-01
1.948824822902679443e-01
7.938410341739654541e-02
3.491677343845367432e-01
2.329015582799911499e-01
2.588129937648773193e-01
2.775813937187194824e-01
2.732899487018585205e-01
2.911116778850555420e-01
1.829784363508224487e-01
3.112053871154785156e-01
2.129762768745422363e-01
1.071425676345825195e-01
1.968603432178497314e-01
1.922225058078765869e-01
1.381921768188476562e-01
2.452374100685119629e-01
2.522981762886047363e-01
3.034011125564575195e-01
2.392874360084533691e-01
1.062481850385665894e-01
2.340333908796310425e-01
2.616655230522155762e-01
3.802246451377868652e-01
2.578555941581726074e-01
7.281018495559692383e-01
1.894812583923339844e-01
1.592419594526290894e-01
1.338825523853302002e-01
3.635110855102539062e-01
3.754263520240783691e-01
2.273123711347579956e-01
1.719765663146972656e-01
2.833313941955566406e-01
2.775852978229522705e-01
1.855147182941436768e-01
2.194281816482543945e-01
2.145178318023681641e-01
3.124253749847412109e-01
1.937813609838485718e-01
2.527202069759368896e-01
2.297874391078948975e-01
2.767166793346405029e-01
1.342658251523971558e-01
1.623847484588623047e-01
1.217455118894577026e-01
4.907371401786804199e-01
1.987408548593521118e-01
2.269573509693145752e-01
8.997413516044616699e-02
1.284365952014923096e-01
2.762144804000854492e-01
4.529082775115966797e-02
4.367479681968688965e-01
7.812818884849548340e-02
7.023730874061584473e-02
1.698801517486572266e-01
3.225811123847961426e-01
8.531610667705535889e-02
2.117898464202880859e-01
2.866552770137786865e-01
2.631203532218933105e-01
2.354989200830459595e-01
3.612012267112731934e-01
2.160323262214660645e-01
2.607719898223876953e-01
9.437727928161621094e-02
3.346638679504394531e-01
1.990241110324859619e-01
1.020519286394119263e-01
1.550709307193756104e-01
6.253670901060104370e-02
1.410841792821884155e-01
3.706537485122680664e-01
1.089284494519233704e-01
1.773319244384765625e-01
2.680570781230926514e-01
2.506586313247680664e-01
2.845063805580139160e-01
3.252782821655273438e-01
2.652028203010559082e-01
2.013676017522811890e-01
2.305915206670761108e-01
1.783042699098587036e-01
1.560139954090118408e-01
2.775065302848815918e-01
2.184254825115203857e-01
2.469791024923324585e-01
4.479919001460075378e-02
1.776861846446990967e-01
3.794376850128173828e-01
4.272539019584655762e-01
2.731659412384033203e-01
2.845328450202941895e-01
4.516235291957855225e-01
3.056595027446746826e-01
2.627616226673126221e-01
2.617262005805969238e-01
2.560150623321533203e-01
2.157364785671234131e-01
1.722166240215301514e-01
4.103308916091918945e-01
2.732129096984863281e-01
3.755658566951751709e-01
3.332285881042480469e-01
2.847104072570800781e-01
2.190350592136383057e-01
4.648110270500183105e-01
2.620581984519958496e-01
2.224936634302139282e-01
4.900308847427368164e-01
2.679498493671417236e-01
3.352960348129272461e-01
2.954112589359283447e-01
1.562364697456359863e-01
9.169284999370574951e-02
2.313968986272811890e-01
2.627944946289062500e-01
1.949598491191864014e-01
9.746603667736053467e-02
2.046298086643218994e-01
1.496845334768295288e-01
3.935321271419525146e-01
1.503147929906845093e-01
1.399219483137130737e-01
4.343847632408142090e-01
1.847606003284454346e-01
3.264698088169097900e-01
1.331846714019775391e-01
2.042103558778762817e-01
3.024445474147796631e-01
2.402315735816955566e-01
2.162548750638961792e-01
4.224147498607635498e-01
2.490862309932708740e-01
2.349374890327453613e-01
2.401904463768005371e-01
2.386760413646697998e-01
1.563652753829956055e-01
1.393448561429977417e-01
2.942169904708862305e-01
1.906068623065948486e-01
3.338105678558349609e-01
1.263558566570281982e-01
4.352685809135437012e-01
2.266866564750671387e-01
7.684545964002609253e-02
2.509143650531768799e-01
1.667043864727020264e-01
6.071888655424118042e-02
3.462812304496765137e-01
2.432732731103897095e-01
2.773134410381317139e-01
1.394155025482177734e-01
2.024078518152236938e-01
1.600573211908340454e-01
2.465590536594390869e-01
2.368819862604141235e-01
2.000139206647872925e-01
3.361813724040985107e-01
1.810260117053985596e-01
3.025124967098236084e-01
2.566678524017333984e-01
3.186494410037994385e-01
5.994690209627151489e-02
5.216684341430664062e-01
1.692271828651428223e-01
1.844889819622039795e-01
2.450211644172668457e-01
3.759670555591583252e-01
3.325454592704772949e-01
4.934098422527313232e-01
5.382336974143981934e-01
2.925052046775817871e-01
5.758419036865234375e-01
3.917851746082305908e-01
2.211874127388000488e-01
3.903664052486419678e-01
2.813683748245239258e-01
2.537742555141448975e-01
1.887214779853820801e-01
2.218860983848571777e-01
2.297380268573760986e-01
3.170583546161651611e-01
3.411449790000915527e-01
2.826651334762573242e-01
1.732810586690902710e-01
1.603963673114776611e-01
3.338207602500915527e-01
1.340818256139755249e-01
3.650324642658233643e-01
2.475058883428573608e-01
1.811853200197219849e-01
2.043461203575134277e-01
3.531445860862731934e-01
5.550166964530944824e-02
2.005890011787414551e-01
2.702192962169647217e-01
6.841319799423217773e-02
2.169980108737945557e-01
3.379761576652526855e-01
1.895042061805725098e-01
2.370994836091995239e-01
5.928619205951690674e-02
9.738822281360626221e-02
3.062531650066375732e-01
2.957003712654113770e-01
2.075638025999069214e-01
3.255608975887298584e-01
2.102527320384979248e-01
2.037844955921173096e-01
4.667054116725921631e-01
1.849196851253509521e-01
2.061693221330642700e-01
1.044237390160560608e-01
3.681391477584838867e-01
3.103670477867126465e-01
1.326682269573211670e-01
2.000247985124588013e-01
1.484135687351226807e-01
2.036981582641601562e-01
3.119718730449676514e-01
1.348692476749420166e-01
2.922188937664031982e-01
1.919133067131042480e-01
2.701967954635620117e-01
4.301819205284118652e-01
1.437172144651412964e-01
2.309419065713882446e-01
3.354617953300476074e-01
2.498520761728286743e-01
2.872819900512695312e-01
4.086557626724243164e-01
1.410215646028518677e-01
1.704680919647216797e-01
4.136459231376647949e-01
1.876188218593597412e-01
2.445459812879562378e-01
3.413501381874084473e-01
3.941419422626495361e-01
2.349706441164016724e-01
1.426876038312911987e-01
3.154793381690979004e-01
1.075745746493339539e-01
1.807736754417419434e-01
3.483516573905944824e-01
2.839255928993225098e-01
1.587814986705780029e-01
1.174834072589874268e-01
6.034558266401290894e-02
3.017289042472839355e-01
2.218804061412811279e-01
2.285003513097763062e-01
8.692680299282073975e-02
3.023138642311096191e-01
2.585567831993103027e-01
1.770606487989425659e-01
7.039786875247955322e-02
4.882317036390304565e-02
1.361504793167114258e-01
2.981743514537811279e-01
4.004539251327514648e-01
3.269025385379791260e-01
2.058833241462707520e-01
2.401759922504425049e-01
2.482350021600723267e-01
2.083662599325180054e-01
2.960463166236877441e-01
1.182410120964050293e-01
2.855025827884674072e-01
3.113580346107482910e-01
7.957179099321365356e-02
2.829037904739379883e-01
6.877574324607849121e-02
1.842993199825286865e-01
2.644417434930801392e-02
