5.541982874274253845e-02
3.321086466312408447e-01
1.735521256923675537e-01
1.844269186258316040e-01
2.180938720703125000e-01
8.556185662746429443e-02
2.526235580444335938e-01
2.768448591232299805e-01
8.897811919450759888e-02
1.767959743738174438e-01
9.466651082038879395e-02
1.990488022565841675e-01
1.152049154043197632e-01
2.376360595226287842e-01
1.717412471771240234e-01
7.725116610527038574e-02
1.162687093019485474e-01
1.482232809066772461e-01
1.492547243833541870e-01
2.386115938425064087e-01
3.174437880516052246e-01
1.536550521850585938e-01
1.710425615310668945e-01
7.737649977207183838e-02
1.700670570135116577e-01
2.525750994682312012e-01
2.152007371187210083e-01
1.559521406888961792e-01
1.624768823385238647e-01
2.002376317977905273e-01
1.871446967124938965e-01
3.239747881889343262e-01
1.338510513305664062e-01
8.023643493652343750e-02
2.054974287748336792e-01
2.922205626964569092e-01
2.443765699863433838e-01
1.507342159748077393e-01
1.237994879484176636e-01
1.867867559194564819e-01
2.440048903226852417e-01
3.161443173885345459e-01
3.536981344223022461e-01
4.408163726329803467e-01
1.530746370553970337e-01
1.071183383464813232e-01
1.597721576690673828e-01
2.525926232337951660e-01
8.331339806318283081e-02
1.567651331424713135e-01
1.690967977046966553e-01
2.444665133953094482e-01
8.950019627809524536e-02
1.563845872879028320e-01
3.706296086311340332e-01
3.777905702590942383e-01
6.237052679061889648e-01
2.041938155889511108e-01
5.518850684165954590e-01
1.561702042818069458e-01
6.413313150405883789e-01
3.097559809684753418e-01
2.753998041152954102e-01
7.144312262535095215e-01
2.454265356063842773e-01
6.344671845436096191e-01
3.219729661941528320e-01
3.916866779327392578e-01
3.482767045497894287e-01
2.858458757400512695e-01
1.533876955509185791e-01
1.662186384201049805e-01
2.521267533302307129e-01
3.352773189544677734e-01
2.188552618026733398e-01
1.848834455013275146e-01
2.053132653236389160e-01
5.006484389305114746e-01
2.655828297138214111e-01
1.314486861228942871e-01
1.852046549320220947e-01
3.410943448543548584e-01
3.719721436500549316e-01
2.857067584991455078e-01
2.538110911846160889e-01
2.705298066139221191e-01
1.861833184957504272e-01
3.398785591125488281e-01
1.552342623472213745e-01
2.485003471374511719e-01
3.689237833023071289e-01
1.827002465724945068e-01
2.159773409366607666e-01
1.212463006377220154e-01
2.900115549564361572e-01
3.420640528202056885e-01
1.538854092359542847e-01
1.603506803512573242e-01
1.483581960201263428e-01
5.013556033372879028e-02
2.515603601932525635e-01
8.691008388996124268e-02
2.360530793666839600e-01
2.729362547397613525e-01
2.987631559371948242e-01
2.048671245574951172e-01
8.161573112010955811e-02
3.674744367599487305e-01
4.302678704261779785e-01
3.177207112312316895e-01
2.615061104297637939e-01
2.270916402339935303e-01
3.156490325927734375e-01
2.011559158563613892e-01
2.060988247394561768e-01
4.682048261165618896e-01
3.001885116100311279e-02
5.356532335281372070e-01
1.391721516847610474e-01
1.061398684978485107e-01
3.593156933784484863e-01
2.381596416234970093e-01
1.832238435745239258e-01
1.872811019420623779e-01
2.559511661529541016e-01
1.543564498424530029e-01
3.323428630828857422e-01
2.755922377109527588e-01
2.497376948595046997e-01
1.713361442089080811e-01
2.394019365310668945e-01
4.446255564689636230e-01
1.550591737031936646e-01
4.347673654556274414e-01
2.750047445297241211e-01
3.046618998050689697e-01
4.063909053802490234e-01
1.388263851404190063e-01
3.904537558555603027e-01
1.313034892082214355e-01
1.369237005710601807e-01
1.961042284965515137e-01
1.834335327148437500e-01
1.778053641319274902e-01
2.913064360618591309e-01
3.410964608192443848e-01
2.615962624549865723e-01
1.498765647411346436e-01
3.157275915145874023e-01
7.821409404277801514e-02
2.199407517910003662e-01
1.978062689304351807e-01
2.617976069450378418e-01
1.740824133157730103e-01
2.095868885517120361e-01
2.226568609476089478e-01
2.889993786811828613e-01
4.592934548854827881e-01
2.046875208616256714e-01
2.544245719909667969e-01
1.778269410133361816e-01
2.050231695175170898e-01
2.631604969501495361e-01
1.289000064134597778e-01
1.728509962558746338e-01
1.079684123396873474e-01
9.194758534431457520e-02
1.901268213987350464e-01
6.930851936340332031e-02
1.895587742328643799e-01
6.612689793109893799e-02
1.318143606185913086e-01
2.237266302108764648e-01
1.213253960013389587e-01
2.515207827091217041e-01
3.512499928474426270e-01
1.450025588274002075e-01
1.596776545047760010e-01
1.820899844169616699e-01
2.845973968505859375e-01
7.417565584182739258e-02
1.189474612474441528e-01
1.395122706890106201e-01
1.172086894512176514e-01
1.945498287677764893e-01
1.188426166772842407e-01
2.777101397514343262e-01
1.077207177877426147e-01
2.467220425605773926e-01
2.184203863143920898e-01
3.460587859153747559e-01
1.752463281154632568e-01
1.575599908828735352e-01
2.615288496017456055e-01
2.602965533733367920e-01
2.497159242630004883e-01
1.467279195785522461e-01
1.464142650365829468e-01
1.445070654153823853e-01
3.877991735935211182e-01
8.035977929830551147e-02
2.379435896873474121e-01
2.256441414356231689e-01
6.694905459880828857e-02
4.377308115363121033e-02
3.886800408363342285e-01
2.989290058612823486e-01
3.192614912986755371e-01
3.420367240905761719e-01
2.130560129880905151e-01
1.600268036127090454e-01
2.804385125637054443e-01
1.332169473171234131e-01
1.208119019865989685e-01
2.189798951148986816e-01
4.167560338973999023e-01
2.878271341323852539e-01
4.566302299499511719e-01
7.360700368881225586e-01
5.063655972480773926e-01
3.020059168338775635e-01
5.549829006195068359e-01
5.199749469757080078e-01
8.051825761795043945e-01
1.461113393306732178e-01
1.958720237016677856e-01
3.873175978660583496e-01
6.882396936416625977e-01
2.326448857784271240e-01
1.902574896812438965e-01
3.682651519775390625e-01
4.439071714878082275e-01
2.904606163501739502e-01
4.175117611885070801e-01
4.260640740394592285e-01
2.778688967227935791e-01
3.268300890922546387e-01
1.640523970127105713e-01
2.148196548223495483e-01
3.343766927719116211e-01
2.607414424419403076e-01
1.478146910667419434e-01
3.666277527809143066e-01
2.703010439872741699e-01
3.044591248035430908e-01
2.051807194948196411e-01
1.802766621112823486e-01
2.420369982719421387e-01
1.186215579509735107e-01
2.485990077257156372e-01
2.896011173725128174e-01
1.890968084335327148e-01
1.474084109067916870e-01
1.945571005344390869e-01
1.065051257610321045e-01
2.336704134941101074e-01
1.266064643859863281e-01
2.032713741064071655e-01
1.848836839199066162e-01
9.357760846614837646e-02
2.340862154960632324e-01
2.062933743000030518e-01
1.172714754939079285e-01
2.757951617240905762e-01
9.563845396041870117e-02
2.473857104778289795e-01
3.168942928314208984e-01
3.140286207199096680e-01
2.921292781829833984e-01
1.076650694012641907e-01
2.228623330593109131e-01
1.111680045723915100e-01
5.214719772338867188e-01
3.632538914680480957e-01
2.044782936573028564e-01
2.692528069019317627e-01
2.831886410713195801e-01
4.317146539688110352e-01
1.648115664720535278e-01
1.885964870452880859e-01
1.493319571018218994e-01
2.406890094280242920e-01
1.023658514022827148e-01
1.701775342226028442e-01
1.079621016979217529e-01
1.604433506727218628e-01
1.419175565242767334e-01
4.670827463269233704e-02
2.330853492021560669e-01
3.107110857963562012e-01
2.764162421226501465e-01
2.016689479351043701e-01
4.068413674831390381e-01
4.676082134246826172e-01
2.307637929916381836e-01
1.724403947591781616e-01
2.966886460781097412e-01
3.348471820354461670e-01
4.133276343345642090e-01
1.562022864818572998e-01
1.637316346168518066e-01
3.095165491104125977e-01
1.436853110790252686e-01
3.633022010326385498e-01
1.458568274974822998e-01
3.569496870040893555e-01
1.801789700984954834e-01
1.979940533638000488e-01
2.831620275974273682e-01
4.461804330348968506e-01
2.402848154306411743e-01
1.665218472480773926e-01
4.110663235187530518e-01
2.408719658851623535e-01
1.803454458713531494e-01
2.445426583290100098e-01
2.071222811937332153e-01
1.313081979751586914e-01
2.749150991439819336e-01
2.578142583370208740e-01
1.514691710472106934e-01
4.489583969116210938e-01
8.432672917842864990e-02
1.137435659766197205e-01
1.975805610418319702e-01
3.009146749973297119e-01
2.373004704713821411e-01
2.518703937530517578e-01
2.982906103134155273e-01
1.294639259576797485e-01
3.113720715045928955e-01
2.040422707796096802e-01
1.538490951061248779e-01
1.487712562084197998e-01
1.131493523716926575e-01
1.289274096488952637e-01
1.138488352298736572e-01
1.143805459141731262e-01
2.083792388439178467e-01
3.579300940036773682e-01
2.641272842884063721e-01
1.924561262130737305e-01
9.004281461238861084e-02
4.289776980876922607e-01
1.913301199674606323e-01
2.063417136669158936e-01
2.529354095458984375e-01
2.262743860483169556e-01
1.475508511066436768e-01
1.062438637018203735e-01
2.148044109344482422e-01
2.092371433973312378e-01
8.958849310874938965e-02
1.861692667007446289e-01
4.889427125453948975e-01
2.956135571002960205e-01
2.505504488945007324e-01
2.947904467582702637e-01
1.098738610744476318e-01
2.489290237426757812e-01
1.467642486095428467e-01
1.581346988677978516e-01
1.330244839191436768e-01
8.100564777851104736e-02
1.024239659309387207e-01
2.227719724178314209e-01
1.873361617326736450e-01
2.634611427783966064e-01
1.405537873506546021e-01
3.639690577983856201e-01
1.622898131608963013e-01
3.005904257297515869e-01
6.800174713134765625e-02
1.517585217952728271e-01
3.089157938957214355e-01
1.993338614702224731e-01
2.727588415145874023e-01
1.430995166301727295e-01
2.041139602661132812e-01
1.007813215255737305e-01
6.920272111892700195e-02
5.131851881742477417e-02
1.839228570461273193e-01
1.164034679532051086e-01
6.088078394532203674e-02
5.339483916759490967e-02
1.626531183719635010e-01
2.861540913581848145e-01
1.794049590826034546e-01
2.371347546577453613e-01
1.591500192880630493e-01
2.130509912967681885e-01
2.366049289703369141e-01
1.317195743322372437e-01
1.462829858064651489e-01
4.053058475255966187e-02
1.348924636840820312e-01
1.458433568477630615e-01
5.785889923572540283e-02
1.824095100164413452e-01
9.952931851148605347e-02
3.995673358440399170e-02
1.543805897235870361e-01
2.094683796167373657e-01
2.563627958297729492e-01
1.586284041404724121e-01
1.049397587776184082e-01
1.837184429168701172e-01
2.226703166961669922e-01
1.489159315824508667e-01
3.314446210861206055e-01
1.761334836483001709e-01
2.586018741130828857e-01
4.413693398237228394e-02
8.476884663105010986e-02
6.124853342771530151e-02
1.628573834896087646e-01
1.534174978733062744e-01
1.136319264769554138e-01
1.287793517112731934e-01
1.883214712142944336e-01
2.305384576320648193e-01
3.405303359031677246e-01
1.103342920541763306e-01
5.366629734635353088e-02
1.819180250167846680e-01
4.161278530955314636e-02
3.185390233993530273e-01
1.224821656942367554e-01
6.416216492652893066e-02
1.461607515811920166e-01
3.657892346382141113e-01
2.276357114315032959e-01
2.475983351469039917e-01
1.523995697498321533e-01
1.391466557979583740e-01
1.704079806804656982e-01
2.815379500389099121e-01
1.250564604997634888e-01
1.283480525016784668e-01
2.743350267410278320e-01
2.425745725631713867e-01
1.238743215799331665e-01
1.949537694454193115e-01
1.908258497714996338e-01
3.194783329963684082e-01
2.122339755296707153e-01
2.398809641599655151e-01
1.561472713947296143e-01
1.809468865394592285e-01
1.953008621931076050e-01
7.236007601022720337e-02
2.411755919456481934e-01
1.580436527729034424e-01
4.038869142532348633e-01
1.744267940521240234e-01
1.665955185890197754e-01
1.500146239995956421e-01
1.326442211866378784e-01
1.533868461847305298e-01
1.316963434219360352e-01
1.671381592750549316e-01
1.384018808603286743e-01
1.462089717388153076e-01
1.877751946449279785e-01
1.072056293487548828e-01
1.528047621250152588e-01
1.091477870941162109e-01
3.039635419845581055e-01
2.703689038753509521e-02
1.338832378387451172e-01
7.832759618759155273e-02
1.212599128484725952e-01
1.641709208488464355e-01
2.142332792282104492e-01
6.386503577232360840e-02
2.029822468757629395e-01
2.257507443428039551e-01
8.253833651542663574e-02
2.413862645626068115e-01
6.430071592330932617e-02
1.851812750101089478e-01
2.704141736030578613e-01
1.039540097117424011e-01
1.795916706323623657e-01
1.728889048099517822e-01
8.236684650182723999e-02
8.848786354064941406e-02
1.533892750740051270e-01
2.669462859630584717e-01
1.923108398914337158e-01
2.123771905899047852e-01
2.046090662479400635e-01
1.419467777013778687e-01
1.385105252265930176e-01
2.222437262535095215e-01
1.033186912536621094e-01
2.715895771980285645e-01
7.709877192974090576e-02
1.056007593870162964e-01
1.856123507022857666e-01
7.349961996078491211e-02
2.863030433654785156e-01
1.062476336956024170e-01
1.175915896892547607e-01
3.227582871913909912e-01
1.268900930881500244e-01
1.419964432716369629e-01
1.009158864617347717e-01
1.201650574803352356e-01
2.637213170528411865e-01
7.508610934019088745e-02
2.560790181159973145e-01
2.192606925964355469e-01
1.731306910514831543e-01
2.084226906299591064e-01
7.144959270954132080e-02
8.037835359573364258e-02
1.649959385395050049e-01
1.098346114158630371e-01
3.567916154861450195e-01
1.346219033002853394e-01
2.641072869300842285e-01
1.283760666847229004e-01
1.469303369522094727e-01
2.364778518676757812e-01
9.104606509208679199e-02
1.635465621948242188e-01
4.436457529664039612e-02
8.568327128887176514e-02
7.425105571746826172e-02
1.762110739946365356e-01
1.167460829019546509e-01
1.032863110303878784e-01
1.876490414142608643e-01
2.302797585725784302e-01
2.061326801776885986e-01
1.348435133695602417e-01
7.517904639244079590e-01
1.279851198196411133e-01
1.395778656005859375e-01
1.374346613883972168e-01
2.307176440954208374e-01
1.180702596902847290e-01
1.964236199855804443e-01
1.071780920028686523e-01
1.139145568013191223e-01
1.189554482698440552e-01
1.822573840618133545e-01
2.439672052860260010e-01
3.272381424903869629e-01
5.959799885749816895e-02
2.715305089950561523e-01
1.093813031911849976e-01
4.841057062149047852e-01
1.124743148684501648e-01
3.072659969329833984e-01
2.123314738273620605e-01
6.005060672760009766e-02
2.160203754901885986e-01
6.545086205005645752e-02
1.494383215904235840e-01
1.133150830864906311e-01
6.160280853509902954e-02
5.009516477584838867e-01
3.164493739604949951e-01
8.760717511177062988e-02
1.048743128776550293e-01
1.669698059558868408e-01
7.251805067062377930e-02
1.316732466220855713e-01
2.892392277717590332e-01
7.486173510551452637e-02
1.182841509580612183e-01
7.102446258068084717e-02
3.679596781730651855e-01
1.542682945728302002e-01
2.079418450593948364e-01
2.055264115333557129e-01
1.391371488571166992e-01
1.169925481081008911e-01
2.444591373205184937e-01
2.902050316333770752e-01
2.283485233783721924e-01
2.181543260812759399e-01
2.074460983276367188e-01
1.401385664939880371e-01
1.520876735448837280e-01
6.046061962842941284e-02
1.665623039007186890e-01
1.011635810136795044e-01
1.247584000229835510e-01
3.442878723144531250e-01
1.952181458473205566e-01
2.819980382919311523e-01
1.378628313541412354e-01
3.112295269966125488e-01
2.007700800895690918e-01
1.114870160818099976e-01
1.586771309375762939e-01
5.980264022946357727e-02
7.731674611568450928e-02
2.684224843978881836e-01
2.344849407672882080e-01
2.914591431617736816e-01
1.377470493316650391e-01
2.595894634723663330e-01
3.313601911067962646e-01
6.475495547056198120e-02
9.395141899585723877e-02
2.570973634719848633e-01
2.588360309600830078e-01
4.170660376548767090e-01
1.017287224531173706e-01
1.808999776840209961e-01
1.866404861211776733e-01
1.645108461380004883e-01
9.894795715808868408e-02
2.741592228412628174e-01
4.007991403341293335e-02
9.591618925333023071e-02
3.579702377319335938e-01
2.531230449676513672e-01
1.726156324148178101e-01
2.982299923896789551e-01
1.666848063468933105e-01
3.526037633419036865e-01
2.513190805912017822e-01
2.496517300605773926e-01
2.590005099773406982e-01
2.585188746452331543e-01
9.088051319122314453e-02
1.081345155835151672e-01
7.246287167072296143e-02
1.203115284442901611e-01
1.165615171194076538e-01
1.990547776222229004e-01
1.729078292846679688e-01
6.910970062017440796e-02
1.661092340946197510e-01
2.081104516983032227e-01
2.913659214973449707e-01
3.284800350666046143e-01
1.870194375514984131e-01
3.460183143615722656e-01
7.703036069869995117e-02
2.441319525241851807e-01
2.501114904880523682e-01
2.178286612033843994e-01
1.649464517831802368e-01
2.160896658897399902e-01
3.041390776634216309e-01
1.477057337760925293e-01
7.124565541744232178e-02
2.779509425163269043e-01
2.324788272380828857e-01
3.470309972763061523e-01
2.098442018032073975e-01
3.376184701919555664e-01
2.700361609458923340e-01
2.138198465108871460e-01
2.028822451829910278e-01
1.642910242080688477e-01
8.993415534496307373e-02
1.649612784385681152e-01
7.378704100847244263e-02
1.561580747365951538e-01
1.425498127937316895e-01
8.750817179679870605e-02
1.672016084194183350e-01
6.812760233879089355e-02
1.285705268383026123e-01
1.961854398250579834e-01
6.196888536214828491e-02
3.738854527473449707e-01
9.257609397172927856e-02
2.578746676445007324e-01
4.136279821395874023e-01
3.846361860632896423e-02
2.066345214843750000e-01
9.199693799018859863e-02
1.831264495849609375e-01
8.303873986005783081e-02
2.028198242187500000e-01
2.597913742065429688e-01
3.985992670059204102e-01
6.819400191307067871e-02
1.460979133844375610e-01
1.209408566355705261e-01
2.913013398647308350e-01
1.008953973650932312e-01
2.065090239048004150e-01
2.077664881944656372e-01
1.300491094589233398e-01
7.136284559965133667e-02
3.240949660539627075e-02
1.355115473270416260e-01
1.866900622844696045e-01
1.434043347835540771e-01
1.789334416389465332e-01
8.824792504310607910e-02
6.346733868122100830e-02
1.326614618301391602e-01
5.938584357500076294e-02
1.239116787910461426e-01
1.431164145469665527e-01
4.150094687938690186e-01
6.840227544307708740e-02
3.839158415794372559e-01
2.279544770717620850e-01
1.314693540334701538e-01
1.857479661703109741e-01
3.674973249435424805e-01
3.105949461460113525e-01
1.959901750087738037e-01
1.774079203605651855e-01
2.182753682136535645e-01
1.223758757114410400e-01
1.656029671430587769e-01
2.499295175075531006e-01
4.416107535362243652e-01
6.222318857908248901e-02
1.491777896881103516e-01
2.067496329545974731e-01
2.784025371074676514e-01
1.004492715001106262e-01
2.310936301946640015e-01
1.585128903388977051e-01
9.304532408714294434e-02
1.469990462064743042e-01
1.857761740684509277e-01
7.145223021507263184e-02
1.317113935947418213e-01
3.144464641809463501e-02
1.476876288652420044e-01
2.163769900798797607e-01
2.042805254459381104e-01
3.364813029766082764e-01
1.200483143329620361e-01
2.214641273021697998e-01
1.003021225333213806e-01
1.909148544073104858e-01
9.072813391685485840e-02
2.275602221488952637e-01
9.961742162704467773e-02
2.761156857013702393e-01
2.255277931690216064e-01
2.864250242710113525e-01
9.498554468154907227e-02
1.772475838661193848e-01
1.472179144620895386e-01
3.971967399120330811e-01
8.470626920461654663e-02
1.778739839792251587e-01
2.420496195554733276e-01
6.809616833925247192e-02
8.106852322816848755e-02
2.355992347002029419e-01
5.993881076574325562e-02
2.344852685928344727e-01
2.788200974464416504e-01
1.134445220232009888e-01
1.073639467358589172e-01
2.650511264801025391e-01
2.099504321813583374e-01
2.508096694946289062e-01
3.065698742866516113e-01
1.601504981517791748e-01
9.121415019035339355e-02
2.356172502040863037e-01
3.188799619674682617e-01
2.849311232566833496e-01
9.103173762559890747e-02
1.458867192268371582e-01
2.486629337072372437e-01
2.519111633300781250e-01
7.957562804222106934e-02
2.294527292251586914e-01
2.649264335632324219e-01
1.853689253330230713e-01
5.486890673637390137e-01
2.257071435451507568e-01
2.307572066783905029e-01
4.961446523666381836e-01
9.074699878692626953e-02
2.974428534507751465e-01
3.245637416839599609e-01
1.240913569927215576e-01
9.594538062810897827e-02
4.397866725921630859e-01
1.263455450534820557e-01
2.376002073287963867e-01
2.707675099372863770e-01
3.691705763339996338e-01
1.547678261995315552e-01
6.728546321392059326e-02
1.736147403717041016e-01
2.422102391719818115e-01
2.800984680652618408e-01
2.718204855918884277e-01
4.141209423542022705e-01
2.131985425949096680e-01
1.268509477376937866e-01
1.497438848018646240e-01
1.113234758377075195e-01
1.634998321533203125e-01
1.057232245802879333e-01
2.517923116683959961e-01
1.738664954900741577e-01
2.659036815166473389e-01
3.093876242637634277e-01
2.908720970153808594e-01
9.967508167028427124e-02
1.616422086954116821e-01
1.964171528816223145e-01
2.623462080955505371e-01
1.347243785858154297e-01
3.971175849437713623e-01
2.340111732482910156e-01
1.876779943704605103e-01
1.265577077865600586e-01
1.608538776636123657e-01
1.246646940708160400e-01
2.378097921609878540e-01
1.116049587726593018e-01
2.912451028823852539e-01
1.868942975997924805e-01
7.882653921842575073e-02
2.186232060194015503e-01
4.365856200456619263e-02
1.209069639444351196e-01
8.608388900756835938e-02
1.191272214055061340e-01
2.679878175258636475e-01
1.184425503015518188e-01
3.325946927070617676e-01
7.955978065729141235e-02
7.123222202062606812e-02
4.331313818693161011e-02
1.020585298538208008e-01
2.101923823356628418e-01
3.682582676410675049e-01
4.239718914031982422e-01
2.045906484127044678e-01
2.058822363615036011e-01
3.101871013641357422e-01
1.402803808450698853e-01
1.335408985614776611e-01
2.519817352294921875e-01
1.674267947673797607e-01
5.999941751360893250e-02
5.518845468759536743e-02
2.153096199035644531e-01
7.004359364509582520e-02
3.866526484489440918e-01
2.815134823322296143e-01
5.229391455650329590e-01
1.534035354852676392e-01
1.084953099489212036e-01
1.095568686723709106e-01
1.595917344093322754e-01
1.328319013118743896e-01
1.768753677606582642e-01
1.115588098764419556e-01
2.569799125194549561e-01
3.652116358280181885e-01
1.218670606613159180e-01
3.176908791065216064e-01
1.327831745147705078e-01
1.528767794370651245e-01
1.950616687536239624e-01
5.852932482957839966e-02
2.049501836299896240e-01
2.556414008140563965e-01
4.393416941165924072e-01
6.930223107337951660e-02
4.382748007774353027e-01
1.206752285361289978e-01
1.006059348583221436e-01
7.921932637691497803e-02
1.674347519874572754e-01
9.582601487636566162e-02
3.820273652672767639e-02
3.300582170486450195e-01
5.750069394707679749e-02
1.645033955574035645e-01
1.587029993534088135e-01
1.429215818643569946e-01
4.415740370750427246e-01
3.369815945625305176e-01
2.431729286909103394e-01
3.293402791023254395e-01
6.372869759798049927e-02
1.408472359180450439e-01
6.923994421958923340e-02
1.438621580600738525e-01
9.872890263795852661e-02
3.281260132789611816e-01
3.072632551193237305e-01
1.172781288623809814e-01
5.216025561094284058e-02
3.869347274303436279e-01
3.720962703227996826e-01
2.261178791522979736e-01
1.811591386795043945e-01
1.302746534347534180e-01
1.366591155529022217e-01
1.633455902338027954e-01
1.306269317865371704e-01
2.304128706455230713e-01
1.427302062511444092e-01
7.208113372325897217e-02
7.439717650413513184e-02
9.334136545658111572e-02
1.513349264860153198e-01
1.364954113960266113e-01
7.809242606163024902e-02
2.651841342449188232e-01
2.050396502017974854e-01
2.478048503398895264e-01
1.899575591087341309e-01
2.847117483615875244e-01
1.155209019780158997e-01
2.605398297309875488e-01
1.060536578297615051e-01
3.346940875053405762e-01
1.734654903411865234e-01
9.298372268676757812e-02
1.237807869911193848e-01
8.617544919252395630e-02
1.241256743669509888e-01
2.249853014945983887e-01
1.933069527149200439e-01
1.953598856925964355e-01
2.515169978141784668e-01
3.069398999214172363e-01
8.702527731657028198e-02
1.088074445724487305e-01
2.580604851245880127e-01
5.715497583150863647e-02
1.933124065399169922e-01
1.751064062118530273e-01
2.377156764268875122e-01
6.183450669050216675e-02
8.633073419332504272e-02
1.163058578968048096e-01
2.402038574218750000e-01
4.528816342353820801e-01
5.160014331340789795e-02
1.159186586737632751e-01
7.573720216751098633e-01
1.708142757415771484e-01
1.344556361436843872e-01
1.945132017135620117e-01
2.461156845092773438e-01
2.022660225629806519e-01
1.312984377145767212e-01
1.096901297569274902e-01
1.357997804880142212e-01
1.320710927248001099e-01
2.158657312393188477e-01
2.620173692703247070e-01
2.934686243534088135e-01
3.710421919822692871e-01
1.886824071407318115e-01
2.142710089683532715e-01
1.636114120483398438e-01
6.321494281291961670e-02
8.218474686145782471e-02
1.701895594596862793e-01
3.599775731563568115e-01
1.189284548163414001e-01
4.885298609733581543e-01
2.328514158725738525e-01
2.191233783960342407e-01
3.444595336914062500e-01
1.895648688077926636e-01
1.325056254863739014e-01
1.262516677379608154e-01
3.226749002933502197e-01
1.381921470165252686e-01
4.728091657161712646e-01
3.056934773921966553e-01
1.757766008377075195e-01
2.183312475681304932e-01
1.914211213588714600e-01
3.453380763530731201e-01
2.499359250068664551e-01
1.775793433189392090e-01
3.244285285472869873e-01
3.245259821414947510e-01
1.701027005910873413e-01
9.205140173435211182e-02
2.545717358589172363e-01
4.513139277696609497e-02
1.992785334587097168e-01
2.206712961196899414e-01
1.976288408041000366e-01
3.219577372074127197e-01
1.636872589588165283e-01
2.421149760484695435e-01
3.810321986675262451e-01
1.290713846683502197e-01
4.487366974353790283e-01
1.511939167976379395e-01
3.286389708518981934e-01
2.736595869064331055e-01
1.533598899841308594e-01
4.768632948398590088e-01
3.800831437110900879e-01
1.920304894447326660e-01
2.109889686107635498e-01
1.619984507560729980e-01
1.858885884284973145e-01
3.962622284889221191e-01
1.952709853649139404e-01
1.207517236471176147e-01
2.156709134578704834e-01
1.515990793704986572e-01
5.995761975646018982e-02
1.727698743343353271e-01
1.888206601142883301e-01
2.129493951797485352e-01
4.908199906349182129e-01
1.184585541486740112e-01
1.604998409748077393e-01
3.016787171363830566e-01
8.854518830776214600e-02
7.855513691902160645e-02
1.453057378530502319e-01
3.163256943225860596e-01
1.835453659296035767e-01
4.023680686950683594e-01
3.628230094909667969e-01
1.441196501255035400e-01
2.094962894916534424e-01
1.845028847455978394e-01
2.009636163711547852e-01
1.644025593996047974e-01
2.145672440528869629e-01
3.271136283874511719e-01
1.500110626220703125e-01
2.868241071701049805e-01
1.703938841819763184e-01
2.006355971097946167e-01
3.085791468620300293e-01
3.973099887371063232e-01
2.001972049474716187e-01
3.000788092613220215e-01
4.326883703470230103e-02
3.444368243217468262e-01
2.757000923156738281e-01
8.448295295238494873e-02
1.863578855991363525e-01
2.747135460376739502e-01
2.065584510564804077e-01
6.502802670001983643e-02
2.631655633449554443e-01
2.823715209960937500e-01
3.347566425800323486e-01
2.276915311813354492e-01
3.244845867156982422e-01
2.365428209304809570e-01
4.005035161972045898e-01
1.652384996414184570e-01
2.545996904373168945e-01
1.324530839920043945e-01
3.490905761718750000e-01
2.594079971313476562e-01
1.898349523544311523e-01
2.282115668058395386e-01
4.761026501655578613e-01
1.929347813129425049e-01
2.266129702329635620e-01
2.632384598255157471e-01
2.739327549934387207e-01
2.059162855148315430e-01
1.699141561985015869e-01
9.128086268901824951e-02
2.006851434707641602e-01
9.472491592168807983e-02
1.920595467090606689e-01
1.607044041156768799e-01
1.828968226909637451e-01
5.561593919992446899e-02
1.130381599068641663e-01
4.363566637039184570e-01
3.691938817501068115e-01
1.181472614407539368e-01
1.541177034378051758e-01
2.060400396585464478e-01
1.168762594461441040e-01
2.755449116230010986e-01
2.308428734540939331e-01
2.143591642379760742e-01
7.963807135820388794e-02
6.632409989833831787e-02
2.393148839473724365e-01
5.809831619262695312e-02
2.881709039211273193e-01
1.293728202581405640e-01
1.974816620349884033e-01
2.652040123939514160e-01
1.645417064428329468e-01
6.841446459293365479e-02
3.087202906608581543e-01
1.077993512153625488e-01
2.760817110538482666e-01
3.374975174665451050e-02
2.548408508300781250e-01
3.150404691696166992e-01
1.642898023128509521e-01
1.973937898874282837e-01
3.361970484256744385e-01
1.978640854358673096e-01
1.353476941585540771e-01
3.478655219078063965e-01
3.728706240653991699e-01
1.458394229412078857e-01
2.157199233770370483e-01
1.457437872886657715e-01
1.059763729572296143e-01
1.415694355964660645e-01
2.865559160709381104e-01
3.592573404312133789e-01
4.896470904350280762e-02
1.129022017121315002e-01
1.207028031349182129e-01
1.853124797344207764e-01
1.547118723392486572e-01
1.896205246448516846e-01
2.094970941543579102e-01
1.752841025590896606e-01
4.458156228065490723e-01
6.103362888097763062e-02
1.589054018259048462e-01
3.358100056648254395e-01
2.801590561866760254e-01
1.094924509525299072e-01
1.467319726943969727e-01
8.706597238779067993e-02
2.831240296363830566e-01
3.326291441917419434e-01
8.430577814579010010e-02
1.000886261463165283e-01
1.320495009422302246e-01
1.276389658451080322e-01
1.655782461166381836e-01
1.005754247307777405e-01
2.368014752864837646e-01
2.706872224807739258e-01
2.908623218536376953e-01
2.697179317474365234e-01
2.677950263023376465e-01
2.836524248123168945e-01
1.045260056853294373e-01
3.123440742492675781e-01
1.821600049734115601e-01
1.444667428731918335e-01
7.701719552278518677e-02
2.689825594425201416e-01
1.122225970029830933e-01
1.916617751121520996e-01
8.887593448162078857e-02
3.460972905158996582e-01
2.786572873592376709e-01
1.980530917644500732e-01
6.433655321598052979e-02
1.034397035837173462e-01
6.078898310661315918e-01
2.953378856182098389e-01
1.695042848587036133e-01
4.162627756595611572e-01
8.996146917343139648e-02
3.057007789611816406e-01
1.127264499664306641e-01
9.293867647647857666e-02
1.617101728916168213e-01
3.069034814834594727e-01
1.421398073434829712e-01
1.551603972911834717e-01
7.738634943962097168e-02
1.826547086238861084e-01
1.487611532211303711e-01
1.228155940771102905e-01
2.298485338687896729e-01
4.519553482532501221e-01
2.001873701810836792e-01
2.355950474739074707e-01
3.823532536625862122e-02
7.255285978317260742e-02
1.312221139669418335e-01
9.200768917798995972e-02
5.081401392817497253e-02
1.498804092407226562e-01
1.343709975481033325e-01
2.403333634138107300e-01
2.191674709320068359e-01
2.095523178577423096e-01
2.039403021335601807e-01
4.169190675020217896e-02
1.829058825969696045e-01
1.272451877593994141e-01
2.598287165164947510e-01
1.683138012886047363e-01
2.035608142614364624e-01
5.851312354207038879e-02
4.714846611022949219e-02
1.945573538541793823e-01
2.867876291275024414e-01
3.581530153751373291e-01
3.555380702018737793e-01
1.347121745347976685e-01
1.367640793323516846e-01
6.244851648807525635e-02
1.306750774383544922e-01
1.042014956474304199e-01
1.094479188323020935e-01
1.915313601493835449e-01
1.182070598006248474e-01
9.052248299121856689e-02
3.059306144714355469e-01
1.383729279041290283e-01
2.258884757757186890e-01
6.418845802545547485e-02
1.523022055625915527e-01
2.139867842197418213e-01
1.605813652276992798e-01
2.628693580627441406e-01
1.017178744077682495e-01
3.553779721260070801e-01
4.340207278728485107e-01
1.182974576950073242e-01
1.680729389190673828e-01
1.431977599859237671e-01
3.974371552467346191e-01
1.367872655391693115e-01
1.821239888668060303e-01
1.520363688468933105e-01
4.033604636788368225e-02
1.702968478202819824e-01
1.054987609386444092e-01
5.368360877037048340e-02
9.846699237823486328e-02
3.062346577644348145e-01
2.404474653303623199e-03
