2.679556012153625488e-01
1.471156328916549683e-01
3.183892667293548584e-01
4.478998184204101562e-01
1.946803033351898193e-01
3.578034639358520508e-01
4.606994390487670898e-01
2.349100112915039062e-01
3.003391921520233154e-01
3.055080771446228027e-01
2.287710160017013550e-01
2.556601762771606445e-01
4.031409621238708496e-01
3.680073022842407227e-01
5.922901034355163574e-01
3.247824609279632568e-01
3.137230277061462402e-01
3.175087571144104004e-01
1.591730266809463501e-01
3.416397571563720703e-01
5.166623592376708984e-01
3.648250699043273926e-01
1.945233643054962158e-01
1.942111998796463013e-01
4.721952676773071289e-01
4.651904702186584473e-01
1.639038026332855225e-01
5.524262189865112305e-01
3.169935345649719238e-01
3.254721760749816895e-01
1.664651930332183838e-01
1.095367595553398132e-01
2.048309743404388428e-01
2.238351404666900635e-01
1.358744502067565918e-01
4.456624984741210938e-01
2.179076820611953735e-01
1.403236091136932373e-01
1.454012989997863770e-01
3.915153145790100098e-01
2.531880438327789307e-01
3.882032632827758789e-01
2.408256083726882935e-01
4.679346680641174316e-01
1.388232558965682983e-01
3.282322287559509277e-01
2.969627380371093750e-01
3.245925903320312500e-01
2.701281011104583740e-01
4.001791477203369141e-01
2.446337342262268066e-01
2.224591374397277832e-01
3.968426287174224854e-01
4.093756079673767090e-01
2.460018396377563477e-01
3.338002860546112061e-01
3.643627762794494629e-01
1.775543391704559326e-01
2.271149754524230957e-01
2.351025938987731934e-01
2.572698593139648438e-01
1.870948970317840576e-01
2.391808032989501953e-01
3.679673075675964355e-01
1.949562579393386841e-01
2.589739561080932617e-01
1.684381216764450073e-01
4.027355313301086426e-01
5.569199323654174805e-01
2.545323371887207031e-01
3.591955602169036865e-01
1.557885408401489258e-01
3.762359917163848877e-01
1.737482845783233643e-01
2.997856736183166504e-01
3.026908636093139648e-01
2.099720388650894165e-01
2.144824862480163574e-01
1.939420998096466064e-01
2.811193466186523438e-01
2.361078113317489624e-01
2.174155712127685547e-01
1.844120919704437256e-01
2.264264225959777832e-01
2.659658491611480713e-01
1.431427001953125000e-01
3.707900941371917725e-01
1.593477427959442139e-01
3.122107088565826416e-01
2.192931920289993286e-01
3.889351785182952881e-01
2.073540389537811279e-01
2.385269999504089355e-01
1.828288733959197998e-01
3.400778770446777344e-01
2.346536070108413696e-01
5.093854665756225586e-01
3.679586648941040039e-01
2.220287621021270752e-01
1.548028588294982910e-01
1.700030565261840820e-01
1.351061463356018066e-01
1.678032130002975464e-01
1.623359918594360352e-01
3.252837955951690674e-01
3.416014313697814941e-01
2.547663748264312744e-01
4.383576214313507080e-01
5.738327503204345703e-01
4.473464488983154297e-01
2.046236544847488403e-01
2.201522737741470337e-01
3.700613975524902344e-01
2.849566936492919922e-01
1.953498125076293945e-01
4.565979540348052979e-01
1.898253262042999268e-01
2.845413982868194580e-01
1.823049783706665039e-01
2.089748680591583252e-01
3.191555738449096680e-01
4.362979531288146973e-01
2.530936598777770996e-01
1.811711043119430542e-01
6.131283044815063477e-01
3.936363458633422852e-01
4.290552139282226562e-01
4.243600070476531982e-01
2.338311225175857544e-01
3.601202368736267090e-01
1.573348641395568848e-01
2.389288246631622314e-01
1.428858190774917603e-01
1.729996353387832642e-01
1.871877014636993408e-01
2.322609126567840576e-01
2.105431258678436279e-01
1.704237461090087891e-01
1.382517069578170776e-01
1.125016808509826660e-01
3.330065608024597168e-01
3.241354227066040039e-01
1.881030201911926270e-01
3.226066529750823975e-01
2.372190058231353760e-01
2.105206549167633057e-01
1.560722887516021729e-01
1.902664601802825928e-01
1.288321763277053833e-01
4.016719460487365723e-01
1.780529916286468506e-01
5.737565755844116211e-01
2.132230699062347412e-01
1.510306596755981445e-01
1.571419239044189453e-01
3.627715110778808594e-01
2.761380970478057861e-01
2.181811332702636719e-01
1.455335617065429688e-01
2.094174921512603760e-01
4.003017842769622803e-01
2.317893654108047485e-01
2.489036023616790771e-01
1.843501776456832886e-01
2.376223504543304443e-01
3.491441309452056885e-01
4.357891380786895752e-01
3.443584740161895752e-01
8.599060773849487305e-02
2.085865437984466553e-01
5.779215693473815918e-01
5.457174181938171387e-01
3.508256077766418457e-01
4.078242182731628418e-01
1.380795091390609741e-01
5.340631008148193359e-01
1.175679266452789307e-01
6.147908419370651245e-02
5.184136033058166504e-01
2.360639274120330811e-01
3.654907345771789551e-01
3.467444181442260742e-01
2.946642637252807617e-01
2.464456856250762939e-01
4.592678546905517578e-01
1.317106634378433228e-01
3.150784373283386230e-01
3.245892524719238281e-01
3.735293149948120117e-01
5.170533657073974609e-01
3.596161007881164551e-01
1.139869317412376404e-01
3.176557123661041260e-01
3.365498185157775879e-01
6.030935049057006836e-01
2.892411351203918457e-01
1.919472664594650269e-01
1.255665421485900879e-01
3.120784163475036621e-01
4.182556867599487305e-01
1.920154541730880737e-01
2.811523079872131348e-01
2.013425529003143311e-01
3.071427345275878906e-01
1.061859428882598877e-01
2.883976995944976807e-01
3.397634625434875488e-01
3.668100237846374512e-01
2.021898627281188965e-01
2.311983704566955566e-01
4.356075227260589600e-01
3.248911499977111816e-01
6.098111867904663086e-01
4.415789842605590820e-01
2.838445901870727539e-01
2.035438865423202515e-01
2.448842078447341919e-01
3.191640973091125488e-01
3.094998598098754883e-01
2.710176110267639160e-01
2.983119189739227295e-01
1.954357028007507324e-01
1.382528543472290039e-01
3.089865744113922119e-01
2.346621602773666382e-01
4.012745916843414307e-01
4.194224774837493896e-01
1.784704923629760742e-01
2.606767416000366211e-01
1.501148343086242676e-01
2.634531259536743164e-01
3.117824792861938477e-01
2.145135700702667236e-01
2.114742398262023926e-01
2.921526730060577393e-01
3.029344975948333740e-01
1.883855164051055908e-01
5.789968371391296387e-01
1.658172309398651123e-01
4.823877811431884766e-01
8.079595863819122314e-02
2.311726510524749756e-01
3.469101190567016602e-01
2.493039369583129883e-01
3.043434619903564453e-01
2.950112819671630859e-01
3.305048644542694092e-01
2.426090389490127563e-01
3.229394555091857910e-01
5.770072340965270996e-01
2.821584343910217285e-01
2.435931861400604248e-01
2.074405401945114136e-01
5.359926223754882812e-01
2.844627201557159424e-01
2.704942524433135986e-01
2.906407117843627930e-01
2.388576269149780273e-01
3.674971759319305420e-01
4.565913677215576172e-01
4.725537598133087158e-01
3.074876368045806885e-01
1.426541358232498169e-01
4.224780797958374023e-01
1.086385920643806458e-01
4.464451968669891357e-01
5.029891133308410645e-01
1.142015159130096436e-01
1.951153129339218140e-01
3.027556538581848145e-01
1.172397285699844360e-01
2.165230512619018555e-01
3.591641783714294434e-01
2.932575941085815430e-01
3.850989937782287598e-01
2.385819554328918457e-01
3.067663013935089111e-01
2.911770045757293701e-01
1.899389177560806274e-01
2.331012934446334839e-01
4.942775666713714600e-01
2.815694808959960938e-01
3.796220421791076660e-01
2.079376876354217529e-01
2.172954082489013672e-01
3.529539108276367188e-01
6.035795211791992188e-01
2.181430310010910034e-01
4.758388400077819824e-01
3.237988948822021484e-01
2.630589902400970459e-01
1.965478062629699707e-01
2.386888116598129272e-01
5.153635740280151367e-01
2.259768992662429810e-01
4.795747697353363037e-01
4.197113513946533203e-01
2.056680321693420410e-01
2.398376762866973877e-01
3.052013814449310303e-01
3.343326449394226074e-01
1.573702394962310791e-01
3.178973495960235596e-01
1.808417141437530518e-01
2.883542180061340332e-01
4.404019117355346680e-01
1.600425243377685547e-01
2.079755067825317383e-01
3.128815293312072754e-01
3.893857002258300781e-01
3.200604319572448730e-01
1.578747779130935669e-01
4.066229760646820068e-01
2.258113175630569458e-01
4.356484115123748779e-01
2.837999463081359863e-01
1.711663752794265747e-01
1.616101413965225220e-01
4.750186204910278320e-01
4.950150251388549805e-01
4.598005712032318115e-01
2.264590263366699219e-01
1.952770650386810303e-01
3.268650770187377930e-01
4.168300628662109375e-01
9.284138679504394531e-02
2.206707298755645752e-01
1.958883851766586304e-01
1.856308877468109131e-01
2.973968386650085449e-01
3.238622546195983887e-01
2.819980680942535400e-01
2.849374711513519287e-01
2.747018933296203613e-01
1.196251437067985535e-01
4.435958862304687500e-01
3.371362090110778809e-01
3.295523524284362793e-01
2.986410856246948242e-01
2.697882354259490967e-01
1.992620527744293213e-01
4.084165394306182861e-01
3.595331311225891113e-01
2.542722821235656738e-01
3.697501420974731445e-01
1.644713580608367920e-01
3.348629772663116455e-01
3.199758529663085938e-01
4.134038090705871582e-01
4.048733115196228027e-01
2.343832254409790039e-01
3.047135174274444580e-01
2.405125796794891357e-01
1.979920715093612671e-01
3.252854347229003906e-01
1.926955282688140869e-01
3.949211537837982178e-01
3.784186542034149170e-01
3.443094789981842041e-01
1.958510875701904297e-01
2.007171213626861572e-01
3.494434952735900879e-01
1.877676695585250854e-01
1.831952482461929321e-01
2.588419318199157715e-01
3.506754040718078613e-01
2.488013803958892822e-01
4.225531220436096191e-01
1.974247395992279053e-01
3.995463252067565918e-01
2.401120364665985107e-01
2.555390894412994385e-01
3.408391475677490234e-01
4.030186831951141357e-01
1.612051874399185181e-01
4.280709326267242432e-01
3.154008388519287109e-01
2.604038715362548828e-01
2.293902635574340820e-01
1.623370051383972168e-01
4.269058704376220703e-01
3.237394094467163086e-01
4.721717834472656250e-01
3.133188486099243164e-01
2.991030812263488770e-01
2.857040762901306152e-01
3.062833249568939209e-01
1.754749417304992676e-01
4.831109941005706787e-01
2.673820853233337402e-01
2.379756271839141846e-01
3.181169629096984863e-01
2.455984652042388916e-01
2.041139006614685059e-01
2.452152669429779053e-01
2.193703204393386841e-01
2.521785497665405273e-01
1.641652584075927734e-01
2.262618839740753174e-01
2.741849124431610107e-01
5.582202672958374023e-01
1.240324154496192932e-01
1.583729535341262817e-01
1.209794431924819946e-01
3.705489039421081543e-01
2.614337205886840820e-01
4.165118336677551270e-01
1.558637171983718872e-01
3.290250301361083984e-01
3.851049542427062988e-01
1.917577832937240601e-01
1.942950487136840820e-01
3.588077127933502197e-01
3.679907917976379395e-01
2.281728684902191162e-01
3.337167799472808838e-01
4.231843054294586182e-01
4.300030767917633057e-01
2.024832963943481445e-01
4.716868698596954346e-01
2.178764045238494873e-01
3.762431740760803223e-01
4.438138008117675781e-01
1.097428947687149048e-01
4.495277404785156250e-01
2.374119907617568970e-01
2.507026791572570801e-01
2.848662137985229492e-01
2.820360064506530762e-01
3.073592782020568848e-01
3.275830745697021484e-01
2.313299775123596191e-01
5.061128735542297363e-01
2.570014297962188721e-01
2.558115124702453613e-01
2.600083053112030029e-01
3.623592257499694824e-01
4.375217258930206299e-01
1.115256100893020630e-01
1.087209731340408325e-01
2.136055231094360352e-01
2.852339148521423340e-01
3.707205355167388916e-01
1.766095161437988281e-01
3.410632014274597168e-01
1.845239400863647461e-01
3.156527578830718994e-01
1.144919544458389282e-01
2.302525937557220459e-01
2.898634076118469238e-01
3.853005170822143555e-01
2.591878175735473633e-01
2.236795425415039062e-01
1.844416558742523193e-01
1.074362099170684814e-01
3.475932478904724121e-01
2.810838222503662109e-01
2.207573801279067993e-01
3.319464921951293945e-01
3.127347528934478760e-01
3.224731683731079102e-01
3.225613534450531006e-01
2.261635065078735352e-01
3.525445461273193359e-01
1.765938103199005127e-01
2.469310760498046875e-01
4.475515186786651611e-01
2.073876559734344482e-01
1.129682809114456177e-01
2.505221068859100342e-01
1.973113715648651123e-01
1.331217586994171143e-01
3.442358970642089844e-01
4.661657214164733887e-01
2.941896319389343262e-01
3.077743351459503174e-01
2.690756618976593018e-01
3.601673245429992676e-01
4.036661088466644287e-01
2.744893729686737061e-01
1.501504182815551758e-01
2.565530538558959961e-01
4.483207464218139648e-01
1.764566898345947266e-01
2.162556052207946777e-01
2.433108091354370117e-01
1.497571319341659546e-01
2.916554510593414307e-01
5.107523202896118164e-01
2.413014769554138184e-01
2.715762853622436523e-01
3.150617480278015137e-01
3.133246302604675293e-01
1.486058682203292847e-01
1.914441436529159546e-01
2.688953876495361328e-01
3.838770389556884766e-01
3.478008210659027100e-01
2.877162992954254150e-01
1.541804671287536621e-01
1.685228347778320312e-01
1.630688011646270752e-01
2.543624043464660645e-01
2.211298644542694092e-01
1.888466775417327881e-01
2.510186135768890381e-01
5.294634699821472168e-01
3.646020293235778809e-01
3.594604134559631348e-01
2.636099159717559814e-01
3.419916629791259766e-01
2.480719238519668579e-01
1.651794612407684326e-01
2.919808924198150635e-01
3.074683248996734619e-01
3.973521590232849121e-01
1.986713409423828125e-01
3.849745392799377441e-01
1.354447901248931885e-01
2.967994213104248047e-01
3.523084521293640137e-01
2.644784748554229736e-01
4.441680312156677246e-01
2.839370965957641602e-01
1.319033652544021606e-01
1.688876152038574219e-01
2.634546160697937012e-01
3.193635344505310059e-01
2.838720679283142090e-01
2.882947027683258057e-01
1.863172948360443115e-01
1.844295859336853027e-01
1.847074925899505615e-01
3.373104929924011230e-01
4.197666645050048828e-01
3.639863133430480957e-01
4.364159107208251953e-01
3.234177231788635254e-01
2.513210773468017578e-01
1.128976643085479736e-01
2.069202959537506104e-01
3.800056576728820801e-01
3.348614275455474854e-01
3.258531689643859863e-01
3.658065497875213623e-01
4.166037440299987793e-01
1.531608998775482178e-01
3.873778879642486572e-01
1.842605173587799072e-01
1.634386330842971802e-01
5.152140259742736816e-01
2.189845740795135498e-01
3.319991528987884521e-01
1.691350787878036499e-01
1.764921844005584717e-01
3.658043146133422852e-01
3.181465268135070801e-01
2.051660716533660889e-01
2.024354040622711182e-01
3.483794331550598145e-01
3.064729571342468262e-01
1.930137574672698975e-01
4.762232899665832520e-01
2.106810510158538818e-01
2.093350887298583984e-01
1.753505468368530273e-01
2.260251045227050781e-01
4.805611371994018555e-01
2.478475868701934814e-01
1.475621014833450317e-01
2.346081584692001343e-01
2.298724353313446045e-01
2.529420554637908936e-01
2.871575355529785156e-01
3.555343151092529297e-01
6.863051652908325195e-01
2.549323439598083496e-01
2.440834045410156250e-01
2.899104058742523193e-01
1.342911720275878906e-01
3.491761684417724609e-01
3.614681065082550049e-01
4.921883344650268555e-01
1.887263357639312744e-01
2.543122768402099609e-01
3.896154165267944336e-01
3.428665995597839355e-01
4.648745656013488770e-01
2.915048897266387939e-01
1.766450107097625732e-01
4.279016256332397461e-01
1.906449198722839355e-01
3.065932691097259521e-01
2.354135811328887939e-01
1.921895146369934082e-01
2.297291457653045654e-01
3.565456867218017578e-01
2.482684701681137085e-01
1.615533530712127686e-01
2.396852970123291016e-01
2.535488009452819824e-01
2.165807783603668213e-01
2.065322399139404297e-01
5.516407489776611328e-01
2.973983883857727051e-01
2.687514126300811768e-01
2.130465656518936157e-01
2.350130379199981689e-01
1.827243864536285400e-01
3.910484313964843750e-01
3.373613655567169189e-01
3.192532658576965332e-01
2.261638939380645752e-01
2.336901128292083740e-01
1.681303977966308594e-01
2.651259303092956543e-01
1.457524895668029785e-01
3.220952749252319336e-01
1.594643145799636841e-01
2.285899966955184937e-01
4.384447038173675537e-01
3.648275732994079590e-01
3.277178108692169189e-01
3.145515918731689453e-01
2.213249504566192627e-01
2.256625890731811523e-01
1.739502251148223877e-01
2.696667313575744629e-01
4.699850678443908691e-01
2.484411746263504028e-01
3.948732614517211914e-01
2.477794289588928223e-01
3.401048779487609863e-01
3.357503414154052734e-01
1.521812081336975098e-01
1.475691497325897217e-01
3.366910517215728760e-01
5.951889753341674805e-01
1.669970005750656128e-01
2.866708040237426758e-01
1.271959990262985229e-01
2.241547405719757080e-01
3.660448193550109863e-01
5.108189582824707031e-01
2.046495676040649414e-01
4.228305220603942871e-01
2.909783720970153809e-01
3.450528085231781006e-01
3.864719867706298828e-01
2.511250674724578857e-01
8.120778203010559082e-02
3.598538339138031006e-01
2.566284835338592529e-01
3.338671624660491943e-01
1.443686336278915405e-01
3.102035522460937500e-01
2.044050395488739014e-01
2.133528292179107666e-01
1.599480956792831421e-01
1.965567171573638916e-01
4.152910709381103516e-01
2.664234340190887451e-01
3.110072314739227295e-01
5.387272834777832031e-01
2.928935587406158447e-01
2.029110044240951538e-01
2.222078442573547363e-01
4.745985865592956543e-01
2.720603942871093750e-01
2.044647186994552612e-01
2.583691775798797607e-01
2.896233797073364258e-01
4.524832665920257568e-01
3.887962698936462402e-01
2.115783542394638062e-01
2.535164058208465576e-01
2.078939825296401978e-01
1.687649935483932495e-01
2.281767576932907104e-01
2.401230335235595703e-01
2.495449483394622803e-01
2.583481669425964355e-01
2.988297045230865479e-01
2.120552510023117065e-01
4.145350456237792969e-01
2.102881968021392822e-01
2.810844182968139648e-01
1.750732064247131348e-01
2.574692368507385254e-01
3.551566302776336670e-01
2.170324772596359253e-01
1.746251434087753296e-01
2.264631688594818115e-01
3.967172503471374512e-01
4.829064607620239258e-01
6.702566146850585938e-01
2.211457490921020508e-01
2.543922960758209229e-01
5.897481441497802734e-01
2.389926612377166748e-01
5.171617865562438965e-01
2.197564244270324707e-01
1.659151613712310791e-01
1.531915068626403809e-01
1.634355783462524414e-01
2.176808267831802368e-01
2.435302734375000000e-01
1.583093404769897461e-01
2.711047530174255371e-01
1.609590947628021240e-01
3.301289677619934082e-01
1.198643296957015991e-01
1.488027870655059814e-01
3.580545783042907715e-01
2.206517755985260010e-01
1.794777512550354004e-01
4.877551496028900146e-01
2.828781306743621826e-01
2.645372748374938965e-01
4.310236573219299316e-01
2.790827155113220215e-01
3.800924718379974365e-01
1.649295985698699951e-01
3.030473589897155762e-01
3.056126236915588379e-01
3.060379326343536377e-01
3.586509823799133301e-01
6.034053489565849304e-02
2.926971614360809326e-01
6.677706241607666016e-01
3.532335162162780762e-01
1.577322781085968018e-01
2.891290485858917236e-01
2.711422443389892578e-01
3.442779183387756348e-01
3.172707557678222656e-01
3.361184597015380859e-01
2.901113629341125488e-01
2.607895135879516602e-01
2.850956022739410400e-01
4.608792066574096680e-01
3.980662226676940918e-01
5.631855130195617676e-01
3.485981523990631104e-01
1.384132057428359985e-01
1.928179264068603516e-01
2.958577573299407959e-01
2.301040887832641602e-01
3.370215296745300293e-01
2.612317204475402832e-01
4.066952466964721680e-01
2.288425862789154053e-01
3.693588972091674805e-01
1.718509048223495483e-01
2.743177413940429688e-01
3.698873519897460938e-01
3.016366362571716309e-01
2.820468842983245850e-01
6.284208297729492188e-01
2.151655554771423340e-01
2.343032062053680420e-01
3.153737783432006836e-01
3.689393401145935059e-01
2.402791082859039307e-01
1.859159767627716064e-01
3.093868494033813477e-01
4.306939244270324707e-01
2.082416564226150513e-01
2.754531800746917725e-01
3.138481080532073975e-01
2.700560688972473145e-01
3.399935066699981689e-01
2.430010139942169189e-01
1.733640730381011963e-01
3.064349591732025146e-01
3.612132966518402100e-01
1.696004569530487061e-01
2.628092169761657715e-01
3.655356764793395996e-01
1.587190032005310059e-01
6.137355566024780273e-01
3.870665729045867920e-01
2.340355217456817627e-01
3.115896582603454590e-01
2.558124065399169922e-01
3.359783291816711426e-01
2.082141041755676270e-01
1.370617747306823730e-01
2.263247668743133545e-01
2.786498069763183594e-01
2.911703884601593018e-01
2.135859578847885132e-01
2.711790502071380615e-01
3.486027717590332031e-01
3.941005766391754150e-01
2.216159403324127197e-01
2.343411147594451904e-01
1.607604622840881348e-01
3.017263114452362061e-01
2.633203268051147461e-01
3.923258185386657715e-01
2.007325887680053711e-01
1.959468871355056763e-01
1.800239533185958862e-01
3.356043100357055664e-01
3.252843022346496582e-01
4.527277648448944092e-01
3.192222714424133301e-01
1.572474092245101929e-01
2.024637460708618164e-01
2.555093169212341309e-01
2.633595466613769531e-01
1.798784732818603516e-01
3.387134969234466553e-01
2.193392068147659302e-01
2.104012668132781982e-01
2.695005536079406738e-01
5.547016859054565430e-01
1.865129619836807251e-01
2.207279354333877563e-01
2.199758291244506836e-01
3.359843194484710693e-01
1.586946845054626465e-01
2.354832291603088379e-01
2.458623051643371582e-01
3.663120865821838379e-01
1.391351521015167236e-01
2.537017762660980225e-01
1.538478434085845947e-01
3.185206949710845947e-01
2.300408780574798584e-01
1.627804636955261230e-01
2.985849380493164062e-01
3.122955560684204102e-01
1.584632396697998047e-01
2.725773453712463379e-01
1.650895476341247559e-01
1.973686069250106812e-01
1.409570872783660889e-01
4.289769530296325684e-01
1.648436933755874634e-01
1.146862357854843140e-01
3.157036900520324707e-01
6.179224252700805664e-01
2.606199979782104492e-01
3.299716413021087646e-01
1.794858872890472412e-01
2.859582304954528809e-01
3.454498946666717529e-01
3.508484661579132080e-01
2.729758918285369873e-01
3.272888362407684326e-01
1.651131510734558105e-01
3.210259675979614258e-01
3.576766252517700195e-01
2.831240296363830566e-01
4.098592996597290039e-01
1.092505231499671936e-01
2.616451084613800049e-01
4.472030103206634521e-01
3.694959282875061035e-01
3.971848487854003906e-01
2.501062154769897461e-01
2.466349601745605469e-01
3.871847391128540039e-01
2.158373296260833740e-01
3.636186718940734863e-01
1.793830245733261108e-01
2.213023155927658081e-01
3.071682453155517578e-01
3.136087954044342041e-01
2.403560429811477661e-01
1.944694817066192627e-01
2.165682166814804077e-01
2.696447074413299561e-01
2.314702570438385010e-01
3.220245242118835449e-01
2.991034686565399170e-01
3.989329338073730469e-01
1.123208105564117432e-01
5.366459488868713379e-01
1.795122325420379639e-01
2.176631093025207520e-01
2.045536190271377563e-01
2.828208506107330322e-01
3.634188175201416016e-01
2.713667750358581543e-01
1.715072989463806152e-01
2.878970205783843994e-01
1.949893981218338013e-01
2.396318316459655762e-01
5.097451210021972656e-01
4.383830428123474121e-01
3.297602236270904541e-01
2.304938286542892456e-01
4.025381803512573242e-01
2.021356076002120972e-01
2.893057167530059814e-01
2.549141347408294678e-01
2.594298422336578369e-01
2.472543418407440186e-01
2.512173652648925781e-01
2.682278752326965332e-01
3.808581829071044922e-01
3.209921419620513916e-01
2.922337055206298828e-01
2.310172617435455322e-01
2.122734487056732178e-01
3.122007250785827637e-01
3.840624392032623291e-01
3.456218540668487549e-01
2.605126202106475830e-01
3.193886876106262207e-01
4.072392582893371582e-01
3.564139604568481445e-01
1.971928477287292480e-01
1.470627337694168091e-01
2.682254314422607422e-01
2.541955113410949707e-01
2.628985643386840820e-01
5.147182345390319824e-01
2.681916058063507080e-01
3.316456675529479980e-01
1.994376182556152344e-01
1.984452605247497559e-01
1.190453767776489258e-01
1.740457415580749512e-01
4.001533389091491699e-01
2.897268235683441162e-01
2.099201083183288574e-01
3.643707036972045898e-01
3.636389970779418945e-01
2.868367731571197510e-01
4.287759363651275635e-01
1.830060631036758423e-01
1.868908256292343140e-01
3.003429174423217773e-01
3.681920766830444336e-01
4.356956183910369873e-01
3.518956303596496582e-01
2.572264969348907471e-01
3.674492835998535156e-01
4.948730468750000000e-01
4.604570567607879639e-01
1.811299324035644531e-01
3.429665565490722656e-01
3.473186492919921875e-01
9.383144229650497437e-02
1.515571624040603638e-01
2.693093121051788330e-01
2.538045346736907959e-01
4.748176634311676025e-01
2.683491408824920654e-01
2.186705619096755981e-01
1.788172423839569092e-01
3.761779069900512695e-01
3.485784530639648438e-01
2.854231894016265869e-01
1.835857629776000977e-01
2.021207213401794434e-01
3.131411075592041016e-01
8.629931509494781494e-02
1.524365693330764771e-01
1.419882029294967651e-01
3.262709975242614746e-01
1.333407610654830933e-01
2.192612886428833008e-01
1.990567147731781006e-01
1.762694120407104492e-01
1.312728524208068848e-01
3.590728640556335449e-01
3.363657593727111816e-01
3.006906211376190186e-01
4.613545835018157959e-01
3.851899206638336182e-01
2.574895024299621582e-01
3.021861016750335693e-01
3.359375000000000000e-01
3.450734615325927734e-01
4.573479294776916504e-01
4.085086584091186523e-01
3.191441893577575684e-01
1.746357679367065430e-01
1.988919973373413086e-01
2.356513291597366333e-01
3.163654208183288574e-01
2.040537148714065552e-01
4.686406254768371582e-01
2.710835337638854980e-01
2.620853185653686523e-01
2.158181071281433105e-01
2.203292846679687500e-01
2.736193537712097168e-01
3.749009370803833008e-01
4.386967122554779053e-01
9.648841619491577148e-02
1.312185078859329224e-01
2.909843921661376953e-01
1.975787431001663208e-01
1.778900474309921265e-01
2.500884830951690674e-01
1.991616487503051758e-01
3.302243947982788086e-01
3.592105805873870850e-01
3.182752728462219238e-01
4.087098836898803711e-01
3.601473569869995117e-01
2.487104833126068115e-01
4.995653033256530762e-01
2.111816555261611938e-01
2.601462006568908691e-01
3.591595292091369629e-01
3.546393513679504395e-01
4.497392475605010986e-01
2.499916106462478638e-01
5.103238821029663086e-01
2.990937232971191406e-01
1.612495332956314087e-01
2.389741986989974976e-01
4.019519090652465820e-01
1.748155057430267334e-01
3.347637653350830078e-01
2.931176722049713135e-01
2.313842624425888062e-01
2.754701972007751465e-01
2.371834218502044678e-01
3.696155548095703125e-01
4.740899801254272461e-01
2.353550940752029419e-01
3.125289082527160645e-01
9.564112126827239990e-02
2.039989829063415527e-01
2.866684794425964355e-01
1.896200925111770630e-01
2.072546184062957764e-01
5.332361459732055664e-01
3.129342794418334961e-01
3.240213990211486816e-01
1.508362144231796265e-01
3.745636045932769775e-01
2.153108566999435425e-01
1.192376986145973206e-01
2.801215052604675293e-01
2.220358252525329590e-01
3.926789760589599609e-01
2.287762463092803955e-01
4.082756638526916504e-01
1.618894338607788086e-01
3.081060349941253662e-01
3.454441428184509277e-01
6.474407911300659180e-01
2.618334293365478516e-01
2.846628725528717041e-01
2.562741041183471680e-01
1.980938017368316650e-01
2.743480801582336426e-01
2.441878318786621094e-01
3.670313954353332520e-01
2.453842759132385254e-01
2.643361389636993408e-01
2.208331078290939331e-01
2.899849712848663330e-01
2.772055864334106445e-01
3.702853322029113770e-01
2.435431331396102905e-01
2.349507808685302734e-01
2.727912664413452148e-01
1.955353468656539917e-01
2.532719373703002930e-01
1.675110459327697754e-01
4.180526435375213623e-01
2.323662340641021729e-01
1.780549138784408569e-01
2.779099643230438232e-01
3.326153159141540527e-01
1.497987806797027588e-01
2.108693271875381470e-01
1.757449954748153687e-01
3.466625213623046875e-01
1.973821073770523071e-01
3.429913222789764404e-01
3.691757321357727051e-01
3.881463110446929932e-01
2.661322355270385742e-01
1.430348157882690430e-01
2.250192314386367798e-01
3.035525977611541748e-01
3.436841666698455811e-01
3.590962290763854980e-01
2.935707569122314453e-01
3.645221292972564697e-01
4.451320171356201172e-01
3.845589756965637207e-01
3.538350462913513184e-01
4.042481184005737305e-01
2.643286287784576416e-01
2.567282915115356445e-01
2.674560248851776123e-01
4.190282821655273438e-01
2.135896682739257812e-01
3.231236040592193604e-01
3.083849847316741943e-01
4.173626601696014404e-01
2.957238554954528809e-01
4.008625447750091553e-01
1.765143871307373047e-01
2.838208079338073730e-01
3.804011642932891846e-01
4.384298622608184814e-01
2.229804247617721558e-01
2.206572592258453369e-01
2.615209817886352539e-01
2.811556160449981689e-01
1.895679384469985962e-01
2.176303416490554810e-01
2.368418276309967041e-01
3.569216132164001465e-01
1.340986192226409912e-01
3.369061946868896484e-01
3.831468522548675537e-01
1.500519514083862305e-01
1.683144569396972656e-01
2.822121083736419678e-01
2.270134389400482178e-01
1.721667945384979248e-01
1.270552128553390503e-01
4.991109371185302734e-01
3.752647638320922852e-01
2.117247283458709717e-01
2.882568836212158203e-01
3.729653954505920410e-01
3.083929419517517090e-01
3.164562880992889404e-01
1.632860153913497925e-01
1.259141266345977783e-01
5.140305757522583008e-01
2.353463768959045410e-01
2.453609108924865723e-01
2.848348617553710938e-01
2.863853573799133301e-01
2.064897418022155762e-01
4.168258011341094971e-01
1.376944631338119507e-01
3.452291488647460938e-01
3.477370142936706543e-01
2.018375098705291748e-01
3.113570809364318848e-01
4.016360342502593994e-01
3.107183873653411865e-01
2.463269531726837158e-01
3.373234868049621582e-01
3.802052736282348633e-01
2.030943781137466431e-01
1.801584959030151367e-01
3.235363066196441650e-01
1.269058287143707275e-01
2.122899293899536133e-01
4.162338376045227051e-01
2.302068769931793213e-01
3.350984752178192139e-01
4.928773343563079834e-01
2.281160652637481689e-01
1.956527680158615112e-01
2.038850188255310059e-01
1.815785169601440430e-01
2.454291433095932007e-01
3.758270740509033203e-01
5.062102675437927246e-01
8.048990368843078613e-02
3.953604102134704590e-01
2.461293041706085205e-01
2.064656615257263184e-01
2.672851681709289551e-01
2.274222970008850098e-01
3.186767399311065674e-01
4.540640115737915039e-01
2.586073577404022217e-01
1.831621825695037842e-01
4.535952806472778320e-01
2.879462838172912598e-01
3.061636984348297119e-01
1.879035830497741699e-01
3.092151880264282227e-01
2.697614729404449463e-01
5.155957341194152832e-01
2.156491726636886597e-01
1.873705536127090454e-01
3.524949252605438232e-01
9.068577736616134644e-02
2.418573796749114990e-01
2.531024217605590820e-01
2.363045513629913330e-01
2.334471344947814941e-01
2.915841639041900635e-01
3.743815124034881592e-01
2.138911634683609009e-01
2.498043179512023926e-01
1.097100228071212769e-01
6.591453552246093750e-01
1.206010580062866211e-01
2.454454898834228516e-01
2.135418653488159180e-01
3.035905659198760986e-01
1.888747364282608032e-01
2.699738144874572754e-01
2.272593975067138672e-01
9.581787884235382080e-02
3.995051980018615723e-01
1.212470158934593201e-01
3.708353042602539062e-01
5.613431334495544434e-01
3.228475153446197510e-01
2.136157602071762085e-01
3.332302868366241455e-01
1.886097341775894165e-01
3.846530914306640625e-01
1.704379320144653320e-01
2.683261632919311523e-01
1.917829066514968872e-01
3.528660535812377930e-01
2.538422346115112305e-01
2.064906060695648193e-01
2.906819581985473633e-01
3.169804513454437256e-01
2.217084765434265137e-01
4.911210238933563232e-01
2.187369912862777710e-01
2.787284851074218750e-01
3.223746120929718018e-01
3.161006569862365723e-01
3.969128131866455078e-01
1.955641806125640869e-01
3.146034777164459229e-01
3.891279101371765137e-01
5.218988060951232910e-01
1.872907280921936035e-01
3.523274064064025879e-01
4.940495491027832031e-01
2.122778147459030151e-01
2.549286186695098877e-01
7.144206762313842773e-01
1.956515014171600342e-01
4.612711668014526367e-01
4.146495461463928223e-01
1.900108605623245239e-01
3.554966151714324951e-01
