1.570015847682952881e-01
1.668928116559982300e-01
1.069327071309089661e-01
3.564374148845672607e-01
1.911997497081756592e-01
2.902505993843078613e-01
4.008793830871582031e-01
2.848103642463684082e-01
3.148140609264373779e-01
2.657105326652526855e-01
2.841690182685852051e-01
3.875778317451477051e-01
3.903631567955017090e-01
4.940119683742523193e-01
5.248166322708129883e-01
4.246114492416381836e-01
2.766288518905639648e-01
4.407902061939239502e-01
2.417404353618621826e-01
4.598557949066162109e-01
1.719204634428024292e-01
3.430922627449035645e-01
2.283745706081390381e-01
3.930711448192596436e-01
2.457798123359680176e-01
1.167644858360290527e-01
2.976381778717041016e-01
2.765237092971801758e-01
2.257602810859680176e-01
1.222096085548400879e-01
1.628804206848144531e-01
2.449600398540496826e-01
2.021249681711196899e-01
3.440227508544921875e-01
2.972836494445800781e-01
2.142094522714614868e-01
3.026160001754760742e-01
3.833283185958862305e-01
1.547645330429077148e-01
3.863669037818908691e-01
4.078941345214843750e-01
3.499993681907653809e-01
1.651932895183563232e-01
2.766695618629455566e-01
3.076848983764648438e-01
2.168309539556503296e-01
1.279171258211135864e-01
2.944889068603515625e-01
1.508277952671051025e-01
1.716687083244323730e-01
3.005749881267547607e-01
3.732938766479492188e-01
2.909041941165924072e-01
8.428692817687988281e-02
2.421691864728927612e-01
1.318365633487701416e-01
1.440240144729614258e-01
2.972568869590759277e-01
2.664910852909088135e-01
2.873204946517944336e-01
4.506090283393859863e-01
1.743807941675186157e-01
1.825845539569854736e-01
2.973707318305969238e-01
4.462288320064544678e-01
3.489056825637817383e-01
3.437238633632659912e-01
1.955260932445526123e-01
2.717516720294952393e-01
2.066819071769714355e-01
3.110772669315338135e-01
3.004445433616638184e-01
2.705089151859283447e-01
4.260817766189575195e-01
7.164145708084106445e-01
7.799709588289260864e-02
2.321420907974243164e-01
3.076639175415039062e-01
7.219633460044860840e-02
1.645378470420837402e-01
4.502490162849426270e-01
1.976127922534942627e-01
2.603859305381774902e-01
4.945647120475769043e-01
8.257921040058135986e-02
2.511327862739562988e-01
6.323231458663940430e-01
2.436760067939758301e-01
3.680637478828430176e-01
3.305239379405975342e-01
4.646728634834289551e-01
3.857433199882507324e-01
3.789778947830200195e-01
2.472286969423294067e-01
3.102936148643493652e-01
3.825980126857757568e-01
2.839398980140686035e-01
3.959255218505859375e-01
2.565551400184631348e-01
2.068245410919189453e-01
8.083243668079376221e-02
1.524364054203033447e-01
3.017153739929199219e-01
1.733203828334808350e-01
1.554138362407684326e-01
2.128706127405166626e-01
3.696663677692413330e-01
1.014497652649879456e-01
4.391924440860748291e-01
3.673234581947326660e-01
2.439180314540863037e-01
2.285593897104263306e-01
3.105225861072540283e-01
2.855838835239410400e-01
2.168223261833190918e-01
2.985424399375915527e-01
1.556409001350402832e-01
3.034610450267791748e-01
2.484368383884429932e-01
1.141121461987495422e-01
1.756283938884735107e-01
1.986098438501358032e-01
4.011954963207244873e-01
2.204390317201614380e-01
2.219527810811996460e-01
1.972578465938568115e-01
8.426995575428009033e-02
4.345491230487823486e-01
1.528789848089218140e-01
2.458425611257553101e-01
3.885579109191894531e-01
1.413392573595046997e-01
2.715619504451751709e-01
3.101093173027038574e-01
4.268977046012878418e-01
2.297916263341903687e-01
2.882347702980041504e-01
2.347862720489501953e-01
2.420669794082641602e-01
2.803026437759399414e-01
3.465128540992736816e-01
1.603393852710723877e-01
1.494560241699218750e-01
2.332620769739151001e-01
1.981757432222366333e-01
1.072239652276039124e-01
1.566815674304962158e-01
2.267022281885147095e-01
2.257294356822967529e-01
3.533803224563598633e-01
3.595340847969055176e-01
4.623960852622985840e-01
1.793159097433090210e-01
6.110909581184387207e-02
1.859755963087081909e-01
9.644489735364913940e-02
5.507625639438629150e-02
1.064678281545639038e-01
2.600744664669036865e-01
3.580699563026428223e-01
1.527442485094070435e-01
2.203259468078613281e-01
2.822552621364593506e-01
2.882719039916992188e-01
3.756900727748870850e-01
2.788522839546203613e-01
1.304263323545455933e-01
1.355636119842529297e-01
2.212447971105575562e-01
1.711390614509582520e-01
1.507532149553298950e-01
1.842600107192993164e-01
2.361671328544616699e-01
5.367991924285888672e-01
2.824116945266723633e-01
2.448924183845520020e-01
3.525491356849670410e-01
2.329929471015930176e-01
2.231171727180480957e-01
2.462997436523437500e-01
1.720562726259231567e-01
5.125739574432373047e-01
1.389853656291961670e-01
3.979341983795166016e-01
2.076502740383148193e-01
3.144264817237854004e-01
2.832695245742797852e-01
2.966416478157043457e-01
2.499349713325500488e-01
1.324632763862609863e-01
1.722913682460784912e-01
1.162344813346862793e-01
1.774469316005706787e-01
1.767433881759643555e-01
2.587836384773254395e-01
1.966579556465148926e-01
4.562208056449890137e-01
3.215578198432922363e-01
1.486412435770034790e-01
2.219325602054595947e-01
3.191670179367065430e-01
2.673163115978240967e-01
1.060504615306854248e-01
3.087572455406188965e-01
2.687477469444274902e-01
2.132015079259872437e-01
1.606405973434448242e-01
7.339586019515991211e-01
2.505165934562683105e-01
3.167462646961212158e-01
6.934944391250610352e-01
2.410347461700439453e-01
2.995942234992980957e-01
3.274601399898529053e-01
1.848843395709991455e-01
2.018872499465942383e-01
2.344472706317901611e-01
3.285370469093322754e-01
3.465886712074279785e-01
1.761830598115921021e-01
6.413331627845764160e-01
1.705866307020187378e-01
2.990007400512695312e-01
2.517656385898590088e-01
2.381681501865386963e-01
2.166558355093002319e-01
3.320775330066680908e-01
1.148716360330581665e-01
1.952151656150817871e-01
1.455450356006622314e-01
1.834615468978881836e-01
2.270254194736480713e-01
3.417566120624542236e-01
1.926319450139999390e-01
1.960027664899826050e-01
1.762992441654205322e-01
9.494985640048980713e-02
1.898975968360900879e-01
6.380125880241394043e-01
2.832539379596710205e-01
2.702303826808929443e-01
2.216500788927078247e-01
1.660163849592208862e-01
2.892285585403442383e-01
1.481900364160537720e-01
1.958066374063491821e-01
3.126167654991149902e-01
2.964926362037658691e-01
9.905922412872314453e-02
2.754774093627929688e-01
3.579660058021545410e-01
2.358580529689788818e-01
3.165047764778137207e-01
1.318543255329132080e-01
2.545876801013946533e-01
1.720567047595977783e-01
1.930120587348937988e-01
1.787229478359222412e-01
2.834837734699249268e-01
1.441253721714019775e-01
2.054492533206939697e-01
4.274413287639617920e-01
2.150148600339889526e-01
2.830667495727539062e-01
1.310946345329284668e-01
1.552171707153320312e-01
8.103248476982116699e-02
2.865717411041259766e-01
1.595347374677658081e-01
2.385581135749816895e-01
4.442654550075531006e-01
3.129687309265136719e-01
2.251392006874084473e-01
3.285033106803894043e-01
2.270323634147644043e-01
2.245396971702575684e-01
2.013808488845825195e-01
3.407479524612426758e-01
1.179369166493415833e-01
3.081707656383514404e-01
2.792142629623413086e-01
4.846141934394836426e-01
3.678525090217590332e-01
1.478698551654815674e-01
3.110034465789794922e-01
7.986101508140563965e-02
2.471820712089538574e-01
2.261264324188232422e-01
9.230515360832214355e-02
2.917024493217468262e-01
1.314882934093475342e-01
2.282194197177886963e-01
3.546862006187438965e-01
1.962491720914840698e-01
3.333734869956970215e-01
2.015194147825241089e-01
1.904834359884262085e-01
1.409572064876556396e-01
1.558162868022918701e-01
3.896189928054809570e-01
3.041276931762695312e-01
2.085697352886199951e-01
4.002929627895355225e-01
4.770520925521850586e-01
3.281437158584594727e-01
2.953459024429321289e-01
3.204492330551147461e-01
3.262538313865661621e-01
2.501969337463378906e-01
2.256503105163574219e-01
2.565222382545471191e-01
9.852574020624160767e-02
1.490184068679809570e-01
2.979983687400817871e-01
1.447454243898391724e-01
1.795808374881744385e-01
3.420550823211669922e-01
2.532114684581756592e-01
2.389342635869979858e-01
9.342979639768600464e-02
4.220568239688873291e-01
4.636995494365692139e-01
1.397952139377593994e-01
3.004821240901947021e-01
1.582041978836059570e-01
1.357007324695587158e-01
2.746889293193817139e-01
1.712003648281097412e-01
2.375460267066955566e-01
2.992797493934631348e-01
2.613430023193359375e-01
3.379134535789489746e-01
1.470607221126556396e-01
1.434306949377059937e-01
4.085986018180847168e-01
1.962841451168060303e-01
3.269478082656860352e-01
1.938329339027404785e-01
1.484353244304656982e-01
1.432448923587799072e-01
1.321168094873428345e-01
1.318408399820327759e-01
2.234015613794326782e-01
2.680431008338928223e-01
6.534545421600341797e-01
2.059295177459716797e-01
3.052805364131927490e-01
2.156558334827423096e-01
2.155430316925048828e-01
1.137716993689537048e-01
2.329639196395874023e-01
3.888116180896759033e-01
3.271141648292541504e-01
4.535295963287353516e-01
1.943783164024353027e-01
2.085880786180496216e-01
2.369859218597412109e-01
3.003810048103332520e-01
1.752671003341674805e-01
2.623409628868103027e-01
9.249810874462127686e-02
4.175888299942016602e-01
2.031326293945312500e-01
3.422654867172241211e-01
2.636320590972900391e-01
2.980440855026245117e-01
1.924182474613189697e-01
2.728879451751708984e-01
2.923112809658050537e-01
4.794145226478576660e-01
2.967244088649749756e-01
3.752431273460388184e-01
4.381582438945770264e-01
5.535262227058410645e-01
2.663823962211608887e-01
2.072474807500839233e-01
1.688113957643508911e-01
3.576594591140747070e-01
1.812252104282379150e-01
4.384909570217132568e-01
2.579131424427032471e-01
1.974998265504837036e-01
3.178777694702148438e-01
1.544037610292434692e-01
2.675105929374694824e-01
2.549683749675750732e-01
2.006716430187225342e-01
4.725391864776611328e-01
2.920292317867279053e-01
2.782027721405029297e-01
1.547139883041381836e-01
1.309452801942825317e-01
2.434855103492736816e-01
4.220790863037109375e-01
2.121913135051727295e-01
2.514207363128662109e-01
2.167227864265441895e-01
2.074705958366394043e-01
3.042191565036773682e-01
1.692907959222793579e-01
1.858738809823989868e-01
2.054830789566040039e-01
2.845189869403839111e-01
1.020320653915405273e-01
4.655922651290893555e-01
1.307698488235473633e-01
3.075033128261566162e-01
1.728350371122360229e-01
3.638948202133178711e-01
3.023691773414611816e-01
7.441713809967041016e-01
4.401237368583679199e-01
5.118244290351867676e-01
3.042207956314086914e-01
1.092785745859146118e-01
3.311279416084289551e-01
2.936931252479553223e-01
3.305997550487518311e-01
3.409309685230255127e-01
3.144842982292175293e-01
1.442449986934661865e-01
2.574639916419982910e-01
1.787079721689224243e-01
2.066539078950881958e-01
1.850510090589523315e-01
2.768794298171997070e-01
1.796411275863647461e-01
1.474310755729675293e-01
2.402212321758270264e-01
1.363438963890075684e-01
9.599268436431884766e-02
2.794538736343383789e-01
1.621878296136856079e-01
3.958112597465515137e-01
3.001643419265747070e-01
3.442455232143402100e-01
4.007261097431182861e-01
1.565912663936614990e-01
1.632506102323532104e-01
4.397422075271606445e-01
4.343691468238830566e-01
1.102573573589324951e-01
3.773014545440673828e-01
2.410032153129577637e-01
3.320303559303283691e-01
2.196784615516662598e-01
4.476696848869323730e-01
1.860808283090591431e-01
2.515531480312347412e-01
1.202811077237129211e-01
1.254530847072601318e-01
1.578658819198608398e-01
1.937930285930633545e-01
2.852121591567993164e-01
6.750100106000900269e-02
1.545003652572631836e-01
1.542009711265563965e-01
2.347073107957839966e-01
1.161032170057296753e-01
1.722752153873443604e-01
1.725938320159912109e-01
3.108482360839843750e-01
1.687743365764617920e-01
2.757326066493988037e-01
1.221380457282066345e-01
2.467674016952514648e-01
2.083926051855087280e-01
1.654156148433685303e-01
2.407036870718002319e-01
1.143856197595596313e-01
2.043683230876922607e-01
2.267209291458129883e-01
1.640495657920837402e-01
2.859869599342346191e-01
9.202718734741210938e-02
2.782547175884246826e-01
3.686762452125549316e-01
1.376131176948547363e-01
1.782094389200210571e-01
2.000851929187774658e-01
2.394016981124877930e-01
2.059469223022460938e-01
1.404131501913070679e-01
3.033591210842132568e-01
2.553637623786926270e-01
6.654115915298461914e-01
2.434312254190444946e-01
1.435448229312896729e-01
1.018097922205924988e-01
2.790521383285522461e-01
2.522160410881042480e-01
3.418021798133850098e-01
1.941110789775848389e-01
2.188434749841690063e-01
1.657601445913314819e-01
1.850322633981704712e-01
1.062213629484176636e-01
2.984609901905059814e-01
2.616099119186401367e-01
4.502508044242858887e-01
8.109328895807266235e-02
4.336251914501190186e-01
1.224817112088203430e-01
1.160610392689704895e-01
2.699086070060729980e-01
2.993324398994445801e-01
1.692687571048736572e-01
2.136733233928680420e-01
1.673784554004669189e-01
2.331772148609161377e-01
2.654444575309753418e-01
1.623179316520690918e-01
3.859601020812988281e-01
3.816294670104980469e-01
1.720543503761291504e-01
2.042825818061828613e-01
6.998323649168014526e-02
5.093556642532348633e-01
2.127858698368072510e-01
2.804653346538543701e-01
2.477281242609024048e-01
3.246673941612243652e-01
1.629016995429992676e-01
5.846528410911560059e-01
1.832860708236694336e-01
4.795303940773010254e-01
2.115753591060638428e-01
2.417297661304473877e-01
3.181210458278656006e-01
3.178791403770446777e-01
3.443155586719512939e-01
1.349842399358749390e-01
2.608582973480224609e-01
2.182559072971343994e-01
4.365829825401306152e-01
4.100663661956787109e-01
1.897712647914886475e-01
2.389720082283020020e-01
1.615116596221923828e-01
1.663413643836975098e-01
3.110092580318450928e-01
1.982973515987396240e-01
3.277804255485534668e-01
3.801804184913635254e-01
2.160846889019012451e-01
1.797301471233367920e-01
1.835877895355224609e-01
3.319775164127349854e-01
2.427923083305358887e-01
1.944559812545776367e-01
2.798016667366027832e-01
1.993786841630935669e-01
1.272364556789398193e-01
1.624761223793029785e-01
2.024221867322921753e-01
1.075809597969055176e-01
4.388238787651062012e-01
1.378799974918365479e-01
2.712518870830535889e-01
2.680984735488891602e-01
2.399215102195739746e-01
2.730675041675567627e-01
2.602473497390747070e-01
1.141789853572845459e-01
2.172083705663681030e-01
8.071710169315338135e-02
3.457927703857421875e-01
1.565954089164733887e-01
3.324730098247528076e-01
1.964843571186065674e-01
1.513132899999618530e-01
1.708000004291534424e-01
3.010949492454528809e-01
3.778556287288665771e-01
2.532635331153869629e-01
1.303094029426574707e-01
6.118385493755340576e-02
5.023055076599121094e-01
2.021892517805099487e-01
2.861787676811218262e-01
3.710790872573852539e-01
2.541287839412689209e-01
2.044044584035873413e-01
2.812210619449615479e-01
3.612715303897857666e-01
1.038848236203193665e-01
3.782940804958343506e-01
3.064064383506774902e-01
4.563194513320922852e-01
3.553278148174285889e-01
2.802329063415527344e-01
2.389798760414123535e-01
3.100299239158630371e-01
3.338437378406524658e-01
2.512576580047607422e-01
1.831764280796051025e-01
1.425153911113739014e-01
1.391101181507110596e-01
2.405747622251510620e-01
4.192263185977935791e-01
1.765131056308746338e-01
1.931400597095489502e-01
2.118190526962280273e-01
3.841109871864318848e-01
1.157025918364524841e-01
3.001576960086822510e-01
3.065162897109985352e-01
2.643272280693054199e-01
4.567116200923919678e-01
2.921001017093658447e-01
2.814912199974060059e-01
3.697917461395263672e-01
2.316371500492095947e-01
2.590717673301696777e-01
4.844614863395690918e-01
3.125927746295928955e-01
3.680174052715301514e-01
1.770751923322677612e-01
2.549490630626678467e-01
1.956214755773544312e-01
2.329229116439819336e-01
2.809764444828033447e-01
1.904633939266204834e-01
2.929464876651763916e-01
1.666275262832641602e-01
1.013317927718162537e-01
3.655336499214172363e-01
1.809097826480865479e-01
2.800548970699310303e-01
1.181075870990753174e-01
2.586832344532012939e-01
7.164979726076126099e-02
1.951513886451721191e-01
2.010715305805206299e-01
4.380476772785186768e-01
1.235710009932518005e-01
7.272608578205108643e-02
1.500984728336334229e-01
1.949899494647979736e-01
2.165669947862625122e-01
3.782992959022521973e-01
1.633338630199432373e-01
2.050955295562744141e-01
6.758338958024978638e-02
2.999067008495330811e-01
1.414057761430740356e-01
1.105262339115142822e-01
5.856964588165283203e-01
2.318486273288726807e-01
2.140883356332778931e-01
2.657888531684875488e-01
3.151973485946655273e-01
2.618975043296813965e-01
1.272841542959213257e-01
1.569569557905197144e-01
4.318243265151977539e-01
2.228114455938339233e-01
1.311063319444656372e-01
1.896327286958694458e-01
2.799878083169460297e-02
9.900893270969390869e-02
5.080569386482238770e-01
8.755491673946380615e-02
6.738461256027221680e-01
1.325841397047042847e-01
2.065990418195724487e-01
3.438240289688110352e-01
3.572660088539123535e-01
1.798458993434906006e-01
2.583974599838256836e-01
4.332148432731628418e-01
1.707590967416763306e-01
4.477919340133666992e-01
6.059657931327819824e-01
2.448801398277282715e-01
5.478217601776123047e-01
2.098354399204254150e-01
2.858688235282897949e-01
2.199118137359619141e-01
3.041517436504364014e-01
2.646906673908233643e-01
4.245555400848388672e-01
1.596171706914901733e-01
3.326474428176879883e-01
2.568565607070922852e-01
1.844078302383422852e-01
4.113773703575134277e-01
3.607961535453796387e-01
2.024231255054473877e-01
3.263524174690246582e-01
1.961980760097503662e-01
2.592884898185729980e-01
4.671145081520080566e-01
4.998097568750381470e-02
7.047751545906066895e-01
2.425659298896789551e-01
1.867725551128387451e-01
1.234462112188339233e-01
2.689957022666931152e-01
4.351758956909179688e-01
3.237079679965972900e-01
3.064167201519012451e-01
3.938407897949218750e-01
2.605800032615661621e-01
2.268463522195816040e-01
1.931796371936798096e-01
4.531710147857666016e-01
2.128945738077163696e-01
3.476908206939697266e-01
1.481180489063262939e-01
9.679897129535675049e-02
1.264862567186355591e-01
1.953072547912597656e-01
2.635261118412017822e-01
3.360402584075927734e-01
2.370695173740386963e-01
3.740709722042083740e-01
2.581071853637695312e-01
4.360971450805664062e-01
2.383517771959304810e-01
2.241493463516235352e-01
1.610300093889236450e-01
1.346437782049179077e-01
6.438168287277221680e-01
2.057503163814544678e-01
2.982646226882934570e-01
1.712732613086700439e-01
2.525991201400756836e-01
1.576984673738479614e-01
2.668699324131011963e-01
3.321712315082550049e-01
2.237260639667510986e-01
2.061160057783126831e-01
2.880112826824188232e-01
8.840613067150115967e-02
2.433812171220779419e-01
2.705731987953186035e-01
3.394640684127807617e-01
2.674162387847900391e-01
2.662492096424102783e-01
1.619981229305267334e-01
2.043827772140502930e-01
6.317116320133209229e-02
1.668838858604431152e-01
6.722805500030517578e-01
3.971295654773712158e-01
2.565001547336578369e-01
4.039118885993957520e-01
2.301505208015441895e-01
2.898079752922058105e-01
2.448470592498779297e-01
3.453404903411865234e-01
2.284745275974273682e-01
1.505967080593109131e-01
2.651536166667938232e-01
3.901311755180358887e-01
3.390756845474243164e-01
2.509923577308654785e-01
4.727201461791992188e-01
1.425656825304031372e-01
3.954378366470336914e-01
2.014720737934112549e-01
2.887914180755615234e-01
4.336778819561004639e-01
2.332324981689453125e-01
3.532586693763732910e-01
3.693099021911621094e-01
5.730479955673217773e-01
3.150056600570678711e-01
3.655419945716857910e-01
3.653321862220764160e-01
2.908699810504913330e-01
2.403213381767272949e-01
1.816961765289306641e-01
4.503789544105529785e-01
2.269220650196075439e-01
2.757286131381988525e-01
4.015548229217529297e-01
4.182052016258239746e-01
2.138699144124984741e-01
3.962117433547973633e-01
2.050694376230239868e-01
3.830926120281219482e-01
2.398442029953002930e-01
2.519043684005737305e-01
2.253458499908447266e-01
3.979105353355407715e-01
2.779132723808288574e-01
2.742375135421752930e-01
3.884178400039672852e-01
5.256131291389465332e-01
2.292985767126083374e-01
1.901773065328598022e-01
3.620201349258422852e-01
4.252484440803527832e-01
4.366295337677001953e-01
2.727802693843841553e-01
1.382579505443572998e-01
2.540209293365478516e-01
1.994681060314178467e-01
2.162214964628219604e-01
3.497111499309539795e-01
2.764771580696105957e-01
2.960202991962432861e-01
1.987113803625106812e-01
1.707154065370559692e-01
3.130660057067871094e-01
2.695257365703582764e-01
3.781718015670776367e-01
3.085342943668365479e-01
2.070537656545639038e-01
1.576501429080963135e-01
1.667708903551101685e-01
2.789946794509887695e-01
4.007564485073089600e-01
4.011120200157165527e-01
2.169213891029357910e-01
2.059948444366455078e-01
5.619142055511474609e-01
2.009541094303131104e-01
2.109030783176422119e-01
3.444433510303497314e-01
1.193283274769783020e-01
6.338434815406799316e-01
1.949444264173507690e-01
3.502704203128814697e-01
1.218501478433609009e-01
4.015293121337890625e-01
3.683001995086669922e-01
4.946656525135040283e-01
2.022390812635421753e-01
5.357083082199096680e-01
2.111451923847198486e-01
2.267994582653045654e-01
3.233751058578491211e-01
1.888025104999542236e-01
4.627987146377563477e-01
3.732143044471740723e-01
2.518940865993499756e-01
9.777227789163589478e-02
2.107168883085250854e-01
2.215760648250579834e-01
1.656497567892074585e-01
2.058055251836776733e-01
2.626498639583587646e-01
3.394491672515869141e-01
2.942716181278228760e-01
8.319582790136337280e-02
1.543628573417663574e-01
1.154577583074569702e-01
3.855696022510528564e-01
3.776923418045043945e-01
8.708689361810684204e-02
4.220812618732452393e-01
2.896603643894195557e-01
2.714805006980895996e-01
2.615796923637390137e-01
3.320299983024597168e-01
2.173662632703781128e-01
2.423401623964309692e-01
9.495852887630462646e-02
2.567818760871887207e-01
3.379085659980773926e-01
1.564793288707733154e-01
7.883794605731964111e-02
3.413517177104949951e-01
1.368773877620697021e-01
1.556215286254882812e-01
1.539511978626251221e-01
3.405572772026062012e-01
1.506031155586242676e-01
2.214214801788330078e-01
1.184382438659667969e-01
3.051770925521850586e-01
3.246829211711883545e-01
2.780379652976989746e-01
3.287905454635620117e-01
3.707945048809051514e-01
2.951643168926239014e-01
1.782776266336441040e-01
1.905349642038345337e-01
3.586869239807128906e-01
2.362461984157562256e-01
1.034091711044311523e-01
1.201336309313774109e-01
2.965222299098968506e-01
2.620288729667663574e-01
8.988066017627716064e-02
2.149136811494827271e-01
8.331006020307540894e-02
1.279457807540893555e-01
5.370857119560241699e-01
1.281330287456512451e-01
4.069351255893707275e-01
4.453715085983276367e-01
2.123485505580902100e-01
4.364776313304901123e-01
2.699005305767059326e-01
3.735268414020538330e-01
4.037639796733856201e-01
2.177811115980148315e-01
3.335205316543579102e-01
5.708785057067871094e-01
4.239110946655273438e-01
2.305764853954315186e-01
2.005037963390350342e-01
2.372957915067672729e-01
4.286029338836669922e-01
3.398746252059936523e-01
2.538360953330993652e-01
1.838910579681396484e-01
3.155042529106140137e-01
5.219117403030395508e-01
1.806984841823577881e-01
3.442463874816894531e-01
2.535681128501892090e-01
3.693230152130126953e-01
1.374726295471191406e-01
2.624522745609283447e-01
2.688492238521575928e-01
2.203123718500137329e-01
2.662190794944763184e-01
2.404434680938720703e-01
2.453916072845458984e-01
3.801052570343017578e-01
1.926045268774032593e-01
5.373377799987792969e-01
5.716273933649063110e-02
2.371882051229476929e-01
3.805781304836273193e-01
4.123647511005401611e-01
4.469918012619018555e-01
2.865934371948242188e-01
3.551788628101348877e-01
3.021227717399597168e-01
3.516266345977783203e-01
2.949578166007995605e-01
2.111551761627197266e-01
3.408133387565612793e-01
2.993552386760711670e-01
2.885628640651702881e-01
1.974498927593231201e-01
4.120918512344360352e-01
9.039619565010070801e-02
1.671316921710968018e-01
1.481562256813049316e-01
3.303602933883666992e-01
3.562796711921691895e-01
9.595441818237304688e-02
9.788080304861068726e-02
2.809824049472808838e-01
5.101609826087951660e-01
4.868088066577911377e-01
3.264390230178833008e-01
1.666738092899322510e-01
4.364922344684600830e-01
9.969662129878997803e-02
1.999917626380920410e-01
3.001433014869689941e-01
1.468897759914398193e-01
1.879312396049499512e-01
1.245694980025291443e-01
2.922555208206176758e-01
2.529080510139465332e-01
2.161377370357513428e-01
1.423973441123962402e-01
1.232566386461257935e-01
1.895003914833068848e-01
2.694681286811828613e-01
1.756964027881622314e-01
1.755319535732269287e-01
1.142563149333000183e-01
2.485024183988571167e-01
3.304933309555053711e-01
5.758254528045654297e-01
2.464307248592376709e-01
2.303489297628402710e-01
3.162394165992736816e-01
2.072980999946594238e-01
2.411545217037200928e-01
3.923894166946411133e-01
1.676145642995834351e-01
4.101423919200897217e-01
1.424712240695953369e-01
3.566771745681762695e-01
2.769360542297363281e-01
2.487632334232330322e-01
3.931070268154144287e-01
1.540240943431854248e-01
3.326601088047027588e-01
1.847875416278839111e-01
3.994280099868774414e-01
2.189200818538665771e-01
2.270617783069610596e-01
2.496722340583801270e-01
2.276900261640548706e-01
4.203779697418212891e-01
4.109982550144195557e-01
1.110815703868865967e-01
1.790959239006042480e-01
3.329686820507049561e-01
4.557496905326843262e-01
3.426268994808197021e-01
1.616355627775192261e-01
3.328948915004730225e-01
2.193427234888076782e-01
4.044555723667144775e-01
2.005035281181335449e-01
2.463910132646560669e-01
3.304129838943481445e-01
2.264740765094757080e-01
3.059313297271728516e-01
1.149172186851501465e-01
1.880460083484649658e-01
1.432501226663589478e-01
2.335204631090164185e-01
4.230133891105651855e-01
2.146468311548233032e-01
1.580566167831420898e-01
1.887690722942352295e-01
1.899794936180114746e-01
8.217369019985198975e-02
5.649822950363159180e-01
3.323188126087188721e-01
1.809641718864440918e-01
2.022785097360610962e-01
9.105250239372253418e-02
3.509433269500732422e-01
4.129147529602050781e-01
3.252572715282440186e-01
2.839269638061523438e-01
1.842451989650726318e-01
1.314137727022171021e-01
5.007255673408508301e-01
2.092734277248382568e-01
1.398496776819229126e-01
9.126643836498260498e-02
2.819568514823913574e-01
1.652050763368606567e-01
2.392854988574981689e-01
1.947625577449798584e-01
1.988517045974731445e-01
2.109190374612808228e-01
9.315310418605804443e-02
3.975979983806610107e-01
5.403241515159606934e-01
4.074857831001281738e-01
9.508031606674194336e-02
3.320926427841186523e-01
2.356108576059341431e-01
1.705039590597152710e-01
9.074757993221282959e-02
3.066354990005493164e-01
1.851766109466552734e-01
1.847527474164962769e-01
1.080506294965744019e-01
1.190146282315254211e-01
3.407224416732788086e-01
2.834019660949707031e-01
1.946292519569396973e-01
2.339549064636230469e-01
4.998309016227722168e-01
3.155588507652282715e-01
1.937789022922515869e-01
3.343045711517333984e-01
2.781432569026947021e-01
3.723839223384857178e-01
2.899349927902221680e-01
4.769762605428695679e-02
2.496314495801925659e-01
4.137528240680694580e-01
2.640810012817382812e-01
9.790594130754470825e-02
2.589256763458251953e-01
2.018235027790069580e-01
2.971826493740081787e-01
3.515710234642028809e-01
1.969019621610641479e-01
2.880241274833679199e-01
2.974829077720642090e-01
2.238361239433288574e-01
2.022778391838073730e-01
1.089752838015556335e-01
2.629076838493347168e-01
2.662096619606018066e-01
5.945959091186523438e-01
1.272262036800384521e-01
2.631178796291351318e-01
3.150987029075622559e-01
4.000940620899200439e-01
2.681102156639099121e-01
1.754266172647476196e-01
1.900512576103210449e-01
2.037259191274642944e-01
2.107420563697814941e-01
2.505095005035400391e-01
1.455367356538772583e-01
4.049056172370910645e-01
3.414252400398254395e-01
1.383994519710540771e-01
2.654767036437988281e-01
3.548676073551177979e-01
3.746280372142791748e-01
2.349411696195602417e-01
2.604228556156158447e-01
4.637587070465087891e-01
2.078576982021331787e-01
2.122482359409332275e-01
1.848564743995666504e-01
2.004093676805496216e-01
1.946927607059478760e-01
2.841347754001617432e-01
2.714541256427764893e-01
2.761970162391662598e-01
2.279928773641586304e-01
1.575635671615600586e-01
1.011364609003067017e-01
2.193661481142044067e-01
4.566906094551086426e-01
1.458964049816131592e-01
2.423912286758422852e-01
2.604355514049530029e-01
1.403918862342834473e-01
1.762954890727996826e-01
2.339635640382766724e-01
4.640762805938720703e-01
4.335895776748657227e-01
3.570578098297119141e-01
2.105100750923156738e-01
3.342519700527191162e-01
1.304602622985839844e-01
3.766009211540222168e-01
5.379952788352966309e-01
3.348901569843292236e-01
2.416823804378509521e-01
1.917505115270614624e-01
2.639853954315185547e-01
1.815964728593826294e-01
4.660117626190185547e-01
2.439768463373184204e-01
2.016079574823379517e-01
4.200776815414428711e-01
1.642777323722839355e-01
1.376569271087646484e-01
4.328765869140625000e-01
3.484240770339965820e-01
1.114597395062446594e-01
3.316565454006195068e-01
3.678010404109954834e-01
5.110008120536804199e-01
3.506476283073425293e-01
4.027636647224426270e-01
4.660012722015380859e-01
3.348604440689086914e-01
4.472571611404418945e-01
1.316176056861877441e-01
2.483890950679779053e-01
1.232409477233886719e-01
4.351810514926910400e-01
2.267046421766281128e-01
2.290850132703781128e-01
2.683331072330474854e-01
1.044844686985015869e-01
2.565690875053405762e-01
1.657245159149169922e-01
4.058586955070495605e-01
2.713498473167419434e-01
1.583384275436401367e-01
2.123388648033142090e-01
1.668942719697952271e-01
2.694325745105743408e-01
3.038123548030853271e-01
4.310646653175354004e-01
3.661085367202758789e-01
7.244819402694702148e-01
3.218668103218078613e-01
1.316069066524505615e-01
1.749032437801361084e-01
4.341489672660827637e-01
2.434310019016265869e-01
1.606940031051635742e-01
3.250522017478942871e-01
8.874526619911193848e-02
3.595901429653167725e-01
1.200811490416526794e-01
2.110745310783386230e-01
6.910042762756347656e-01
2.813202738761901855e-01
3.110523819923400879e-01
3.742872476577758789e-01
2.450603246688842773e-01
1.099719554185867310e-01
3.950989842414855957e-01
1.723678708076477051e-01
2.260903567075729370e-01
1.340079456567764282e-01
1.719958186149597168e-01
1.884845197200775146e-01
3.952626287937164307e-01
1.565250456333160400e-01
1.191933378577232361e-01
1.927515566349029541e-01
3.609558641910552979e-01
1.465838849544525146e-01
2.078559398651123047e-01
2.445292174816131592e-01
3.574254512786865234e-01
4.064108729362487793e-01
2.786400914192199707e-01
1.012478247284889221e-01
2.475621700286865234e-01
1.757710874080657959e-01
2.296669632196426392e-01
2.963677942752838135e-01
4.471507668495178223e-01
2.731872200965881348e-01
2.289697825908660889e-01
2.261991500854492188e-01
3.734543323516845703e-01
3.991372585296630859e-01
1.741211712360382080e-01
8.842006325721740723e-02
1.569569855928421021e-01
1.526681184768676758e-01
2.482852041721343994e-01
4.552419185638427734e-01
1.785681247711181641e-01
2.453361153602600098e-01
3.905659019947052002e-01
1.039714068174362183e-01
4.987404048442840576e-01
2.699621617794036865e-01
3.583122491836547852e-01
2.352877855300903320e-01
2.758263349533081055e-01
2.490218579769134521e-01
2.224826216697692871e-01
4.053798019886016846e-01
2.717082202434539795e-01
4.327628612518310547e-01
1.480717957019805908e-01
3.869673609733581543e-01
3.761723637580871582e-01
7.771645486354827881e-02
2.625050246715545654e-01
5.944599583745002747e-02
