1.918007880449295044e-01
2.779282629489898682e-01
3.044871091842651367e-01
1.712729483842849731e-01
1.714448332786560059e-01
6.049399077892303467e-02
8.632218837738037109e-02
1.643819510936737061e-01
1.088829636573791504e-01
1.048543080687522888e-01
1.536398530006408691e-01
1.062629893422126770e-01
2.554559409618377686e-01
3.024449944496154785e-01
1.651652008295059204e-01
2.663351595401763916e-01
9.615425020456314087e-02
8.386626094579696655e-02
2.570765018463134766e-01
3.181445300579071045e-01
1.431063264608383179e-01
1.123480796813964844e-01
1.764075458049774170e-01
1.701152920722961426e-01
1.709553301334381104e-01
2.236379086971282959e-01
1.661929786205291748e-01
2.440590113401412964e-01
1.309673190116882324e-01
4.065930843353271484e-01
2.266212999820709229e-01
1.501620411872863770e-01
7.843449711799621582e-02
8.386439830064773560e-02
2.055667042732238770e-01
3.115835487842559814e-01
5.181319266557693481e-02
9.631520509719848633e-02
2.590751051902770996e-01
1.049682274460792542e-01
4.841522574424743652e-01
9.726060926914215088e-02
8.947562426328659058e-02
2.458799481391906738e-01
1.540310829877853394e-01
2.835251092910766602e-01
3.581043332815170288e-02
1.203821003437042236e-01
9.367278218269348145e-02
1.632878333330154419e-01
3.318960666656494141e-01
1.832892894744873047e-01
2.591981291770935059e-01
6.294000148773193359e-02
1.734095513820648193e-01
2.694385945796966553e-01
2.670468389987945557e-01
2.788909971714019775e-01
1.300987899303436279e-01
8.304782956838607788e-02
2.552109062671661377e-01
8.486708253622055054e-02
1.578397899866104126e-01
1.191244721412658691e-01
1.214433386921882629e-01
1.437139213085174561e-01
2.132681906223297119e-01
7.299660891294479370e-02
2.877467870712280273e-02
1.576815545558929443e-01
4.666530489921569824e-01
1.545753628015518188e-01
5.482240915298461914e-01
2.465369254350662231e-01
2.777159214019775391e-01
2.408063858747482300e-01
3.182068765163421631e-01
2.090886831283569336e-01
1.412733942270278931e-01
1.424049139022827148e-01
3.163912296295166016e-01
2.053473293781280518e-01
1.122151166200637817e-01
1.484817415475845337e-01
2.809368968009948730e-01
2.078245580196380615e-01
8.569791913032531738e-02
4.172263741493225098e-01
1.674661338329315186e-01
1.107797473669052124e-01
4.545243084430694580e-01
1.607573926448822021e-01
1.535448133945465088e-01
1.956529915332794189e-01
1.851431131362915039e-01
2.754043936729431152e-01
2.438002228736877441e-01
6.491750478744506836e-02
2.585912048816680908e-01
1.016240268945693970e-01
3.173496127128601074e-01
1.844550073146820068e-01
2.469111382961273193e-01
9.590394794940948486e-02
1.265498548746109009e-01
3.008819818496704102e-01
1.681280434131622314e-01
8.655319362878799438e-02
3.274090290069580078e-01
5.309282243251800537e-02
1.597939282655715942e-01
2.609055042266845703e-01
2.821044325828552246e-01
1.066260188817977905e-01
6.889006495475769043e-01
2.389037907123565674e-01
9.989070147275924683e-02
2.602697312831878662e-01
2.790501117706298828e-01
4.128746092319488525e-01
2.105281949043273926e-01
1.915167570114135742e-01
4.420901536941528320e-01
7.724422216415405273e-02
4.222486913204193115e-01
2.301436662673950195e-01
2.684984207153320312e-01
9.529691189527511597e-02
1.513158529996871948e-01
3.103377223014831543e-01
4.403007924556732178e-01
1.862936466932296753e-01
1.997141838073730469e-01
2.710085213184356689e-01
1.735700666904449463e-01
2.918381094932556152e-01
2.317510992288589478e-01
4.090430736541748047e-01
1.329741925001144409e-01
4.374347031116485596e-01
1.344514787197113037e-01
3.444383740425109863e-01
2.539089620113372803e-01
1.106507778167724609e-01
2.732672691345214844e-01
1.053501442074775696e-01
3.378534913063049316e-01
2.510121464729309082e-01
1.938837021589279175e-01
2.981247901916503906e-01
2.233337461948394775e-01
1.938406825065612793e-01
2.478229105472564697e-01
2.551746964454650879e-01
4.945882558822631836e-01
2.034448981285095215e-01
3.258252143859863281e-01
1.789599657058715820e-01
2.366432845592498779e-01
1.584159284830093384e-01
2.114515155553817749e-01
1.726824939250946045e-01
1.043525189161300659e-01
1.617032736539840698e-01
2.547565698623657227e-01
4.396289885044097900e-01
1.968037188053131104e-01
1.505104601383209229e-01
3.013654649257659912e-01
4.287053644657135010e-01
1.536676883697509766e-01
3.590710759162902832e-01
1.203878074884414673e-01
3.144864737987518311e-01
2.686009407043457031e-01
2.269973009824752808e-01
2.980062663555145264e-01
1.688525825738906860e-01
2.334399819374084473e-01
1.060955449938774109e-01
1.300559341907501221e-01
1.737281680107116699e-01
5.484464764595031738e-02
1.743075549602508545e-01
1.904018223285675049e-01
1.215125620365142822e-01
1.077658608555793762e-01
4.441152811050415039e-01
1.091250702738761902e-01
1.942463070154190063e-01
2.423952519893646240e-01
1.740631908178329468e-01
9.035907685756683350e-02
1.479582935571670532e-01
3.502523899078369141e-01
1.781061589717864990e-01
7.118831574916839600e-02
6.056402996182441711e-02
1.744805276393890381e-01
2.614716887474060059e-01
2.000294476747512817e-01
1.362523883581161499e-01
1.586728543043136597e-01
2.516027987003326416e-01
1.511786729097366333e-01
8.394074440002441406e-02
2.630236446857452393e-01
9.125933796167373657e-02
1.837334036827087402e-01
1.142240390181541443e-01
5.385122448205947876e-02
1.148925125598907471e-01
4.772359728813171387e-01
3.907814025878906250e-01
2.790132164955139160e-01
1.749053001403808594e-01
3.311489224433898926e-01
3.076777756214141846e-01
1.981169879436492920e-01
1.768709570169448853e-01
1.290518343448638916e-01
1.355286538600921631e-01
1.206747591495513916e-01
4.818359613418579102e-01
6.591029465198516846e-02
1.940774321556091309e-01
1.340407431125640869e-01
1.230339407920837402e-01
2.416715621948242188e-01
1.196398809552192688e-01
2.408634722232818604e-01
2.027450948953628540e-01
2.197632938623428345e-01
2.761172950267791748e-01
2.114751189947128296e-01
8.171378076076507568e-02
1.782819777727127075e-01
2.016870975494384766e-01
3.987631499767303467e-01
1.999502778053283691e-01
1.333991587162017822e-01
4.429436922073364258e-01
3.172263801097869873e-01
1.391009539365768433e-01
4.649287089705467224e-02
2.540935575962066650e-01
1.305790543556213379e-01
2.541568875312805176e-01
6.205346435308456421e-02
1.639391630887985229e-01
1.602212488651275635e-01
2.269748300313949585e-01
5.137877911329269409e-02
9.645947813987731934e-02
1.976036429405212402e-01
1.793340593576431274e-01
2.754409611225128174e-01
9.459359198808670044e-02
1.494178175926208496e-01
7.355599403381347656e-01
1.869610995054244995e-01
2.400853335857391357e-01
1.174054592847824097e-01
2.206443548202514648e-01
5.046077966690063477e-01
2.936432361602783203e-01
1.194862201809883118e-01
1.831817030906677246e-01
1.633243411779403687e-01
1.468593329191207886e-01
8.865430951118469238e-02
3.055979609489440918e-01
1.752901673316955566e-01
1.035781800746917725e-01
2.946736514568328857e-01
2.341523021459579468e-01
2.686389982700347900e-01
1.399468332529067993e-01
1.079103350639343262e-01
2.213571667671203613e-01
9.339497238397598267e-02
2.395569831132888794e-01
2.645992338657379150e-01
1.871816217899322510e-01
9.714716672897338867e-02
2.928291261196136475e-01
3.625240921974182129e-01
1.492424458265304565e-01
2.786380350589752197e-01
2.161024659872055054e-01
1.109595000743865967e-01
7.911753654479980469e-02
1.512402594089508057e-01
2.007878422737121582e-01
8.905071020126342773e-02
1.911399364471435547e-01
1.278248876333236694e-01
3.496150970458984375e-01
1.033076941967010498e-01
2.536638379096984863e-01
2.834149003028869629e-01
1.377629637718200684e-01
1.192388087511062622e-01
6.419726461172103882e-02
1.237177848815917969e-01
3.115252256393432617e-01
8.449887484312057495e-02
1.568523347377777100e-01
5.369815975427627563e-02
1.700777411460876465e-01
2.677789926528930664e-01
1.973837763071060181e-01
7.093336433172225952e-02
2.458529770374298096e-01
2.481709718704223633e-01
1.826890408992767334e-01
2.671397328376770020e-01
1.599431931972503662e-01
2.114345133304595947e-01
1.812462806701660156e-01
1.921660006046295166e-01
3.783068805932998657e-02
8.592921495437622070e-02
6.141547113656997681e-02
4.044318795204162598e-01
3.952291011810302734e-01
2.592977881431579590e-02
1.730588078498840332e-01
1.476121097803115845e-01
1.056833714246749878e-01
3.282681107521057129e-02
3.986979424953460693e-01
5.118889808654785156e-01
2.677353620529174805e-01
8.591993153095245361e-02
1.013741567730903625e-01
1.646967679262161255e-01
7.819762080907821655e-02
8.833082020282745361e-02
2.341879606246948242e-01
1.172796785831451416e-01
2.224823981523513794e-01
3.330730795860290527e-01
2.843860685825347900e-01
1.316115558147430420e-01
1.607160270214080811e-01
1.657592207193374634e-01
3.047168552875518799e-01
1.173900067806243896e-01
8.993880450725555420e-02
1.921544969081878662e-01
2.188950926065444946e-01
1.411440223455429077e-01
2.111772149801254272e-01
1.097617000341415405e-01
3.155456185340881348e-01
9.735603630542755127e-02
3.707223534584045410e-01
3.281357884407043457e-01
1.486383676528930664e-01
1.985623538494110107e-01
2.463204711675643921e-01
3.241588473320007324e-01
2.374711334705352783e-01
1.254824548959732056e-01
2.616865634918212891e-01
1.352119147777557373e-01
2.740547657012939453e-01
1.427720487117767334e-01
1.996978819370269775e-01
2.502819299697875977e-01
1.415684223175048828e-01
2.364329695701599121e-01
2.412188351154327393e-01
2.160616815090179443e-01
2.415783405303955078e-01
1.343030035495758057e-01
2.596902847290039062e-01
5.017755553126335144e-02
1.831231862306594849e-01
1.147377043962478638e-01
2.448794990777969360e-01
1.359024643898010254e-01
2.700149416923522949e-01
1.729874461889266968e-01
1.066968515515327454e-01
2.066485583782196045e-01
1.893962174654006958e-01
3.010241389274597168e-01
1.269949972629547119e-01
1.335718929767608643e-01
2.200024425983428955e-01
3.798240423202514648e-01
1.655387878417968750e-01
2.235786020755767822e-01
1.453832089900970459e-01
5.086473003029823303e-02
1.093153208494186401e-01
1.185541376471519470e-01
2.282257378101348877e-01
1.498595625162124634e-01
1.583023369312286377e-01
6.737808883190155029e-02
3.139615356922149658e-01
1.088952943682670593e-01
1.890882700681686401e-01
3.351707756519317627e-01
1.189614534378051758e-01
1.540478765964508057e-01
3.897261619567871094e-01
3.385721743106842041e-01
1.342606395483016968e-01
1.487100422382354736e-01
3.488937914371490479e-01
1.900873184204101562e-01
2.200548946857452393e-01
2.156649827957153320e-01
3.658469915390014648e-01
2.522551715373992920e-01
3.277118802070617676e-01
1.285472810268402100e-01
1.734973192214965820e-01
2.690392136573791504e-01
1.564502865076065063e-01
2.375369817018508911e-01
3.249774575233459473e-01
3.907096385955810547e-01
2.299343794584274292e-01
8.701672405004501343e-02
2.073310613632202148e-01
1.840611547231674194e-01
9.890599548816680908e-02
2.416180223226547241e-01
7.282018661499023438e-02
3.332628607749938965e-01
6.168553978204727173e-02
5.908435955643653870e-02
1.993755847215652466e-01
5.054238066077232361e-02
1.265994310379028320e-01
1.522225141525268555e-01
2.218052446842193604e-01
1.754009425640106201e-01
3.020938336849212646e-01
6.655073165893554688e-02
1.273793578147888184e-01
1.027274429798126221e-01
7.641521096229553223e-02
7.408079504966735840e-02
1.839480102062225342e-01
3.203647583723068237e-02
3.732561692595481873e-02
1.815850734710693359e-01
5.378195270895957947e-02
1.708944737911224365e-01
1.890098452568054199e-01
1.665035784244537354e-01
3.089946210384368896e-01
2.566544711589813232e-01
1.721968650817871094e-01
2.719705700874328613e-01
1.660824716091156006e-01
3.173034191131591797e-01
1.929425597190856934e-01
2.152413129806518555e-01
1.546492278575897217e-01
1.674327999353408813e-01
2.387193739414215088e-01
3.023639917373657227e-01
3.121805787086486816e-01
3.636910319328308105e-01
1.161234676837921143e-01
2.136586308479309082e-01
1.618058979511260986e-01
1.372981667518615723e-01
1.668609231710433960e-01
3.508257269859313965e-01
1.633213162422180176e-01
1.652306020259857178e-01
4.537447690963745117e-01
9.593088924884796143e-02
1.865583658218383789e-01
8.710344880819320679e-02
7.043026387691497803e-02
9.683240205049514771e-02
2.152788490056991577e-01
2.058558613061904907e-01
1.943421065807342529e-01
1.632133275270462036e-01
1.365588009357452393e-01
2.039956748485565186e-01
4.121655225753784180e-01
3.920528590679168701e-01
3.195201456546783447e-01
2.790091037750244141e-01
2.714367508888244629e-01
1.337242722511291504e-01
8.418211340904235840e-02
6.654638051986694336e-02
2.132027149200439453e-01
3.662717342376708984e-01
1.690705716609954834e-01
4.035177230834960938e-01
7.605856657028198242e-02
1.870310604572296143e-01
2.483330368995666504e-01
4.874309301376342773e-01
2.188705205917358398e-01
2.558006048202514648e-01
4.591879546642303467e-01
1.738633215427398682e-01
1.820011436939239502e-01
1.012689769268035889e-01
2.593390643596649170e-01
1.735260784626007080e-01
3.873363137245178223e-01
1.728463470935821533e-01
1.892682909965515137e-01
6.775644421577453613e-02
1.131776571273803711e-01
1.480855047702789307e-01
1.651107519865036011e-01
2.292095571756362915e-01
2.463094741106033325e-01
2.986544668674468994e-01
6.781911849975585938e-02
3.214697241783142090e-01
2.172046601772308350e-01
1.192801594734191895e-01
8.004774153232574463e-02
1.920869946479797363e-01
1.589987426996231079e-01
7.696573436260223389e-02
2.437844127416610718e-01
2.302533388137817383e-01
5.600116848945617676e-01
3.140601515769958496e-01
2.322111427783966064e-01
3.866814672946929932e-01
2.629330158233642578e-01
4.359403848648071289e-01
9.811043739318847656e-02
2.717574238777160645e-01
2.223377376794815063e-01
3.768534958362579346e-01
1.951222270727157593e-01
3.881044983863830566e-01
9.186623245477676392e-02
2.000236064195632935e-01
1.092540323734283447e-01
1.616283059120178223e-01
2.595021724700927734e-01
2.394595146179199219e-01
2.530791163444519043e-01
3.864902555942535400e-01
8.407483249902725220e-02
2.064266651868820190e-01
3.933520317077636719e-01
2.080445736646652222e-01
2.733211517333984375e-01
4.479974135756492615e-02
2.301641404628753662e-01
2.711777687072753906e-01
2.317421138286590576e-01
1.337125450372695923e-01
3.653206825256347656e-01
2.127266824245452881e-01
3.584235608577728271e-01
2.221973389387130737e-01
1.378318518400192261e-01
2.367601096630096436e-01
1.107230633497238159e-01
1.934499740600585938e-01
3.873338997364044189e-01
1.404864490032196045e-01
1.334504187107086182e-01
2.626374363899230957e-01
2.568686306476593018e-01
1.581414490938186646e-01
2.172236442565917969e-01
9.915223717689514160e-02
1.353432685136795044e-01
4.637825489044189453e-01
3.812277913093566895e-01
2.371807992458343506e-01
1.875236183404922485e-01
8.010834455490112305e-02
5.904297530651092529e-02
2.716163098812103271e-01
1.711722016334533691e-01
6.979657709598541260e-02
1.491048336029052734e-01
4.911552369594573975e-02
2.267279326915740967e-01
3.056481182575225830e-01
2.676818966865539551e-01
3.855044841766357422e-01
2.507151067256927490e-01
1.183542013168334961e-01
1.838929802179336548e-01
2.229304909706115723e-01
2.719716131687164307e-01
1.396069228649139404e-01
2.774147391319274902e-01
1.410121023654937744e-01
1.227015256881713867e-01
2.352414131164550781e-01
4.475618004798889160e-01
1.930374503135681152e-01
8.424756675958633423e-02
6.743393093347549438e-02
3.851466178894042969e-01
1.326201260089874268e-01
4.333477094769477844e-02
1.960268318653106689e-01
1.695799231529235840e-01
1.665747463703155518e-01
1.275759637355804443e-01
3.021778166294097900e-01
2.645218968391418457e-01
8.654445409774780273e-02
2.063126415014266968e-01
3.820359706878662109e-01
9.747946262359619141e-02
4.569974541664123535e-01
1.898576021194458008e-01
4.416464567184448242e-01
2.794381976127624512e-01
3.012562394142150879e-01
9.050361067056655884e-02
2.233964055776596069e-01
3.448712825775146484e-01
4.340611696243286133e-01
5.196002125740051270e-02
2.491621971130371094e-01
2.584637403488159180e-01
1.573301404714584351e-01
2.563454806804656982e-01
2.339771538972854614e-01
2.320585697889328003e-01
3.442614078521728516e-01
2.293385118246078491e-01
2.990807294845581055e-01
9.284853935241699219e-02
1.653548181056976318e-01
1.746916323900222778e-01
1.365677118301391602e-01
1.802192330360412598e-01
2.047144770622253418e-01
1.117857322096824646e-01
2.288890779018402100e-01
1.695053428411483765e-01
2.219902873039245605e-01
2.043098211288452148e-01
2.323716431856155396e-01
1.859179735183715820e-01
3.534187078475952148e-01
1.426788270473480225e-01
2.452050745487213135e-01
3.136714398860931396e-01
1.884572356939315796e-01
2.257886528968811035e-01
9.333498775959014893e-02
2.213077247142791748e-01
2.379540801048278809e-01
2.332575768232345581e-01
7.708015292882919312e-02
2.782961130142211914e-01
2.200161367654800415e-01
6.329834461212158203e-02
3.229599297046661377e-01
8.828821778297424316e-02
4.300049319863319397e-02
2.005787789821624756e-01
2.745278477668762207e-01
3.602615594863891602e-01
4.551341831684112549e-01
8.426478505134582520e-02
1.216751337051391602e-01
4.271144866943359375e-01
2.069427073001861572e-01
9.762904047966003418e-02
7.398686558008193970e-02
2.730574905872344971e-01
2.962057888507843018e-01
2.310392856597900391e-01
1.038043722510337830e-01
2.317665219306945801e-01
1.906698346138000488e-01
1.156592369079589844e-01
1.265562623739242554e-01
2.271078228950500488e-01
2.504210472106933594e-01
1.400026828050613403e-01
1.501402556896209717e-01
1.947808414697647095e-01
1.669407486915588379e-01
3.695475757122039795e-01
2.926607728004455566e-01
2.502233088016510010e-01
2.343191504478454590e-01
1.745017617940902710e-01
2.094928473234176636e-01
5.434625744819641113e-01
1.878823190927505493e-01
1.362134814262390137e-01
2.543404698371887207e-01
1.153878271579742432e-01
2.217144519090652466e-01
7.465187460184097290e-02
9.329895675182342529e-02
1.288317143917083740e-01
6.828076392412185669e-02
1.439031064510345459e-01
1.436709612607955933e-01
1.215450763702392578e-01
2.423966377973556519e-01
2.766128182411193848e-01
2.890505194664001465e-01
2.332388162612915039e-01
2.362965643405914307e-01
3.442691862583160400e-01
2.864654362201690674e-01
1.262348592281341553e-01
1.928924620151519775e-01
1.748610138893127441e-01
2.647341489791870117e-01
1.028956472873687744e-01
2.897406220436096191e-01
2.573746442794799805e-01
3.522952795028686523e-01
2.839194536209106445e-01
1.161684617400169373e-01
6.082758307456970215e-01
1.178249269723892212e-01
3.199847936630249023e-01
1.584673523902893066e-01
2.186004072427749634e-01
2.705691456794738770e-01
2.834934592247009277e-01
2.282977253198623657e-01
9.801626205444335938e-02
1.554076075553894043e-01
1.816882193088531494e-01
4.257457256317138672e-01
4.033629596233367920e-01
1.682945191860198975e-01
1.562843173742294312e-01
2.705467343330383301e-01
1.981077194213867188e-01
2.478429824113845825e-01
2.244400084018707275e-01
1.944522261619567871e-01
3.015630841255187988e-01
2.480772882699966431e-01
2.097138762474060059e-01
2.099359631538391113e-01
1.714723110198974609e-01
1.282296925783157349e-01
2.304633259773254395e-01
9.509767591953277588e-02
3.074859678745269775e-01
1.103118583559989929e-01
2.147232294082641602e-01
9.809008240699768066e-02
4.013313055038452148e-01
4.375136196613311768e-01
1.624285578727722168e-01
1.152764707803726196e-01
2.652745842933654785e-01
1.311528533697128296e-01
1.636097133159637451e-01
1.420216113328933716e-01
2.314750850200653076e-01
6.529075652360916138e-02
2.865360975265502930e-01
1.865767538547515869e-01
2.004509568214416504e-01
2.492547780275344849e-01
1.140829846262931824e-01
1.883119940757751465e-01
4.169190675020217896e-02
1.555330157279968262e-01
3.686073124408721924e-01
1.048080995678901672e-01
3.544769883155822754e-01
2.206432074308395386e-01
3.039347231388092041e-01
2.446288764476776123e-01
1.238109618425369263e-01
1.083500832319259644e-01
2.422486543655395508e-01
1.569189727306365967e-01
1.362341642379760742e-01
3.810294866561889648e-01
1.817705780267715454e-01
3.547540903091430664e-01
8.861245959997177124e-02
1.105163991451263428e-01
1.909354329109191895e-01
5.928441137075424194e-02
1.451371014118194580e-01
3.372281193733215332e-01
3.381729423999786377e-01
6.491253525018692017e-02
1.128328293561935425e-01
9.677547216415405273e-02
1.896197646856307983e-01
3.275809437036514282e-02
4.752161726355552673e-02
2.403106987476348877e-01
2.219741046428680420e-01
1.236957386136054993e-01
1.836901009082794189e-01
2.071125209331512451e-01
1.188320219516754150e-01
2.710407376289367676e-01
1.990129202604293823e-01
4.534224867820739746e-01
1.238004416227340698e-01
1.919369250535964966e-01
1.390692740678787231e-01
1.199288964271545410e-01
2.908026576042175293e-01
2.873642444610595703e-01
2.259157896041870117e-01
2.222943007946014404e-01
1.551509797573089600e-01
3.642027080059051514e-01
2.818891108036041260e-01
5.840691179037094116e-02
3.387412726879119873e-01
2.132261991500854492e-01
2.441458702087402344e-01
5.019415542483329773e-02
1.982374787330627441e-01
2.778861522674560547e-01
1.756090074777603149e-01
1.658768057823181152e-01
2.746532857418060303e-01
3.462171554565429688e-01
3.117100000381469727e-01
1.688366979360580444e-01
2.651399374008178711e-01
3.490806818008422852e-01
9.297679364681243896e-02
1.482677161693572998e-01
4.419548511505126953e-01
1.750120520591735840e-01
1.091131344437599182e-01
8.926825225353240967e-02
3.031448423862457275e-01
3.905183076858520508e-01
1.796361207962036133e-01
1.695254594087600708e-01
1.713016480207443237e-01
2.996053695678710938e-01
2.279024273157119751e-01
3.882564902305603027e-01
2.793607115745544434e-01
1.951019763946533203e-01
3.465126752853393555e-01
2.219092994928359985e-01
1.302457451820373535e-01
1.363461017608642578e-01
2.415233850479125977e-01
1.650749593973159790e-01
2.578900456428527832e-01
3.115801215171813965e-01
3.019458055496215820e-01
2.130649983882904053e-01
1.363743543624877930e-01
3.259417414665222168e-01
1.793886125087738037e-01
1.768449693918228149e-01
1.002956703305244446e-01
2.165380418300628662e-01
1.226129457354545593e-01
3.065584301948547363e-01
3.852249383926391602e-01
3.097784519195556641e-01
1.690760403871536255e-01
6.060387566685676575e-02
4.601135551929473877e-01
3.185128569602966309e-01
1.503659784793853760e-01
1.715578138828277588e-01
1.381346583366394043e-01
1.560687720775604248e-01
2.206439524888992310e-01
1.371937096118927002e-01
1.432979106903076172e-01
1.554390192031860352e-01
1.435332596302032471e-01
2.135413289070129395e-01
2.783516049385070801e-01
8.522887527942657471e-02
2.707403898239135742e-01
3.192022442817687988e-01
1.454088091850280762e-01
1.029960513114929199e-01
2.934888601303100586e-01
1.138244345784187317e-01
2.962796092033386230e-01
5.026125162839889526e-02
2.260159403085708618e-01
9.062972664833068848e-02
2.148094177246093750e-01
1.203611418604850769e-01
3.008204400539398193e-01
1.238327920436859131e-01
9.737478196620941162e-02
1.163330003619194031e-01
9.420203417539596558e-02
2.140669822692871094e-01
1.224448755383491516e-01
1.849153339862823486e-01
6.719754636287689209e-02
1.246925592422485352e-01
6.329583376646041870e-02
2.313229441642761230e-01
1.426714062690734863e-01
1.139018088579177856e-01
3.882251381874084473e-01
5.273451805114746094e-01
2.154244035482406616e-01
1.047909036278724670e-01
3.229457736015319824e-01
2.466191202402114868e-01
1.120421737432479858e-01
4.095863401889801025e-01
1.472336053848266602e-01
1.996644884347915649e-01
2.730337381362915039e-01
3.873203396797180176e-01
4.335812032222747803e-01
3.158077299594879150e-01
2.332068085670471191e-01
8.044144511222839355e-02
2.831175327301025391e-01
3.017402291297912598e-01
5.491395294666290283e-02
3.759319484233856201e-01
1.926984786987304688e-01
1.444287598133087158e-01
1.970518231391906738e-01
3.258975744247436523e-01
3.209405243396759033e-01
3.524444103240966797e-01
1.205958500504493713e-01
1.682440638542175293e-01
1.297554671764373779e-01
2.288924306631088257e-01
3.291654288768768311e-01
1.884905248880386353e-01
3.835192322731018066e-01
1.531461775302886963e-01
1.689465194940567017e-01
2.873377203941345215e-01
1.281373649835586548e-01
1.529737561941146851e-01
1.801944077014923096e-01
1.342487037181854248e-01
1.215969696640968323e-01
3.006328940391540527e-01
5.324538052082061768e-02
2.268702387809753418e-01
1.547410190105438232e-01
2.303148806095123291e-01
2.587315738201141357e-01
2.360127866268157959e-01
2.090392559766769409e-01
2.232749611139297485e-01
2.412696033716201782e-01
1.402461081743240356e-01
1.086458861827850342e-01
5.326480790972709656e-02
1.406862437725067139e-01
2.451516836881637573e-01
1.232211589813232422e-01
2.786405682563781738e-01
1.824220716953277588e-01
1.425689309835433960e-01
1.784395426511764526e-01
9.659517556428909302e-02
1.654944717884063721e-01
2.354177087545394897e-01
2.198352068662643433e-01
8.524260669946670532e-02
2.881304919719696045e-01
4.054198563098907471e-01
1.433528810739517212e-01
3.408289551734924316e-01
2.566067576408386230e-01
1.023978069424629211e-01
1.545713096857070923e-01
1.950865089893341064e-01
3.758891522884368896e-01
5.111229419708251953e-01
6.457164287567138672e-01
2.538043260574340820e-01
2.151825428009033203e-01
1.531742960214614868e-01
1.340562254190444946e-01
3.422908186912536621e-01
1.145974397659301758e-01
1.200210452079772949e-01
2.480596601963043213e-01
3.575239181518554688e-01
2.747603952884674072e-01
5.248035192489624023e-01
2.079940140247344971e-01
1.004717946052551270e-01
7.989458739757537842e-02
1.275263428688049316e-01
1.082262545824050903e-01
2.034321874380111694e-01
2.012421786785125732e-01
2.543652951717376709e-01
2.353252172470092773e-01
2.828902304172515869e-01
2.281156182289123535e-01
1.045453399419784546e-01
1.755138784646987915e-01
2.386946082115173340e-01
1.178966090083122253e-01
1.508155018091201782e-01
1.213499978184700012e-01
8.626319468021392822e-02
1.138622164726257324e-01
9.155985713005065918e-02
7.629983872175216675e-02
1.064501702785491943e-01
1.358008384704589844e-01
3.231334686279296875e-01
1.028024852275848389e-01
1.951359212398529053e-01
7.206576317548751831e-02
3.594465255737304688e-01
1.629225909709930420e-01
2.030069231986999512e-01
4.241095185279846191e-01
1.673277020454406738e-01
2.631560862064361572e-01
2.727207243442535400e-01
3.693476319313049316e-01
1.896530389785766602e-01
6.076608970761299133e-02
2.865225076675415039e-01
1.002031341195106506e-01
5.144640803337097168e-02
7.659550011157989502e-02
2.941789627075195312e-01
1.469245254993438721e-01
1.580228358507156372e-01
1.179550737142562866e-01
2.178150117397308350e-01
8.531497418880462646e-02
9.775552153587341309e-02
1.601188927888870239e-01
1.167110055685043335e-01
1.658246815204620361e-01
2.999371290206909180e-01
4.771365225315093994e-02
6.152001768350601196e-02
2.054265141487121582e-01
2.470016479492187500e-01
3.329464495182037354e-01
1.518296003341674805e-01
1.059171557426452637e-01
6.997126340866088867e-02
7.057856768369674683e-02
2.023105025291442871e-01
9.725180268287658691e-02
9.710183739662170410e-02
1.620689630508422852e-01
1.178172230720520020e-01
5.395633727312088013e-02
1.869692653417587280e-01
3.451918810606002808e-02
4.404329061508178711e-01
2.568151652812957764e-01
1.397961676120758057e-01
2.462352216243743896e-01
1.990780532360076904e-01
4.554198086261749268e-01
1.659789979457855225e-01
1.781944334506988525e-01
3.685558736324310303e-01
2.658157795667648315e-02
1.402697563171386719e-01
6.458574533462524414e-02
4.730142652988433838e-01
2.214723527431488037e-01
5.312135219573974609e-01
2.281503081321716309e-01
2.658211290836334229e-01
1.896941512823104858e-01
2.581334114074707031e-01
2.743265628814697266e-01
2.691782712936401367e-01
2.123588323593139648e-01
1.793984323740005493e-01
1.564314365386962891e-01
1.744055300951004028e-01
1.582650840282440186e-01
1.741448640823364258e-01
1.391765475273132324e-01
1.633089780807495117e-01
1.066221222281455994e-01
1.823844611644744873e-01
2.089330852031707764e-01
2.389826327562332153e-01
3.175462782382965088e-01
4.972660839557647705e-01
1.434848904609680176e-01
1.141075193881988525e-01
7.239593565464019775e-02
1.370300203561782837e-01
2.335948050022125244e-01
1.366367638111114502e-01
3.021155297756195068e-01
4.738764837384223938e-02
1.389815807342529297e-01
8.481296896934509277e-02
2.996839880943298340e-01
2.248023599386215210e-01
2.299609929323196411e-01
2.255552709102630615e-01
3.072102665901184082e-01
2.249707132577896118e-01
1.032037585973739624e-01
1.701543480157852173e-01
1.067663580179214478e-01
1.682073622941970825e-01
1.536654382944107056e-01
2.953160703182220459e-01
2.438254952430725098e-01
2.858126759529113770e-01
2.524524927139282227e-01
1.754637360572814941e-01
8.433566987514495850e-02
2.554434239864349365e-01
1.472946554422378540e-01
1.051604002714157104e-01
2.391816973686218262e-01
2.518715858459472656e-01
1.590983271598815918e-01
2.586686238646507263e-02
1.924165189266204834e-01
3.024792373180389404e-01
1.247069537639617920e-01
3.146339356899261475e-01
1.407458186149597168e-01
4.190611243247985840e-01
3.123062849044799805e-01
1.582756936550140381e-01
3.418452143669128418e-01
2.339031845331192017e-01
1.653775721788406372e-01
1.052383035421371460e-01
3.653684854507446289e-01
1.593382209539413452e-01
1.599362790584564209e-01
2.599708735942840576e-01
9.298752993345260620e-02
3.259207680821418762e-02
2.708832323551177979e-01
1.805232316255569458e-01
2.289711534976959229e-01
1.439059674739837646e-01
1.027619391679763794e-01
1.062280833721160889e-01
2.175845056772232056e-01
2.870081067085266113e-01
2.872371673583984375e-01
3.188892006874084473e-01
2.713097333908081055e-01
1.879536062479019165e-01
1.525679528713226318e-01
1.329560577869415283e-01
5.076702833175659180e-01
1.374019980430603027e-01
2.739485204219818115e-01
3.252804875373840332e-01
1.599139571189880371e-01
1.629443466663360596e-01
1.137510612607002258e-01
1.306202560663223267e-01
2.534660696983337402e-01
3.077077269554138184e-01
3.383382558822631836e-01
2.269876748323440552e-01
2.550904154777526855e-01
4.934124052524566650e-01
1.363178938627243042e-01
7.234934717416763306e-02
2.442777454853057861e-01
3.244406282901763916e-01
2.811473309993743896e-01
1.499348133802413940e-01
2.471178174018859863e-01
1.580678969621658325e-01
1.360667943954467773e-01
1.510457098484039307e-01
2.123868018388748169e-01
2.277404367923736572e-01
8.429361134767532349e-02
4.565053433179855347e-02
1.740227490663528442e-01
4.883022308349609375e-01
3.320627510547637939e-01
6.013304740190505981e-02
1.810602545738220215e-01
8.224593847990036011e-02
3.427264392375946045e-01
7.882902026176452637e-02
5.205764248967170715e-02
8.126728981733322144e-02
2.319065332412719727e-01
1.606324911117553711e-01
6.130541115999221802e-02
2.927013635635375977e-01
1.459213793277740479e-01
2.423858642578125000e-01
1.505490839481353760e-01
1.733659952878952026e-01
1.196095049381256104e-01
8.773818612098693848e-02
3.473842442035675049e-01
1.032652780413627625e-01
9.645644575357437134e-02
1.744307726621627808e-01
3.545319437980651855e-01
1.914485394954681396e-01
1.953435242176055908e-01
1.774462759494781494e-01
2.179274260997772217e-01
4.442092776298522949e-02
1.774518340826034546e-01
9.418792277574539185e-02
1.913552880287170410e-01
3.319164514541625977e-01
1.892170011997222900e-01
9.338231384754180908e-02
1.538869738578796387e-01
