3.689499497413635254e-01
4.382060170173645020e-01
4.043204188346862793e-01
3.018826246261596680e-01
6.717762947082519531e-01
3.242394924163818359e-01
7.390094995498657227e-01
4.476756751537322998e-01
4.270080327987670898e-01
2.944714426994323730e-01
4.674727618694305420e-01
3.330504298210144043e-01
6.768912672996520996e-01
2.426696121692657471e-01
1.916574388742446899e-01
2.891961932182312012e-01
3.442040085792541504e-01
2.219176888465881348e-01
4.094432592391967773e-01
4.364812374114990234e-01
2.370747774839401245e-01
3.129764199256896973e-01
3.624271750450134277e-01
5.518090128898620605e-01
2.946485280990600586e-01
5.266098380088806152e-01
3.212454319000244141e-01
5.385935902595520020e-01
3.807575702667236328e-01
4.248046875000000000e-01
2.349389642477035522e-01
3.677089214324951172e-01
3.677833676338195801e-01
3.293890953063964844e-01
3.215398192405700684e-01
3.185377717018127441e-01
3.318369984626770020e-01
4.407616853713989258e-01
5.553684234619140625e-01
5.729660391807556152e-01
2.624964714050292969e-01
5.853574275970458984e-01
3.742509186267852783e-01
2.697819471359252930e-01
4.506925344467163086e-01
4.256668090820312500e-01
6.757353544235229492e-01
3.295210599899291992e-01
4.118749499320983887e-01
4.159356355667114258e-01
3.627852797508239746e-01
4.614078104496002197e-01
2.317203730344772339e-01
4.154297411441802979e-01
3.093066215515136719e-01
4.603268504142761230e-01
5.743399858474731445e-01
6.242651343345642090e-01
2.077695131301879883e-01
4.390636384487152100e-01
6.156837940216064453e-01
2.396244704723358154e-01
3.058732151985168457e-01
5.649279356002807617e-01
6.351569294929504395e-01
3.033834695816040039e-01
6.771326065063476562e-01
4.189329743385314941e-01
6.165539026260375977e-01
1.947396248579025269e-01
2.523411512374877930e-01
3.673156797885894775e-01
3.421594500541687012e-01
3.555735349655151367e-01
4.670933187007904053e-01
4.062087535858154297e-01
3.293466269969940186e-01
5.749228000640869141e-01
3.614706397056579590e-01
4.866315126419067383e-01
6.521472930908203125e-01
2.584715187549591064e-01
4.589627981185913086e-01
3.196970224380493164e-01
5.641953945159912109e-01
4.124910235404968262e-01
4.459414482116699219e-01
4.644040763378143311e-01
3.034860491752624512e-01
4.990935623645782471e-01
3.200068175792694092e-01
2.539140582084655762e-01
2.754334807395935059e-01
3.613575100898742676e-01
4.908042252063751221e-01
5.081625580787658691e-01
3.906595408916473389e-01
4.794048666954040527e-01
3.857491612434387207e-01
4.298532605171203613e-01
4.255866706371307373e-01
5.800104737281799316e-01
8.099282979965209961e-01
5.789874196052551270e-01
6.365774869918823242e-01
4.943771362304687500e-01
8.376754522323608398e-01
5.566723942756652832e-01
5.332250595092773438e-01
7.973313927650451660e-01
5.059858560562133789e-01
4.660495817661285400e-01
7.207413315773010254e-01
5.404641032218933105e-01
4.698696136474609375e-01
5.608890056610107422e-01
4.168415069580078125e-01
4.836226999759674072e-01
3.888990283012390137e-01
3.565545678138732910e-01
4.073334932327270508e-01
2.517458796501159668e-01
4.220872521400451660e-01
5.423682332038879395e-01
2.724232375621795654e-01
4.204774200916290283e-01
4.950883388519287109e-01
3.978314995765686035e-01
3.604604899883270264e-01
5.440876483917236328e-01
2.618991136550903320e-01
3.393089771270751953e-01
3.026717901229858398e-01
2.555672228336334229e-01
4.230268001556396484e-01
2.504012584686279297e-01
3.246810734272003174e-01
4.924910962581634521e-01
4.214998483657836914e-01
4.391959905624389648e-01
3.974182605743408203e-01
4.067121148109436035e-01
1.809661090373992920e-01
4.752130210399627686e-01
4.063174128532409668e-01
2.971411347389221191e-01
2.940736114978790283e-01
4.026920795440673828e-01
4.346935153007507324e-01
4.580374956130981445e-01
3.191692233085632324e-01
5.831351280212402344e-01
5.237532854080200195e-01
3.416802287101745605e-01
2.884181141853332520e-01
4.928812384605407715e-01
3.211177587509155273e-01
5.314826965332031250e-01
4.818177819252014160e-01
1.636096835136413574e-01
2.702020406723022461e-01
3.615473508834838867e-01
4.052723944187164307e-01
4.085229933261871338e-01
4.560044109821319580e-01
5.396602749824523926e-01
4.412214159965515137e-01
4.047839641571044922e-01
1.467858552932739258e-01
5.061490535736083984e-01
2.944213151931762695e-01
3.683358132839202881e-01
2.425394952297210693e-01
3.927451372146606445e-01
2.895238399505615234e-01
4.326502680778503418e-01
1.939905285835266113e-01
3.061372041702270508e-01
2.774382829666137695e-01
4.947416484355926514e-01
3.756090402603149414e-01
3.956166505813598633e-01
4.416545629501342773e-01
6.452317237854003906e-01
3.576343059539794922e-01
2.938139438629150391e-01
2.896316647529602051e-01
7.375533580780029297e-01
3.475689888000488281e-01
4.564110040664672852e-01
4.736602008342742920e-01
5.157499313354492188e-01
5.091065764427185059e-01
5.728448629379272461e-01
4.808829426765441895e-01
4.337343573570251465e-01
4.447435736656188965e-01
3.596220314502716064e-01
4.172821044921875000e-01
3.438583612442016602e-01
3.582974076271057129e-01
6.278682351112365723e-01
3.623981475830078125e-01
3.167768120765686035e-01
3.193399906158447266e-01
4.174709618091583252e-01
3.453036248683929443e-01
2.846270203590393066e-01
2.905594706535339355e-01
2.352740913629531860e-01
1.693573743104934692e-01
4.950839877128601074e-01
5.437127947807312012e-01
4.262688457965850830e-01
3.627814948558807373e-01
5.447692275047302246e-01
3.427290916442871094e-01
2.491909563541412354e-01
6.362581253051757812e-01
3.270482420921325684e-01
4.496446847915649414e-01
5.113277435302734375e-01
7.378808856010437012e-01
5.458581447601318359e-01
5.085371732711791992e-01
3.183602988719940186e-01
2.770726680755615234e-01
2.953862547874450684e-01
3.327799439430236816e-01
3.869691789150238037e-01
4.429447054862976074e-01
3.859214484691619873e-01
4.061091542243957520e-01
2.247492671012878418e-01
5.657612085342407227e-01
5.344811677932739258e-01
4.957159757614135742e-01
2.753699719905853271e-01
2.435751557350158691e-01
3.694308996200561523e-01
4.300717711448669434e-01
5.636195540428161621e-01
3.596001267433166504e-01
3.175382614135742188e-01
5.354702472686767578e-01
2.063713967800140381e-01
3.619071245193481445e-01
3.156696557998657227e-01
3.156048059463500977e-01
3.070147037506103516e-01
2.578002810478210449e-01
2.971687018871307373e-01
3.967636525630950928e-01
4.923733472824096680e-01
3.642771840095520020e-01
5.041656494140625000e-01
3.533853888511657715e-01
4.469447433948516846e-01
7.066079378128051758e-01
3.969207406044006348e-01
5.480762124061584473e-01
5.596680045127868652e-01
4.383087754249572754e-01
4.023493528366088867e-01
2.068200856447219849e-01
3.390128612518310547e-01
4.909254312515258789e-01
6.504467725753784180e-01
2.282565236091613770e-01
5.067722201347351074e-01
5.280338525772094727e-01
3.983201980590820312e-01
4.652388095855712891e-01
2.781550884246826172e-01
4.827707409858703613e-01
2.752225399017333984e-01
3.819994926452636719e-01
3.633480370044708252e-01
2.682728767395019531e-01
2.701120972633361816e-01
2.298404276371002197e-01
3.483989834785461426e-01
7.864367961883544922e-01
4.239112436771392822e-01
2.739284932613372803e-01
3.963847756385803223e-01
2.683604359626770020e-01
4.569641649723052979e-01
3.870568275451660156e-01
5.202728509902954102e-01
5.896008014678955078e-01
3.805475234985351562e-01
4.908513128757476807e-01
3.893307745456695557e-01
3.938905000686645508e-01
4.777386188507080078e-01
3.371364474296569824e-01
4.739241898059844971e-01
2.857736945152282715e-01
7.034987211227416992e-01
2.669177353382110596e-01
4.449166655540466309e-01
2.644830644130706787e-01
2.532384693622589111e-01
4.197363257408142090e-01
3.516290485858917236e-01
4.264304041862487793e-01
1.355079263448715210e-01
3.037360310554504395e-01
4.205624759197235107e-01
2.962989807128906250e-01
2.408345639705657959e-01
3.567920625209808350e-01
5.343055725097656250e-01
3.088591098785400391e-01
2.809973359107971191e-01
5.772916078567504883e-01
3.680200874805450439e-01
4.686676859855651855e-01
2.380228638648986816e-01
3.200235068798065186e-01
5.276267528533935547e-01
3.786423802375793457e-01
2.764918208122253418e-01
4.629494547843933105e-01
4.768227636814117432e-01
6.333409547805786133e-01
2.473182678222656250e-01
2.827664613723754883e-01
1.275198012590408325e-01
5.989558696746826172e-01
2.739450037479400635e-01
4.732392430305480957e-01
2.830700278282165527e-01
3.561533689498901367e-01
5.325155258178710938e-01
4.936678707599639893e-01
3.147630691528320312e-01
5.394039154052734375e-01
3.836449980735778809e-01
6.399109959602355957e-01
5.018681287765502930e-01
4.701078534126281738e-01
3.611938655376434326e-01
4.206164479255676270e-01
6.798118948936462402e-01
3.246290683746337891e-01
4.406509995460510254e-01
4.535955786705017090e-01
5.682856440544128418e-01
4.745728969573974609e-01
3.744727075099945068e-01
3.095579147338867188e-01
2.053616642951965332e-01
4.545047283172607422e-01
3.467242121696472168e-01
3.196198940277099609e-01
4.372903108596801758e-01
3.099869787693023682e-01
5.139824748039245605e-01
4.741822779178619385e-01
2.433908879756927490e-01
2.688381969928741455e-01
3.015996515750885010e-01
4.462871253490447998e-01
3.107314705848693848e-01
3.738676607608795166e-01
4.301182925701141357e-01
5.741741657257080078e-01
4.876077175140380859e-01
3.061277866363525391e-01
5.181904435157775879e-01
3.525287508964538574e-01
3.739974498748779297e-01
3.647381663322448730e-01
5.274564623832702637e-01
4.320417940616607666e-01
3.153015375137329102e-01
3.347988724708557129e-01
3.447251915931701660e-01
3.341804742813110352e-01
4.431779682636260986e-01
2.183115780353546143e-01
1.764029264450073242e-01
3.331029415130615234e-01
3.723490834236145020e-01
2.315484136343002319e-01
9.978808164596557617e-01
2.464856207370758057e-01
6.967328190803527832e-01
6.448646783828735352e-01
6.460247039794921875e-01
4.993846714496612549e-01
4.338963031768798828e-01
4.495820701122283936e-01
3.342778086662292480e-01
4.963729083538055420e-01
6.889834403991699219e-01
4.258423745632171631e-01
3.999731540679931641e-01
2.809183597564697266e-01
3.594823479652404785e-01
3.182584643363952637e-01
3.493579924106597900e-01
5.100603699684143066e-01
4.218018651008605957e-01
3.993638753890991211e-01
3.310892581939697266e-01
5.442442893981933594e-01
3.622714877128601074e-01
3.424762487411499023e-01
4.029520452022552490e-01
5.125267505645751953e-01
5.045866966247558594e-01
4.907931387424468994e-01
3.970902860164642334e-01
3.392684459686279297e-01
2.121481895446777344e-01
4.434413909912109375e-01
5.708230137825012207e-01
5.896005630493164062e-01
2.399519830942153931e-01
1.742869466543197632e-01
5.400490164756774902e-01
2.596892118453979492e-01
3.897346854209899902e-01
4.810569286346435547e-01
3.011019825935363770e-01
3.212770819664001465e-01
2.989136576652526855e-01
4.372256398200988770e-01
5.589891672134399414e-01
3.442300558090209961e-01
3.534645140171051025e-01
3.087359666824340820e-01
5.408871173858642578e-01
5.560150146484375000e-01
4.028353095054626465e-01
4.137215018272399902e-01
3.128326535224914551e-01
3.423930406570434570e-01
4.299241602420806885e-01
4.005716145038604736e-01
3.063712120056152344e-01
4.657505154609680176e-01
2.881913185119628906e-01
3.271044790744781494e-01
1.724538505077362061e-01
4.739827215671539307e-01
4.234130382537841797e-01
4.340999126434326172e-01
5.750824809074401855e-01
4.558472633361816406e-01
5.184219479560852051e-01
5.515007972717285156e-01
2.845102548599243164e-01
4.466504454612731934e-01
4.670718908309936523e-01
3.448415398597717285e-01
2.504968941211700439e-01
4.474295079708099365e-01
5.734043121337890625e-01
4.844356775283813477e-01
4.905326664447784424e-01
4.561940431594848633e-01
4.476171135902404785e-01
3.999996185302734375e-01
5.460737347602844238e-01
3.640323877334594727e-01
4.336837828159332275e-01
4.897688925266265869e-01
5.922281146049499512e-01
3.735274076461791992e-01
7.208396196365356445e-01
4.176288247108459473e-01
4.710874557495117188e-01
5.185575485229492188e-01
3.171290755271911621e-01
3.588508665561676025e-01
3.314807713031768799e-01
6.721304655075073242e-01
3.323647677898406982e-01
3.816784918308258057e-01
4.415393173694610596e-01
3.056701123714447021e-01
5.655740499496459961e-01
6.544289588928222656e-01
2.653336822986602783e-01
3.241381645202636719e-01
4.766096472740173340e-01
4.704587459564208984e-01
4.290911257266998291e-01
3.547179698944091797e-01
4.465225040912628174e-01
3.952792286872863770e-01
3.541397154331207275e-01
3.208984732627868652e-01
2.513642013072967529e-01
2.840130925178527832e-01
4.360379576683044434e-01
3.629956841468811035e-01
4.340578615665435791e-01
4.472812414169311523e-01
3.002587258815765381e-01
6.001047492027282715e-01
2.543845176696777344e-01
6.237521171569824219e-01
4.604201018810272217e-01
2.963507175445556641e-01
4.273237884044647217e-01
2.488099038600921631e-01
3.275464773178100586e-01
3.209424614906311035e-01
6.352278590202331543e-01
3.915392160415649414e-01
2.798094153404235840e-01
2.066729962825775146e-01
4.673569202423095703e-01
4.480619430541992188e-01
2.731691598892211914e-01
2.781190276145935059e-01
6.114841699600219727e-01
4.120675325393676758e-01
2.721366882324218750e-01
3.911240100860595703e-01
4.189739823341369629e-01
8.893133401870727539e-01
6.737580299377441406e-01
4.272303581237792969e-01
3.460834920406341553e-01
5.749403834342956543e-01
5.403773784637451172e-01
3.619316220283508301e-01
2.893138229846954346e-01
8.534498214721679688e-01
3.905216157436370850e-01
3.467997312545776367e-01
2.734087705612182617e-01
3.270609378814697266e-01
3.402633965015411377e-01
4.153612256050109863e-01
4.605154991149902344e-01
5.949907302856445312e-01
4.766552150249481201e-01
3.497981429100036621e-01
4.500990211963653564e-01
3.630746006965637207e-01
2.574397921562194824e-01
5.052973628044128418e-01
4.905031025409698486e-01
3.932822346687316895e-01
2.255492061376571655e-01
3.344876766204833984e-01
3.330978155136108398e-01
5.717996358871459961e-01
6.421181559562683105e-01
2.989765405654907227e-01
2.089061439037322998e-01
4.393473565578460693e-01
2.677102386951446533e-01
4.517672657966613770e-01
2.980317473411560059e-01
2.476387917995452881e-01
4.845276474952697754e-01
3.630615770816802979e-01
4.484086036682128906e-01
4.515264332294464111e-01
3.386630415916442871e-01
3.374806046485900879e-01
4.259750843048095703e-01
4.975626170635223389e-01
5.045729279518127441e-01
4.982359111309051514e-01
3.631571829319000244e-01
5.584272146224975586e-01
5.467424392700195312e-01
5.093642473220825195e-01
4.512524902820587158e-01
6.210464239120483398e-01
4.453665614128112793e-01
3.067014217376708984e-01
1.939919590950012207e-01
4.397050440311431885e-01
3.739622235298156738e-01
2.243692576885223389e-01
4.782169461250305176e-01
2.921870350837707520e-01
7.540209293365478516e-01
4.590392708778381348e-01
2.809771299362182617e-01
5.108867883682250977e-01
2.966384589672088623e-01
3.566615879535675049e-01
4.486675262451171875e-01
2.698228359222412109e-01
4.048983156681060791e-01
3.165938258171081543e-01
3.530024886131286621e-01
3.813310563564300537e-01
2.577804327011108398e-01
3.152377307415008545e-01
1.921057105064392090e-01
4.000570774078369141e-01
4.395024478435516357e-01
4.564235210418701172e-01
4.082819223403930664e-01
5.689827799797058105e-01
4.328657984733581543e-01
5.695914030075073242e-01
4.439411759376525879e-01
5.237783193588256836e-01
2.781774401664733887e-01
1.765165925025939941e-01
5.268672704696655273e-01
6.090060472488403320e-01
3.777608275413513184e-01
4.351873099803924561e-01
3.420301973819732666e-01
1.763840019702911377e-01
5.888275504112243652e-01
2.481549084186553955e-01
4.345416426658630371e-01
4.492645859718322754e-01
1.698052585124969482e-01
4.467105865478515625e-01
2.948254048824310303e-01
4.515534639358520508e-01
6.458275318145751953e-01
3.925193548202514648e-01
3.107016682624816895e-01
3.852435350418090820e-01
3.344169855117797852e-01
6.003777980804443359e-01
4.336298406124114990e-01
8.858608007431030273e-01
5.018249750137329102e-01
2.757863700389862061e-01
2.637794613838195801e-01
4.263342916965484619e-01
5.345224142074584961e-01
5.401733517646789551e-01
2.377266734838485718e-01
3.720097839832305908e-01
3.375197947025299072e-01
2.735029160976409912e-01
4.281737804412841797e-01
4.185613989830017090e-01
3.790217041969299316e-01
4.205279052257537842e-01
3.479726910591125488e-01
4.705174267292022705e-01
5.046524405479431152e-01
3.479230701923370361e-01
3.740882277488708496e-01
3.744195997714996338e-01
4.211349189281463623e-01
2.635100185871124268e-01
5.734280347824096680e-01
3.957756757736206055e-01
4.582200050354003906e-01
2.636067271232604980e-01
6.844944357872009277e-01
3.024170398712158203e-01
5.475288033485412598e-01
5.378452539443969727e-01
3.722215592861175537e-01
4.361954331398010254e-01
6.248806715011596680e-01
2.485838830471038818e-01
4.998678565025329590e-01
5.296395421028137207e-01
6.874687671661376953e-01
5.062109827995300293e-01
4.446949064731597900e-01
4.440559148788452148e-01
4.305547475814819336e-01
3.462659120559692383e-01
3.516009449958801270e-01
3.650637269020080566e-01
5.231434106826782227e-01
4.740760624408721924e-01
5.157347917556762695e-01
4.409328401088714600e-01
3.362401127815246582e-01
2.340236157178878784e-01
3.008036613464355469e-01
2.818960547447204590e-01
3.879504799842834473e-01
2.457333803176879883e-01
4.875206649303436279e-01
3.451383113861083984e-01
3.739348053932189941e-01
2.405352592468261719e-01
5.116788744926452637e-01
5.235509276390075684e-01
3.688671886920928955e-01
3.632659316062927246e-01
3.972945809364318848e-01
4.187029600143432617e-01
3.096602857112884521e-01
5.019355416297912598e-01
4.364388883113861084e-01
2.888144254684448242e-01
2.345736622810363770e-01
4.063870310783386230e-01
5.027787089347839355e-01
4.426765441894531250e-01
2.997370958328247070e-01
2.492286115884780884e-01
3.693629205226898193e-01
5.404053926467895508e-01
3.252270221710205078e-01
3.746609389781951904e-01
2.937494516372680664e-01
3.059821128845214844e-01
2.711613476276397705e-01
4.546028673648834229e-01
3.980941176414489746e-01
3.784421086311340332e-01
4.341493546962738037e-01
6.336302757263183594e-01
5.318008661270141602e-01
3.747470974922180176e-01
3.076755404472351074e-01
3.778479397296905518e-01
1.936778575181961060e-01
4.644050598144531250e-01
4.008615016937255859e-01
2.631877064704895020e-01
2.799116671085357666e-01
3.012763857841491699e-01
4.114210009574890137e-01
8.221478462219238281e-01
4.714798331260681152e-01
3.813536763191223145e-01
4.032460749149322510e-01
2.452303618192672729e-01
2.448901832103729248e-01
2.760876119136810303e-01
7.575361728668212891e-01
8.513772487640380859e-01
5.004349350929260254e-01
3.124928474426269531e-01
3.768824040889739990e-01
2.078714668750762939e-01
3.416720032691955566e-01
4.947030842304229736e-01
4.938531517982482910e-01
4.195978939533233643e-01
8.665596246719360352e-01
1.982085406780242920e-01
5.558710694313049316e-01
4.271103739738464355e-01
4.268264174461364746e-01
2.553000748157501221e-01
4.442180395126342773e-01
5.707355141639709473e-01
2.744286060333251953e-01
2.352522760629653931e-01
4.187044203281402588e-01
4.166319966316223145e-01
3.016681969165802002e-01
2.806867957115173340e-01
2.124397456645965576e-01
6.861191391944885254e-01
4.068986177444458008e-01
2.437192797660827637e-01
3.876942396163940430e-01
2.311303615570068359e-01
4.188280701637268066e-01
4.031253457069396973e-01
3.540233373641967773e-01
3.781362175941467285e-01
3.873277902603149414e-01
3.590775728225708008e-01
4.359291195869445801e-01
7.076616287231445312e-01
5.442028045654296875e-01
4.432964622974395752e-01
3.567583262920379639e-01
5.175594091415405273e-01
3.118876218795776367e-01
3.214805424213409424e-01
3.465899527072906494e-01
3.726888895034790039e-01
4.263193607330322266e-01
2.107383459806442261e-01
2.591507434844970703e-01
6.344943046569824219e-01
3.634369969367980957e-01
2.309172451496124268e-01
3.167912065982818604e-01
5.597010850906372070e-01
4.129471182823181152e-01
3.654059171676635742e-01
1.203106939792633057e-01
4.008407890796661377e-01
2.232927381992340088e-01
1.274387240409851074e-01
1.327013075351715088e-01
7.253152132034301758e-01
3.985979557037353516e-01
5.120356678962707520e-01
4.462916254997253418e-01
4.960740804672241211e-01
3.930992782115936279e-01
2.000640928745269775e-01
2.378203868865966797e-01
2.272105515003204346e-01
3.059430122375488281e-01
5.065785646438598633e-01
2.289166152477264404e-01
3.184876143932342529e-01
3.082830309867858887e-01
4.200802445411682129e-01
2.500259280204772949e-01
2.681811153888702393e-01
5.234552621841430664e-01
5.530552864074707031e-01
3.765292167663574219e-01
4.787704944610595703e-01
2.093582749366760254e-01
3.527793884277343750e-01
4.782027602195739746e-01
5.787456631660461426e-01
3.553488850593566895e-01
2.629044055938720703e-01
3.373064398765563965e-01
2.978577315807342529e-01
4.541025757789611816e-01
3.220130801200866699e-01
3.635281324386596680e-01
4.601070880889892578e-01
3.271569013595581055e-01
1.811848878860473633e-01
2.348935753107070923e-01
3.246222734451293945e-01
4.657853245735168457e-01
3.447363376617431641e-01
2.357682883739471436e-01
2.432746291160583496e-01
3.607331514358520508e-01
3.606756627559661865e-01
4.483767151832580566e-01
2.108495235443115234e-01
4.289637804031372070e-01
4.335650503635406494e-01
3.853681981563568115e-01
3.187449872493743896e-01
4.078356921672821045e-01
3.485553264617919922e-01
1.692028939723968506e-01
3.218284249305725098e-01
6.682574748992919922e-01
2.956175208091735840e-01
5.848612785339355469e-01
4.515757560729980469e-01
4.067754447460174561e-01
4.534864425659179688e-01
4.041512906551361084e-01
2.309283316135406494e-01
5.446009635925292969e-01
5.809684395790100098e-01
4.629030227661132812e-01
3.932415246963500977e-01
2.024573385715484619e-01
5.040526390075683594e-01
5.690121650695800781e-01
2.458084225654602051e-01
3.504077792167663574e-01
3.351775109767913818e-01
5.118941664695739746e-01
5.906360745429992676e-01
5.190519094467163086e-01
4.402275085449218750e-01
3.586147427558898926e-01
5.356423258781433105e-01
4.670246541500091553e-01
2.888748347759246826e-01
2.151589095592498779e-01
4.362048804759979248e-01
2.789117097854614258e-01
5.154742598533630371e-01
3.698104619979858398e-01
2.926435470581054688e-01
3.085148334503173828e-01
1.220172196626663208e-01
4.218954443931579590e-01
3.655441105365753174e-01
3.319375813007354736e-01
3.835788369178771973e-01
4.412312507629394531e-01
5.216809511184692383e-01
3.641374707221984863e-01
4.933465123176574707e-01
4.248507618904113770e-01
3.869746625423431396e-01
6.813122034072875977e-01
2.518073320388793945e-01
3.011776208877563477e-01
2.595831155776977539e-01
2.774037420749664307e-01
4.237782061100006104e-01
3.993940949440002441e-01
2.886572480201721191e-01
2.191030085086822510e-01
4.859802722930908203e-01
3.640797138214111328e-01
2.432154417037963867e-01
6.994881629943847656e-01
3.456371426582336426e-01
7.528710961341857910e-01
5.517723560333251953e-01
3.821506202220916748e-01
3.337996006011962891e-01
2.712001204490661621e-01
3.037708103656768799e-01
5.205063223838806152e-01
4.231175482273101807e-01
4.605484306812286377e-01
5.051826834678649902e-01
2.853771448135375977e-01
3.056803047657012939e-01
2.429507076740264893e-01
2.253198176622390747e-01
3.635441064834594727e-01
5.339711308479309082e-01
4.782823324203491211e-01
3.692999780178070068e-01
2.741368412971496582e-01
3.056615293025970459e-01
4.905586838722229004e-01
1.664413511753082275e-01
3.282941579818725586e-01
3.803538084030151367e-01
3.402808904647827148e-01
6.089844703674316406e-01
3.559991121292114258e-01
5.369477868080139160e-01
3.055060505867004395e-01
5.009342432022094727e-01
4.382063150405883789e-01
4.566303491592407227e-01
4.026820659637451172e-01
4.408416152000427246e-01
3.301170468330383301e-01
2.876555025577545166e-01
3.943451642990112305e-01
2.476860284805297852e-01
3.132806718349456787e-01
5.618727207183837891e-01
3.805051743984222412e-01
3.240896165370941162e-01
3.361338376998901367e-01
3.518710136413574219e-01
2.519048154354095459e-01
5.468381643295288086e-01
1.942316591739654541e-01
6.039643287658691406e-01
4.008863866329193115e-01
3.050796985626220703e-01
5.663178563117980957e-01
1.862880587577819824e-01
3.598265051841735840e-01
3.233236670494079590e-01
3.805110454559326172e-01
4.459546804428100586e-01
4.334882199764251709e-01
2.738623619079589844e-01
2.191171050071716309e-01
6.109958291053771973e-01
4.406532049179077148e-01
6.576988697052001953e-01
2.709429562091827393e-01
5.968282222747802734e-01
3.154823780059814453e-01
4.298932254314422607e-01
3.058723211288452148e-01
5.734943151473999023e-01
4.365009665489196777e-01
3.035017251968383789e-01
5.225638747215270996e-01
4.120739698410034180e-01
2.527158260345458984e-01
8.832843303680419922e-01
4.106552600860595703e-01
3.351834416389465332e-01
4.087030887603759766e-01
4.815939068794250488e-01
4.607143402099609375e-01
3.449815511703491211e-01
6.573222875595092773e-01
3.114251494407653809e-01
4.166319668292999268e-01
4.438613057136535645e-01
5.739238858222961426e-01
2.003395408391952515e-01
1.708511710166931152e-01
3.465611636638641357e-01
2.728708386421203613e-01
5.112388730049133301e-01
4.123427271842956543e-01
5.186417698860168457e-01
2.907223403453826904e-01
2.269136309623718262e-01
4.246531724929809570e-01
2.285693585872650146e-01
4.469220340251922607e-01
4.868470430374145508e-01
6.238003969192504883e-01
3.524138927459716797e-01
4.030534625053405762e-01
5.802154541015625000e-01
4.343873262405395508e-01
4.588500857353210449e-01
1.756390929222106934e-01
3.691989183425903320e-01
6.209772825241088867e-01
5.991052985191345215e-01
3.809732794761657715e-01
6.410926580429077148e-01
5.031608343124389648e-01
2.066280394792556763e-01
2.599604725837707520e-01
4.707953333854675293e-01
2.578266859054565430e-01
4.445191621780395508e-01
6.728852987289428711e-01
2.681133747100830078e-01
4.638682901859283447e-01
4.243943393230438232e-01
4.103366136550903320e-01
3.809465765953063965e-01
2.711973190307617188e-01
4.268052279949188232e-01
4.265889525413513184e-01
4.074940085411071777e-01
3.002506196498870850e-01
3.252331912517547607e-01
3.036838769912719727e-01
2.748380899429321289e-01
5.238901972770690918e-01
3.534519076347351074e-01
2.923756837844848633e-01
3.867371082305908203e-01
3.568224310874938965e-01
3.413546681404113770e-01
3.195663988590240479e-01
2.126714885234832764e-01
3.097747564315795898e-01
5.133460760116577148e-01
3.409675955772399902e-01
3.063589632511138916e-01
2.170704305171966553e-01
3.899958431720733643e-01
5.409402847290039062e-01
4.565375745296478271e-01
6.365935206413269043e-01
4.124698638916015625e-01
3.131211400032043457e-01
2.666294276714324951e-01
1.513546407222747803e-01
2.708683013916015625e-01
3.521606326103210449e-01
2.329536676406860352e-01
3.864212334156036377e-01
2.296592295169830322e-01
5.422310829162597656e-01
7.033446431159973145e-01
3.242088854312896729e-01
2.697747945785522461e-01
3.785173892974853516e-01
2.990338206291198730e-01
4.645411670207977295e-01
3.459390997886657715e-01
6.497293710708618164e-01
4.640065133571624756e-01
3.889848887920379639e-01
5.244958400726318359e-01
4.578706026077270508e-01
4.568427503108978271e-01
6.598013043403625488e-01
2.882506251335144043e-01
5.022184848785400391e-01
3.649251163005828857e-01
2.876175045967102051e-01
5.677927732467651367e-01
1.487270444631576538e-01
4.303354620933532715e-01
5.600121021270751953e-01
2.516455650329589844e-01
4.312517046928405762e-01
5.811655521392822266e-01
4.447067379951477051e-01
5.336806774139404297e-01
3.709653615951538086e-01
5.243699550628662109e-01
6.948970556259155273e-01
3.491137623786926270e-01
3.052707314491271973e-01
3.608013689517974854e-01
1.615263670682907104e-01
3.796641826629638672e-01
4.231647849082946777e-01
2.834421396255493164e-01
2.411467134952545166e-01
3.952905535697937012e-01
5.684485435485839844e-01
2.570087015628814697e-01
1.953909695148468018e-01
1.302626281976699829e-01
4.328415989875793457e-01
3.970033526420593262e-01
3.254899084568023682e-01
3.728985190391540527e-01
4.933769106864929199e-01
5.732370615005493164e-01
2.473460137844085693e-01
4.785859286785125732e-01
3.997214436531066895e-01
7.106277346611022949e-01
3.240025043487548828e-01
4.615305066108703613e-01
3.653100728988647461e-01
4.427840411663055420e-01
1.874290704727172852e-01
4.381720423698425293e-01
5.035525560379028320e-01
3.945481181144714355e-01
3.102878928184509277e-01
2.048178911209106445e-01
5.417127609252929688e-01
3.728845417499542236e-01
4.495927095413208008e-01
2.334759831428527832e-01
6.050764322280883789e-01
2.488805800676345825e-01
6.444410085678100586e-01
3.928973078727722168e-01
5.373925566673278809e-01
3.208763599395751953e-01
6.155520677566528320e-01
5.199476480484008789e-01
5.377064943313598633e-01
4.326608479022979736e-01
4.795067608356475830e-01
5.974092483520507812e-01
3.608556389808654785e-01
2.759317755699157715e-01
4.124290049076080322e-01
6.151342988014221191e-01
5.360920429229736328e-01
4.230764508247375488e-01
2.858306765556335449e-01
2.817194461822509766e-01
2.815689444541931152e-01
3.788509368896484375e-01
2.922641038894653320e-01
3.883029818534851074e-01
4.652428627014160156e-01
3.663110136985778809e-01
3.625697195529937744e-01
2.624464631080627441e-01
3.574337959289550781e-01
3.878212571144104004e-01
6.349995136260986328e-01
2.433719933032989502e-01
5.137555003166198730e-01
5.068694353103637695e-01
6.394621133804321289e-01
6.777869462966918945e-01
2.644707262516021729e-01
6.461907029151916504e-01
6.112249493598937988e-01
4.435468316078186035e-01
3.742572069168090820e-01
5.417714715003967285e-01
3.720041811466217041e-01
2.552945017814636230e-01
3.460448980331420898e-01
3.526384830474853516e-01
3.488541245460510254e-01
3.137192130088806152e-01
4.728474020957946777e-01
4.762137532234191895e-01
3.130232095718383789e-01
4.222145080566406250e-01
3.411839306354522705e-01
5.812796354293823242e-01
3.016366660594940186e-01
1.500644981861114502e-01
4.660876095294952393e-01
4.404857456684112549e-01
3.594954609870910645e-01
6.264563798904418945e-01
4.065502882003784180e-01
4.210861921310424805e-01
4.226191937923431396e-01
2.833568155765533447e-01
4.693734049797058105e-01
5.580562353134155273e-01
4.263603985309600830e-01
5.206100344657897949e-01
5.749579668045043945e-01
4.066601097583770752e-01
3.256395459175109863e-01
4.180431962013244629e-01
4.870059490203857422e-01
3.763483166694641113e-01
4.774684607982635498e-01
4.504292905330657959e-01
3.921452164649963379e-01
2.327570617198944092e-01
4.297574460506439209e-01
3.599948287010192871e-01
4.535692036151885986e-01
3.428684473037719727e-01
3.431612849235534668e-01
2.080206871032714844e-01
3.604846298694610596e-01
3.687402009963989258e-01
6.221415996551513672e-01
4.635303616523742676e-01
3.182818293571472168e-01
3.938705623149871826e-01
4.302695393562316895e-01
4.832784533500671387e-01
3.047887682914733887e-01
2.866616845130920410e-01
3.522986471652984619e-01
3.136325180530548096e-01
2.933673858642578125e-01
4.641534388065338135e-01
2.767478823661804199e-01
3.809592127799987793e-01
2.930841147899627686e-01
2.516283094882965088e-01
5.922341346740722656e-01
3.384135961532592773e-01
2.604278028011322021e-01
5.149456262588500977e-01
4.953131079673767090e-01
3.933835029602050781e-01
2.459083497524261475e-01
3.172439932823181152e-01
6.628386974334716797e-01
