8.492410182952880859e-02
3.069629073143005371e-01
3.994859755039215088e-01
2.132095098495483398e-01
6.290121376514434814e-02
1.864485591650009155e-01
1.946853399276733398e-01
1.486942768096923828e-01
1.737741529941558838e-01
7.338833808898925781e-02
2.167893797159194946e-01
2.872745692729949951e-01
1.144477277994155884e-01
4.442403018474578857e-01
3.437631428241729736e-01
1.238095611333847046e-01
2.067366540431976318e-01
1.473281681537628174e-01
7.298313379287719727e-01
1.024942100048065186e-01
2.063369154930114746e-01
2.737291157245635986e-01
2.204439938068389893e-01
2.237554043531417847e-01
2.807435691356658936e-01
2.886949777603149414e-01
1.376227885484695435e-01
5.937385559082031250e-02
1.154712662100791931e-01
1.791985332965850830e-01
3.978280723094940186e-02
2.143155336380004883e-01
3.834755718708038330e-01
2.894266545772552490e-01
4.026950299739837646e-01
2.267316877841949463e-01
2.601756155490875244e-01
3.046142458915710449e-01
7.419250160455703735e-02
1.166446506977081299e-01
1.268981695175170898e-01
5.301572382450103760e-02
1.987593173980712891e-01
1.444914489984512329e-01
6.632399559020996094e-02
1.824951916933059692e-01
4.503209590911865234e-01
1.176303476095199585e-01
1.068881452083587646e-01
2.517649233341217041e-01
5.989382788538932800e-02
1.858139783143997192e-01
1.404570639133453369e-01
1.920540183782577515e-01
2.819488644599914551e-01
3.056556582450866699e-01
1.233858615159988403e-01
1.099307462573051453e-01
7.111416012048721313e-02
4.462146013975143433e-02
1.725294291973114014e-01
1.729505807161331177e-01
3.712480366230010986e-01
2.059246450662612915e-01
1.593271195888519287e-01
2.562545835971832275e-01
1.295939236879348755e-01
1.595609933137893677e-01
2.316423952579498291e-01
1.071663647890090942e-01
1.273373663425445557e-01
2.646539509296417236e-01
1.820714920759201050e-01
2.655613422393798828e-01
3.133522868156433105e-01
1.560363769531250000e-01
3.122499287128448486e-01
1.497882306575775146e-01
3.607099652290344238e-01
2.260304689407348633e-01
1.779411435127258301e-01
2.328120321035385132e-01
4.439439177513122559e-01
1.415132880210876465e-01
4.987710118293762207e-01
3.194028437137603760e-01
2.571245729923248291e-01
2.743976712226867676e-01
2.207411825656890869e-01
2.944849133491516113e-01
1.889506578445434570e-01
2.620874643325805664e-01
3.164423406124114990e-01
1.543643176555633545e-01
1.156406775116920471e-01
3.491013646125793457e-01
1.849839985370635986e-01
7.208241522312164307e-02
2.182824015617370605e-01
6.508553028106689453e-02
1.488176584243774414e-01
3.000626266002655029e-01
9.844743460416793823e-02
7.328190654516220093e-02
6.100808084011077881e-02
1.643055379390716553e-01
1.867499798536300659e-01
5.325259268283843994e-02
3.144146203994750977e-01
1.980529874563217163e-01
2.274753153324127197e-01
1.885452866554260254e-01
1.317299157381057739e-01
1.426560431718826294e-01
6.634628027677536011e-02
6.241686642169952393e-02
1.496610641479492188e-01
2.183980643749237061e-01
7.045464217662811279e-02
3.627196848392486572e-01
3.747844696044921875e-01
1.912877261638641357e-01
2.247204184532165527e-01
2.884340584278106689e-01
2.999281287193298340e-01
1.227845996618270874e-01
2.347113341093063354e-01
1.036433354020118713e-01
9.198589622974395752e-02
1.733302325010299683e-01
1.271075904369354248e-01
1.230778247117996216e-01
3.999429568648338318e-02
1.431139111518859863e-01
1.175493597984313965e-01
2.009728252887725830e-01
1.347886025905609131e-01
1.774366945028305054e-01
1.371597051620483398e-01
3.653751686215400696e-02
1.161922663450241089e-01
3.690118193626403809e-01
1.463684737682342529e-01
2.092813849449157715e-01
2.301095724105834961e-01
1.307513117790222168e-01
5.947650223970413208e-02
1.315500289201736450e-01
4.703373014926910400e-01
1.666526645421981812e-01
1.044354587793350220e-01
1.136326491832733154e-01
1.350142061710357666e-01
4.117151498794555664e-01
2.046487629413604736e-01
2.097246348857879639e-01
2.553611695766448975e-01
5.547580495476722717e-02
2.521025538444519043e-01
1.786581575870513916e-01
2.037925273180007935e-01
1.011536270380020142e-01
2.204209715127944946e-01
1.534450501203536987e-01
4.236410856246948242e-01
1.060461625456809998e-01
1.096003428101539612e-01
1.767977476119995117e-01
1.218159645795822144e-01
9.960266947746276855e-02
2.824879884719848633e-01
2.542363703250885010e-01
2.625341713428497314e-01
6.529751420021057129e-02
2.843782901763916016e-01
2.417869269847869873e-01
4.377563297748565674e-02
1.868099421262741089e-01
1.465012431144714355e-01
1.478442549705505371e-01
2.962704598903656006e-01
2.706162929534912109e-01
1.274013221263885498e-01
1.255317628383636475e-01
2.404190748929977417e-01
1.113804355263710022e-01
2.042053490877151489e-01
3.207172155380249023e-01
3.115784227848052979e-01
1.616351157426834106e-01
1.189791709184646606e-01
1.260671466588973999e-01
8.687952160835266113e-02
8.736868947744369507e-02
1.290564686059951782e-01
2.888779044151306152e-01
8.655112981796264648e-02
2.752292454242706299e-01
3.896575868129730225e-01
1.452622860670089722e-01
1.837179660797119141e-01
1.569028645753860474e-01
1.337170749902725220e-01
2.115460485219955444e-01
1.272169500589370728e-01
1.510544568300247192e-01
1.796025484800338745e-01
2.550978958606719971e-01
1.077711433172225952e-01
1.210059076547622681e-01
2.698167786002159119e-02
1.988170593976974487e-01
3.554713428020477295e-01
6.475675851106643677e-02
1.408795863389968872e-01
2.453807294368743896e-01
7.888008654117584229e-02
8.157193660736083984e-02
7.056196033954620361e-02
2.817313373088836670e-01
5.780297145247459412e-02
7.516792416572570801e-02
1.061405986547470093e-01
5.073935389518737793e-01
1.461521089076995850e-01
1.638676375150680542e-01
1.760862171649932861e-01
2.061312794685363770e-01
3.995378613471984863e-01
2.327511012554168701e-01
1.767552196979522705e-01
3.786516785621643066e-01
1.895975172519683838e-01
1.615494042634963989e-01
1.371482610702514648e-01
1.861996501684188843e-01
2.289987355470657349e-01
1.444485783576965332e-01
5.638010427355766296e-02
1.116393133997917175e-01
1.073879674077033997e-01
5.463635921478271484e-02
1.371772289276123047e-01
3.264716640114784241e-02
1.890194714069366455e-01
8.408059924840927124e-02
2.053264826536178589e-01
2.992998361587524414e-01
1.082102060317993164e-01
1.172309294342994690e-01
5.043600201606750488e-01
1.095237284898757935e-01
1.201469004154205322e-01
2.074618637561798096e-01
1.632872968912124634e-01
3.013346195220947266e-01
3.257090151309967041e-01
1.234039813280105591e-01
1.347350478172302246e-01
1.093025654554367065e-01
1.292182058095932007e-01
2.055158764123916626e-01
1.467385739088058472e-01
1.670932471752166748e-01
1.071861088275909424e-01
1.510159224271774292e-01
1.675187647342681885e-01
1.749991029500961304e-01
4.948264360427856445e-02
1.195928901433944702e-01
2.890158295631408691e-01
9.461611509323120117e-02
2.294699102640151978e-01
1.266547739505767822e-01
2.388449311256408691e-01
2.286553382873535156e-01
2.269497513771057129e-01
1.530561149120330811e-01
6.387327611446380615e-02
9.258086979389190674e-02
2.834775447845458984e-01
1.360625028610229492e-01
1.595729589462280273e-01
1.416472941637039185e-01
8.665019273757934570e-02
1.877592355012893677e-01
2.186418324708938599e-01
1.943764388561248779e-01
1.198003590106964111e-01
1.485821306705474854e-01
2.863368988037109375e-01
1.777202934026718140e-01
1.798467040061950684e-01
7.101209461688995361e-02
3.394052386283874512e-01
1.135274022817611694e-01
1.142545938491821289e-01
5.478591844439506531e-02
1.187826097011566162e-01
1.416079550981521606e-01
1.968941837549209595e-01
4.328607767820358276e-02
3.036234974861145020e-01
1.984737813472747803e-01
1.097794398665428162e-01
1.473890841007232666e-01
3.347944617271423340e-01
3.681714534759521484e-01
1.399863958358764648e-01
1.673764735460281372e-01
8.218414336442947388e-02
8.463948965072631836e-02
9.761428833007812500e-02
1.130424216389656067e-01
5.357172340154647827e-02
1.156110614538192749e-01
1.455437541007995605e-01
2.418617308139801025e-01
8.964609354734420776e-02
2.382849752902984619e-01
5.266448855400085449e-02
2.449186146259307861e-01
1.325298547744750977e-01
4.021412730216979980e-01
4.016920924186706543e-01
4.219433665275573730e-01
1.302217692136764526e-01
1.686321645975112915e-01
9.391970187425613403e-02
5.634863302111625671e-02
3.179762959480285645e-01
1.158105507493019104e-01
1.421228945255279541e-01
2.612732648849487305e-01
1.552516072988510132e-01
1.027517169713973999e-01
7.320562005043029785e-02
1.772554218769073486e-01
1.912260651588439941e-01
7.463865727186203003e-02
1.973365694284439087e-01
1.778191924095153809e-01
2.784507870674133301e-01
6.685601174831390381e-02
9.830054640769958496e-02
2.055754512548446655e-01
1.185869798064231873e-01
1.335405260324478149e-01
1.051017493009567261e-01
8.070152252912521362e-02
5.904352664947509766e-02
2.335521578788757324e-01
2.424794137477874756e-01
5.224794149398803711e-01
2.498093694448471069e-01
1.973976492881774902e-01
2.042507976293563843e-01
1.397169977426528931e-01
1.810145974159240723e-01
1.783713847398757935e-01
1.594979166984558105e-01
2.432888150215148926e-01
1.278126686811447144e-01
1.834877431392669678e-01
3.127537965774536133e-01
2.092453986406326294e-01
1.920279562473297119e-01
2.580299973487854004e-01
2.815388441085815430e-01
1.752445995807647705e-01
1.870355904102325439e-01
3.105263411998748779e-01
3.557157516479492188e-01
2.128706723451614380e-01
5.221987888216972351e-02
8.865728229284286499e-02
2.816746234893798828e-01
1.159238070249557495e-01
2.215269207954406738e-01
8.593164384365081787e-02
4.393551871180534363e-02
1.138138473033905029e-01
7.405046373605728149e-02
9.200651198625564575e-02
1.009279042482376099e-01
2.595704495906829834e-01
4.118858873844146729e-01
2.391480803489685059e-01
2.536387443542480469e-01
2.132075428962707520e-01
3.298184871673583984e-01
1.517856419086456299e-01
1.506372541189193726e-01
1.168162375688552856e-01
4.665974676609039307e-01
1.310960799455642700e-01
2.307780683040618896e-01
2.950578033924102783e-01
2.619594037532806396e-01
1.162637248635292053e-01
2.805278301239013672e-01
9.391093254089355469e-02
6.728941947221755981e-02
8.500242233276367188e-02
2.109471857547760010e-01
6.758413463830947876e-02
2.407163232564926147e-01
6.955315172672271729e-02
7.604414224624633789e-02
3.812292963266372681e-02
2.114633619785308838e-01
1.216703280806541443e-01
2.044453024864196777e-01
8.123707771301269531e-02
2.229767739772796631e-01
2.011643052101135254e-01
3.032115101814270020e-01
1.514326632022857666e-01
1.807843595743179321e-01
3.958475217223167419e-02
2.816184237599372864e-02
1.785297840833663940e-01
1.706566363573074341e-01
1.800198554992675781e-01
1.896530091762542725e-01
1.635941863059997559e-01
9.872572869062423706e-02
1.752926707267761230e-01
1.361721456050872803e-01
7.549498975276947021e-02
1.130217611789703369e-01
2.588453888893127441e-01
2.354406714439392090e-01
7.883778959512710571e-02
6.537247896194458008e-01
2.214511632919311523e-01
2.511555254459381104e-01
7.497233152389526367e-02
1.317220479249954224e-01
4.404287412762641907e-02
8.846078813076019287e-02
2.263328135013580322e-01
3.678726404905319214e-02
8.571929484605789185e-02
5.900080502033233643e-02
2.359489202499389648e-01
1.576714962720870972e-01
2.651768326759338379e-01
2.745074629783630371e-01
1.879750788211822510e-01
1.892911791801452637e-01
1.923637986183166504e-01
5.532680451869964600e-02
1.130856201052665710e-01
4.496058821678161621e-02
2.604315876960754395e-01
2.480671852827072144e-01
7.132386416196823120e-02
2.515681982040405273e-01
2.246661186218261719e-01
2.035099864006042480e-01
1.387735307216644287e-01
4.010388851165771484e-01
5.149807408452033997e-02
1.391679197549819946e-01
1.138628423213958740e-01
6.350957602262496948e-02
3.002975583076477051e-01
2.830201387405395508e-01
3.059021234512329102e-01
2.730552554130554199e-01
3.868511319160461426e-02
1.473169177770614624e-01
1.253532618284225464e-01
3.684503734111785889e-01
2.463077306747436523e-01
3.142656087875366211e-01
5.850245803594589233e-02
1.739795953035354614e-01
1.654036492109298706e-01
3.690413013100624084e-02
2.171744108200073242e-01
3.732129186391830444e-02
1.001953855156898499e-01
5.630268156528472900e-02
8.104255050420761108e-02
3.810314238071441650e-01
2.143447995185852051e-01
9.806247055530548096e-02
2.317820787429809570e-01
3.986438810825347900e-01
3.762017488479614258e-01
1.531598567962646484e-01
2.650890946388244629e-01
1.326605081558227539e-01
3.183984160423278809e-01
3.816814124584197998e-01
2.280083447694778442e-01
1.041213870048522949e-01
1.196588873863220215e-01
9.778898954391479492e-02
1.118183806538581848e-01
1.318440735340118408e-01
8.972265571355819702e-02
6.353631615638732910e-02
3.244358301162719727e-02
3.403365612030029297e-02
7.364696264266967773e-01
1.190272048115730286e-01
2.230907678604125977e-01
9.290216863155364990e-02
1.829562038183212280e-01
6.405498087406158447e-02
1.288301944732666016e-01
1.588100045919418335e-01
1.881751418113708496e-01
9.339767694473266602e-02
2.310831397771835327e-01
1.455761790275573730e-01
3.749180957674980164e-02
9.942685067653656006e-02
1.974916160106658936e-01
1.649027466773986816e-01
3.070573806762695312e-01
1.181203126907348633e-01
2.594153881072998047e-01
8.459740877151489258e-02
2.605563402175903320e-01
2.176731079816818237e-01
1.271893680095672607e-01
9.393594413995742798e-02
5.667601525783538818e-02
1.210278272628784180e-01
7.319273799657821655e-02
3.070507645606994629e-01
5.515251308679580688e-02
1.458861231803894043e-01
2.979084253311157227e-01
3.336400389671325684e-01
1.152758225798606873e-01
1.813450753688812256e-01
1.030555590987205505e-01
8.218812197446823120e-02
1.726091057062149048e-01
1.272130608558654785e-01
5.479708686470985413e-02
1.751330643892288208e-01
2.010161429643630981e-01
1.119084209203720093e-01
2.128011882305145264e-01
3.277525901794433594e-01
1.037825196981430054e-01
1.367565393447875977e-01
1.243966817855834961e-01
3.132136166095733643e-01
1.299498975276947021e-01
1.500801146030426025e-01
1.814394593238830566e-01
4.748404771089553833e-02
8.302800357341766357e-02
2.816874161362648010e-02
1.880939304828643799e-01
2.829978764057159424e-01
3.842166066169738770e-01
7.975032925605773926e-02
7.589159160852432251e-02
2.241052240133285522e-01
3.658104687929153442e-02
1.926829516887664795e-01
1.060182005167007446e-01
3.560388684272766113e-01
6.380542367696762085e-02
2.006360441446304321e-01
1.340145319700241089e-01
6.392544507980346680e-02
1.078365147113800049e-01
1.016628965735435486e-01
2.188602983951568604e-01
6.993858516216278076e-02
2.285059243440628052e-01
2.367632389068603516e-01
1.334904581308364868e-01
2.080128490924835205e-01
1.867313086986541748e-01
1.582539528608322144e-01
1.405285596847534180e-01
1.708435118198394775e-01
1.429135948419570923e-01
3.353587388992309570e-01
2.436221837997436523e-01
1.924366503953933716e-01
2.327528595924377441e-01
2.719108164310455322e-01
1.057372838258743286e-01
1.562243998050689697e-01
1.697630733251571655e-01
2.251447141170501709e-01
1.051134616136550903e-01
1.274241060018539429e-01
1.791099756956100464e-01
1.521330773830413818e-01
3.346639573574066162e-01
6.040778383612632751e-02
1.205872148275375366e-01
2.265520095825195312e-01
3.211424350738525391e-01
1.692529171705245972e-01
2.390997260808944702e-01
4.251705110073089600e-01
1.038689911365509033e-01
1.463236212730407715e-01
3.727125525474548340e-01
2.408583760261535645e-01
9.851942211389541626e-02
9.276973456144332886e-02
2.636506259441375732e-01
2.391388118267059326e-01
2.477823793888092041e-01
8.525951951742172241e-02
2.360610663890838623e-01
1.016746163368225098e-01
1.585982441902160645e-01
1.928790211677551270e-01
2.227446734905242920e-01
7.600576430559158325e-02
2.459517717361450195e-01
8.916501700878143311e-02
3.934862092137336731e-02
2.087462134659290314e-02
6.176203489303588867e-01
2.385666072368621826e-01
4.691195189952850342e-01
3.844813257455825806e-02
1.837351620197296143e-01
1.826301515102386475e-01
3.826245293021202087e-02
1.129907071590423584e-01
2.590208053588867188e-01
7.869290560483932495e-02
1.301335394382476807e-01
1.089285612106323242e-01
1.919248104095458984e-01
1.157520636916160583e-01
1.591119766235351562e-01
2.361153066158294678e-01
2.313030660152435303e-01
1.753436028957366943e-01
1.985029578208923340e-01
2.497484833002090454e-01
1.200704872608184814e-01
1.507062464952468872e-01
3.691478446125984192e-02
1.487764418125152588e-01
1.807618588209152222e-01
2.115019857883453369e-01
1.717505156993865967e-01
1.848992854356765747e-01
6.918093562126159668e-02
2.647937834262847900e-01
1.809131205081939697e-01
1.896136701107025146e-01
2.591570615768432617e-01
9.226471930742263794e-02
3.633781522512435913e-02
8.462673425674438477e-02
2.190288752317428589e-01
2.654863521456718445e-02
5.714429169893264771e-02
1.834222227334976196e-01
2.241456508636474609e-01
4.515943229198455811e-01
1.044338196516036987e-01
1.674303561449050903e-01
1.585151553153991699e-01
3.205853402614593506e-01
3.468162417411804199e-01
3.259590566158294678e-01
1.114161089062690735e-01
3.487339019775390625e-01
6.898920238018035889e-02
2.520007789134979248e-01
6.127326190471649170e-02
1.997532546520233154e-01
3.845122084021568298e-02
3.612855076789855957e-02
2.758487761020660400e-01
5.036393553018569946e-02
4.889334738254547119e-02
1.882477104663848877e-01
8.752620220184326172e-02
2.126732170581817627e-01
1.876796633005142212e-01
3.443941473960876465e-01
1.731978505849838257e-01
8.989907056093215942e-02
1.267368197441101074e-01
2.798195779323577881e-01
1.570058017969131470e-01
7.753713428974151611e-02
3.250045180320739746e-01
2.018959373235702515e-01
1.383663713932037354e-01
2.647451460361480713e-01
3.225859105587005615e-01
2.354388087987899780e-01
1.227202489972114563e-01
1.320593953132629395e-01
2.056387662887573242e-01
5.710593238472938538e-02
1.520545333623886108e-01
6.876274943351745605e-02
4.384883493185043335e-02
3.408206403255462646e-01
1.979121863842010498e-01
3.596672043204307556e-02
1.596028506755828857e-01
1.126744449138641357e-01
1.307798922061920166e-01
2.035780847072601318e-01
1.549237668514251709e-01
1.012410521507263184e-01
4.249425977468490601e-02
5.217088758945465088e-02
1.365102082490921021e-01
5.460776090621948242e-01
1.339165270328521729e-01
1.377203464508056641e-01
5.367597565054893494e-02
8.000937104225158691e-02
1.213783770799636841e-01
4.130245745182037354e-02
3.634679317474365234e-02
6.083808839321136475e-02
2.031259536743164062e-01
5.084969401359558105e-01
1.216348409652709961e-01
5.854375958442687988e-01
1.592725813388824463e-01
2.191228270530700684e-01
3.448580801486968994e-01
1.267895698547363281e-01
1.102510392665863037e-01
1.654045432806015015e-01
3.398079052567481995e-02
1.852824389934539795e-01
1.339074224233627319e-01
1.591318249702453613e-01
2.543765306472778320e-01
1.470210701227188110e-01
1.816325187683105469e-01
1.908422112464904785e-01
2.608738839626312256e-01
1.033387258648872375e-01
1.598625779151916504e-01
5.962168797850608826e-02
1.900262385606765747e-01
5.311274528503417969e-02
1.391579657793045044e-01
1.500209569931030273e-01
8.325624465942382812e-02
1.320965290069580078e-01
1.684944182634353638e-01
2.001527398824691772e-01
5.086317658424377441e-02
1.286785453557968140e-01
3.656056523323059082e-02
1.200063675642013550e-01
1.775372922420501709e-01
4.908922314643859863e-01
2.906807065010070801e-01
2.107591032981872559e-01
1.058166623115539551e-01
1.307433098554611206e-01
1.377794891595840454e-01
9.781937301158905029e-02
2.076604515314102173e-01
1.563502401113510132e-01
4.777416586875915527e-02
1.441903859376907349e-01
1.282128989696502686e-01
1.005165576934814453e-01
2.546383738517761230e-01
9.964067488908767700e-02
9.138337522745132446e-02
1.492361128330230713e-01
2.172188013792037964e-01
2.567985057830810547e-01
2.012727856636047363e-01
6.772786378860473633e-02
6.483255326747894287e-02
3.177446871995925903e-02
1.370145529508590698e-01
8.752971887588500977e-02
7.170103490352630615e-02
1.189340576529502869e-01
3.982267156243324280e-02
9.747989475727081299e-02
3.525304421782493591e-02
1.830070763826370239e-01
3.367136120796203613e-01
2.221036553382873535e-01
2.676202058792114258e-01
5.234863981604576111e-02
1.522633880376815796e-01
1.646422445774078369e-01
3.033451437950134277e-01
2.925968468189239502e-01
1.104559600353240967e-01
1.651440262794494629e-01
1.491900980472564697e-01
1.208920329809188843e-01
7.133212685585021973e-02
1.199757307767868042e-01
1.613678932189941406e-01
1.502294093370437622e-01
2.725817561149597168e-01
1.200682446360588074e-01
2.458672374486923218e-01
1.230863854289054871e-01
2.315860539674758911e-01
7.909545302391052246e-02
1.099546030163764954e-01
3.419960439205169678e-01
8.784893900156021118e-02
2.598212957382202148e-01
1.399053931236267090e-01
1.141093522310256958e-01
2.521569728851318359e-01
1.010110825300216675e-01
9.979739785194396973e-02
9.275234490633010864e-02
1.221513077616691589e-01
3.030270934104919434e-01
7.061569392681121826e-02
5.742804706096649170e-02
9.466401487588882446e-02
3.272154331207275391e-01
1.773719787597656250e-01
2.240188121795654297e-01
4.113835692405700684e-01
1.101446300745010376e-01
3.100911974906921387e-01
1.123694181442260742e-01
1.040198802947998047e-01
3.426571488380432129e-01
3.471544086933135986e-01
5.518470704555511475e-02
9.201432764530181885e-02
1.287148445844650269e-01
1.431592106819152832e-01
6.796781718730926514e-02
1.865954995155334473e-01
1.831586956977844238e-01
3.201592564582824707e-01
3.057101666927337646e-01
1.399050056934356689e-01
2.130192369222640991e-01
2.494413554668426514e-01
1.387064009904861450e-01
1.550210714340209961e-01
1.755287051200866699e-01
2.123086750507354736e-01
5.759837478399276733e-02
1.825572103261947632e-01
3.847112506628036499e-02
1.990956515073776245e-01
1.175747364759445190e-01
1.462933421134948730e-01
1.863454282283782959e-01
2.099903225898742676e-01
7.926104962825775146e-02
2.050167024135589600e-01
1.639625430107116699e-01
9.741315990686416626e-02
1.840027868747711182e-01
1.480465680360794067e-01
2.064656764268875122e-01
2.362624853849411011e-01
2.442812323570251465e-01
1.229660809040069580e-01
1.845454573631286621e-01
7.168842852115631104e-02
1.015572324395179749e-01
1.459669172763824463e-01
1.827517300844192505e-01
1.308400481939315796e-01
3.345459103584289551e-01
2.818682789802551270e-01
2.801514267921447754e-01
2.278795540332794189e-01
1.110224276781082153e-01
9.580601751804351807e-02
1.179385930299758911e-01
2.828583717346191406e-01
2.234812229871749878e-01
2.792516946792602539e-01
2.239401042461395264e-01
2.759650349617004395e-01
7.884637266397476196e-02
9.873121231794357300e-02
2.653884291648864746e-01
9.913698583841323853e-02
2.446038573980331421e-01
1.335638463497161865e-01
2.632841467857360840e-01
2.525342702865600586e-01
1.086965277791023254e-01
2.919342815876007080e-01
1.555832028388977051e-01
1.191427260637283325e-01
1.285732388496398926e-01
1.879247874021530151e-01
6.257477402687072754e-02
3.670361638069152832e-01
2.854057848453521729e-01
1.223069280385971069e-01
1.616681218147277832e-01
1.671980619430541992e-01
1.986812055110931396e-01
2.929286062717437744e-01
5.764707177877426147e-02
1.224968135356903076e-01
1.135435700416564941e-01
2.313334345817565918e-01
2.186879664659500122e-01
1.056969910860061646e-01
1.443015336990356445e-01
1.094002425670623779e-01
1.745274066925048828e-01
1.036678329110145569e-01
2.097176313400268555e-01
1.484726220369338989e-01
2.291921079158782959e-01
1.633838117122650146e-01
1.832989156246185303e-01
1.927470862865447998e-01
1.070191264152526855e-01
1.160376965999603271e-01
9.683830291032791138e-02
1.897011697292327881e-01
1.741510331630706787e-01
5.405685305595397949e-01
1.442943513393402100e-01
2.911031842231750488e-01
8.310971409082412720e-02
2.146152853965759277e-01
2.403988689184188843e-01
2.219393998384475708e-01
2.618371546268463135e-01
9.653201699256896973e-02
1.368050277233123779e-01
3.758303076028823853e-02
2.487053163349628448e-02
5.118293687701225281e-02
4.768398404121398926e-01
1.620891317725181580e-02
1.618145108222961426e-01
5.163301229476928711e-01
1.465989947319030762e-01
8.572940528392791748e-02
3.630424737930297852e-01
4.878575727343559265e-02
7.640750706195831299e-02
1.028366684913635254e-01
1.370834112167358398e-01
2.032001912593841553e-01
7.689446210861206055e-02
2.931476235389709473e-01
2.623201608657836914e-01
9.084862470626831055e-02
1.798039972782135010e-01
4.424288123846054077e-02
3.318169116973876953e-01
3.482954949140548706e-02
2.797468602657318115e-01
2.158247232437133789e-01
1.806148588657379150e-01
1.792440563440322876e-01
1.041364595293998718e-01
3.750079274177551270e-01
2.505444586277008057e-01
8.554472029209136963e-02
1.132995560765266418e-01
1.093358919024467468e-01
2.877543568611145020e-01
2.699534893035888672e-01
4.190342500805854797e-02
1.964261829853057861e-01
2.203365415334701538e-01
2.041781544685363770e-01
1.311352699995040894e-01
9.122777730226516724e-02
1.500212550163269043e-01
8.203707635402679443e-02
2.552756071090698242e-01
1.226141080260276794e-01
2.460715025663375854e-01
2.520360052585601807e-01
4.500902444124221802e-02
8.803561329841613770e-02
1.846214830875396729e-01
8.009617030620574951e-02
4.144883155822753906e-02
1.540202200412750244e-01
1.977752596139907837e-01
1.381991803646087646e-01
8.630399405956268311e-02
7.822397947311401367e-01
3.192974328994750977e-01
2.266393899917602539e-01
4.048553705215454102e-01
1.860243976116180420e-01
2.437438219785690308e-01
7.156174629926681519e-02
1.194607689976692200e-01
1.015983670949935913e-01
1.465236693620681763e-01
1.341474950313568115e-01
7.513671368360519409e-02
1.605627387762069702e-01
4.192507863044738770e-01
9.264762699604034424e-02
4.349391758441925049e-01
2.728533744812011719e-01
1.537052690982818604e-01
1.121645122766494751e-01
1.462897509336471558e-01
2.421304434537887573e-01
2.813670635223388672e-01
1.756314039230346680e-01
3.926558420062065125e-02
4.058110713958740234e-01
9.314521402120590210e-02
3.286964893341064453e-01
1.339735090732574463e-01
1.633475720882415771e-01
1.449128091335296631e-01
2.031498551368713379e-01
1.522826254367828369e-01
2.229514271020889282e-01
9.351175278425216675e-02
3.961613178253173828e-01
3.340700268745422363e-01
2.686576843261718750e-01
4.223232343792915344e-02
5.970842391252517700e-02
4.751388356089591980e-02
3.458748012781143188e-02
1.522119492292404175e-01
7.312920689582824707e-02
1.358610689640045166e-01
1.008965000510215759e-01
1.682664155960083008e-01
4.609667509794235229e-02
1.193395107984542847e-01
9.337086230516433716e-02
4.974885657429695129e-02
2.589693665504455566e-01
3.133125230669975281e-02
2.076331526041030884e-01
6.013280898332595825e-02
7.893165946006774902e-02
1.982404440641403198e-01
2.992062568664550781e-01
6.480929255485534668e-02
7.397165894508361816e-02
1.661707311868667603e-01
3.342518210411071777e-02
3.084803223609924316e-01
1.009062826633453369e-01
7.010647654533386230e-02
1.318846493959426880e-01
1.295442581176757812e-01
7.988056540489196777e-02
2.090258747339248657e-01
9.682025760412216187e-02
3.214559704065322876e-02
3.534225225448608398e-01
7.218350470066070557e-02
1.703594624996185303e-01
2.897865772247314453e-01
2.304123193025588989e-01
4.051980748772621155e-02
1.408456861972808838e-01
1.611323356628417969e-01
4.702173173427581787e-02
9.963747113943099976e-02
1.335402131080627441e-01
2.340341210365295410e-01
1.869873553514480591e-01
1.911543905735015869e-01
6.904051452875137329e-02
3.353219032287597656e-01
6.936302036046981812e-02
1.357022672891616821e-01
2.825187742710113525e-01
1.501489877700805664e-01
5.254339799284934998e-02
1.019506528973579407e-01
1.809210628271102905e-01
1.787269562482833862e-01
1.670919209718704224e-01
1.087481975555419922e-01
2.907607555389404297e-01
1.093105971813201904e-01
9.110761433839797974e-02
2.352046221494674683e-01
8.983466029167175293e-02
2.046332806348800659e-01
1.181595772504806519e-01
8.475151658058166504e-02
4.228187352418899536e-02
2.174161970615386963e-01
2.444826960563659668e-01
2.645987272262573242e-01
4.246681332588195801e-01
9.030482918024063110e-02
1.810763031244277954e-01
2.070813328027725220e-01
1.143164038658142090e-01
2.350681424140930176e-01
2.886332273483276367e-01
2.745502591133117676e-01
1.923193931579589844e-01
2.296071946620941162e-01
1.685777902603149414e-01
3.322932720184326172e-01
2.971686720848083496e-01
1.759413480758666992e-01
1.833127886056900024e-01
8.276712149381637573e-02
1.121363490819931030e-01
1.552824378013610840e-01
1.187650710344314575e-01
7.117074728012084961e-02
4.179601743817329407e-02
1.195722371339797974e-01
2.405311167240142822e-02
3.227193355560302734e-01
2.367957383394241333e-01
4.935237765312194824e-02
3.717850744724273682e-01
1.409129947423934937e-01
3.863482922315597534e-02
3.238914906978607178e-01
2.286696434020996094e-01
4.770241677761077881e-02
2.862522006034851074e-02
1.930177807807922363e-01
2.138848006725311279e-01
3.243903815746307373e-02
4.288284853100776672e-02
1.498541533946990967e-01
2.422888725996017456e-01
1.422987133264541626e-01
3.340410590171813965e-01
7.876333594322204590e-02
3.798656761646270752e-01
1.767022013664245605e-01
2.692380249500274658e-01
8.743509650230407715e-02
1.195371448993682861e-01
4.027260094881057739e-02
1.126682609319686890e-01
2.791551351547241211e-01
1.230282559990882874e-01
8.808571100234985352e-02
2.481108009815216064e-01
1.327926069498062134e-01
2.393941581249237061e-01
1.288171708583831787e-01
1.629956662654876709e-01
2.182745337486267090e-01
1.910431832075119019e-01
1.391509771347045898e-01
7.523570954799652100e-02
1.639153957366943359e-01
9.847754240036010742e-02
1.058965101838111877e-01
1.289768368005752563e-01
1.309949904680252075e-01
2.401377856731414795e-01
1.342911124229431152e-01
1.437566429376602173e-01
1.135898679494857788e-01
2.650976181030273438e-01
7.870975136756896973e-02
3.646082878112792969e-01
3.945148885250091553e-01
2.324175089597702026e-01
2.182478457689285278e-01
2.643906176090240479e-01
2.853859066963195801e-01
1.997367292642593384e-01
2.199193686246871948e-01
2.635947465896606445e-01
1.449161767959594727e-01
1.665277332067489624e-01
2.332646250724792480e-01
5.716729164123535156e-02
2.406716197729110718e-01
2.897421717643737793e-01
3.403412997722625732e-01
1.148378625512123108e-01
2.360702902078628540e-01
2.394489943981170654e-01
1.958593428134918213e-01
1.137850135564804077e-01
3.219718635082244873e-01
1.200409531593322754e-01
5.408661067485809326e-02
1.891363859176635742e-01
1.075870692729949951e-01
1.101273894309997559e-01
6.201022118330001831e-02
1.468387693166732788e-01
1.658087968826293945e-01
7.968676090240478516e-02
1.238192245364189148e-01
9.212625771760940552e-02
3.237005472183227539e-01
9.689583629369735718e-02
1.317330300807952881e-01
7.985731214284896851e-02
1.049718558788299561e-01
1.175376027822494507e-01
2.994924187660217285e-01
1.277909874916076660e-01
1.176487952470779419e-01
1.602331250905990601e-01
1.306855678558349609e-01
1.055740118026733398e-01
1.078075543045997620e-01
1.645879447460174561e-01
1.222690418362617493e-01
9.811388701200485229e-02
2.870463728904724121e-01
6.579146534204483032e-02
5.981506407260894775e-02
1.491718441247940063e-01
2.277541905641555786e-01
2.651468217372894287e-01
8.611553907394409180e-02
2.855011224746704102e-01
4.306477904319763184e-01
7.643325626850128174e-02
