1.796893775463104248e-01
1.333200633525848389e-01
5.349466577172279358e-02
1.228710487484931946e-01
2.110245525836944580e-01
3.769547641277313232e-01
1.990635246038436890e-01
2.552218139171600342e-01
3.584381565451622009e-02
6.118151918053627014e-02
9.637132287025451660e-02
1.986279189586639404e-01
5.015053227543830872e-02
1.302823126316070557e-01
7.659193128347396851e-02
1.024876832962036133e-01
3.548650741577148438e-01
2.345274537801742554e-01
1.030641198158264160e-01
2.799031436443328857e-01
2.206441909074783325e-01
2.211165130138397217e-01
1.502487957477569580e-01
6.056124716997146606e-02
2.091489732265472412e-01
2.128997892141342163e-01
5.975550413131713867e-02
4.755629971623420715e-02
2.656038403511047363e-01
9.549093246459960938e-02
9.361515939235687256e-02
1.837245225906372070e-01
2.730274796485900879e-01
2.586565613746643066e-01
3.191497325897216797e-01
3.890601098537445068e-01
2.688147425651550293e-01
2.311420887708663940e-01
6.834140419960021973e-02
2.733312547206878662e-01
1.875690370798110962e-01
1.318397819995880127e-01
2.614855170249938965e-01
6.023295596241950989e-02
3.352561891078948975e-01
1.505348980426788330e-01
2.029732912778854370e-01
1.453854143619537354e-01
1.827528476715087891e-01
2.030128538608551025e-01
6.665053963661193848e-02
7.133591175079345703e-02
5.251821279525756836e-01
1.604703664779663086e-01
2.169417291879653931e-01
2.228528112173080444e-01
3.707486093044281006e-01
2.492034286260604858e-01
4.900615215301513672e-01
2.661831378936767578e-01
2.073138356208801270e-01
4.364696741104125977e-01
2.433023154735565186e-01
2.344724535942077637e-01
2.192881405353546143e-01
5.589488148689270020e-02
3.560718894004821777e-01
1.555980145931243896e-01
1.213149130344390869e-01
9.438939392566680908e-02
8.823624253273010254e-02
3.532491326332092285e-01
1.515774428844451904e-01
4.766558483242988586e-02
2.014197707176208496e-01
1.786786317825317383e-01
7.444731891155242920e-02
1.172186061739921570e-01
4.636269509792327881e-01
2.831276059150695801e-01
9.889051318168640137e-02
1.288241446018218994e-01
7.934387028217315674e-02
2.332623600959777832e-01
1.661917865276336670e-01
7.543039321899414062e-02
2.147418260574340820e-01
2.060100436210632324e-01
5.203670859336853027e-01
9.691657125949859619e-02
1.435680687427520752e-01
1.727409064769744873e-01
1.781440526247024536e-01
2.075852602720260620e-01
3.462585210800170898e-01
3.133331239223480225e-01
2.356980293989181519e-01
1.181967779994010925e-01
2.459464073181152344e-01
1.877498328685760498e-01
7.651685178279876709e-02
2.081833034753799438e-01
3.700316548347473145e-01
2.313519716262817383e-01
1.203388720750808716e-01
2.789475619792938232e-01
2.747490108013153076e-01
3.987588286399841309e-01
2.802064418792724609e-01
3.568689227104187012e-01
1.780013740062713623e-01
6.421297788619995117e-02
1.901127696037292480e-01
1.702586561441421509e-01
2.657775878906250000e-01
5.642168968915939331e-02
4.168304800987243652e-01
5.964140221476554871e-02
2.131047844886779785e-01
1.032211035490036011e-01
2.612131834030151367e-01
1.089112758636474609e-01
2.087342441082000732e-01
1.704728901386260986e-01
2.089441418647766113e-01
3.426531255245208740e-01
1.364416480064392090e-01
1.552877426147460938e-01
6.591982394456863403e-02
1.947270035743713379e-01
3.141254186630249023e-01
1.526339352130889893e-01
1.645765006542205811e-01
6.025694310665130615e-02
8.917702734470367432e-02
2.792626023292541504e-01
2.332103848457336426e-01
2.459334731101989746e-01
6.194397211074829102e-01
3.070639073848724365e-01
1.937254220247268677e-01
3.326579630374908447e-01
1.763300299644470215e-01
3.455997109413146973e-01
9.194085001945495605e-02
2.420039772987365723e-01
3.477756679058074951e-01
1.987269818782806396e-01
2.333925366401672363e-01
1.326040178537368774e-01
4.720820784568786621e-01
1.388122886419296265e-01
1.877942383289337158e-01
2.291034311056137085e-01
3.136451244354248047e-01
1.437035501003265381e-01
1.516388356685638428e-01
1.436496675014495850e-01
1.633173674345016479e-01
2.103371769189834595e-01
1.789484769105911255e-01
3.746390342712402344e-01
9.741762280464172363e-02
2.552872598171234131e-01
2.883953452110290527e-01
2.593054473400115967e-01
5.469497665762901306e-02
6.106492280960083008e-01
1.796693354845046997e-01
3.742664679884910583e-02
1.413040459156036377e-01
2.681142091751098633e-01
4.218892753124237061e-01
2.704746425151824951e-01
2.403430342674255371e-01
3.563145697116851807e-01
2.556071579456329346e-01
3.237822949886322021e-01
2.429919540882110596e-01
1.551024615764617920e-01
7.392273098230361938e-02
1.116366088390350342e-01
5.109399557113647461e-02
1.797298491001129150e-01
6.392624974250793457e-02
1.342900842428207397e-01
1.348816603422164917e-01
2.883730530738830566e-01
2.253814637660980225e-01
3.054531216621398926e-01
8.647025376558303833e-02
1.954953670501708984e-01
2.071831822395324707e-01
1.343914121389389038e-01
3.833583593368530273e-01
4.896169155836105347e-02
3.317027688026428223e-01
7.232606410980224609e-02
1.107567697763442993e-01
1.149350106716156006e-01
3.563953638076782227e-01
1.045550256967544556e-01
2.223771512508392334e-01
2.530384659767150879e-01
1.814254373311996460e-01
3.390516042709350586e-01
9.351290762424468994e-02
1.788797676563262939e-01
2.978518903255462646e-01
2.243381887674331665e-01
1.032811924815177917e-01
2.145452350378036499e-01
2.127447426319122314e-01
1.675482839345932007e-01
3.386130928993225098e-01
1.548386961221694946e-01
3.047791421413421631e-01
2.381733953952789307e-01
2.445984184741973877e-01
2.145823836326599121e-01
3.906254768371582031e-01
3.191030025482177734e-01
1.029396802186965942e-01
2.681559920310974121e-01
2.616351246833801270e-01
2.132639586925506592e-01
2.097066044807434082e-01
1.568362116813659668e-01
7.732187956571578979e-02
3.195095956325531006e-01
1.536918878555297852e-01
5.341356992721557617e-02
5.128875747323036194e-02
1.328196525573730469e-01
1.241997480392456055e-01
1.032304465770721436e-01
2.525216042995452881e-01
4.053202867507934570e-01
2.316204607486724854e-01
1.098125949501991272e-01
1.184411048889160156e-01
4.543551802635192871e-02
2.075638771057128906e-01
1.486263275146484375e-01
2.645840644836425781e-01
2.356189787387847900e-01
2.314775586128234863e-01
3.876803219318389893e-01
2.473170608282089233e-01
3.704721927642822266e-01
1.021621227264404297e-01
1.550966352224349976e-01
2.047850042581558228e-01
3.460849821567535400e-01
2.787987589836120605e-01
1.964626908302307129e-01
1.892043352127075195e-01
4.736261814832687378e-02
7.747060060501098633e-02
7.945150136947631836e-02
1.731027960777282715e-01
2.484183013439178467e-01
3.447658121585845947e-01
5.224829912185668945e-01
1.131914407014846802e-01
5.547734722495079041e-02
1.883818507194519043e-01
3.538826107978820801e-01
1.819174289703369141e-01
1.719430088996887207e-01
2.972189784049987793e-01
2.143158465623855591e-01
2.711663246154785156e-01
1.735150814056396484e-01
1.399241387844085693e-01
1.465013325214385986e-01
5.126831531524658203e-01
2.170933634042739868e-01
1.829652488231658936e-01
1.526614427566528320e-01
1.863555610179901123e-01
1.623848974704742432e-01
9.161625057458877563e-02
2.392363846302032471e-01
1.082686558365821838e-01
1.511898785829544067e-01
5.473562330007553101e-02
2.051749378442764282e-01
2.304792702198028564e-01
4.856186360120773315e-02
3.386105895042419434e-01
3.760470449924468994e-01
2.259264588356018066e-01
3.803620934486389160e-01
4.119370877742767334e-01
1.752538532018661499e-01
3.805353045463562012e-01
1.950843334197998047e-01
7.652948051691055298e-02
3.737841248512268066e-01
2.331316471099853516e-01
1.196766942739486694e-01
2.223402857780456543e-01
2.254218161106109619e-01
1.548630595207214355e-01
1.462636888027191162e-01
1.085419356822967529e-01
3.631431236863136292e-02
1.118498295545578003e-01
1.450819671154022217e-01
1.437412798404693604e-01
1.220202520489692688e-01
2.981151640415191650e-01
1.207274422049522400e-01
2.421874850988388062e-01
2.197131961584091187e-01
1.795638352632522583e-01
3.463824391365051270e-01
1.325488090515136719e-01
2.546706497669219971e-01
2.225740104913711548e-01
1.977577209472656250e-01
1.697868406772613525e-01
1.783676743507385254e-01
1.913479566574096680e-01
1.712319701910018921e-01
3.636395633220672607e-01
1.797351539134979248e-01
7.263588905334472656e-02
2.620539367198944092e-01
1.034455001354217529e-01
3.612803220748901367e-01
1.111929118633270264e-01
3.299489021301269531e-01
2.147627770900726318e-01
2.634416222572326660e-01
2.255250811576843262e-01
2.610103487968444824e-01
1.725029051303863525e-01
3.188036978244781494e-01
1.348620206117630005e-01
2.891355752944946289e-01
2.250287681818008423e-01
2.646938860416412354e-01
1.482033133506774902e-01
3.146787881851196289e-01
2.733864188194274902e-01
1.279207617044448853e-01
1.644113212823867798e-01
8.808644860982894897e-02
7.762124389410018921e-02
2.152928411960601807e-01
1.234951987862586975e-01
3.173786997795104980e-01
2.813615202903747559e-01
1.589818596839904785e-01
2.144460231065750122e-01
1.713288426399230957e-01
1.850181519985198975e-01
1.204325705766677856e-01
1.174569129943847656e-01
3.298722505569458008e-01
5.872089266777038574e-01
5.521959811449050903e-02
3.422601222991943359e-01
5.548896640539169312e-02
2.392189353704452515e-01
5.831331759691238403e-02
2.467831075191497803e-01
2.841836512088775635e-01
2.259563207626342773e-01
2.315216660499572754e-01
1.202630177140235901e-01
1.022559702396392822e-01
4.331604242324829102e-01
8.749119937419891357e-02
1.692720800638198853e-01
4.168141782283782959e-01
2.409493625164031982e-01
1.889835596084594727e-01
2.554818987846374512e-01
1.805322319269180298e-01
1.976448297500610352e-01
4.322443306446075439e-01
4.934036135673522949e-01
2.648974359035491943e-01
3.412742912769317627e-01
3.362839221954345703e-01
6.032557040452957153e-02
3.516021668910980225e-01
1.630988717079162598e-01
1.055847406387329102e-01
3.142549693584442139e-01
1.204349473118782043e-01
1.474141329526901245e-01
3.076015710830688477e-01
2.290899455547332764e-01
1.244048550724983215e-01
9.498720616102218628e-02
1.189886182546615601e-01
8.577744662761688232e-02
2.550319731235504150e-01
3.470662832260131836e-01
2.785386443138122559e-01
3.366789221763610840e-01
6.693764030933380127e-02
2.237406671047210693e-01
1.813582628965377808e-01
1.584969758987426758e-01
1.925031244754791260e-01
2.400764226913452148e-01
1.586589217185974121e-01
1.047118976712226868e-01
2.731929123401641846e-01
1.939045786857604980e-01
1.095919311046600342e-01
3.055990040302276611e-01
4.730694293975830078e-01
2.914257645606994629e-01
1.722800582647323608e-01
1.449609249830245972e-01
3.273188173770904541e-01
1.410236954689025879e-01
1.422952860593795776e-01
1.285873651504516602e-01
1.720582842826843262e-01
2.345061749219894409e-01
1.761274188756942749e-01
1.637152284383773804e-01
1.628298759460449219e-01
1.388167738914489746e-01
5.014007687568664551e-01
1.657817661762237549e-01
1.626595556735992432e-01
2.161141037940979004e-01
2.602937221527099609e-01
2.016952037811279297e-01
1.091698110103607178e-01
9.289985895156860352e-02
1.801720410585403442e-01
1.776085197925567627e-01
2.058415710926055908e-01
1.363185942173004150e-01
3.382274210453033447e-01
1.637633442878723145e-01
8.835739642381668091e-02
1.366798579692840576e-01
2.880350351333618164e-01
5.533489212393760681e-02
2.301141172647476196e-01
1.446212381124496460e-01
7.065749168395996094e-02
4.893936812877655029e-01
3.683597221970558167e-02
9.756359457969665527e-02
4.015776813030242920e-01
6.981277465820312500e-02
5.881565436720848083e-02
1.320145875215530396e-01
3.014959692955017090e-01
4.300923347473144531e-01
4.365213811397552490e-01
2.662390172481536865e-01
5.599790066480636597e-02
2.459403276443481445e-01
8.685319125652313232e-02
2.501732110977172852e-01
3.994610533118247986e-02
9.374666959047317505e-02
2.752721309661865234e-01
2.278785854578018188e-01
1.743302643299102783e-01
2.824067473411560059e-01
6.361607313156127930e-01
2.498642802238464355e-01
8.681686222553253174e-02
2.086883038282394409e-01
1.571670025587081909e-01
2.909708321094512939e-01
2.818537056446075439e-01
1.572476476430892944e-01
3.652922809123992920e-01
1.135589703917503357e-01
1.913466602563858032e-01
2.437109351158142090e-01
1.899046748876571655e-01
2.059746086597442627e-01
3.812505602836608887e-01
6.766317784786224365e-02
1.560476422309875488e-01
1.250945478677749634e-01
2.283733189105987549e-01
2.067844271659851074e-01
2.346699386835098267e-01
1.899251639842987061e-01
1.999916732311248779e-01
1.660888046026229858e-01
1.341621279716491699e-01
1.565963029861450195e-01
2.984216213226318359e-01
1.226397305727005005e-01
7.228752970695495605e-02
1.249863505363464355e-01
3.791847825050354004e-01
1.385941505432128906e-01
2.867986857891082764e-01
2.336694300174713135e-01
2.526921927928924561e-01
1.025078296661376953e-01
8.694195002317428589e-02
1.653279364109039307e-01
1.789010018110275269e-01
1.208813115954399109e-01
3.168862462043762207e-01
2.917017936706542969e-01
4.724020957946777344e-01
5.115468055009841919e-02
1.811798214912414551e-01
2.691001296043395996e-01
2.001806795597076416e-01
2.026546299457550049e-01
2.912315726280212402e-01
7.722961902618408203e-02
8.598975837230682373e-02
3.542540669441223145e-01
3.087470531463623047e-01
1.957000941038131714e-01
3.078698813915252686e-01
2.915448844432830811e-01
2.052510082721710205e-01
3.228795528411865234e-01
1.576402485370635986e-01
5.904927849769592285e-02
1.622678637504577637e-01
2.410417795181274414e-01
2.026817202568054199e-01
1.127867996692657471e-01
2.052305936813354492e-01
8.945033699274063110e-02
2.370058745145797729e-01
1.064799278974533081e-01
2.349202483892440796e-01
4.195904135704040527e-01
2.554818987846374512e-01
9.231232851743698120e-02
4.189407527446746826e-01
2.865217924118041992e-01
1.218858435750007629e-01
2.063574045896530151e-01
2.515743076801300049e-01
1.589824855327606201e-01
3.874529600143432617e-01
1.085830926895141602e-01
1.863440275192260742e-01
2.740915119647979736e-01
9.601701796054840088e-02
1.694654673337936401e-01
2.525491714477539062e-01
2.830736637115478516e-01
2.457899451255798340e-01
2.733546495437622070e-01
3.422982692718505859e-01
2.145737260580062866e-01
9.198865294456481934e-02
2.081623673439025879e-01
1.770931184291839600e-01
1.706264615058898926e-01
3.108101710677146912e-02
1.886632442474365234e-01
2.119923233985900879e-01
3.924274444580078125e-01
1.606759130954742432e-01
1.834280192852020264e-01
1.485324352979660034e-01
1.826105415821075439e-01
2.941137254238128662e-01
5.144654214382171631e-02
2.739639878273010254e-01
9.002053737640380859e-02
1.980433464050292969e-01
8.660447597503662109e-02
2.636016011238098145e-01
2.218666374683380127e-01
2.519439756870269775e-01
1.998294293880462646e-01
1.550096571445465088e-01
1.267633587121963501e-01
1.358152031898498535e-01
1.010541468858718872e-01
2.171408534049987793e-01
2.461715638637542725e-01
1.397814154624938965e-01
1.816989928483963013e-01
2.187637388706207275e-01
1.991287171840667725e-01
1.281479597091674805e-01
1.927330195903778076e-01
1.341538876295089722e-01
1.785419434309005737e-01
1.989238709211349487e-01
3.399578928947448730e-01
6.621004641056060791e-02
2.737160921096801758e-01
7.517993450164794922e-02
2.756487131118774414e-01
3.513678908348083496e-01
1.048278212547302246e-01
9.386643022298812866e-02
1.168425232172012329e-01
2.264069318771362305e-01
3.186536133289337158e-01
3.200708031654357910e-01
2.705518305301666260e-01
1.011962294578552246e-01
3.164201676845550537e-01
2.093378603458404541e-01
3.123106360435485840e-01
1.805111020803451538e-01
2.830798923969268799e-01
9.938742965459823608e-02
2.034233957529067993e-01
1.444948464632034302e-01
1.470223963260650635e-01
1.714000403881072998e-01
5.842045322060585022e-02
1.020351201295852661e-01
4.620985090732574463e-01
9.566723555326461792e-02
9.418520331382751465e-02
4.578390121459960938e-01
2.984311878681182861e-01
1.780028045177459717e-01
1.568232178688049316e-01
2.679840922355651855e-01
6.793332099914550781e-02
1.675503551959991455e-01
2.204160243272781372e-01
1.692599207162857056e-01
1.105415970087051392e-01
2.336748540401458740e-01
2.165830284357070923e-01
2.118977904319763184e-01
3.542461097240447998e-01
7.784193754196166992e-02
2.465136051177978516e-01
6.246649473905563354e-02
1.681454777717590332e-01
3.730371594429016113e-01
1.258480846881866455e-01
8.876348286867141724e-02
2.187044769525527954e-01
2.821212410926818848e-01
1.347731798887252808e-01
1.836013495922088623e-01
4.174560308456420898e-01
7.044436782598495483e-02
1.118496805429458618e-01
2.144001573324203491e-01
2.633475661277770996e-01
1.324188262224197388e-01
2.433614432811737061e-01
2.510290741920471191e-01
1.678260862827301025e-01
2.423359453678131104e-01
1.383503973484039307e-01
9.893888980150222778e-02
1.920334696769714355e-01
2.111179828643798828e-01
2.037493884563446045e-01
1.135011389851570129e-01
1.006542220711708069e-01
8.699005842208862305e-02
5.838663503527641296e-02
4.589573442935943604e-01
4.166213274002075195e-01
8.005975186824798584e-02
3.277809917926788330e-01
1.494269520044326782e-01
1.249602362513542175e-01
2.532401978969573975e-01
6.371924281120300293e-02
1.199042648077011108e-01
1.213834285736083984e-01
1.293045431375503540e-01
3.353664278984069824e-01
1.872559040784835815e-01
1.124505847692489624e-01
3.118464052677154541e-01
9.834656864404678345e-02
3.498337268829345703e-01
5.069504976272583008e-01
2.447809278964996338e-01
8.577239513397216797e-02
2.269517481327056885e-01
1.353046447038650513e-01
6.477932631969451904e-02
1.695583611726760864e-01
1.711183339357376099e-01
3.329859972000122070e-01
1.994287073612213135e-01
2.048682123422622681e-01
1.964562237262725830e-01
2.579137980937957764e-01
3.320574164390563965e-01
1.982818394899368286e-01
4.188422858715057373e-01
1.623999029397964478e-01
1.061291471123695374e-01
4.357238709926605225e-01
4.436792433261871338e-01
3.031408786773681641e-01
2.419177442789077759e-01
2.563599348068237305e-01
2.531270384788513184e-01
3.837787806987762451e-01
2.548924684524536133e-01
1.409422308206558228e-01
4.502178132534027100e-01
9.862205386161804199e-02
1.253265589475631714e-01
7.937112450599670410e-02
3.780763149261474609e-01
1.031391769647598267e-01
1.440908759832382202e-01
2.893543243408203125e-01
1.845283955335617065e-01
1.522350609302520752e-01
2.983174324035644531e-01
1.720039248466491699e-01
2.874419093132019043e-01
2.543087601661682129e-01
1.905941367149353027e-01
2.525922060012817383e-01
8.625659346580505371e-02
2.509934902191162109e-01
2.020342648029327393e-01
1.593120098114013672e-01
1.774775087833404541e-01
2.546618580818176270e-01
1.039620190858840942e-01
1.724841892719268799e-01
3.407688736915588379e-01
1.501225531101226807e-01
1.563234180212020874e-01
1.308841258287429810e-01
2.272700369358062744e-01
2.526077330112457275e-01
2.495017945766448975e-01
3.381160497665405273e-01
4.105256795883178711e-01
1.300317943096160889e-01
3.001762032508850098e-01
1.578022986650466919e-01
3.662956953048706055e-01
1.248229667544364929e-01
3.752448558807373047e-01
3.017245829105377197e-01
2.837613224983215332e-01
2.859402000904083252e-01
2.587764561176300049e-01
1.505259871482849121e-01
2.955847978591918945e-01
2.872003912925720215e-01
1.641526371240615845e-01
3.174186050891876221e-01
2.737949192523956299e-01
1.493954062461853027e-01
2.342922389507293701e-01
2.910428643226623535e-01
3.069388270378112793e-01
1.129123717546463013e-01
1.536709815263748169e-01
1.889577060937881470e-01
2.287762165069580078e-01
1.051542535424232483e-01
2.243697345256805420e-01
3.414520621299743652e-01
2.879286706447601318e-01
3.049777448177337646e-01
2.549550533294677734e-01
6.247252225875854492e-01
1.180675104260444641e-01
2.371176928281784058e-01
2.813999056816101074e-01
5.925779417157173157e-02
1.688049733638763428e-01
8.068796247243881226e-02
2.759831547737121582e-01
1.168880015611648560e-01
1.060008034110069275e-01
1.069442480802536011e-01
1.357246041297912598e-01
2.207616269588470459e-01
5.547473430633544922e-01
2.206315994262695312e-01
1.183466315269470215e-01
2.934095859527587891e-01
3.032022714614868164e-01
2.258029133081436157e-01
3.041642010211944580e-01
3.313707709312438965e-01
2.386786490678787231e-01
1.492393314838409424e-01
6.328777074813842773e-01
3.166181743144989014e-01
3.074277043342590332e-01
1.132548525929450989e-01
1.438381373882293701e-01
1.803997159004211426e-01
1.262105405330657959e-01
2.978003323078155518e-01
3.716857731342315674e-01
3.922075033187866211e-01
8.874849975109100342e-02
2.032341957092285156e-01
1.861551851034164429e-01
2.031729072332382202e-01
1.712280362844467163e-01
1.386147141456604004e-01
2.618407011032104492e-01
2.873785197734832764e-01
1.436773538589477539e-01
1.873825341463088989e-01
1.519246995449066162e-01
1.686698496341705322e-01
8.327217400074005127e-02
3.403857648372650146e-01
3.034361302852630615e-01
1.081176996231079102e-01
2.429915666580200195e-01
2.622734010219573975e-01
1.087922379374504089e-01
4.282116889953613281e-01
9.118820726871490479e-02
1.261459290981292725e-01
2.763510942459106445e-01
1.354784667491912842e-01
2.689131498336791992e-01
3.253579139709472656e-01
1.082185059785842896e-01
2.134415358304977417e-01
1.309846788644790649e-01
1.263692378997802734e-01
1.276618093252182007e-01
2.219771146774291992e-01
2.273100018501281738e-01
1.757629811763763428e-01
2.596269249916076660e-01
1.129967272281646729e-01
3.323428630828857422e-01
7.817184180021286011e-02
1.551626622676849365e-01
7.259528338909149170e-02
1.285934597253799438e-01
3.847531974315643311e-01
2.223692834377288818e-01
1.585630327463150024e-01
1.586736738681793213e-01
5.999555438756942749e-02
2.987124919891357422e-01
1.186886727809906006e-01
1.436102390289306641e-01
1.558515280485153198e-01
2.436960935592651367e-01
1.317775845527648926e-01
1.196158528327941895e-01
4.335178434848785400e-02
6.850035488605499268e-02
4.075862467288970947e-01
1.859401464462280273e-01
1.497947424650192261e-01
7.191210985183715820e-02
3.471482396125793457e-01
1.099808961153030396e-01
1.099576354026794434e-01
1.553182303905487061e-01
1.769577264785766602e-01
7.014226913452148438e-02
1.029127091169357300e-01
2.833613157272338867e-01
9.137010574340820312e-02
2.448671460151672363e-01
2.824830710887908936e-01
1.303331255912780762e-01
2.310945689678192139e-01
1.433546245098114014e-01
1.997000873088836670e-01
2.145615518093109131e-01
2.350612878799438477e-01
1.655221879482269287e-01
7.524506747722625732e-02
1.352421939373016357e-01
4.278144240379333496e-01
4.315636456012725830e-01
3.091314435005187988e-01
9.101293981075286865e-02
1.659080833196640015e-01
1.740757226943969727e-01
1.632980853319168091e-01
1.507297605276107788e-01
2.490747720003128052e-01
9.522477537393569946e-02
3.066875338554382324e-01
5.072025060653686523e-01
7.110007107257843018e-02
6.749057769775390625e-02
7.951292395591735840e-02
1.179312542080879211e-01
2.146194577217102051e-01
4.973913356661796570e-02
1.742142736911773682e-01
1.745394468307495117e-01
5.423113703727722168e-01
5.353507772088050842e-02
2.148669660091400146e-01
2.599126994609832764e-01
3.572478294372558594e-01
2.514274120330810547e-01
1.235543638467788696e-01
4.204273968935012817e-02
3.564294874668121338e-01
2.986085414886474609e-01
9.848374128341674805e-02
1.695874035358428955e-01
4.921246767044067383e-01
2.751412391662597656e-01
2.015981674194335938e-01
4.201564937829971313e-02
1.628124564886093140e-01
1.182138621807098389e-01
1.533233672380447388e-01
9.477318823337554932e-02
9.432774782180786133e-02
1.336522400379180908e-01
1.096736714243888855e-01
1.407117247581481934e-01
2.845301330089569092e-01
2.895373702049255371e-01
1.668164432048797607e-01
1.177823767066001892e-01
7.912223041057586670e-02
1.575544774532318115e-01
1.262475252151489258e-01
2.123690843582153320e-01
1.926101148128509521e-01
5.172908902168273926e-01
2.386767566204071045e-01
1.987436115741729736e-01
3.304993510246276855e-01
1.330152451992034912e-01
2.239131927490234375e-01
4.223306179046630859e-01
1.306809782981872559e-01
1.824929416179656982e-01
1.439496874809265137e-01
3.132160902023315430e-01
8.798468858003616333e-02
2.302695810794830322e-01
1.053749024868011475e-01
2.058280110359191895e-01
3.522753715515136719e-01
2.017806619405746460e-01
1.350375562906265259e-01
1.897224783897399902e-01
1.563877165317535400e-01
2.357020378112792969e-01
7.061034440994262695e-02
7.245209813117980957e-02
4.017928242683410645e-01
1.225041821599006653e-01
1.535896360874176025e-01
1.229844167828559875e-01
3.117561638355255127e-01
2.153761386871337891e-01
3.802062869071960449e-01
3.072976469993591309e-01
1.672835052013397217e-01
1.696481704711914062e-01
1.389869898557662964e-01
3.129740655422210693e-01
2.101055830717086792e-01
3.510949909687042236e-01
1.309452950954437256e-01
1.358762681484222412e-01
3.621214330196380615e-01
1.956607699394226074e-01
3.395349979400634766e-01
4.425364434719085693e-01
1.174913868308067322e-01
1.916659772396087646e-01
3.302589952945709229e-01
1.057129651308059692e-01
1.154940128326416016e-01
3.390878438949584961e-01
2.320529520511627197e-01
1.662311553955078125e-01
7.381116747856140137e-01
9.720116853713989258e-02
2.650588750839233398e-01
2.329301089048385620e-01
1.329018622636795044e-01
1.434433162212371826e-01
5.284873247146606445e-01
2.351584881544113159e-01
1.625559777021408081e-01
1.435478776693344116e-01
3.671195209026336670e-01
1.832989156246185303e-01
2.629481256008148193e-01
2.658576369285583496e-01
6.564997136592864990e-02
4.789691567420959473e-01
1.780322790145874023e-01
1.802815943956375122e-01
2.392920106649398804e-01
1.394172608852386475e-01
3.113871514797210693e-01
1.413746625185012817e-01
3.840416669845581055e-01
1.363558620214462280e-01
5.793296918272972107e-02
2.705093324184417725e-01
9.001681208610534668e-02
2.439051717519760132e-01
1.692971885204315186e-01
1.143560484051704407e-01
8.509630709886550903e-02
7.890018075704574585e-02
2.499050647020339966e-01
1.483632922172546387e-01
1.101322174072265625e-01
2.830363512039184570e-01
6.193819269537925720e-02
3.178215026855468750e-01
9.229610115289688110e-02
3.294466137886047363e-01
6.582856923341751099e-02
1.146669313311576843e-01
1.359540820121765137e-01
1.970862299203872681e-01
6.999392062425613403e-02
1.694274097681045532e-01
9.562523663043975830e-02
1.245723366737365723e-01
2.383500039577484131e-01
8.258193731307983398e-02
1.022273302078247070e-01
8.753526210784912109e-02
1.516099125146865845e-01
1.916215717792510986e-01
1.231161504983901978e-01
2.785614132881164551e-01
3.511374443769454956e-02
6.659472733736038208e-02
1.758095771074295044e-01
3.036802113056182861e-01
1.465210616588592529e-01
2.212595343589782715e-01
3.552407398819923401e-02
3.107276558876037598e-01
1.520286202430725098e-01
2.447625845670700073e-01
9.145554155111312866e-02
1.202957332134246826e-01
5.657313764095306396e-02
2.770292758941650391e-01
1.673418432474136353e-01
2.094011008739471436e-01
1.816811412572860718e-01
2.395234405994415283e-01
1.036710143089294434e-01
1.793043911457061768e-01
1.164492443203926086e-01
8.276179432868957520e-02
2.971424758434295654e-01
2.631460428237915039e-01
2.466850131750106812e-01
2.027488648891448975e-01
1.836649924516677856e-01
1.554979085922241211e-01
2.224476337432861328e-01
1.252416521310806274e-01
2.785279154777526855e-01
1.228451579809188843e-01
2.647617161273956299e-01
1.378754824399948120e-01
5.393583700060844421e-02
2.357666790485382080e-01
2.902518808841705322e-01
3.937120139598846436e-01
9.857019782066345215e-02
8.875337988138198853e-02
9.259909391403198242e-02
1.529057919979095459e-01
3.116845488548278809e-01
8.499480783939361572e-02
1.454218029975891113e-01
2.946746349334716797e-01
1.338809877634048462e-01
2.362740784883499146e-01
2.290072888135910034e-01
1.308227777481079102e-01
3.141508996486663818e-01
2.480919063091278076e-01
1.425952017307281494e-01
5.603289604187011719e-01
1.053866967558860779e-01
1.497054100036621094e-01
2.055394500494003296e-01
2.352344989776611328e-01
2.605848610401153564e-01
1.165837347507476807e-01
1.335958242416381836e-01
1.523838788270950317e-01
5.991037935018539429e-02
1.929999142885208130e-01
3.263375163078308105e-01
2.519788444042205811e-01
2.348335385322570801e-01
1.054256632924079895e-01
2.803308963775634766e-01
4.399871230125427246e-01
2.396385222673416138e-01
2.257348299026489258e-01
2.656745612621307373e-01
8.522742986679077148e-02
3.923562765121459961e-01
1.212681233882904053e-01
4.525617659091949463e-01
1.749448031187057495e-01
8.748728781938552856e-02
8.499270677566528320e-02
1.132713779807090759e-01
2.657595872879028320e-01
1.254613399505615234e-01
1.128673180937767029e-01
3.763356804847717285e-01
5.621016025543212891e-01
3.832064568996429443e-01
1.567301452159881592e-01
1.401619017124176025e-01
1.029706373810768127e-01
1.468917578458786011e-01
1.294306516647338867e-01
2.772673368453979492e-01
2.708201408386230469e-01
8.300523459911346436e-02
1.873094439506530762e-01
1.373247802257537842e-01
3.712702989578247070e-01
2.039161026477813721e-01
8.552014827728271484e-02
1.352464854717254639e-01
1.437805294990539551e-01
1.775036454200744629e-01
1.474881768226623535e-01
1.082390844821929932e-01
2.205494493246078491e-01
8.376446366310119629e-02
4.475587606430053711e-02
2.043503820896148682e-01
1.712619662284851074e-01
1.624269485473632812e-01
2.029391676187515259e-01
2.142473161220550537e-01
2.057295441627502441e-01
1.577355563640594482e-01
1.974982917308807373e-01
3.617244362831115723e-01
8.320580422878265381e-02
5.246669426560401917e-02
1.162397041916847229e-01
1.790179908275604248e-01
1.857728660106658936e-01
5.212025344371795654e-02
4.541957974433898926e-01
4.218367338180541992e-01
3.707636892795562744e-01
9.493782371282577515e-02
3.059738278388977051e-01
3.008649945259094238e-01
4.212802350521087646e-01
1.267848014831542969e-01
1.529537439346313477e-01
1.297933161258697510e-01
2.510054707527160645e-01
1.895107775926589966e-01
2.464479207992553711e-01
1.589405983686447144e-01
1.664928346872329712e-01
1.961871087551116943e-01
8.845654875040054321e-02
1.466462463140487671e-01
3.163600265979766846e-01
1.568601429462432861e-01
2.824082970619201660e-01
1.721096932888031006e-01
3.652876317501068115e-01
6.531085819005966187e-02
1.645044088363647461e-01
1.280793994665145874e-01
9.631264209747314453e-02
1.432782709598541260e-01
2.398755401372909546e-01
3.524852991104125977e-01
1.662795394659042358e-01
2.120023369789123535e-01
7.855385541915893555e-02
6.300637125968933105e-02
3.074393868446350098e-01
1.698861122131347656e-01
2.328758090734481812e-01
1.033520251512527466e-01
1.384664028882980347e-01
1.741398274898529053e-01
1.476621180772781372e-01
1.400982439517974854e-01
4.106564223766326904e-01
1.459993124008178711e-01
3.392575979232788086e-01
2.111903727054595947e-01
2.877660393714904785e-01
2.437685132026672363e-01
3.131858706474304199e-01
1.752203851938247681e-01
2.207952439785003662e-01
9.543643891811370850e-02
3.572622239589691162e-01
3.447095155715942383e-01
6.997275352478027344e-02
1.292864233255386353e-01
5.211105942726135254e-01
1.738755553960800171e-01
1.550372838973999023e-01
2.920966744422912598e-01
1.109533607959747314e-01
6.591963022947311401e-02
1.714623123407363892e-01
2.621729075908660889e-01
1.397908329963684082e-01
2.887007892131805420e-01
4.612440764904022217e-01
3.013526201248168945e-01
1.404856145381927490e-01
2.609730958938598633e-01
3.740367293357849121e-01
