2.428615838289260864e-01
1.718965172767639160e-01
7.329094409942626953e-02
1.311739683151245117e-01
2.517210841178894043e-01
4.113988280296325684e-01
9.081853926181793213e-02
1.918307244777679443e-01
1.168277561664581299e-01
8.575309067964553833e-02
1.000966653227806091e-01
1.262233704328536987e-01
4.190631210803985596e-01
2.595465779304504395e-01
5.694911256432533264e-02
2.494293451309204102e-01
9.924570471048355103e-02
1.890558898448944092e-01
1.828402727842330933e-01
3.895367085933685303e-01
3.678849935531616211e-01
2.705310285091400146e-01
1.504513174295425415e-01
7.381912320852279663e-02
3.377667665481567383e-01
4.048966169357299805e-01
5.565328150987625122e-02
2.697219252586364746e-01
2.308291643857955933e-01
1.337809264659881592e-01
6.343646347522735596e-02
1.043566688895225525e-01
1.630609631538391113e-01
2.235464751720428467e-01
1.933281570672988892e-01
9.730827808380126953e-02
2.608984112739562988e-01
1.831432282924652100e-01
2.693543434143066406e-01
1.331036090850830078e-01
2.798181176185607910e-01
1.627044528722763062e-01
2.842899560928344727e-01
1.084015071392059326e-01
1.840673536062240601e-01
1.713164448738098145e-01
2.196366935968399048e-01
2.412653267383575439e-01
1.339636743068695068e-01
1.421164274215698242e-01
2.338177114725112915e-01
2.362430095672607422e-01
3.139532506465911865e-01
1.885413825511932373e-01
1.201059371232986450e-01
1.416432559490203857e-01
2.252758145332336426e-01
1.273612678050994873e-01
1.258597224950790405e-01
1.351120769977569580e-01
2.625164389610290527e-01
3.682948052883148193e-01
1.037432625889778137e-01
2.209537327289581299e-01
3.336669504642486572e-01
3.147705197334289551e-01
2.444994151592254639e-01
1.462121903896331787e-01
4.433630704879760742e-01
3.085398972034454346e-01
1.764906793832778931e-01
3.114192485809326172e-01
2.736791074275970459e-01
1.059124320745468140e-01
2.115714251995086670e-01
4.626060724258422852e-01
2.948250174522399902e-01
2.241927087306976318e-01
2.156688570976257324e-01
1.738751679658889771e-01
2.786608934402465820e-01
8.156406879425048828e-02
2.802493274211883545e-01
3.403886854648590088e-01
3.047168850898742676e-01
1.828160285949707031e-01
2.085476517677307129e-01
1.506212502717971802e-01
1.354157924652099609e-01
3.380925655364990234e-01
2.425208985805511475e-01
2.521702051162719727e-01
3.062729835510253906e-01
3.445250093936920166e-01
3.404268920421600342e-01
1.804573684930801392e-01
2.492799609899520874e-01
1.905463933944702148e-01
3.315029740333557129e-01
2.741310894489288330e-01
1.011427864432334900e-01
2.868058383464813232e-01
2.347994744777679443e-01
2.521291971206665039e-01
1.762755811214447021e-01
2.349193692207336426e-01
1.045594513416290283e-01
2.006213068962097168e-01
2.468352615833282471e-01
9.958288073539733887e-02
2.802330255508422852e-01
1.797004193067550659e-01
3.859037160873413086e-01
2.558658719062805176e-01
1.538926661014556885e-01
3.054785132408142090e-01
3.890165090560913086e-01
1.620422154664993286e-01
4.101659953594207764e-01
1.384750604629516602e-01
1.967231482267379761e-01
3.105818629264831543e-01
3.235759139060974121e-01
1.407594531774520874e-01
3.594092726707458496e-01
9.047497808933258057e-02
3.581898510456085205e-01
2.847839593887329102e-01
2.789778709411621094e-01
5.050174593925476074e-01
2.982089519500732422e-01
2.403068840503692627e-01
1.932641863822937012e-01
2.867446243762969971e-01
2.330191433429718018e-01
2.769606113433837891e-01
1.986455023288726807e-01
2.747882306575775146e-01
3.157797753810882568e-01
1.928761154413223267e-01
6.263485550880432129e-02
2.472501397132873535e-01
7.716114073991775513e-02
2.320668697357177734e-01
7.296861708164215088e-02
2.846162319183349609e-01
6.498393416404724121e-02
1.640337556600570679e-01
3.838471770286560059e-01
2.674650549888610840e-01
4.104050993919372559e-01
2.144292294979095459e-01
3.319850862026214600e-01
2.866808176040649414e-01
2.265814393758773804e-01
1.888849437236785889e-01
1.590053886175155640e-01
8.289077132940292358e-02
5.260359495878219604e-02
2.825789153575897217e-01
1.486728489398956299e-01
2.521360516548156738e-01
2.499521374702453613e-01
1.214403212070465088e-01
4.267896413803100586e-01
2.710394561290740967e-01
8.247214555740356445e-02
1.120078042149543762e-01
3.669562935829162598e-01
1.222920417785644531e-01
1.909856200218200684e-01
1.560665220022201538e-01
5.663866996765136719e-01
5.126452445983886719e-01
1.734183728694915771e-01
2.004223763942718506e-01
2.994002997875213623e-01
4.218439459800720215e-01
2.429867237806320190e-01
1.050728559494018555e-01
1.833146810531616211e-01
1.795903742313385010e-01
1.949285119771957397e-01
1.110700890421867371e-01
1.329269260168075562e-01
2.048804312944412231e-01
3.677122592926025391e-01
1.734253019094467163e-01
5.756558179855346680e-01
1.180193498730659485e-01
1.300537735223770142e-01
2.680529952049255371e-01
1.165898740291595459e-01
1.963010579347610474e-01
4.928764104843139648e-01
1.970663368701934814e-01
2.433663010597229004e-01
1.406844109296798706e-01
1.252931356430053711e-01
2.136059403419494629e-01
1.920901238918304443e-01
2.254822403192520142e-01
3.572804331779479980e-01
1.851589381694793701e-01
7.571370899677276611e-02
9.573441743850708008e-02
3.608787059783935547e-01
2.059342563152313232e-01
4.244773983955383301e-01
2.354272603988647461e-01
2.155750989913940430e-01
1.089800074696540833e-01
1.349177062511444092e-01
4.067876935005187988e-01
1.798463463783264160e-01
2.668903470039367676e-01
1.723557859659194946e-01
3.838816881179809570e-01
2.900613844394683838e-01
1.552043706178665161e-01
3.731699585914611816e-01
2.637422084808349609e-01
1.724880039691925049e-01
1.944888830184936523e-01
2.876443266868591309e-01
1.729527264833450317e-01
1.868211627006530762e-01
7.327567040920257568e-02
1.268258094787597656e-01
2.330105900764465332e-01
1.265192478895187378e-01
2.714184224605560303e-01
6.836467236280441284e-02
3.965671658515930176e-01
3.936044275760650635e-01
2.844592630863189697e-01
1.375837326049804688e-01
4.437619149684906006e-01
2.789417803287506104e-01
3.224834799766540527e-01
2.541047036647796631e-01
2.162819802761077881e-01
2.366094887256622314e-01
1.699874103069305420e-01
2.817890644073486328e-01
9.976956993341445923e-02
2.116828858852386475e-01
3.034702539443969727e-01
9.856572747230529785e-02
4.456154108047485352e-01
2.412543892860412598e-01
3.032376170158386230e-01
3.759578466415405273e-01
2.123983055353164673e-01
6.896713972091674805e-01
3.561352491378784180e-01
4.815171658992767334e-01
1.806227266788482666e-01
3.283736705780029297e-01
3.782076537609100342e-01
1.985163986682891846e-01
1.500375866889953613e-01
2.857711911201477051e-01
1.131114885210990906e-01
1.727800816297531128e-01
4.586176276206970215e-01
2.366697937250137329e-01
5.318085104227066040e-02
3.466084599494934082e-01
2.708575129508972168e-01
2.327389717102050781e-01
2.531355619430541992e-01
2.894797623157501221e-01
2.228403985500335693e-01
1.986350715160369873e-01
3.235538303852081299e-01
2.235803008079528809e-01
2.448402345180511475e-01
2.899617552757263184e-01
1.432843208312988281e-01
1.322257071733474731e-01
2.632035017013549805e-01
9.628763794898986816e-02
4.068005084991455078e-01
1.089908778667449951e-01
2.475752830505371094e-01
3.863846361637115479e-01
1.788804084062576294e-01
4.042922258377075195e-01
1.335676610469818115e-01
9.466792643070220947e-02
4.482684135437011719e-01
2.071181237697601318e-01
1.149870976805686951e-01
2.484651654958724976e-01
2.540465593338012695e-01
2.897857427597045898e-01
6.196103245019912720e-02
2.562273740768432617e-01
1.736514270305633545e-01
1.735091209411621094e-01
2.530377805233001709e-01
2.022593915462493896e-01
7.838834822177886963e-02
3.006646931171417236e-01
5.431467294692993164e-02
1.950404793024063110e-01
3.911526203155517578e-01
2.594825923442840576e-01
1.004947349429130554e-01
1.672013103961944580e-01
1.515608280897140503e-01
3.640962839126586914e-01
3.623211979866027832e-01
8.666732907295227051e-02
7.995019853115081787e-02
4.807039499282836914e-01
1.512037515640258789e-01
2.871665954589843750e-01
2.395082563161849976e-01
1.581605374813079834e-01
2.454330921173095703e-01
3.051776885986328125e-01
7.073621451854705811e-02
2.430229038000106812e-01
2.382088005542755127e-01
3.598077297210693359e-01
3.376895189285278320e-01
8.880568295717239380e-02
1.314281672239303589e-01
2.693170011043548584e-01
2.319993376731872559e-01
2.055633813142776489e-01
1.950823068618774414e-01
1.375962495803833008e-01
1.224047914147377014e-01
8.337258547544479370e-02
3.289611935615539551e-01
1.523030400276184082e-01
5.655631422996520996e-02
4.242892190814018250e-02
1.478039920330047607e-01
3.173005282878875732e-01
1.536337137222290039e-01
2.067153751850128174e-01
1.014624536037445068e-01
2.949913740158081055e-01
2.472036480903625488e-01
8.939142525196075439e-02
2.968186736106872559e-01
2.569422423839569092e-01
2.127977311611175537e-01
2.195449024438858032e-01
7.088205963373184204e-02
2.338476777076721191e-01
2.787516713142395020e-01
2.007964700460433960e-01
1.878927797079086304e-01
1.955290138721466064e-01
3.364248871803283691e-01
4.743376001715660095e-02
1.742511689662933350e-01
2.025192081928253174e-01
1.290207207202911377e-01
2.923491597175598145e-01
2.158434092998504639e-01
2.331423610448837280e-01
1.431965976953506470e-01
3.151608109474182129e-01
2.293724417686462402e-01
3.014735579490661621e-01
1.508352607488632202e-01
2.346104979515075684e-01
3.870170116424560547e-01
1.076083183288574219e-01
2.378106415271759033e-01
1.367705762386322021e-01
1.200097575783729553e-01
2.080859988927841187e-01
1.716456413269042969e-01
1.238542869687080383e-01
3.316403329372406006e-01
1.426027119159698486e-01
2.953312397003173828e-01
1.301279067993164062e-01
2.850735783576965332e-01
1.465639173984527588e-01
1.815696954727172852e-01
5.869289636611938477e-01
9.554842859506607056e-02
2.573696672916412354e-01
3.004717826843261719e-01
3.371055126190185547e-01
1.622838377952575684e-01
2.616813033819198608e-02
2.664456963539123535e-01
2.209346443414688110e-01
1.628468036651611328e-01
3.475763797760009766e-01
2.478525042533874512e-01
1.356988400220870972e-01
3.372560441493988037e-01
1.598401069641113281e-01
1.429219394922256470e-01
2.532014846801757812e-01
2.673873603343963623e-01
2.527218759059906006e-01
2.956298887729644775e-01
1.494884490966796875e-01
8.682420849800109863e-02
2.226338386535644531e-01
1.474087685346603394e-01
1.829870343208312988e-01
2.543114423751831055e-01
1.952464580535888672e-01
1.238756179809570312e-01
1.871014833450317383e-01
2.915113568305969238e-01
2.744807600975036621e-01
3.869644105434417725e-01
2.616942226886749268e-01
2.393458485603332520e-01
4.377001523971557617e-01
3.828740119934082031e-01
3.052489757537841797e-01
7.360629737377166748e-02
1.721711158752441406e-01
2.781645059585571289e-01
2.929231822490692139e-01
2.882767021656036377e-01
3.497701883316040039e-01
1.887633800506591797e-01
1.077235266566276550e-01
2.669191062450408936e-01
2.037023305892944336e-01
3.603809475898742676e-01
9.129235893487930298e-02
2.980762124061584473e-01
2.366019487380981445e-01
5.434547066688537598e-01
3.483134806156158447e-01
3.218645453453063965e-01
1.122430860996246338e-01
4.407033622264862061e-01
2.145443409681320190e-01
1.450955271720886230e-01
4.435940980911254883e-01
4.107419252395629883e-01
4.409436881542205811e-01
1.315097659826278687e-01
4.773263335227966309e-01
6.509646773338317871e-01
9.328034520149230957e-02
3.086534142494201660e-01
2.535741925239562988e-01
3.699682354927062988e-01
2.057971954345703125e-01
1.774951815605163574e-01
1.043083667755126953e-01
3.749229907989501953e-01
4.118768274784088135e-01
3.272847533226013184e-01
1.548088788986206055e-01
1.004782021045684814e-01
2.207812368869781494e-01
1.768081784248352051e-01
2.513824403285980225e-01
2.908136844635009766e-01
2.090938389301300049e-01
1.299858689308166504e-01
3.820483088493347168e-01
2.880122661590576172e-01
1.948957890272140503e-01
1.882901489734649658e-01
2.857630550861358643e-01
1.461203992366790771e-01
3.551889955997467041e-01
8.348667621612548828e-02
2.090041935443878174e-01
1.604727953672409058e-01
4.879693090915679932e-01
1.734948307275772095e-01
3.155217766761779785e-01
1.379006057977676392e-01
2.166326642036437988e-01
6.275345087051391602e-01
1.187595278024673462e-01
3.281972408294677734e-01
8.062449097633361816e-02
7.494667172431945801e-02
2.046025097370147705e-01
2.575724124908447266e-01
1.153662204742431641e-01
2.585532069206237793e-01
1.638382822275161743e-01
3.213489949703216553e-01
7.310557365417480469e-02
2.648499011993408203e-01
2.083138972520828247e-01
9.548312425613403320e-02
2.754600048065185547e-01
2.776817679405212402e-01
2.955068945884704590e-01
3.016110956668853760e-01
1.312031000852584839e-01
1.783132255077362061e-01
1.451382189989089966e-01
2.644426822662353516e-01
4.736367613077163696e-02
2.257724702358245850e-01
1.692938208580017090e-01
2.237909883260726929e-01
3.430888950824737549e-01
8.164558559656143188e-02
1.791100353002548218e-01
1.110672876238822937e-01
1.822602599859237671e-01
2.892023324966430664e-01
2.107456028461456299e-01
1.981009542942047119e-01
2.078218311071395874e-01
3.399448394775390625e-01
1.948611140251159668e-01
2.892712950706481934e-01
2.233044654130935669e-01
3.646151125431060791e-01
1.267342567443847656e-01
1.032213270664215088e-01
1.201100796461105347e-01
2.794552147388458252e-01
2.030513882637023926e-01
1.667660772800445557e-01
8.718813955783843994e-02
2.109269499778747559e-01
2.889134883880615234e-01
3.090855777263641357e-01
3.970937728881835938e-01
9.314062446355819702e-02
2.100147157907485962e-01
8.251489698886871338e-02
2.596962749958038330e-01
2.083101421594619751e-01
4.116222858428955078e-01
1.251818686723709106e-01
2.391907274723052979e-01
3.898651003837585449e-01
2.642346620559692383e-01
1.426299810409545898e-01
1.693051755428314209e-01
3.537063896656036377e-01
3.327634036540985107e-01
1.116723045706748962e-01
2.575478553771972656e-01
3.270208835601806641e-01
9.299489855766296387e-02
6.606759876012802124e-02
2.412638366222381592e-01
3.601329326629638672e-01
1.378682851791381836e-01
8.868595957756042480e-02
3.048855960369110107e-01
2.973765432834625244e-01
2.778652906417846680e-01
3.163431286811828613e-01
2.579543590545654297e-01
2.568033635616302490e-01
3.228508830070495605e-01
1.336399018764495850e-01
8.266708254814147949e-02
2.404691129922866821e-01
3.114324510097503662e-01
1.028267294168472290e-01
1.140825152397155762e-01
1.941672265529632568e-01
2.452740669250488281e-01
3.073669075965881348e-01
2.311976552009582520e-01
2.409082949161529541e-01
2.619950771331787109e-01
1.541138440370559692e-01
2.892711758613586426e-01
4.569604396820068359e-01
3.936636447906494141e-01
3.376029729843139648e-01
1.512418389320373535e-01
2.448630183935165405e-01
1.439752578735351562e-01
2.324609905481338501e-01
1.999361068010330200e-01
2.355540692806243896e-01
2.210446596145629883e-01
1.431253105401992798e-01
1.188040822744369507e-01
1.247858405113220215e-01
2.274866104125976562e-01
3.687166571617126465e-01
3.291508555412292480e-01
2.683453857898712158e-01
2.107215076684951782e-01
2.177313417196273804e-01
1.739043593406677246e-01
7.768195867538452148e-02
1.505164504051208496e-01
2.233791798353195190e-01
2.289281338453292847e-01
1.617988198995590210e-01
1.967308074235916138e-01
3.012448251247406006e-01
1.050216704607009888e-01
3.137578070163726807e-01
2.074117958545684814e-01
3.377175927162170410e-01
8.678624033927917480e-02
1.210127919912338257e-01
1.474824249744415283e-01
1.368732005357742310e-01
2.773545980453491211e-01
4.363189339637756348e-01
2.120792865753173828e-01
7.005932927131652832e-02
3.333519101142883301e-01
8.326569199562072754e-02
2.867936491966247559e-01
2.080942839384078979e-01
1.987211406230926514e-01
2.459977567195892334e-01
4.063728451728820801e-01
2.690058648586273193e-01
1.339811831712722778e-01
3.221237063407897949e-01
3.835726380348205566e-01
1.909219771623611450e-01
1.058281138539314270e-01
3.012147247791290283e-01
1.031259670853614807e-01
2.883092164993286133e-01
2.638773620128631592e-01
1.996086090803146362e-01
7.985635101795196533e-02
1.415715813636779785e-01
6.944844126701354980e-01
2.602593600749969482e-01
2.024395018815994263e-01
1.055167540907859802e-01
3.446271717548370361e-01
1.153782755136489868e-01
3.082921206951141357e-01
4.136106669902801514e-01
1.584412008523941040e-01
2.883887887001037598e-01
3.913262486457824707e-01
2.524175047874450684e-01
4.586247205734252930e-01
1.307677775621414185e-01
2.194378077983856201e-01
4.427160024642944336e-01
2.333852946758270264e-01
1.866597235202789307e-01
1.299452185630798340e-01
6.452128291130065918e-02
1.859163045883178711e-01
8.862733840942382812e-02
1.551431715488433838e-01
2.886324822902679443e-01
1.160183325409889221e-01
8.053868263959884644e-02
1.037746816873550415e-01
9.072656184434890747e-02
2.301604449748992920e-01
2.710967659950256348e-01
2.287862151861190796e-01
2.444476187229156494e-01
9.214374423027038574e-02
3.049214482307434082e-01
3.687143325805664062e-01
2.801161408424377441e-01
8.590555191040039062e-02
3.256303668022155762e-01
1.260823309421539307e-01
2.737155854701995850e-01
1.771731227636337280e-01
8.856987208127975464e-02
2.473116070032119751e-01
1.245196610689163208e-01
1.925233006477355957e-01
2.859289646148681641e-01
2.066603153944015503e-01
1.954762935638427734e-01
2.386624813079833984e-01
4.294653236865997314e-02
1.993002593517303467e-01
1.857710778713226318e-01
3.883183896541595459e-01
1.837581247091293335e-01
4.347631931304931641e-01
2.119271755218505859e-01
3.227857351303100586e-01
3.571368753910064697e-01
2.119104266166687012e-01
1.171291619539260864e-01
7.227917909622192383e-01
1.405969411134719849e-01
2.573191821575164795e-01
2.372954487800598145e-01
4.798367619514465332e-02
3.000875115394592285e-01
2.736081480979919434e-01
1.211194694042205811e-01
1.995391547679901123e-01
3.222531080245971680e-01
1.523999273777008057e-01
2.724613547325134277e-01
7.436779141426086426e-02
7.207095623016357422e-02
3.399826288223266602e-01
2.082637101411819458e-01
8.813926577568054199e-02
1.259904503822326660e-01
4.041901528835296631e-01
1.360984593629837036e-01
2.441450655460357666e-01
2.518508136272430420e-01
2.731277346611022949e-01
1.677084267139434814e-01
7.496082782745361328e-02
2.534877657890319824e-01
2.656580209732055664e-01
2.698142230510711670e-01
2.750052809715270996e-01
2.623904943466186523e-01
1.160081848502159119e-01
1.506550312042236328e-01
1.483972966670989990e-01
1.677549183368682861e-01
2.610614001750946045e-01
2.066948413848876953e-01
2.560999989509582520e-01
1.392185389995574951e-01
2.898923158645629883e-01
3.007505834102630615e-01
2.061033546924591064e-01
3.004404604434967041e-01
3.095835447311401367e-01
3.280999362468719482e-01
1.729566901922225952e-01
2.289265394210815430e-01
1.893852949142456055e-01
3.050773441791534424e-01
8.872204273939132690e-02
1.796773225069046021e-01
2.611675262451171875e-01
1.607945859432220459e-01
7.866077870130538940e-02
1.866899132728576660e-01
1.524384021759033203e-01
1.244940757751464844e-01
4.100084304809570312e-01
3.003261089324951172e-01
1.423856019973754883e-01
9.534821659326553345e-02
1.087198108434677124e-01
2.157816886901855469e-01
2.300562560558319092e-01
1.335958242416381836e-01
4.230590760707855225e-01
3.868873119354248047e-01
4.410094320774078369e-01
1.959644407033920288e-01
4.020894467830657959e-01
2.254242449998855591e-01
1.207569837570190430e-01
2.093977481126785278e-01
1.567957997322082520e-01
2.879705727100372314e-01
3.698462843894958496e-01
2.165682017803192139e-01
1.744700223207473755e-01
4.569639563560485840e-01
3.571940064430236816e-01
2.148729264736175537e-01
2.748976051807403564e-01
1.843036711215972900e-01
1.933937966823577881e-01
1.025771647691726685e-01
3.683185577392578125e-01
3.299012780189514160e-01
2.522994279861450195e-01
1.295221745967864990e-01
2.054521441459655762e-01
1.245898753404617310e-01
2.127970159053802490e-01
4.057211875915527344e-01
1.552998721599578857e-01
3.929397761821746826e-01
2.501772344112396240e-01
2.864973545074462891e-01
1.642152816057205200e-01
2.261857986450195312e-01
1.394050568342208862e-01
2.515760660171508789e-01
2.963632941246032715e-01
2.055280059576034546e-01
1.838591247797012329e-01
1.932444870471954346e-01
2.234280705451965332e-01
3.073252141475677490e-01
1.749475151300430298e-01
3.194915354251861572e-01
2.217958569526672363e-01
4.082284271717071533e-01
3.116897046566009521e-01
1.344421207904815674e-01
1.259820461273193359e-01
1.725395023822784424e-01
1.586771458387374878e-01
1.471269875764846802e-01
4.718553125858306885e-01
1.808719933032989502e-01
3.057799488306045532e-02
1.055163145065307617e-01
1.041353866457939148e-01
2.757228612899780273e-01
3.256691992282867432e-01
1.729640960693359375e-01
1.223108768463134766e-01
2.449425905942916870e-01
3.223270177841186523e-01
1.837874948978424072e-01
3.423016369342803955e-01
2.078022956848144531e-01
3.862792849540710449e-01
2.047095894813537598e-01
2.431965768337249756e-01
2.195812761783599854e-01
7.598382979631423950e-02
2.569395899772644043e-01
3.424801528453826904e-01
9.219157695770263672e-02
2.317708283662796021e-01
6.383070349693298340e-02
1.554960012435913086e-01
2.042309194803237915e-01
1.800566464662551880e-01
2.697555124759674072e-01
3.029311895370483398e-01
2.442981600761413574e-01
4.050858616828918457e-01
1.616110801696777344e-01
1.868877559900283813e-01
2.438864111900329590e-01
2.274886667728424072e-01
2.623774707317352295e-01
2.286517471075057983e-01
4.990939795970916748e-01
1.308369934558868408e-01
2.166847139596939087e-01
2.178132683038711548e-01
1.478051692247390747e-01
5.150606632232666016e-01
4.249300956726074219e-01
3.754596412181854248e-01
3.453236222267150879e-01
2.198533117771148682e-01
2.902725934982299805e-01
3.240391612052917480e-01
2.258370667695999146e-01
1.639258861541748047e-01
1.947253048419952393e-01
1.086997091770172119e-01
1.518023610115051270e-01
2.237582057714462280e-01
4.348190873861312866e-02
2.869080007076263428e-01
1.717931479215621948e-01
2.362280488014221191e-01
1.793085038661956787e-01
1.692963838577270508e-01
2.462558597326278687e-01
2.675409913063049316e-01
2.034292668104171753e-01
1.863948404788970947e-01
2.234277129173278809e-01
2.214635312557220459e-01
1.198572218418121338e-01
2.950800061225891113e-01
3.709256052970886230e-01
3.360256254673004150e-01
4.290256202220916748e-01
5.479142069816589355e-01
1.481063067913055420e-01
3.403731882572174072e-01
2.741752266883850098e-01
3.513021469116210938e-01
1.598394215106964111e-01
1.199572682380676270e-01
3.297706246376037598e-01
2.707292735576629639e-01
1.745038628578186035e-01
2.292755097150802612e-01
2.511792480945587158e-01
8.444502949714660645e-02
8.819664269685745239e-02
3.609213829040527344e-01
1.325456798076629639e-01
3.002177178859710693e-01
2.128129005432128906e-01
8.623222261667251587e-02
1.710494607686996460e-01
1.426852345466613770e-01
1.280205249786376953e-01
2.525402605533599854e-01
3.482552170753479004e-01
1.019853502511978149e-01
2.348419725894927979e-01
3.759776353836059570e-01
2.707541882991790771e-01
3.566290438175201416e-01
3.075026273727416992e-01
1.451746970415115356e-01
1.302406787872314453e-01
1.276927590370178223e-01
3.512468934059143066e-01
1.450035870075225830e-01
3.523511290550231934e-01
3.252694308757781982e-01
2.018640637397766113e-01
1.715517342090606689e-01
2.517939805984497070e-01
2.412846386432647705e-01
2.979425191879272461e-01
4.156945347785949707e-01
1.543491631746292114e-01
3.531138598918914795e-01
5.904199182987213135e-02
1.729070246219635010e-01
6.521145999431610107e-02
2.491580545902252197e-01
6.613669544458389282e-02
8.006906509399414062e-02
2.597134709358215332e-01
2.108823806047439575e-01
1.877675354480743408e-01
1.315707266330718994e-01
3.586487770080566406e-01
1.468035578727722168e-01
3.745753169059753418e-01
1.589328199625015259e-01
1.848370283842086792e-01
1.705065220594406128e-01
1.323153525590896606e-01
3.471708893775939941e-01
1.804034113883972168e-01
1.772123128175735474e-01
2.476057708263397217e-01
3.411082625389099121e-01
2.296836674213409424e-01
3.168855309486389160e-01
1.463845074176788330e-01
1.357764303684234619e-01
1.198756992816925049e-01
2.034042030572891235e-01
1.757351756095886230e-01
7.915402948856353760e-02
1.625364124774932861e-01
2.677125334739685059e-01
1.043978482484817505e-01
1.866922527551651001e-01
3.309191465377807617e-01
1.215372681617736816e-01
1.068453267216682434e-01
2.585248351097106934e-01
4.756086170673370361e-01
1.893458366394042969e-01
1.876779198646545410e-01
2.188541293144226074e-01
1.817205846309661865e-01
2.326273918151855469e-01
1.303568035364151001e-01
2.979774475097656250e-01
1.115755587816238403e-01
3.197011053562164307e-01
1.043405309319496155e-01
2.752555310726165771e-01
1.076095923781394958e-01
3.089713752269744873e-01
2.224701941013336182e-01
2.784008979797363281e-01
7.244230806827545166e-02
1.753297448158264160e-01
2.076781392097473145e-01
1.357861012220382690e-01
3.098416030406951904e-01
1.187125816941261292e-01
9.093794226646423340e-02
3.522205948829650879e-01
1.069916039705276489e-01
2.038078755140304565e-01
2.472749501466751099e-01
1.039390563964843750e-01
1.217634379863739014e-01
2.414284497499465942e-01
2.115467935800552368e-01
6.773993372917175293e-02
3.057109117507934570e-01
2.137811779975891113e-01
1.511555165052413940e-01
2.178596109151840210e-01
1.387399584054946899e-01
1.494256407022476196e-01
2.182673215866088867e-01
1.087260991334915161e-01
1.689433753490447998e-01
1.644414663314819336e-01
2.536951899528503418e-01
2.441332936286926270e-01
1.649267375469207764e-01
2.530916035175323486e-01
1.130766421556472778e-01
3.372310101985931396e-02
3.478330373764038086e-01
2.657376527786254883e-01
2.179607152938842773e-01
1.984542012214660645e-01
1.522672176361083984e-01
1.910899877548217773e-01
1.767312735319137573e-01
2.127458304166793823e-01
1.789634972810745239e-01
1.004823893308639526e-01
2.694177627563476562e-01
3.545841276645660400e-01
1.218189150094985962e-01
3.383142650127410889e-01
2.212101072072982788e-01
2.358592450618743896e-01
2.520203590393066406e-01
2.201915681362152100e-01
4.964502900838851929e-02
9.313344210386276245e-02
2.060663104057312012e-01
9.287902712821960449e-02
1.536947935819625854e-01
8.446153998374938965e-02
1.484823971986770630e-01
2.863488495349884033e-01
1.750438511371612549e-01
2.628469467163085938e-01
1.505171358585357666e-01
2.907303571701049805e-01
2.162041217088699341e-01
2.526420950889587402e-01
2.705076634883880615e-01
1.932320594787597656e-01
2.951176166534423828e-01
1.742304265499114990e-01
3.026463389396667480e-01
2.555940151214599609e-01
3.931103348731994629e-01
3.602792620658874512e-01
2.298426777124404907e-01
4.289941191673278809e-01
2.240238040685653687e-01
1.402800083160400391e-01
2.552639245986938477e-01
2.715528309345245361e-01
1.505698561668395996e-01
1.284822672605514526e-01
1.943979114294052124e-01
7.829660922288894653e-02
8.085230737924575806e-02
2.706505656242370605e-01
3.338283300399780273e-01
1.167242750525474548e-01
2.493742108345031738e-01
3.367319703102111816e-01
3.819849193096160889e-01
1.044173002243041992e+00
9.110049605369567871e-01
1.191943734884262085e-01
1.177914217114448547e-01
2.468475252389907837e-01
1.730141341686248779e-01
4.726073741912841797e-01
2.349156141281127930e-01
1.915277987718582153e-01
2.120168060064315796e-01
1.181395798921585083e-01
2.056221663951873779e-01
2.811577916145324707e-01
2.948428988456726074e-01
3.662592768669128418e-01
3.682155013084411621e-01
3.759680986404418945e-01
2.135423421859741211e-01
4.273490905761718750e-01
5.991743206977844238e-01
2.675647437572479248e-01
7.088321447372436523e-02
1.285675168037414551e-01
1.189866811037063599e-01
3.097183108329772949e-01
3.927128911018371582e-01
3.030816614627838135e-01
3.443140089511871338e-01
2.625845372676849365e-01
2.915388643741607666e-01
2.656577825546264648e-01
1.206299364566802979e-01
2.299290746450424194e-01
2.864437699317932129e-01
2.553199231624603271e-01
2.926104366779327393e-01
5.193757414817810059e-01
9.165554493665695190e-02
1.005590409040451050e-01
3.996755778789520264e-01
2.040492296218872070e-01
1.901943981647491455e-01
4.962641373276710510e-02
1.497067809104919434e-01
2.933427691459655762e-01
1.102070063352584839e-01
1.440286040306091309e-01
1.511182785034179688e-01
3.215950429439544678e-01
1.502576321363449097e-01
3.127855956554412842e-01
2.147631347179412842e-01
1.077606230974197388e-01
1.136026009917259216e-01
6.555011272430419922e-01
2.339399307966232300e-01
3.777595758438110352e-01
2.706431150436401367e-01
2.170555591583251953e-01
3.454960882663726807e-01
2.328646183013916016e-01
2.895009815692901611e-01
1.844309568405151367e-01
1.797704100608825684e-01
1.868220567703247070e-01
3.613385856151580811e-01
1.419936716556549072e-01
1.860300302505493164e-01
2.897069156169891357e-01
2.886277139186859131e-01
3.224304318428039551e-01
1.104221493005752563e-01
2.234303951263427734e-01
1.314306110143661499e-01
4.032199382781982422e-01
1.128119453787803650e-01
1.865592002868652344e-01
3.818144798278808594e-01
2.422014772891998291e-01
2.051872760057449341e-01
1.517847180366516113e-01
2.054369449615478516e-01
1.535559743642807007e-01
2.639116644859313965e-01
2.385921329259872437e-01
3.595582544803619385e-01
2.141788899898529053e-01
1.207306832075119019e-01
1.700025945901870728e-01
1.441796123981475830e-01
1.209125518798828125e-01
1.054481863975524902e-01
3.157903552055358887e-01
2.565853595733642578e-01
2.228989303112030029e-01
1.531854271888732910e-01
2.610014677047729492e-01
2.742737531661987305e-01
2.818498313426971436e-01
2.832912206649780273e-01
2.045275121927261353e-01
1.645387113094329834e-01
4.781449437141418457e-01
1.657412052154541016e-01
5.918083786964416504e-01
2.193933129310607910e-01
4.097844660282135010e-01
1.324919909238815308e-01
2.499239742755889893e-01
1.696579754352569580e-01
4.683796763420104980e-01
7.155627012252807617e-02
1.632654964923858643e-01
1.899580806493759155e-01
2.877173125743865967e-01
2.390704154968261719e-01
2.375283986330032349e-01
3.056983351707458496e-01
1.410584896802902222e-01
2.100143432617187500e-01
1.499061882495880127e-01
1.305951476097106934e-01
1.525937169790267944e-01
1.358008086681365967e-01
4.032000601291656494e-01
2.932808101177215576e-01
3.580751717090606689e-01
2.325387150049209595e-01
4.597518146038055420e-01
2.424697279930114746e-01
1.859076172113418579e-01
1.513846814632415771e-01
8.256243169307708740e-02
2.472688555717468262e-01
2.583954334259033203e-01
1.461629867553710938e-01
3.660780489444732666e-01
3.405655920505523682e-01
3.154575824737548828e-01
3.594105243682861328e-01
1.396966874599456787e-01
3.572647273540496826e-01
1.326306164264678955e-01
2.399978339672088623e-01
1.875571012496948242e-01
1.466310322284698486e-01
1.873630136251449585e-01
2.727609276771545410e-01
2.928293347358703613e-01
2.321522533893585205e-01
4.094176292419433594e-01
1.825051009654998779e-01
2.056831419467926025e-01
1.839182823896408081e-01
9.068024158477783203e-02
2.954751551151275635e-01
1.928963363170623779e-01
1.714622825384140015e-01
2.514122426509857178e-01
2.263651937246322632e-01
2.237434834241867065e-01
1.563346236944198608e-01
1.750790029764175415e-01
2.740328013896942139e-01
9.292566031217575073e-02
3.972334861755371094e-01
1.253960728645324707e-01
1.944040060043334961e-01
1.734342575073242188e-01
5.013259500265121460e-02
