2.148090600967407227e-01
3.139562532305717468e-02
3.098186254501342773e-01
2.356953024864196777e-01
5.752278864383697510e-02
3.845866620540618896e-01
1.651284694671630859e-01
1.143305450677871704e-01
1.192653477191925049e-01
4.713068306446075439e-01
3.034598827362060547e-01
2.234812974929809570e-01
2.799353897571563721e-01
2.497360110282897949e-01
1.843856871128082275e-01
1.433327049016952515e-01
1.719256639480590820e-01
3.588181734085083008e-01
2.123101949691772461e-01
1.021477431058883667e-01
8.682736009359359741e-02
6.322921067476272583e-02
2.449105679988861084e-01
4.387302994728088379e-01
2.628066241741180420e-01
1.033597588539123535e-01
1.157028302550315857e-01
1.291869431734085083e-01
1.903266310691833496e-01
3.044373393058776855e-01
3.943040221929550171e-02
1.736373007297515869e-01
3.671256303787231445e-01
3.018406033515930176e-01
1.246350407600402832e-01
5.754910781979560852e-02
1.542519778013229370e-01
1.866079866886138916e-01
3.043835759162902832e-01
1.690400540828704834e-01
1.532730758190155029e-01
3.697789609432220459e-01
1.585740447044372559e-01
1.035470068454742432e-01
2.931847274303436279e-01
2.604025602340698242e-01
1.368084102869033813e-01
1.664087176322937012e-01
8.977612853050231934e-02
8.955083042383193970e-02
3.051047325134277344e-01
5.203790962696075439e-02
2.101942896842956543e-01
2.731626629829406738e-01
2.587370574474334717e-01
3.372449874877929688e-01
1.237443983554840088e-01
1.928341835737228394e-01
2.933079600334167480e-01
1.029072925448417664e-01
4.180946573615074158e-02
4.745522141456604004e-01
7.638539373874664307e-02
7.020703703165054321e-02
2.345635145902633667e-01
1.371558606624603271e-01
1.003974676132202148e-01
1.376619338989257812e-01
8.517807722091674805e-02
2.212601453065872192e-01
9.087421745061874390e-02
2.056077271699905396e-01
1.587455272674560547e-01
9.188045561313629150e-02
2.213678508996963501e-01
7.517387717962265015e-02
2.308429479598999023e-01
1.953836679458618164e-01
3.063420355319976807e-01
6.304262578487396240e-02
9.887855499982833862e-02
1.202807128429412842e-01
9.199726581573486328e-02
4.462970048189163208e-02
1.557867825031280518e-01
1.362197399139404297e-01
1.997155845165252686e-01
1.987292319536209106e-01
2.448898851871490479e-01
1.800138652324676514e-01
3.392805159091949463e-02
1.676091849803924561e-01
1.569001376628875732e-01
2.326301485300064087e-01
7.647220045328140259e-02
1.719671189785003662e-01
4.126750305294990540e-02
5.493752658367156982e-02
1.487311720848083496e-01
1.452863812446594238e-01
2.821502685546875000e-01
1.178237870335578918e-01
2.197786867618560791e-01
1.745492815971374512e-01
3.814520835876464844e-01
1.123467087745666504e-01
3.139217495918273926e-01
1.357472836971282959e-01
1.501215845346450806e-01
2.025771737098693848e-01
1.144177615642547607e-01
2.082854807376861572e-01
1.332781165838241577e-01
1.583179086446762085e-01
2.779580652713775635e-01
6.456024944782257080e-02
1.561363041400909424e-01
1.502450406551361084e-01
1.299550980329513550e-01
6.495889276266098022e-02
3.248666822910308838e-01
3.959491476416587830e-02
3.438927233219146729e-01
7.423572987318038940e-02
6.331041455268859863e-02
1.533919572830200195e-01
1.253828704357147217e-01
3.043821454048156738e-02
1.089200899004936218e-01
1.651025712490081787e-01
1.247004643082618713e-01
1.366744041442871094e-01
2.287333607673645020e-01
3.257353305816650391e-01
2.169599235057830811e-01
1.238822638988494873e-01
9.658874571323394775e-02
1.687552034854888916e-01
5.947752669453620911e-02
2.148926705121994019e-01
7.064628601074218750e-02
1.412386000156402588e-01
5.247904360294342041e-02
2.348478436470031738e-01
1.634268313646316528e-01
1.291117370128631592e-01
7.813174277544021606e-02
7.662637531757354736e-02
2.813165485858917236e-01
3.884789943695068359e-01
8.277047425508499146e-02
2.158747315406799316e-01
2.363761067390441895e-01
9.205760806798934937e-02
7.359477132558822632e-02
1.764308363199234009e-01
9.651304781436920166e-02
1.734966337680816650e-01
5.092505216598510742e-01
1.181989461183547974e-01
6.081182509660720825e-02
9.605747461318969727e-02
9.546045958995819092e-02
1.026467308402061462e-01
9.603444486856460571e-02
1.515063792467117310e-01
2.729761898517608643e-01
2.597547173500061035e-01
5.483848229050636292e-02
8.907471597194671631e-02
2.846962027251720428e-02
1.591289192438125610e-01
1.175494194030761719e-01
1.850520968437194824e-01
5.360355377197265625e-01
1.551149636507034302e-01
1.295855492353439331e-01
1.570186465978622437e-01
1.962848156690597534e-01
1.012430489063262939e-01
9.873389452695846558e-02
1.734921187162399292e-01
1.781291961669921875e-01
3.308894857764244080e-02
4.067076742649078369e-02
9.700046479701995850e-02
2.428940236568450928e-01
1.098247170448303223e-01
6.991521269083023071e-02
1.928419172763824463e-01
4.770319908857345581e-02
3.282140940427780151e-02
1.743519753217697144e-01
8.681961894035339355e-02
2.901038527488708496e-01
2.303367257118225098e-01
1.138281226158142090e-01
7.180520892143249512e-02
8.800408989191055298e-02
1.426042020320892334e-01
3.884681761264801025e-01
2.857638597488403320e-01
1.067242920398712158e-01
8.250369131565093994e-02
1.125681102275848389e-01
1.239690184593200684e-01
8.628513664007186890e-02
1.068482324481010437e-01
3.953139781951904297e-01
2.023585885763168335e-01
7.441061735153198242e-02
2.129835784435272217e-01
2.864245176315307617e-01
1.885026693344116211e-01
6.033298373222351074e-02
4.563191160559654236e-02
2.487058937549591064e-01
2.651888728141784668e-01
1.028103306889533997e-01
8.692590892314910889e-02
3.483692109584808350e-01
1.838794499635696411e-01
2.618859410285949707e-01
2.804020233452320099e-02
4.869758337736129761e-02
1.975585520267486572e-01
1.516084671020507812e-01
4.053181409835815430e-02
1.141723915934562683e-01
2.344674989581108093e-02
7.706308364868164062e-02
1.746394634246826172e-01
1.095470935106277466e-01
1.035617887973785400e-01
1.817824095487594604e-01
1.526402235031127930e-01
2.233718335628509521e-01
1.457607597112655640e-01
1.455930322408676147e-01
2.070849984884262085e-01
1.407287269830703735e-01
1.703479737043380737e-01
4.742184281349182129e-02
5.578354746103286743e-02
5.247653275728225708e-02
1.507247388362884521e-01
1.232338100671768188e-01
1.600532680749893188e-01
3.703973889350891113e-01
2.842669785022735596e-01
1.395772248506546021e-01
3.523437976837158203e-01
1.282813251018524170e-01
1.415559202432632446e-01
3.516710996627807617e-01
1.049745008349418640e-01
3.223952651023864746e-01
1.756427735090255737e-01
1.969187855720520020e-01
1.144211739301681519e-01
1.137290447950363159e-01
2.581122517585754395e-01
3.689294755458831787e-01
3.662435710430145264e-01
1.122209653258323669e-01
6.183543056249618530e-02
2.463867962360382080e-01
2.146913707256317139e-01
2.256225645542144775e-01
1.328784376382827759e-01
2.627814412117004395e-01
2.714168727397918701e-01
8.208647370338439941e-02
1.479449570178985596e-01
5.131668224930763245e-02
2.514776587486267090e-01
1.106102019548416138e-01
4.974341019988059998e-02
6.843430548906326294e-02
1.411049664020538330e-01
3.057430870831012726e-02
2.648607194423675537e-01
5.910414829850196838e-02
2.298965156078338623e-01
9.951223433017730713e-02
1.774740666151046753e-01
9.440365433692932129e-02
1.821530610322952271e-01
3.770650625228881836e-01
9.445247799158096313e-02
6.646938621997833252e-02
3.155186772346496582e-01
7.760058343410491943e-02
1.568916738033294678e-01
1.552883386611938477e-01
9.395289421081542969e-02
9.342927485704421997e-02
1.016149446368217468e-01
2.103505134582519531e-01
2.815568149089813232e-01
1.636434160172939301e-02
6.775058805942535400e-02
3.771106004714965820e-01
3.492941260337829590e-01
1.930272132158279419e-01
1.932767778635025024e-01
1.219705641269683838e-01
1.111388653516769409e-01
5.478112399578094482e-02
1.370572745800018311e-01
1.731570959091186523e-01
2.790912985801696777e-01
2.732161283493041992e-01
6.301090866327285767e-02
2.649788260459899902e-01
2.824254631996154785e-01
2.602556347846984863e-01
6.728896498680114746e-02
5.579451471567153931e-02
3.210023045539855957e-01
3.443220853805541992e-01
1.648739576339721680e-01
4.335272610187530518e-01
2.634366154670715332e-01
4.063507616519927979e-01
1.496005803346633911e-01
1.677826344966888428e-01
2.848781943321228027e-01
7.771110534667968750e-02
9.331778436899185181e-02
1.711069196462631226e-01
1.460465341806411743e-01
4.319546520709991455e-01
4.604698121547698975e-01
3.986227214336395264e-01
6.198453307151794434e-01
3.355162143707275391e-01
2.773710489273071289e-01
1.293048560619354248e-01
5.651039481163024902e-01
1.907210946083068848e-01
1.882494390010833740e-01
1.568931341171264648e-01
1.768809258937835693e-01
1.627501547336578369e-01
1.009854972362518311e-01
2.696819305419921875e-01
6.706554442644119263e-02
1.712157726287841797e-01
2.466791570186614990e-01
1.764723807573318481e-01
3.565214276313781738e-01
1.279854476451873779e-01
3.611710071563720703e-01
1.758456528186798096e-01
7.917287945747375488e-02
2.592564523220062256e-01
2.220237553119659424e-01
2.318574935197830200e-01
1.498705297708511353e-01
8.959110081195831299e-02
2.311564981937408447e-01
2.246549427509307861e-01
2.141713798046112061e-01
8.899958431720733643e-02
1.953863501548767090e-01
8.318111300468444824e-02
1.440855711698532104e-01
2.252600193023681641e-01
5.299650430679321289e-01
7.797606289386749268e-02
1.972241699695587158e-01
1.384352445602416992e-01
3.797039091587066650e-01
2.282481193542480469e-01
1.787110865116119385e-01
1.901859045028686523e-01
1.285189539194107056e-01
1.001191586256027222e-01
1.723830401897430420e-01
1.648857295513153076e-01
1.909077018499374390e-01
9.835240244865417480e-02
9.132836759090423584e-02
5.742210149765014648e-02
1.405137777328491211e-01
2.562168240547180176e-01
1.504923701286315918e-01
1.803227663040161133e-01
1.985580921173095703e-01
3.908907622098922729e-02
1.300304383039474487e-01
1.657791882753372192e-01
1.817853152751922607e-01
1.042495220899581909e-01
1.625565737485885620e-01
1.914835423231124878e-01
1.959068626165390015e-01
1.646789312362670898e-01
2.091133445501327515e-01
4.015232920646667480e-01
2.306507527828216553e-01
1.364526748657226562e-01
3.331555128097534180e-01
2.003547847270965576e-01
2.651139199733734131e-01
7.406285405158996582e-02
1.833878755569458008e-01
1.597264111042022705e-01
2.258958071470260620e-01
1.637657433748245239e-01
1.244316175580024719e-01
6.054225191473960876e-02
7.212831079959869385e-02
3.680387735366821289e-01
2.285166382789611816e-01
8.069101721048355103e-02
1.440549790859222412e-01
3.310787975788116455e-01
3.783147782087326050e-02
8.295806497335433960e-02
1.510064601898193359e-01
7.362920045852661133e-02
1.467964649200439453e-01
1.659486293792724609e-01
2.096903026103973389e-01
3.991848528385162354e-01
2.776445150375366211e-01
2.338015437126159668e-01
2.954735159873962402e-01
2.220750600099563599e-01
1.202936246991157532e-01
2.173879146575927734e-01
1.896088421344757080e-01
1.797777563333511353e-01
1.970738619565963745e-01
8.877615630626678467e-02
3.728168606758117676e-01
2.778775095939636230e-01
2.567769587039947510e-01
5.908760428428649902e-02
2.309123724699020386e-01
1.349675804376602173e-01
3.919012248516082764e-01
1.873905062675476074e-01
2.038699835538864136e-01
6.569288671016693115e-02
2.006573379039764404e-01
2.819885313510894775e-01
7.781978696584701538e-02
1.952356845140457153e-01
1.260743439197540283e-01
2.593492269515991211e-01
5.030867829918861389e-02
3.582018613815307617e-01
1.647073328495025635e-01
1.045730561017990112e-01
7.008823752403259277e-02
1.704311221837997437e-01
1.058565899729728699e-01
2.262178808450698853e-01
2.211452424526214600e-01
2.376324832439422607e-01
2.214840613305568695e-02
1.693897843360900879e-01
1.444730162620544434e-01
5.992260947823524475e-02
1.018257886171340942e-01
9.995610266923904419e-02
2.858554124832153320e-01
1.352917551994323730e-01
4.009687900543212891e-02
2.541894912719726562e-01
2.068440318107604980e-01
1.374202072620391846e-01
4.441232234239578247e-02
9.785389900207519531e-02
3.222521543502807617e-01
1.090285629034042358e-01
8.491826802492141724e-02
5.059742927551269531e-01
1.285772621631622314e-01
1.027366518974304199e-01
3.556216955184936523e-01
7.846956700086593628e-02
2.256377041339874268e-01
1.497813165187835693e-01
1.104005426168441772e-01
2.135215550661087036e-01
7.319660484790802002e-02
4.021994173526763916e-01
1.216007620096206665e-01
1.310396194458007812e-01
1.356010437011718750e-01
1.929346472024917603e-01
1.413052082061767578e-01
9.556284546852111816e-02
3.786362409591674805e-01
1.515660583972930908e-01
1.500777304172515869e-01
1.320268660783767700e-01
9.359209984540939331e-02
1.397137641906738281e-01
2.931844294071197510e-01
1.417090892791748047e-01
1.016219407320022583e-01
2.464790642261505127e-02
1.767369359731674194e-01
1.524491608142852783e-01
5.174358561635017395e-02
1.061719506978988647e-01
3.854414820671081543e-01
7.173161208629608154e-02
2.157718688249588013e-02
2.628642320632934570e-01
2.079610228538513184e-01
1.778995692729949951e-01
1.160091161727905273e-01
7.255749404430389404e-02
1.408585309982299805e-01
1.639991998672485352e-01
1.595950722694396973e-01
2.448213845491409302e-01
2.835311293601989746e-01
2.047492712736129761e-01
2.744342982769012451e-01
8.745677769184112549e-02
2.474191635847091675e-01
1.123607456684112549e-01
9.017875790596008301e-02
1.119244843721389771e-01
1.474279165267944336e-01
3.580660223960876465e-01
6.639850139617919922e-02
4.190012067556381226e-02
1.859977990388870239e-01
1.474746912717819214e-01
1.520918160676956177e-01
1.866126358509063721e-01
1.931719109416007996e-02
2.009772211313247681e-01
2.525098323822021484e-01
3.003722429275512695e-02
1.656051725149154663e-01
1.090506091713905334e-01
4.956009984016418457e-02
8.410175144672393799e-02
1.795485317707061768e-01
1.645818352699279785e-01
4.592509865760803223e-01
1.123296767473220825e-01
5.228804349899291992e-01
3.756254017353057861e-01
1.373574435710906982e-01
8.776498585939407349e-02
2.637524344027042389e-02
1.492175161838531494e-01
2.038276493549346924e-01
8.452738821506500244e-02
1.987538039684295654e-01
1.523626744747161865e-01
2.467131912708282471e-01
1.803399324417114258e-01
1.459117531776428223e-01
1.193749532103538513e-01
3.178392648696899414e-01
1.864033341407775879e-01
1.431981623172760010e-01
1.412026435136795044e-01
1.114560738205909729e-01
1.764070391654968262e-01
7.701404392719268799e-02
2.660910487174987793e-01
1.568936109542846680e-01
2.479414641857147217e-01
2.035897225141525269e-01
3.063263893127441406e-01
4.309642612934112549e-01
2.326872646808624268e-01
1.293246150016784668e-01
3.950220346450805664e-02
9.015035629272460938e-02
8.728727698326110840e-02
1.169406101107597351e-01
1.162913963198661804e-01
1.269672513008117676e-01
2.087889611721038818e-01
2.084159106016159058e-01
2.194342464208602905e-01
1.306452453136444092e-01
1.690516173839569092e-01
2.121858298778533936e-01
1.955910623073577881e-01
1.814894378185272217e-01
1.271547526121139526e-01
1.567869037389755249e-01
2.890900373458862305e-01
2.416935861110687256e-01
6.809848546981811523e-02
1.382853537797927856e-01
1.589802354574203491e-01
3.469465672969818115e-02
9.585726261138916016e-02
1.526478528976440430e-01
1.734601855278015137e-01
3.575757145881652832e-01
5.196424722671508789e-01
1.082437932491302490e-01
1.660599708557128906e-01
1.498935967683792114e-01
2.898013293743133545e-01
4.156984686851501465e-01
1.644994765520095825e-01
4.487208425998687744e-01
2.865343689918518066e-01
3.881193697452545166e-01
5.005300045013427734e-01
5.307297706604003906e-01
3.349485397338867188e-01
2.667217552661895752e-01
1.755552589893341064e-01
3.043753206729888916e-01
3.299283385276794434e-01
3.160996139049530029e-01
3.213071823120117188e-01
3.506172299385070801e-01
1.313402056694030762e-01
4.635080695152282715e-01
2.898221611976623535e-01
2.786895632743835449e-01
3.256883025169372559e-01
1.946648955345153809e-01
3.746590912342071533e-01
3.866583704948425293e-01
1.991143375635147095e-01
2.921370267868041992e-01
3.523421585559844971e-01
3.544872105121612549e-01
4.719714522361755371e-01
3.650940060615539551e-01
1.798355728387832642e-01
3.082164824008941650e-01
5.417232513427734375e-01
3.291319012641906738e-01
2.438362687826156616e-01
3.970027565956115723e-01
2.966191172599792480e-01
2.571468353271484375e-01
4.253532886505126953e-01
2.700968384742736816e-01
2.396480590105056763e-01
9.028948843479156494e-02
2.123264670372009277e-01
2.130262553691864014e-01
3.849280774593353271e-01
1.190209090709686279e-01
2.557643949985504150e-01
3.351223766803741455e-01
2.714501321315765381e-01
1.636615395545959473e-01
2.377480119466781616e-01
2.872592210769653320e-01
1.648738235235214233e-01
2.335284203290939331e-01
3.356526494026184082e-01
3.864827156066894531e-01
3.259906768798828125e-01
1.025341898202896118e-01
2.475740462541580200e-01
3.301957249641418457e-01
1.030212864279747009e-01
1.936499923467636108e-01
1.188018620014190674e-01
4.958207905292510986e-01
1.427121758460998535e-01
6.484827399253845215e-02
1.589316129684448242e-01
3.373014032840728760e-01
3.169924318790435791e-01
2.091857045888900757e-01
5.338722467422485352e-01
2.446025162935256958e-01
2.558928728103637695e-01
1.856496930122375488e-01
2.875136137008666992e-01
1.730494648218154907e-01
1.536348462104797363e-01
1.689362227916717529e-01
3.155841231346130371e-01
1.720064133405685425e-01
2.073477059602737427e-01
1.571129560470581055e-01
2.608169615268707275e-01
1.058360561728477478e-01
1.889025121927261353e-01
1.546329557895660400e-01
2.135950922966003418e-01
1.930694729089736938e-01
1.956263333559036255e-01
1.197544261813163757e-01
1.784170120954513550e-01
1.840720176696777344e-01
2.355940043926239014e-01
2.604292035102844238e-01
1.151924133300781250e-01
2.626910507678985596e-01
2.296196669340133667e-01
1.683779358863830566e-01
2.035343348979949951e-01
5.939827859401702881e-02
2.611322104930877686e-01
1.506491750478744507e-01
1.465276479721069336e-01
8.214230835437774658e-02
8.698634803295135498e-02
2.354235649108886719e-01
2.024739235639572144e-01
1.465492546558380127e-01
7.257974147796630859e-02
2.344806194305419922e-01
4.332292079925537109e-02
3.161221742630004883e-01
1.266348063945770264e-01
4.677119106054306030e-02
4.443594068288803101e-02
2.544731795787811279e-01
2.695004642009735107e-01
2.851500809192657471e-01
6.119044870138168335e-02
3.153044879436492920e-01
1.817925721406936646e-01
2.420665323734283447e-01
1.108868420124053955e-01
2.044140994548797607e-01
3.024756908416748047e-01
5.298273265361785889e-02
2.154120355844497681e-01
2.846806645393371582e-01
1.038608774542808533e-01
8.722694218158721924e-02
2.559117078781127930e-01
2.160334289073944092e-01
4.795423746109008789e-01
2.885439991950988770e-01
1.844631433486938477e-01
1.720374226570129395e-01
2.561092674732208252e-01
1.791441142559051514e-01
2.292321026325225830e-01
1.755025088787078857e-01
1.466692388057708740e-01
1.827800273895263672e-01
9.550803899765014648e-02
2.110384404659271240e-01
7.083512842655181885e-02
5.886260792613029480e-02
1.726720631122589111e-01
1.961228251457214355e-01
2.646766304969787598e-01
1.302379071712493896e-01
1.377606838941574097e-01
8.794023841619491577e-02
2.170515060424804688e-02
2.105248868465423584e-01
9.249205142259597778e-02
2.725916504859924316e-01
1.554580479860305786e-01
8.413788676261901855e-02
2.465622276067733765e-01
1.559308320283889771e-01
2.368341535329818726e-01
1.682783365249633789e-01
2.544124126434326172e-01
6.414166837930679321e-02
9.246166795492172241e-02
7.563871145248413086e-02
7.556667923927307129e-02
5.678924918174743652e-02
3.568538650870323181e-02
1.472319066524505615e-01
4.265519976615905762e-01
3.419435024261474609e-01
1.985902935266494751e-01
1.831275373697280884e-01
5.511787533760070801e-02
1.234801560640335083e-01
2.875927686691284180e-01
2.283323407173156738e-01
1.854113340377807617e-01
1.752367913722991943e-01
2.018659114837646484e-01
1.459302902221679688e-01
3.765627741813659668e-02
2.026187330484390259e-01
3.435558378696441650e-01
1.981479525566101074e-01
4.601120650768280029e-01
6.880138814449310303e-02
1.199364215135574341e-01
2.817416191101074219e-01
1.889909058809280396e-01
2.438451349735260010e-01
2.130969166755676270e-01
3.275576829910278320e-01
2.412382662296295166e-01
1.734406501054763794e-01
7.796813547611236572e-02
1.470107436180114746e-01
1.607693731784820557e-01
2.632629871368408203e-01
2.747782468795776367e-01
1.249345615506172180e-01
1.343371570110321045e-01
5.294055491685867310e-02
1.040781587362289429e-01
3.072732873260974884e-02
5.933957174420356750e-02
2.799772918224334717e-01
1.118258610367774963e-01
4.513655900955200195e-01
1.093816608190536499e-01
1.329936683177947998e-01
2.760125994682312012e-01
8.886674046516418457e-02
1.149264648556709290e-01
9.595286846160888672e-02
1.597680151462554932e-01
1.349841058254241943e-01
1.891416311264038086e-01
1.547019779682159424e-01
7.385538518428802490e-02
2.112205773591995239e-01
9.617331624031066895e-02
2.092300504446029663e-01
2.129593491554260254e-01
1.022379472851753235e-01
8.813227713108062744e-02
5.119141936302185059e-01
1.929146945476531982e-01
1.372580528259277344e-01
1.615432053804397583e-01
2.220342159271240234e-01
1.480607092380523682e-01
4.462907463312149048e-02
1.173866763710975647e-01
1.166457906365394592e-01
7.461586594581604004e-02
4.536509513854980469e-01
9.691360592842102051e-02
3.566553443670272827e-02
7.949534058570861816e-02
1.785968840122222900e-01
2.981450259685516357e-01
4.304860830307006836e-01
1.193764954805374146e-01
1.386700719594955444e-01
7.985816895961761475e-02
1.873627007007598877e-01
2.713187336921691895e-01
1.880520284175872803e-01
1.051963940262794495e-01
1.967155188322067261e-01
1.204988956451416016e-01
2.756910622119903564e-01
2.097570598125457764e-01
1.360692679882049561e-01
2.498093247413635254e-01
2.825592160224914551e-01
2.883203923702239990e-01
3.111677169799804688e-01
3.150635063648223877e-01
1.553826481103897095e-01
1.923920512199401855e-01
1.986900120973587036e-01
3.652899563312530518e-01
1.500513553619384766e-01
1.125780120491981506e-01
1.164142042398452759e-01
2.367714494466781616e-01
4.461902379989624023e-01
9.836106747388839722e-02
2.295158952474594116e-01
3.080829381942749023e-01
4.896491393446922302e-02
1.771997064352035522e-01
2.144595533609390259e-01
1.577907949686050415e-01
8.274494111537933350e-02
2.764357924461364746e-01
3.145882189273834229e-01
7.071800529956817627e-02
4.862938448786735535e-02
6.600426137447357178e-02
6.798512488603591919e-02
3.145366907119750977e-01
2.353857010602951050e-01
1.826566159725189209e-01
5.182564258575439453e-02
1.420769095420837402e-01
1.704452186822891235e-01
4.801255464553833008e-01
2.690359950065612793e-01
1.786068975925445557e-01
9.660979360342025757e-02
1.938861459493637085e-01
3.293219804763793945e-01
2.951867580413818359e-01
5.767488479614257812e-02
5.296971276402473450e-02
9.814268350601196289e-02
1.524192541837692261e-01
8.813397586345672607e-02
2.636277079582214355e-01
4.755645617842674255e-02
1.359098553657531738e-01
1.654759645462036133e-01
2.478818297386169434e-01
2.161843180656433105e-01
2.793173119425773621e-02
1.624723225831985474e-01
2.370304763317108154e-01
2.375923655927181244e-02
1.015908941626548767e-01
9.366908669471740723e-02
2.053857445716857910e-01
3.097478747367858887e-01
1.463350206613540649e-01
9.314183890819549561e-02
7.877693325281143188e-02
7.656840980052947998e-02
1.111566573381423950e-01
1.104986518621444702e-01
9.628547728061676025e-02
2.614957690238952637e-01
1.023849844932556152e-01
2.390244156122207642e-01
1.304370462894439697e-01
1.075156033039093018e-01
1.817758083343505859e-01
9.178785234689712524e-02
1.476930230855941772e-01
1.220947355031967163e-01
6.188580393791198730e-02
2.076235711574554443e-01
2.359661608934402466e-01
1.444439142942428589e-01
3.167927861213684082e-01
1.944805681705474854e-01
2.706517651677131653e-02
1.752625256776809692e-01
7.955239713191986084e-02
2.250239253044128418e-01
1.234076768159866333e-01
1.805052757263183594e-01
1.589637547731399536e-01
1.849060356616973877e-01
3.490728139877319336e-01
2.805508673191070557e-01
1.541333198547363281e-01
4.003189131617546082e-02
2.259654998779296875e-01
4.554086625576019287e-01
2.537602186203002930e-01
1.380009204149246216e-01
1.716682165861129761e-01
9.380925446748733521e-02
3.192596435546875000e-01
1.703538000583648682e-01
2.335279583930969238e-01
2.490919530391693115e-01
2.168137580156326294e-01
1.439576297998428345e-01
1.930014789104461670e-01
1.720305979251861572e-01
9.471523761749267578e-02
1.000661104917526245e-01
8.155149221420288086e-02
1.962703168392181396e-01
1.052470356225967407e-01
5.019458755850791931e-02
1.251586973667144775e-01
1.484422534704208374e-01
1.314163655042648315e-01
1.262039840221405029e-01
7.791500538587570190e-03
3.122082352638244629e-01
1.718965321779251099e-01
1.652729809284210205e-01
2.056062221527099609e-01
9.452769905328750610e-02
1.197839379310607910e-01
7.792609930038452148e-02
4.372513890266418457e-01
6.409651041030883789e-02
1.107499822974205017e-01
1.497995853424072266e-01
2.799495756626129150e-01
1.660313606262207031e-01
4.290138557553291321e-02
3.606137037277221680e-01
1.412627846002578735e-01
3.350999653339385986e-01
2.315475642681121826e-01
6.569343805313110352e-02
5.677761137485504150e-02
1.668269634246826172e-01
1.777185648679733276e-01
3.181580603122711182e-01
1.955025643110275269e-01
1.729733645915985107e-01
4.252578616142272949e-01
8.726557344198226929e-02
4.625062644481658936e-02
2.410124838352203369e-01
1.554312258958816528e-01
1.545840948820114136e-01
8.464710414409637451e-02
1.564560532569885254e-01
1.425472944974899292e-01
4.290806055068969727e-01
6.150513142347335815e-02
2.520250678062438965e-01
7.869967073202133179e-02
1.028029769659042358e-01
1.833795756101608276e-01
1.072219163179397583e-01
1.375246793031692505e-01
9.479476511478424072e-02
2.157748341560363770e-01
2.554650306701660156e-01
2.508731782436370850e-01
2.588142156600952148e-01
1.058095917105674744e-01
6.297404319047927856e-02
1.987091302871704102e-01
2.103484719991683960e-01
6.231280043721199036e-02
2.248525172472000122e-01
1.842852532863616943e-01
2.599437236785888672e-01
1.153205558657646179e-01
3.480124175548553467e-01
3.277573883533477783e-01
1.423258930444717407e-01
1.620593965053558350e-01
1.639206856489181519e-01
1.535774916410446167e-01
1.500988006591796875e-01
1.279762089252471924e-01
2.519035339355468750e-01
8.201587200164794922e-02
2.841978967189788818e-01
2.102713584899902344e-01
1.774615198373794556e-01
2.946434020996093750e-01
5.670370161533355713e-02
1.124797016382217407e-01
1.456037312746047974e-01
2.905901148915290833e-02
1.473721712827682495e-01
5.974564701318740845e-02
6.245454028248786926e-02
1.383576542139053345e-01
1.468763947486877441e-01
7.963620126247406006e-02
8.553048223257064819e-02
6.052527204155921936e-02
8.528314530849456787e-02
9.354330599308013916e-02
1.746817976236343384e-01
1.615447103977203369e-01
1.413741558790206909e-01
1.107008010149002075e-01
2.907870709896087646e-01
4.522681236267089844e-02
1.111500337719917297e-01
1.690994650125503540e-01
2.452525794506072998e-01
3.116396665573120117e-01
2.365763485431671143e-01
8.844269812107086182e-02
1.767140775918960571e-01
1.282725185155868530e-01
1.807031780481338501e-01
2.987568452954292297e-02
1.775145828723907471e-01
1.245237812399864197e-01
3.302100598812103271e-01
1.483173966407775879e-01
9.484888613224029541e-02
3.959516286849975586e-01
8.148262649774551392e-02
1.377771943807601929e-01
6.971844285726547241e-02
1.958463788032531738e-01
1.500788927078247070e-01
2.742481529712677002e-01
1.408980041742324829e-01
1.256027817726135254e-01
2.588357329368591309e-01
3.712665140628814697e-01
2.146566808223724365e-01
1.299897730350494385e-01
1.941715776920318604e-01
2.802716493606567383e-01
1.376830339431762695e-01
1.731281280517578125e-01
2.491436451673507690e-01
1.162183433771133423e-01
4.632226750254631042e-02
1.444612294435501099e-01
1.525733470916748047e-01
2.791432142257690430e-01
1.681384444236755371e-01
2.737488746643066406e-01
3.138282299041748047e-01
2.558269500732421875e-01
1.194923594594001770e-01
6.169717013835906982e-02
3.976704925298690796e-02
2.077753655612468719e-02
2.756749689579010010e-01
1.108003556728363037e-01
2.254282236099243164e-01
1.196336969733238220e-01
1.638613045215606689e-01
1.487967371940612793e-01
2.459527850151062012e-01
6.866712123155593872e-02
1.341622471809387207e-01
3.150368928909301758e-01
8.784041553735733032e-02
6.820651888847351074e-02
1.811371594667434692e-01
9.695632755756378174e-02
2.816404104232788086e-01
1.526078283786773682e-01
4.071566462516784668e-02
7.230320572853088379e-02
1.457067430019378662e-01
4.096741974353790283e-02
1.866405308246612549e-01
3.302444815635681152e-01
9.355105459690093994e-02
1.013776510953903198e-01
3.684802055358886719e-01
1.753748655319213867e-01
1.727765351533889771e-01
2.063952386379241943e-01
5.783478915691375732e-02
1.441359668970108032e-01
1.246838048100471497e-01
1.930297911167144775e-02
2.706653177738189697e-01
4.805801063776016235e-02
8.025598526000976562e-02
5.825836956501007080e-02
7.705771923065185547e-02
1.095972061157226562e-01
5.170469358563423157e-02
2.020524591207504272e-01
3.159919381141662598e-01
2.259031534194946289e-01
1.275315880775451660e-01
8.160930126905441284e-02
9.142388403415679932e-02
3.023838698863983154e-01
1.221200302243232727e-01
1.987025588750839233e-01
4.059827327728271484e-02
8.067244291305541992e-02
1.029446199536323547e-01
5.055266991257667542e-02
1.293199360370635986e-01
3.174102306365966797e-02
1.635724008083343506e-01
2.416697442531585693e-01
2.226210832595825195e-01
1.276315748691558838e-01
2.266083061695098877e-01
1.831209063529968262e-01
1.011761724948883057e-01
1.706879287958145142e-01
1.319328695535659790e-01
8.940981328487396240e-02
1.861781626939773560e-01
2.363649308681488037e-01
2.699565589427947998e-01
5.051047801971435547e-01
2.306212298572063446e-02
1.105506420135498047e-01
1.452502906322479248e-01
5.839662998914718628e-02
4.401769042015075684e-01
8.972151577472686768e-02
5.367882549762725830e-02
3.033313527703285217e-02
2.309559434652328491e-01
3.283641636371612549e-01
1.094639450311660767e-01
1.883011162281036377e-01
2.229293733835220337e-01
1.434138417243957520e-01
3.631185293197631836e-01
2.305102497339248657e-01
1.961603164672851562e-01
1.072176918387413025e-01
1.496700942516326904e-01
1.789171993732452393e-01
6.102010980248451233e-02
7.380320131778717041e-02
1.541790068149566650e-01
9.715366363525390625e-02
1.393650323152542114e-01
1.539091765880584717e-01
1.935594677925109863e-01
1.425973027944564819e-01
1.282187700271606445e-01
9.380818158388137817e-02
5.548514723777770996e-01
4.049285352230072021e-01
3.032804131507873535e-01
3.067477941513061523e-01
2.957893013954162598e-01
9.747244417667388916e-02
2.151044160127639771e-01
1.701889336109161377e-01
2.658790946006774902e-01
2.830038964748382568e-01
7.791167497634887695e-02
8.692311495542526245e-02
2.325231730937957764e-01
2.506943345069885254e-01
2.623864412307739258e-01
3.189985752105712891e-01
2.910539209842681885e-01
8.146139979362487793e-02
1.448947191238403320e-01
3.945289254188537598e-01
2.492295205593109131e-02
3.346991240978240967e-01
1.105636209249496460e-01
2.328308522701263428e-01
1.785863041877746582e-01
1.403425931930541992e-01
1.477229297161102295e-01
