3.149574697017669678e-01
2.381269633769989014e-01
1.020770370960235596e-01
3.533518910408020020e-01
3.850335627794265747e-02
7.694469392299652100e-02
2.117476910352706909e-01
9.859833121299743652e-02
2.385913729667663574e-01
1.394075751304626465e-01
1.307856738567352295e-01
2.074860930442810059e-01
1.330332010984420776e-01
1.209263429045677185e-01
6.552438437938690186e-02
2.136381268501281738e-01
1.803863495588302612e-01
2.362205833196640015e-01
2.311378121376037598e-01
4.118116497993469238e-01
1.477781832218170166e-01
1.861655414104461670e-01
7.338291406631469727e-02
6.870386004447937012e-02
3.308898210525512695e-01
2.059558928012847900e-01
2.226981371641159058e-01
8.963784575462341309e-02
1.176396459341049194e-01
1.880604177713394165e-01
5.062249302864074707e-01
2.705363929271697998e-01
2.518111169338226318e-01
2.153109014034271240e-01
1.787203252315521240e-01
2.554585933685302734e-01
2.959324419498443604e-02
3.573251366615295410e-01
8.604950457811355591e-02
8.403390645980834961e-02
8.036965131759643555e-02
4.902492091059684753e-02
1.427366882562637329e-01
1.742262840270996094e-01
1.293707638978958130e-01
2.969739139080047607e-01
1.331168413162231445e-01
3.353952467441558838e-01
2.485904395580291748e-01
1.099072173237800598e-01
3.198974728584289551e-01
1.017092019319534302e-01
7.532719522714614868e-02
1.477304846048355103e-01
9.557034075260162354e-02
2.603622674942016602e-01
1.577880680561065674e-01
1.212868988513946533e-01
8.993247151374816895e-02
4.189593717455863953e-02
1.706759780645370483e-01
2.232890427112579346e-01
1.673314869403839111e-01
3.089690953493118286e-02
2.023299336433410645e-01
9.092443436384201050e-02
2.867332994937896729e-01
1.044707894325256348e-01
9.582206606864929199e-02
1.353182196617126465e-01
2.006558030843734741e-01
1.835747659206390381e-01
8.150984346866607666e-02
2.353608608245849609e-01
3.309798538684844971e-01
2.933160364627838135e-01
1.679786294698715210e-01
2.944713830947875977e-01
1.988545060157775879e-01
1.486191898584365845e-01
1.816597878932952881e-01
5.755423754453659058e-02
9.161292016506195068e-02
3.054919242858886719e-01
1.320160329341888428e-01
4.467763900756835938e-01
1.651851534843444824e-01
7.912540435791015625e-02
3.197573721408843994e-01
8.759225904941558838e-02
1.141542121767997742e-01
1.355930268764495850e-01
1.377390921115875244e-01
3.537016808986663818e-01
1.557572185993194580e-01
4.841641336679458618e-02
1.276065707206726074e-01
7.656213641166687012e-02
3.604047000408172607e-01
1.930758059024810791e-01
1.718419641256332397e-01
1.024780273437500000e-01
1.946634203195571899e-01
1.068824082612991333e-01
4.329706132411956787e-01
1.068815514445304871e-01
1.432335972785949707e-01
4.510575532913208008e-01
1.009460985660552979e-01
2.749875187873840332e-01
1.424452960491180420e-01
1.277456432580947876e-01
1.553769409656524658e-01
5.473873764276504517e-02
6.672146916389465332e-02
1.286289095878601074e-01
4.651749134063720703e-02
1.392216384410858154e-01
1.285676360130310059e-01
1.343946456909179688e-01
2.297273129224777222e-01
9.101910889148712158e-02
1.517132371664047241e-01
1.214590445160865784e-01
1.280600577592849731e-01
1.724077314138412476e-01
1.993287205696105957e-01
1.452299058437347412e-01
8.279994130134582520e-02
1.610304713249206543e-01
1.329711079597473145e-01
1.251820474863052368e-01
5.533663555979728699e-02
1.730240285396575928e-01
8.495376259088516235e-02
2.144539654254913330e-01
4.874334633350372314e-01
3.183991611003875732e-01
9.259356558322906494e-02
2.537119388580322266e-01
2.787694633007049561e-01
3.545910716056823730e-01
2.394148856401443481e-01
8.818151056766510010e-02
3.720170259475708008e-02
1.766867041587829590e-01
1.371521055698394775e-01
2.472220659255981445e-01
1.552992165088653564e-01
2.302299141883850098e-01
1.463733613491058350e-01
1.248695552349090576e-01
2.104583978652954102e-01
3.890747576951980591e-02
2.779758572578430176e-01
5.470026284456253052e-02
1.990934014320373535e-01
2.231365144252777100e-01
1.410724669694900513e-01
1.583582162857055664e-01
2.428397834300994873e-01
1.944915950298309326e-01
2.422883212566375732e-01
2.626891136169433594e-01
1.907538771629333496e-01
2.326917052268981934e-01
1.828631311655044556e-01
1.682752668857574463e-01
1.390578150749206543e-01
2.309076488018035889e-01
3.060146570205688477e-01
1.444763243198394775e-01
1.543521136045455933e-01
5.338501185178756714e-02
8.431917428970336914e-02
4.725315421819686890e-02
7.340363413095474243e-02
1.907543838024139404e-01
1.316694319248199463e-01
1.500259637832641602e-01
8.993692696094512939e-02
1.026472449302673340e-01
1.387274265289306641e-01
2.206548452377319336e-01
9.504918754100799561e-02
4.996493458747863770e-02
1.352496147155761719e-01
2.210388183593750000e-01
1.518307626247406006e-01
2.143712192773818970e-01
1.761771738529205322e-01
3.027883358299732208e-02
4.054093956947326660e-01
7.887955009937286377e-02
2.275339663028717041e-01
1.399793326854705811e-01
2.010520845651626587e-01
4.665442556142807007e-02
2.250276207923889160e-01
1.577132791280746460e-01
2.305612862110137939e-01
2.512240707874298096e-01
2.162721455097198486e-01
9.577118605375289917e-02
2.164060622453689575e-01
1.378297060728073120e-01
2.829605638980865479e-01
2.153701186180114746e-01
3.013283908367156982e-01
3.264499604701995850e-01
2.331998795270919800e-01
1.169938519597053528e-01
1.470563113689422607e-01
1.377167701721191406e-01
2.232857048511505127e-01
8.349774032831192017e-02
2.136684656143188477e-01
2.094039469957351685e-01
2.803741395473480225e-01
2.213271409273147583e-01
1.847125440835952759e-01
9.798377752304077148e-02
2.615763545036315918e-01
4.774213582277297974e-02
4.962334036827087402e-02
9.212514013051986694e-02
3.823876380920410156e-01
1.282595396041870117e-01
1.688420027494430542e-01
3.471914678812026978e-02
3.136561065912246704e-02
2.618610262870788574e-01
1.068700999021530151e-01
1.312608271837234497e-01
1.674730181694030762e-01
2.486709654331207275e-01
1.630692929029464722e-01
1.562134027481079102e-01
2.548980414867401123e-01
2.534740865230560303e-01
1.901825219392776489e-01
2.543653547763824463e-01
1.133397221565246582e-01
5.523730069398880005e-02
2.346935868263244629e-01
5.275772884488105774e-02
2.524911463260650635e-01
1.679898500442504883e-01
5.557395517826080322e-02
8.129335939884185791e-02
8.800689876079559326e-02
1.535975635051727295e-01
7.194736599922180176e-02
2.190378606319427490e-01
2.146620303392410278e-01
3.774056136608123779e-01
7.862204313278198242e-02
2.422794699668884277e-01
2.913066558539867401e-02
1.783155649900436401e-01
3.736598417162895203e-02
1.109095439314842224e-01
2.525756359100341797e-01
2.199210822582244873e-01
1.241967976093292236e-01
4.771440476179122925e-02
2.640507221221923828e-01
1.749233454465866089e-01
1.845465898513793945e-01
1.567004323005676270e-01
1.909236609935760498e-01
8.427759259939193726e-02
3.016124665737152100e-02
1.157074719667434692e-01
3.531540185213088989e-02
1.466503143310546875e-01
2.839483618736267090e-01
1.305570155382156372e-01
3.724735975265502930e-02
1.580956280231475830e-01
1.160597875714302063e-01
1.821311563253402710e-01
6.681927442550659180e-01
2.635900080204010010e-01
4.151926934719085693e-02
7.436197251081466675e-02
1.698874980211257935e-01
1.527829021215438843e-01
8.036039769649505615e-02
2.214221209287643433e-01
3.417524099349975586e-01
3.085770308971405029e-01
2.870695590972900391e-01
1.355524510145187378e-01
6.621454656124114990e-02
1.334108114242553711e-01
1.590437293052673340e-01
1.431019157171249390e-01
1.081346124410629272e-01
1.081201806664466858e-01
2.838029265403747559e-01
1.700959205627441406e-01
7.665397226810455322e-02
2.062973678112030029e-01
4.637376070022583008e-01
2.061810940504074097e-01
2.268519252538681030e-01
2.268136739730834961e-01
7.736936956644058228e-02
2.363931685686111450e-01
2.414523065090179443e-01
2.676585018634796143e-01
1.027528792619705200e-01
3.170363306999206543e-01
1.140072494745254517e-01
2.816802263259887695e-01
1.860894113779067993e-01
2.474159151315689087e-01
2.771655321121215820e-01
1.757292747497558594e-01
2.263725250959396362e-01
3.409883081912994385e-01
2.135727703571319580e-01
2.858659029006958008e-01
1.020075231790542603e-01
3.848663270473480225e-01
8.769014477729797363e-02
1.469708383083343506e-01
3.884418904781341553e-01
3.713052868843078613e-01
3.561674356460571289e-01
1.468486487865447998e-01
2.344650924205780029e-01
1.720407158136367798e-01
2.732612192630767822e-01
8.270254731178283691e-02
2.316683232784271240e-01
1.554502993822097778e-01
2.160958796739578247e-01
8.048074692487716675e-02
1.449630260467529297e-01
2.797824442386627197e-01
2.546193599700927734e-01
1.010338664054870605e-01
2.854577600955963135e-01
9.908962249755859375e-02
3.812745213508605957e-01
1.898350864648818970e-01
1.613426804542541504e-01
1.030275002121925354e-01
2.357168346643447876e-01
5.549544095993041992e-02
1.205787882208824158e-01
7.157653570175170898e-02
1.787478923797607422e-01
9.835349023342132568e-02
1.459658890962600708e-01
2.633590996265411377e-01
1.694021224975585938e-01
2.350323498249053955e-01
1.150355637073516846e-01
2.152877300977706909e-01
2.141831517219543457e-01
3.922336697578430176e-01
3.543565049767494202e-02
1.414158344268798828e-01
1.161762773990631104e-01
4.790990427136421204e-02
9.001930058002471924e-02
2.228974252939224243e-01
1.902526170015335083e-01
3.512369394302368164e-01
1.122602373361587524e-01
4.838801920413970947e-02
2.656681537628173828e-01
1.634500920772552490e-01
1.763964146375656128e-01
2.029043734073638916e-01
1.219747364521026611e-01
1.542348861694335938e-01
1.984857618808746338e-01
8.329151570796966553e-02
6.830113381147384644e-02
1.849593967199325562e-01
2.564721703529357910e-01
3.502051830291748047e-01
3.722617030143737793e-01
4.864096939563751221e-01
1.891727149486541748e-01
3.818699717521667480e-01
1.951860785484313965e-01
1.577508747577667236e-01
1.797821223735809326e-01
1.570682525634765625e-01
8.639205992221832275e-02
1.471074670553207397e-01
2.648845911026000977e-01
2.793344557285308838e-01
2.499472200870513916e-01
1.580395549535751343e-01
5.017147213220596313e-02
1.610376238822937012e-01
2.029789388179779053e-01
1.405795663595199585e-01
3.299559056758880615e-01
3.450861573219299316e-02
1.203887313604354858e-01
1.284444630146026611e-01
7.285387068986892700e-02
4.027297720313072205e-02
1.145243942737579346e-01
1.745489686727523804e-01
1.108699440956115723e-01
1.531888544559478760e-01
9.481032192707061768e-02
2.085161805152893066e-01
2.094786018133163452e-01
2.488554418087005615e-01
7.809013873338699341e-02
1.055341809988021851e-01
3.180261254310607910e-01
1.348855793476104736e-01
4.002100974321365356e-02
3.161042183637619019e-02
6.021782755851745605e-02
1.663949489593505859e-01
1.618386059999465942e-01
3.253334462642669678e-01
1.318304836750030518e-01
3.685761690139770508e-01
6.207153573632240295e-02
1.960875988006591797e-01
6.488768011331558228e-02
1.110170930624008179e-01
1.445138156414031982e-01
2.611842751502990723e-01
4.019781947135925293e-01
6.723824143409729004e-02
1.292660832405090332e-01
1.671192049980163574e-01
1.477050483226776123e-01
1.709749400615692139e-01
2.747866511344909668e-01
2.195479869842529297e-01
1.849352866411209106e-01
2.156952917575836182e-01
8.132623136043548584e-02
6.935957074165344238e-02
1.333714276552200317e-01
5.268620699644088745e-02
3.421339690685272217e-01
7.099118828773498535e-02
3.268016576766967773e-01
2.374578714370727539e-01
1.123451218008995056e-01
2.823066115379333496e-01
2.163400202989578247e-01
2.095956802368164062e-01
1.799480766057968140e-01
1.634779572486877441e-01
1.520831882953643799e-01
6.653031706809997559e-02
1.160149797797203064e-01
7.154826074838638306e-02
1.075318008661270142e-01
2.997588813304901123e-01
1.548177748918533325e-01
2.856000959873199463e-01
1.118174791336059570e-01
2.847510576248168945e-01
2.163533270359039307e-01
8.474330604076385498e-02
4.177408665418624878e-02
2.290323376655578613e-02
6.606364995241165161e-02
2.123466581106185913e-01
1.634274125099182129e-01
1.255022287368774414e-01
1.575144529342651367e-01
2.548649609088897705e-01
1.292134225368499756e-01
1.672459840774536133e-01
1.298346668481826782e-01
8.855174481868743896e-02
3.086828589439392090e-01
2.581143975257873535e-01
3.346418440341949463e-01
2.096113562583923340e-01
3.282314538955688477e-01
1.174378767609596252e-01
1.617932319641113281e-01
1.796919554471969604e-01
1.134413182735443115e-01
4.369284957647323608e-02
6.174507737159729004e-02
3.291788697242736816e-01
1.386945694684982300e-01
1.493027806282043457e-01
7.054086774587631226e-02
1.462687551975250244e-01
5.162735283374786377e-02
2.831101417541503906e-01
2.418288886547088623e-01
2.113237679004669189e-01
3.580238819122314453e-01
3.098925352096557617e-01
2.082661986351013184e-01
7.486920058727264404e-02
1.178117394447326660e-01
6.094074994325637817e-02
1.716477274894714355e-01
1.039908677339553833e-01
3.201509714126586914e-01
2.045823037624359131e-01
2.258715480566024780e-01
1.394598782062530518e-01
1.400047391653060913e-01
9.681817144155502319e-02
2.492880374193191528e-01
6.061336770653724670e-02
8.238440752029418945e-02
1.627876460552215576e-01
4.071910381317138672e-01
1.096936911344528198e-01
2.279712855815887451e-01
1.157467365264892578e-01
8.357399702072143555e-02
1.382110118865966797e-01
2.600643038749694824e-01
8.534167706966400146e-02
1.606190502643585205e-01
2.725867629051208496e-01
1.465066820383071899e-01
2.182222008705139160e-01
2.510868310928344727e-01
1.950900703668594360e-01
1.443563103675842285e-01
1.914133429527282715e-01
2.256700247526168823e-01
8.937823772430419922e-02
6.112901866436004639e-02
4.768676310777664185e-02
5.633975937962532043e-02
2.131846398115158081e-01
2.320191562175750732e-01
1.145365834236145020e-01
1.746119260787963867e-01
6.293754279613494873e-02
1.506654322147369385e-01
1.336989402770996094e-01
6.577172875404357910e-02
1.418667733669281006e-01
1.953601986169815063e-01
3.832641243934631348e-02
3.790636360645294189e-02
2.181720584630966187e-01
1.812548190355300903e-01
1.552257090806961060e-01
3.306818306446075439e-01
8.121950924396514893e-02
1.378590911626815796e-01
8.450803160667419434e-02
2.141325622797012329e-01
3.398533761501312256e-01
5.488579720258712769e-02
3.802879154682159424e-01
3.288922309875488281e-01
2.194893360137939453e-01
1.062277927994728088e-01
1.106947883963584900e-01
9.591915458440780640e-02
1.069253385066986084e-01
1.411172449588775635e-01
2.931669950485229492e-01
4.042378067970275879e-01
2.449984401464462280e-01
1.295618712902069092e-01
3.334989249706268311e-01
1.259700208902359009e-01
1.960774213075637817e-01
2.912425398826599121e-01
2.297094762325286865e-01
2.523395121097564697e-01
1.449418663978576660e-01
4.502539336681365967e-01
3.501531481742858887e-01
1.485676318407058716e-01
2.211156189441680908e-01
2.101914435625076294e-01
4.914169013500213623e-02
1.695844531059265137e-01
3.335335850715637207e-01
1.359298229217529297e-01
1.866007596254348755e-01
6.052929535508155823e-02
2.072751820087432861e-01
4.006146192550659180e-01
3.515682220458984375e-01
2.380321323871612549e-01
1.877675354480743408e-01
2.057835906744003296e-01
1.976697742938995361e-01
2.978507578372955322e-01
2.405116409063339233e-01
2.529282569885253906e-01
1.675775945186614990e-01
2.242850512266159058e-01
1.668200790882110596e-01
1.401602029800415039e-01
1.743265837430953979e-01
2.030559778213500977e-01
2.348714470863342285e-01
1.055169254541397095e-01
1.886223554611206055e-01
1.748569756746292114e-01
1.308495402336120605e-01
1.178817898035049438e-01
1.981491297483444214e-01
1.685613691806793213e-01
2.167879641056060791e-01
3.380595147609710693e-02
2.634600102901458740e-01
2.072867006063461304e-01
1.761122047901153564e-01
1.226574555039405823e-01
2.274342924356460571e-01
1.332853734493255615e-01
4.576906189322471619e-02
2.143673747777938843e-01
3.883596062660217285e-01
3.877719864249229431e-02
8.332446217536926270e-02
2.829438149929046631e-01
1.705920249223709106e-01
1.725706607103347778e-01
4.079402685165405273e-01
1.775978207588195801e-01
2.183183729648590088e-01
2.087036669254302979e-01
1.053216010332107544e-01
2.126370072364807129e-01
2.528950870037078857e-01
1.700615733861923218e-01
1.773429363965988159e-01
1.247072741389274597e-01
4.011016190052032471e-01
2.769077420234680176e-01
1.546583175659179688e-01
3.954756259918212891e-02
3.037944138050079346e-01
1.052322089672088623e-01
2.907292842864990234e-01
2.163354456424713135e-01
1.191692799329757690e-01
1.782676577568054199e-01
3.241458535194396973e-01
9.790464490652084351e-02
2.468230426311492920e-01
1.979353129863739014e-01
2.328828573226928711e-01
9.640079736709594727e-02
5.834882706403732300e-02
1.642753779888153076e-01
4.292500615119934082e-01
3.503178358078002930e-01
2.257820069789886475e-01
1.502055823802947998e-01
1.711302399635314941e-01
1.753195524215698242e-01
1.931676566600799561e-01
3.027358353137969971e-01
1.237897500395774841e-01
2.904303669929504395e-01
2.775967419147491455e-01
3.647960722446441650e-02
1.587904691696166992e-01
3.922351822257041931e-02
2.175328135490417480e-01
1.117189377546310425e-01
3.979476094245910645e-01
2.797639369964599609e-01
2.582823336124420166e-01
1.846815943717956543e-01
2.898299098014831543e-01
1.074480712413787842e-01
3.983149230480194092e-01
5.427420884370803833e-02
2.232159674167633057e-01
2.446284890174865723e-01
2.551099658012390137e-01
2.888691425323486328e-01
2.425949573516845703e-01
1.405687183141708374e-01
1.520928442478179932e-01
1.015292853116989136e-01
2.371323257684707642e-01
9.050750732421875000e-02
3.949516415596008301e-01
9.954096376895904541e-02
3.534637391567230225e-01
8.018438518047332764e-02
1.280223727226257324e-01
1.018540710210800171e-01
8.505455404520034790e-02
3.876914083957672119e-02
1.163774058222770691e-01
1.475877612829208374e-01
2.632586061954498291e-01
1.668788492679595947e-01
8.034027367830276489e-02
1.927700638771057129e-01
2.101988345384597778e-01
8.189813792705535889e-02
6.293468177318572998e-02
1.843307614326477051e-01
3.872098401188850403e-02
1.480359137058258057e-01
2.089152336120605469e-01
2.130252718925476074e-01
9.865289181470870972e-02
1.421131640672683716e-01
1.084506362676620483e-01
2.561443448066711426e-01
1.301329880952835083e-01
1.379104554653167725e-01
1.274005025625228882e-01
6.674437224864959717e-02
9.574472904205322266e-02
2.251046448945999146e-01
1.855657100677490234e-01
3.070301711559295654e-01
2.935203909873962402e-01
1.172313541173934937e-01
1.759188771247863770e-01
1.072494685649871826e-01
1.532109677791595459e-01
1.438051462173461914e-01
2.848121523857116699e-01
1.542673110961914062e-01
5.562564358115196228e-02
8.465796709060668945e-02
2.228827625513076782e-01
1.963672935962677002e-01
3.064147531986236572e-01
1.693482100963592529e-01
1.459080874919891357e-01
2.106564044952392578e-01
2.052935510873794556e-01
3.336025774478912354e-01
2.482475042343139648e-01
1.363052874803543091e-01
1.165082156658172607e-01
2.978834509849548340e-01
1.638164222240447998e-01
2.532700002193450928e-01
1.086204797029495239e-01
2.144976854324340820e-01
1.856455504894256592e-01
2.512996196746826172e-01
1.685905605554580688e-01
2.273271083831787109e-01
2.478539049625396729e-01
2.021137177944183350e-01
6.970026344060897827e-02
8.899803459644317627e-02
1.039448454976081848e-01
7.121885567903518677e-02
1.150736138224601746e-01
2.861998081207275391e-01
9.083453565835952759e-02
2.824693918228149414e-01
1.124591380357742310e-01
1.207315772771835327e-01
3.074958324432373047e-01
1.914841383695602417e-01
2.027991861104965210e-01
2.422724664211273193e-01
1.002926379442214966e-01
7.510185241699218750e-02
1.757420003414154053e-01
3.573564589023590088e-01
1.895242631435394287e-01
2.095281183719635010e-01
1.218861639499664307e-01
1.638976633548736572e-01
6.313244998455047607e-02
1.747236996889114380e-01
3.340862989425659180e-01
4.594365954399108887e-01
5.064415931701660156e-02
2.748783826828002930e-01
5.539304018020629883e-02
2.097062170505523682e-01
1.767494678497314453e-01
4.843158125877380371e-01
1.733234971761703491e-01
8.783617615699768066e-02
1.598076969385147095e-01
1.899895966053009033e-01
6.137678027153015137e-02
1.829597651958465576e-01
1.796738952398300171e-01
4.048803448677062988e-01
1.943638324737548828e-01
1.183111071586608887e-01
1.423194259405136108e-01
1.486900299787521362e-01
3.767232894897460938e-01
1.046343222260475159e-01
1.184074282646179199e-01
3.134511709213256836e-01
2.032791078090667725e-01
9.404397755861282349e-02
5.358064174652099609e-02
2.192630171775817871e-01
5.857061147689819336e-01
2.346863746643066406e-01
3.238111734390258789e-01
1.443292796611785889e-01
2.150442302227020264e-01
2.102270424365997314e-01
8.867435157299041748e-02
1.252096742391586304e-01
1.176535710692405701e-01
1.020512506365776062e-01
1.288291513919830322e-01
1.123481392860412598e-01
1.837406456470489502e-01
1.126872599124908447e-01
1.133915185928344727e-01
2.190176844596862793e-01
2.113081812858581543e-01
8.298853784799575806e-02
2.646571993827819824e-01
1.916258037090301514e-01
3.603505492210388184e-01
1.052527651190757751e-01
1.964097172021865845e-01
2.248842418193817139e-01
1.145210415124893188e-01
9.302668273448944092e-02
1.769693195819854736e-01
9.912195801734924316e-02
1.701876521110534668e-01
2.203594744205474854e-01
1.431199908256530762e-01
3.000974059104919434e-01
2.443148195743560791e-01
3.359663113951683044e-02
1.319971531629562378e-01
7.963882386684417725e-02
1.663698703050613403e-01
1.558527052402496338e-01
1.713663786649703979e-01
1.938929855823516846e-01
1.531844437122344971e-01
1.501541286706924438e-01
7.315181195735931396e-02
8.133867383003234863e-02
1.046500802040100098e-01
2.125841528177261353e-01
2.266052961349487305e-01
1.385700404644012451e-01
1.741275638341903687e-01
5.624265074729919434e-01
7.291691005229949951e-02
2.768105864524841309e-01
1.891551166772842407e-01
5.442464724183082581e-02
6.827326118946075439e-02
3.014740049839019775e-01
2.791489064693450928e-01
1.989636719226837158e-01
2.480367720127105713e-01
4.106836766004562378e-02
1.071472764015197754e-01
2.358283400535583496e-01
2.121767848730087280e-01
9.420476108789443970e-02
4.700987935066223145e-01
1.016345247626304626e-01
2.241482287645339966e-01
1.737984269857406616e-01
5.302716791629791260e-02
2.807795107364654541e-01
5.879721418023109436e-02
1.302766203880310059e-01
2.408941388130187988e-01
2.610694169998168945e-01
3.255648314952850342e-01
3.568719029426574707e-01
3.366273045539855957e-01
8.445604145526885986e-02
8.926455676555633545e-02
2.403733432292938232e-01
1.481402814388275146e-01
2.702328562736511230e-01
1.616870611906051636e-01
2.157453596591949463e-01
2.804996669292449951e-01
4.815165400505065918e-01
1.858039051294326782e-01
7.144928723573684692e-02
1.905353069305419922e-01
2.795770168304443359e-01
1.097739636898040771e-01
2.456553578376770020e-01
1.206548810005187988e-01
2.121974825859069824e-01
3.849677443504333496e-01
5.326397418975830078e-01
1.134736612439155579e-01
1.973216533660888672e-01
3.106714785099029541e-01
1.314994096755981445e-01
4.290970861911773682e-01
5.278672277927398682e-02
1.089850366115570068e-01
4.322420060634613037e-02
1.993081271648406982e-01
2.653876543045043945e-01
1.946240663528442383e-01
2.495632171630859375e-01
6.038912013173103333e-02
2.107768058776855469e-01
2.298032641410827637e-01
2.578775286674499512e-01
2.201742529869079590e-01
2.441591024398803711e-01
1.961750090122222900e-01
1.700236350297927856e-01
6.942021101713180542e-02
1.614340841770172119e-01
3.091380000114440918e-01
1.147893145680427551e-01
1.765104085206985474e-01
8.485460281372070312e-02
2.176800370216369629e-01
3.142490088939666748e-01
1.927686929702758789e-01
6.630277633666992188e-02
3.833227753639221191e-01
1.257970929145812988e-01
3.041998147964477539e-01
1.320477426052093506e-01
2.380973547697067261e-01
1.129322350025177002e-01
7.103452086448669434e-02
1.929969638586044312e-01
2.517065405845642090e-01
2.167314589023590088e-01
1.435402184724807739e-01
1.350239366292953491e-01
3.045508563518524170e-01
2.072027623653411865e-01
9.878157824277877808e-02
2.282217890024185181e-01
4.281128942966461182e-01
3.870837092399597168e-01
4.546359181404113770e-01
1.932428032159805298e-01
2.126785218715667725e-01
7.624630630016326904e-02
3.276392221450805664e-01
2.792114615440368652e-01
2.375765591859817505e-01
3.488294035196304321e-02
1.192248016595840454e-01
1.415805816650390625e-01
1.795118153095245361e-01
8.160350471735000610e-02
7.878281176090240479e-02
3.885623216629028320e-01
3.201333284378051758e-01
5.735069140791893005e-02
1.239473223686218262e-01
1.265902966260910034e-01
2.122308313846588135e-01
2.174566686153411865e-01
7.335858047008514404e-02
1.943111717700958252e-01
3.355967998504638672e-01
7.263985276222229004e-02
2.417452186346054077e-01
1.095217019319534302e-01
9.147192537784576416e-02
1.870483160018920898e-01
2.575359642505645752e-01
1.115694940090179443e-01
1.047769337892532349e-01
3.109174966812133789e-01
4.472818970680236816e-02
2.433288097381591797e-01
1.391254961490631104e-01
3.001941442489624023e-01
5.739739537239074707e-02
1.998631954193115234e-01
2.043402493000030518e-01
1.280898451805114746e-01
1.256501674652099609e-01
2.570042610168457031e-01
1.508325636386871338e-01
1.268481910228729248e-01
6.620021164417266846e-02
3.161992430686950684e-01
2.055445015430450439e-01
1.177702546119689941e-01
9.234233200550079346e-02
3.154361844062805176e-01
1.407497674226760864e-01
4.910161718726158142e-02
2.136812657117843628e-01
1.442591995000839233e-01
3.717704713344573975e-01
4.133767634630203247e-02
7.867046445608139038e-02
2.759286761283874512e-01
1.670883148908615112e-01
5.642393603920936584e-02
6.363638043403625488e-01
3.075782060623168945e-01
1.173291355371475220e-01
1.142584830522537231e-01
9.630789607763290405e-02
1.017911657691001892e-01
1.820167452096939087e-01
1.663430333137512207e-01
4.477026462554931641e-01
8.631811290979385376e-02
1.956092119216918945e-01
6.912655383348464966e-02
1.558830440044403076e-01
1.823161244392395020e-01
8.642753958702087402e-02
3.021306991577148438e-01
1.503558605909347534e-01
3.496956825256347656e-01
1.578041166067123413e-01
3.020655810832977295e-01
3.434357643127441406e-01
7.795803248882293701e-02
1.945624202489852905e-01
2.817690372467041016e-01
8.690164238214492798e-02
2.064927369356155396e-01
2.226243615150451660e-01
1.279212236404418945e-01
2.596656978130340576e-01
1.121509820222854614e-01
5.754434317350387573e-02
2.075614333152770996e-01
2.452733218669891357e-01
9.033258259296417236e-02
3.732589781284332275e-01
9.624516963958740234e-02
2.474488615989685059e-01
1.466734409332275391e-01
1.083748862147331238e-01
1.645053625106811523e-01
1.947368234395980835e-01
8.187291026115417480e-02
1.778363883495330811e-01
1.795330345630645752e-01
1.668536961078643799e-01
1.336239129304885864e-01
2.143245190382003784e-01
2.258902043104171753e-01
1.474362611770629883e-01
9.583510458469390869e-02
7.466948032379150391e-02
1.662483513355255127e-01
4.155527427792549133e-02
2.807475030422210693e-01
1.136352941393852234e-01
1.153786778450012207e-01
1.322512328624725342e-01
1.774702966213226318e-01
1.271630674600601196e-01
2.892375886440277100e-01
3.574492931365966797e-01
2.604650557041168213e-01
1.865389049053192139e-01
2.718976736068725586e-01
4.132695794105529785e-01
3.814566507935523987e-02
2.423095852136611938e-01
3.027195632457733154e-01
1.160357445478439331e-01
2.005335390567779541e-01
7.969570159912109375e-02
2.209686636924743652e-01
1.771493405103683472e-01
1.824139356613159180e-01
1.746613234281539917e-01
1.204673647880554199e-01
1.423683315515518188e-01
1.595761030912399292e-01
2.448193728923797607e-01
4.843125343322753906e-01
2.317671477794647217e-01
7.730016112327575684e-02
1.110473945736885071e-01
8.560194075107574463e-02
1.042145490646362305e-01
1.334014832973480225e-01
1.489632427692413330e-01
3.472084999084472656e-01
1.961579024791717529e-01
1.353600621223449707e-01
2.178601026535034180e-01
2.567131221294403076e-01
2.287118434906005859e-01
1.351372301578521729e-01
9.513471275568008423e-02
1.441620737314224243e-01
5.758447572588920593e-02
2.950502336025238037e-01
4.301687180995941162e-01
1.649541854858398438e-01
9.513457864522933960e-02
9.657024592161178589e-02
1.762894243001937866e-01
1.898241043090820312e-01
1.650304943323135376e-01
3.004871904850006104e-01
3.110575973987579346e-01
2.043707370758056641e-01
1.738900244235992432e-01
1.228230744600296021e-01
2.086515873670578003e-01
1.543332338333129883e-01
1.521112024784088135e-01
2.009008526802062988e-01
7.189980894327163696e-02
1.866231560707092285e-01
1.662515550851821899e-01
8.542630821466445923e-02
1.335368603467941284e-01
3.751741349697113037e-02
2.899490296840667725e-02
2.750635519623756409e-02
1.897660791873931885e-01
1.113443821668624878e-01
2.528227567672729492e-01
2.210243344306945801e-01
1.172023490071296692e-01
2.060691118240356445e-01
3.343870937824249268e-01
5.329952016472816467e-02
2.822049558162689209e-01
3.832060694694519043e-01
2.531100809574127197e-01
3.433409333229064941e-01
1.475567966699600220e-01
2.103907763957977295e-01
3.722236156463623047e-01
4.157555103302001953e-02
8.792644739151000977e-02
2.455332875251770020e-01
6.495970487594604492e-02
1.321098804473876953e-01
1.415951848030090332e-01
3.073012232780456543e-01
1.040800362825393677e-01
3.161499202251434326e-01
1.761104315519332886e-01
2.562482953071594238e-01
3.985695540904998779e-01
1.920116245746612549e-01
1.808450967073440552e-01
2.130460441112518311e-01
1.421535164117813110e-01
1.075964868068695068e-01
7.616500556468963623e-02
1.607929170131683350e-01
1.973468512296676636e-01
1.236625015735626221e-01
1.721713989973068237e-01
4.840889573097229004e-02
2.447625696659088135e-01
1.748443543910980225e-01
2.546977400779724121e-01
2.776949703693389893e-01
2.110461890697479248e-01
2.005613744258880615e-01
1.082047820091247559e-01
3.151335120201110840e-01
1.153477355837821960e-01
7.899525761604309082e-02
6.189477816224098206e-02
1.481901556253433228e-01
1.807934045791625977e-01
4.981933832168579102e-01
6.485532969236373901e-02
1.321364343166351318e-01
1.553872376680374146e-01
1.822048872709274292e-01
2.128033936023712158e-01
2.164646983146667480e-01
1.389659047126770020e-01
3.111971914768218994e-01
9.150807559490203857e-02
2.221793085336685181e-01
1.769505143165588379e-01
1.256448626518249512e-01
3.377603292465209961e-01
1.412528306245803833e-01
1.391832381486892700e-01
2.633335888385772705e-01
5.997802317142486572e-02
1.912860870361328125e-01
1.637649387121200562e-01
1.486639231443405151e-01
1.044236645102500916e-01
1.053783446550369263e-01
2.425605058670043945e-01
1.645758152008056641e-01
1.856740117073059082e-01
1.954998373985290527e-01
1.985573917627334595e-01
1.327992081642150879e-01
1.608477830886840820e-01
4.325730800628662109e-01
1.488356888294219971e-01
3.525718301534652710e-02
2.472602128982543945e-01
1.132467016577720642e-01
1.802727878093719482e-01
9.552901983261108398e-02
1.927109658718109131e-01
2.586561143398284912e-01
2.824294269084930420e-01
9.870806336402893066e-02
4.609826952219009399e-02
5.179759860038757324e-02
7.554680109024047852e-02
2.149113267660140991e-01
2.070306539535522461e-01
5.111023783683776855e-02
1.755101084709167480e-01
1.469270884990692139e-01
2.050738930702209473e-01
2.586276531219482422e-01
1.531729102134704590e-01
1.664332747459411621e-01
4.840079694986343384e-02
