3.107176423072814941e-01
1.319964230060577393e-01
1.479928344488143921e-01
3.699100762605667114e-02
4.242677614092826843e-02
6.614285707473754883e-02
2.261764407157897949e-01
5.847797915339469910e-02
2.872301340103149414e-01
4.140490293502807617e-01
1.205466538667678833e-01
2.445978373289108276e-01
2.833084166049957275e-01
2.405687272548675537e-01
4.986903071403503418e-02
1.043898239731788635e-01
9.567242860794067383e-02
1.103719100356101990e-01
3.096526861190795898e-01
1.686886996030807495e-01
2.942391932010650635e-01
7.811375707387924194e-02
1.624934673309326172e-01
1.821384131908416748e-01
7.471554726362228394e-02
2.266462147235870361e-02
3.099752366542816162e-01
1.626426577568054199e-01
2.290470600128173828e-01
3.536259010434150696e-02
1.446016281843185425e-01
1.590739190578460693e-01
1.999283432960510254e-01
2.275717705488204956e-01
2.155213803052902222e-01
1.397790610790252686e-01
2.329181134700775146e-02
1.648513972759246826e-01
2.982736825942993164e-01
2.464857250452041626e-01
2.260191440582275391e-01
1.970650255680084229e-01
3.913670480251312256e-01
1.195526123046875000e-01
1.698311716318130493e-01
1.066259965300559998e-01
1.067856103181838989e-01
1.138803735375404358e-01
3.853932023048400879e-02
1.700918078422546387e-01
1.201241090893745422e-01
2.903243899345397949e-01
3.310659527778625488e-02
3.146091997623443604e-01
1.474714875221252441e-01
7.193736732006072998e-02
5.281820893287658691e-02
1.846453547477722168e-01
6.523356586694717407e-02
8.325862139463424683e-02
1.224054768681526184e-01
1.338439583778381348e-01
2.194411754608154297e-01
4.456702768802642822e-01
4.832638204097747803e-01
2.516079246997833252e-01
1.202894151210784912e-01
8.435523509979248047e-02
7.451516389846801758e-02
2.908496558666229248e-02
6.925920397043228149e-02
3.560285270214080811e-02
2.332335710525512695e-01
7.544840127229690552e-02
3.997198343276977539e-01
4.684389531612396240e-01
1.280809789896011353e-01
1.558226197957992554e-01
9.347850829362869263e-02
1.915045827627182007e-01
3.237348794937133789e-01
1.969688832759857178e-01
2.158526480197906494e-01
1.929160952568054199e-01
5.276609957218170166e-02
7.189771533012390137e-02
1.925985217094421387e-01
2.221503555774688721e-01
3.784557282924652100e-01
1.943757385015487671e-01
1.397508680820465088e-01
2.727129459381103516e-01
8.915908634662628174e-02
1.065496653318405151e-01
1.029854714870452881e-01
1.175478100776672363e-01
4.582373052835464478e-02
3.548964262008666992e-01
8.175181597471237183e-02
6.489212810993194580e-02
1.071245744824409485e-01
7.274415343999862671e-02
2.282672375440597534e-01
6.886181235313415527e-02
3.365905582904815674e-01
7.748442888259887695e-02
6.714361160993576050e-02
2.003286778926849365e-01
1.286616325378417969e-01
1.620714366436004639e-01
1.242473125457763672e-01
3.804950714111328125e-01
7.031056284904479980e-02
2.225752174854278564e-01
8.584448695182800293e-02
1.242853701114654541e-01
2.426754087209701538e-01
1.937456429004669189e-01
1.762044429779052734e-01
5.412757396697998047e-02
8.853453397750854492e-02
8.004520833492279053e-02
3.599441647529602051e-01
1.935549676418304443e-01
1.325865089893341064e-01
5.582067370414733887e-02
1.467018723487854004e-01
4.886311590671539307e-01
3.588373661041259766e-01
2.907806634902954102e-01
2.146404385566711426e-01
1.190663278102874756e-01
2.164024114608764648e-01
1.648254096508026123e-01
1.020663455128669739e-01
7.944487780332565308e-02
1.209960877895355225e-01
7.964061945676803589e-02
2.152515351772308350e-01
9.006766229867935181e-02
1.757722944021224976e-01
1.214610338211059570e-01
9.063030034303665161e-02
2.023515254259109497e-01
9.472304582595825195e-02
1.423525959253311157e-01
7.795712351799011230e-02
2.981835007667541504e-01
3.566678464412689209e-01
3.636693358421325684e-01
1.087270900607109070e-01
1.368397176265716553e-01
2.735027074813842773e-01
1.206406205892562866e-01
2.291953265666961670e-01
2.577393352985382080e-01
1.416115462779998779e-01
1.514172255992889404e-01
1.023691743612289429e-01
1.255690157413482666e-01
1.851276457309722900e-01
1.739292442798614502e-01
3.599156737327575684e-01
1.694530993700027466e-01
1.894121319055557251e-01
8.831530809402465820e-02
2.500240802764892578e-01
6.359340250492095947e-02
7.303255796432495117e-02
2.425039112567901611e-01
8.752848953008651733e-02
2.249197810888290405e-01
1.823844611644744873e-01
2.101704776287078857e-01
8.092936873435974121e-02
1.981499046087265015e-01
2.444718778133392334e-01
8.444096893072128296e-02
2.028963118791580200e-01
1.845484375953674316e-01
1.691656708717346191e-01
1.771194934844970703e-01
2.443739771842956543e-02
2.081230580806732178e-01
2.240078747272491455e-01
3.849175572395324707e-02
1.229501292109489441e-01
5.802380293607711792e-02
5.966180562973022461e-02
1.647567152976989746e-01
2.477836012840270996e-01
2.120008468627929688e-01
6.227282881736755371e-01
3.322871327400207520e-01
2.146511822938919067e-01
8.879951387643814087e-02
2.185388803482055664e-01
1.023616194725036621e-01
7.991287857294082642e-02
3.566648066043853760e-02
1.537219285964965820e-01
4.595115780830383301e-02
1.008005961775779724e-01
6.779514998197555542e-02
1.033287346363067627e-01
4.046264290809631348e-02
8.034354448318481445e-02
1.248434409499168396e-01
9.858602285385131836e-02
2.401325553655624390e-01
6.207007169723510742e-02
6.699831783771514893e-02
1.587177366018295288e-01
8.187452703714370728e-02
8.464656770229339600e-02
7.753623276948928833e-02
1.753397285938262939e-01
1.277933120727539062e-01
1.729787141084671021e-01
2.470970451831817627e-01
1.757628172636032104e-01
7.919304817914962769e-02
1.722892224788665771e-01
1.437711119651794434e-01
3.189015686511993408e-01
1.279012560844421387e-01
9.465975314378738403e-02
1.385366767644882202e-01
2.098356783390045166e-01
4.345490038394927979e-02
3.450651764869689941e-01
2.032097876071929932e-01
3.146772086620330811e-01
9.311886131763458252e-02
1.072430014610290527e-01
1.739556938409805298e-01
1.719322502613067627e-01
1.320728212594985962e-01
5.005822777748107910e-01
3.506626486778259277e-01
3.977148607373237610e-02
1.902216076850891113e-01
2.633813321590423584e-01
1.681997925043106079e-01
3.923427462577819824e-01
1.396358311176300049e-01
1.507431715726852417e-01
3.049689233303070068e-01
2.756698429584503174e-01
1.650236546993255615e-01
9.957568347454071045e-02
1.484680026769638062e-01
5.015497282147407532e-02
2.265947908163070679e-01
1.561148315668106079e-01
2.970248460769653320e-01
1.351875960826873779e-01
7.293457537889480591e-02
1.067922338843345642e-01
6.547695398330688477e-02
2.518950104713439941e-01
2.548482716083526611e-01
4.226098954677581787e-02
1.407685577869415283e-01
3.883890435099601746e-02
1.990060806274414062e-01
9.934744238853454590e-02
1.966310590505599976e-01
9.116058796644210815e-02
2.437046319246292114e-01
7.422839105129241943e-02
2.534387074410915375e-02
3.685135245323181152e-01
1.118786111474037170e-01
1.165716499090194702e-01
2.479859814047813416e-02
3.138105273246765137e-01
1.940864026546478271e-01
3.559057116508483887e-01
1.569566428661346436e-01
9.683506190776824951e-02
2.272769361734390259e-01
4.821643233299255371e-02
2.029294371604919434e-01
3.203186392784118652e-01
2.556850910186767578e-01
3.639206290245056152e-02
1.250776648521423340e-01
1.693188995122909546e-01
2.527396976947784424e-01
7.173654437065124512e-02
1.464723050594329834e-01
1.122607886791229248e-01
3.505593165755271912e-02
3.291246294975280762e-01
6.718926876783370972e-02
7.253474742174148560e-02
2.232937812805175781e-01
1.392347365617752075e-01
1.526754945516586304e-01
1.329376548528671265e-01
2.490356564521789551e-01
2.072748839855194092e-01
1.861690282821655273e-01
3.330435156822204590e-01
2.590473592281341553e-01
8.892484009265899658e-02
1.278329193592071533e-01
1.780405044555664062e-01
2.618352770805358887e-01
1.336498707532882690e-01
1.708682477474212646e-01
4.013842642307281494e-01
1.608070433139801025e-01
1.147352531552314758e-01
3.062170445919036865e-01
2.194737046957015991e-01
2.188275605440139771e-01
1.768918633460998535e-01
9.534482657909393311e-02
2.596908807754516602e-01
8.292146027088165283e-02
3.130231797695159912e-01
2.132599204778671265e-01
1.556870490312576294e-01
1.017544642090797424e-01
2.979735136032104492e-01
2.344066351652145386e-01
3.346250057220458984e-01
1.436530947685241699e-01
3.172444999217987061e-01
2.208814024925231934e-01
2.268075197935104370e-01
7.675941288471221924e-02
1.972152292728424072e-01
1.305055320262908936e-01
9.061226248741149902e-02
2.230377495288848877e-01
1.327898800373077393e-01
1.697683036327362061e-01
1.491017788648605347e-01
1.437208354473114014e-01
1.919092833995819092e-01
1.873781085014343262e-01
1.150731518864631653e-01
7.910592854022979736e-02
5.773583054542541504e-02
2.644342482089996338e-01
5.931269377470016479e-02
1.540329754352569580e-01
2.150041610002517700e-01
7.678885757923126221e-02
2.305597364902496338e-01
8.318374305963516235e-02
2.370618581771850586e-01
3.916968032717704773e-02
1.717225313186645508e-01
4.013534188270568848e-01
1.441310048103332520e-01
1.062001734972000122e-01
3.011629581451416016e-01
2.974836528301239014e-01
3.710453510284423828e-01
3.222034275531768799e-01
2.657194137573242188e-01
1.628475487232208252e-01
3.220071196556091309e-01
4.089082777500152588e-02
2.491919398307800293e-01
1.249104738235473633e-01
3.782798647880554199e-01
1.559836417436599731e-01
1.863692402839660645e-01
6.472671031951904297e-02
3.851164579391479492e-01
1.086723506450653076e-01
2.067970484495162964e-01
2.473911345005035400e-01
1.000844165682792664e-01
2.139206528663635254e-01
5.945182964205741882e-02
1.706276684999465942e-01
2.459752559661865234e-02
4.545987844467163086e-01
1.674767136573791504e-01
8.216917514801025391e-02
9.042745828628540039e-02
2.020810693502426147e-01
1.396965384483337402e-01
2.104217112064361572e-01
2.186227291822433472e-01
2.228508591651916504e-01
1.790553331375122070e-01
1.151475533843040466e-01
2.556200027465820312e-01
2.435804903507232666e-01
2.055665254592895508e-01
1.463194787502288818e-01
6.599965691566467285e-02
2.107279747724533081e-01
7.059327512979507446e-02
2.368713468313217163e-01
8.876262605190277100e-02
1.270602196455001831e-01
2.930776774883270264e-01
2.717671990394592285e-01
1.256830096244812012e-01
1.285359859466552734e-01
1.589729189872741699e-01
9.366069734096527100e-02
3.359917998313903809e-01
3.289713561534881592e-01
1.425232291221618652e-01
4.398525357246398926e-01
2.067553997039794922e-01
1.693524718284606934e-01
1.572663187980651855e-01
1.115354076027870178e-01
1.462310552597045898e-01
2.051151990890502930e-01
2.731641232967376709e-01
2.956898212432861328e-01
2.047128528356552124e-01
1.863924562931060791e-01
1.686161011457443237e-01
1.664449274539947510e-01
1.182706430554389954e-01
2.933644652366638184e-01
1.989685297012329102e-01
1.559649258852005005e-01
7.699153572320938110e-02
2.837021946907043457e-01
1.600355505943298340e-01
8.050077408552169800e-02
1.813264936208724976e-01
1.161171197891235352e-01
8.363407850265502930e-02
4.164308309555053711e-02
1.871902495622634888e-01
7.736526429653167725e-02
1.828916966915130615e-01
3.089829683303833008e-01
2.064528763294219971e-01
1.417472660541534424e-01
1.201100125908851624e-01
1.237906664609909058e-01
9.057733416557312012e-02
2.229906469583511353e-01
2.135697007179260254e-01
2.481906712055206299e-01
1.216469481587409973e-01
1.807858496904373169e-01
9.917413443326950073e-02
7.302857935428619385e-02
2.106291949748992920e-01
2.458795011043548584e-01
6.581978499889373779e-02
1.165844351053237915e-01
1.679846942424774170e-01
1.537242233753204346e-01
1.826355159282684326e-01
4.928725957870483398e-02
5.880599841475486755e-02
1.114103570580482483e-01
2.059288918972015381e-01
1.284901350736618042e-01
7.902920246124267578e-02
3.442671298980712891e-01
2.614890933036804199e-01
3.418876230716705322e-02
7.323959469795227051e-02
8.180703967809677124e-02
2.625124901533126831e-02
6.767635792493820190e-02
1.623945534229278564e-01
1.405978500843048096e-01
2.028121352195739746e-01
1.594298630952835083e-01
3.368460536003112793e-01
3.551507741212844849e-02
1.805534809827804565e-01
1.705531179904937744e-01
1.525519490242004395e-01
3.381829261779785156e-01
9.101424366235733032e-02
8.327584713697433472e-02
1.996316015720367432e-01
2.516582310199737549e-01
2.269362509250640869e-01
3.561066091060638428e-02
2.974040806293487549e-01
1.533628851175308228e-01
6.713883578777313232e-02
4.668639600276947021e-02
1.145633012056350708e-01
7.049803435802459717e-02
2.634834647178649902e-01
8.880241215229034424e-02
6.712998449802398682e-02
1.618482470512390137e-01
2.173850238323211670e-01
2.782888114452362061e-01
2.544202208518981934e-01
8.434474468231201172e-02
1.689234972000122070e-01
1.013106182217597961e-01
1.768561899662017822e-01
1.777113825082778931e-01
1.111261844635009766e-01
2.098399251699447632e-01
2.854482829570770264e-01
1.514831930398941040e-01
1.243841499090194702e-01
1.325268298387527466e-01
1.148066148161888123e-01
2.531156837940216064e-01
2.397288233041763306e-01
2.581564486026763916e-01
9.868320077657699585e-02
1.203494071960449219e-01
1.228655204176902771e-01
2.811242938041687012e-01
8.302776515483856201e-02
2.429280430078506470e-01
1.330862641334533691e-01
2.979241311550140381e-01
9.797157347202301025e-02
2.671708464622497559e-01
2.963129878044128418e-01
3.447073101997375488e-01
1.955916583538055420e-01
1.171847432851791382e-01
1.928812414407730103e-01
1.674036383628845215e-01
9.746968746185302734e-02
4.255351722240447998e-01
2.762261927127838135e-01
2.909060716629028320e-01
6.373927742242813110e-02
1.701297461986541748e-01
1.086243987083435059e-01
7.113685458898544312e-02
1.249979659914970398e-01
6.398719549179077148e-02
4.320712387561798096e-02
2.651659250259399414e-01
6.512139737606048584e-02
2.099824696779251099e-01
1.244677230715751648e-01
1.414108872413635254e-01
2.909504175186157227e-01
1.954436898231506348e-01
6.758797168731689453e-02
1.875669211149215698e-01
2.237640023231506348e-01
5.463807284832000732e-02
1.831802725791931152e-01
2.230456471443176270e-01
6.631229817867279053e-02
2.181391716003417969e-01
1.387758404016494751e-01
9.505167603492736816e-02
1.978240609169006348e-01
6.348186731338500977e-02
6.895640492439270020e-02
7.552385330200195312e-02
2.998299002647399902e-01
2.437498867511749268e-01
2.906956076622009277e-01
1.689673513174057007e-01
2.641535997390747070e-01
6.882525980472564697e-02
1.790719330310821533e-01
8.805864304304122925e-02
2.247572839260101318e-01
3.150144219398498535e-01
1.564836204051971436e-01
2.436408251523971558e-01
1.641734838485717773e-01
1.627147346735000610e-01
7.117587327957153320e-02
3.206264972686767578e-01
1.852383613586425781e-01
1.206272020936012268e-01
5.210794508457183838e-02
1.481889188289642334e-01
1.670753955841064453e-01
1.905710250139236450e-01
2.277960032224655151e-01
1.521237194538116455e-01
1.959243714809417725e-01
3.114553987979888916e-01
7.344100624322891235e-02
1.387883573770523071e-01
4.082314670085906982e-02
2.166552394628524780e-01
1.120675355195999146e-01
1.258435249328613281e-01
2.978401184082031250e-01
1.068043559789657593e-01
5.375083535909652710e-02
1.227292791008949280e-01
2.842604815959930420e-01
2.063029110431671143e-01
2.688121497631072998e-01
4.301724433898925781e-01
2.588896155357360840e-01
1.921338438987731934e-01
2.053652852773666382e-01
1.149066165089607239e-01
8.630786091089248657e-02
1.070732176303863525e-01
1.496592462062835693e-01
1.540358811616897583e-01
2.864498496055603027e-01
3.627144098281860352e-01
1.553950011730194092e-01
8.677218109369277954e-02
2.137117981910705566e-01
2.607802152633666992e-01
2.614403367042541504e-01
1.732737869024276733e-01
5.781981348991394043e-02
1.154683828353881836e-01
1.156239211559295654e-01
3.489712476730346680e-01
1.286799758672714233e-01
7.352565228939056396e-02
3.168156743049621582e-01
2.818656563758850098e-01
1.184734106063842773e-01
8.924767374992370605e-02
1.346556246280670166e-01
2.389725446701049805e-01
1.245096698403358459e-01
1.263283640146255493e-01
1.822424829006195068e-01
3.171502947807312012e-01
1.985547244548797607e-01
1.292439550161361694e-01
1.366333365440368652e-01
8.122041821479797363e-02
1.146883517503738403e-01
1.045049875974655151e-01
7.610034942626953125e-02
3.534126281738281250e-02
6.635748594999313354e-02
3.754756748676300049e-01
9.349931776523590088e-02
1.775930076837539673e-01
9.431155025959014893e-02
1.925595849752426147e-01
1.055968552827835083e-01
5.462059006094932556e-02
4.236923754215240479e-01
1.671714186668395996e-01
2.809164226055145264e-01
1.943408250808715820e-01
1.905626058578491211e-01
1.563764661550521851e-01
1.201379299163818359e-01
1.367423683404922485e-01
3.108821511268615723e-01
1.908993721008300781e-01
8.101719617843627930e-02
2.071745395660400391e-01
3.269916474819183350e-01
2.281755805015563965e-01
8.997992426156997681e-02
3.399153053760528564e-01
1.324251890182495117e-01
7.288213074207305908e-02
1.563719213008880615e-01
1.400519311428070068e-01
3.104270696640014648e-01
1.117841154336929321e-01
1.134666949510574341e-01
1.409440934658050537e-01
2.772136032581329346e-01
1.742836534976959229e-01
4.649529457092285156e-01
1.317244917154312134e-01
8.354555070400238037e-02
1.751574575901031494e-01
2.119640409946441650e-01
1.556281298398971558e-01
3.477271199226379395e-01
1.644839048385620117e-01
1.385311931371688843e-01
2.612301111221313477e-01
2.676827907562255859e-01
8.372011780738830566e-02
3.549838811159133911e-02
2.145856171846389771e-01
2.001325786113739014e-01
4.586859419941902161e-02
2.300165146589279175e-01
1.983917951583862305e-01
9.768678247928619385e-02
1.844559013843536377e-01
1.618026643991470337e-01
1.474455595016479492e-01
2.380688339471817017e-01
1.311888545751571655e-01
1.966064721345901489e-01
1.006708890199661255e-01
1.301908493041992188e-01
2.654187977313995361e-01
1.827414333820343018e-01
9.977364540100097656e-02
1.575554609298706055e-01
1.634359061717987061e-01
2.054256349802017212e-01
1.296380907297134399e-01
3.282282948493957520e-01
1.439634412527084351e-01
1.515349000692367554e-01
6.305475533008575439e-02
9.813165664672851562e-02
3.976545855402946472e-02
1.912458688020706177e-01
6.643272936344146729e-02
2.279684245586395264e-01
7.892206311225891113e-02
2.699549198150634766e-01
1.687338650226593018e-01
4.906682670116424561e-02
2.654498815536499023e-01
2.352726459503173828e-01
3.151296377182006836e-01
1.691927015781402588e-01
6.614921987056732178e-02
5.907166749238967896e-02
9.564994275569915771e-02
1.561352908611297607e-01
1.623684465885162354e-01
9.257852286100387573e-02
3.001951873302459717e-01
1.318639218807220459e-01
1.723634600639343262e-01
1.392277479171752930e-01
2.959447503089904785e-01
1.125670149922370911e-01
2.677370905876159668e-01
1.982096433639526367e-01
1.308184564113616943e-01
3.610185682773590088e-01
2.854896187782287598e-01
2.523899078369140625e-01
9.665752947330474854e-02
6.977029889822006226e-02
8.710080385208129883e-02
2.155802994966506958e-01
7.978200912475585938e-02
5.032482743263244629e-02
6.677626818418502808e-02
3.219256997108459473e-01
1.098156347870826721e-01
2.001552879810333252e-01
1.737536787986755371e-01
8.819688856601715088e-02
1.446676999330520630e-01
5.299061536788940430e-02
1.660856902599334717e-01
2.550727315247058868e-02
2.423897758126258850e-02
6.615375727415084839e-02
3.813862204551696777e-01
1.459550857543945312e-01
2.400256246328353882e-01
6.269113719463348389e-02
3.518287539482116699e-01
2.630401253700256348e-01
3.148852884769439697e-01
1.204521358013153076e-01
8.666811883449554443e-02
1.328961402177810669e-01
1.713668107986450195e-01
2.042567729949951172e-01
2.399974614381790161e-01
2.170008569955825806e-01
2.713807225227355957e-01
7.869756221771240234e-02
2.437880933284759521e-01
2.318587899208068848e-01
1.812162250280380249e-01
6.832737475633621216e-02
1.802331060171127319e-01
1.691826879978179932e-01
4.422461986541748047e-02
1.750319004058837891e-01
2.434042543172836304e-01
1.009670570492744446e-01
6.550648063421249390e-02
9.391304850578308105e-02
3.946819603443145752e-01
2.895686328411102295e-01
2.154276072978973389e-01
1.482291966676712036e-01
2.082976698875427246e-01
3.358411788940429688e-02
6.579619646072387695e-02
2.474940121173858643e-01
7.070129364728927612e-02
1.783604174852371216e-01
1.666405946016311646e-01
2.710082232952117920e-01
1.457415819168090820e-01
9.389017522335052490e-02
1.279537528753280640e-01
8.605445921421051025e-02
1.992159783840179443e-01
1.718706786632537842e-01
9.917090833187103271e-02
6.035136431455612183e-02
2.359708994626998901e-01
8.994811773300170898e-02
1.898674219846725464e-01
8.171609044075012207e-02
1.208997964859008789e-01
5.129679292440414429e-02
1.011692658066749573e-01
1.513724327087402344e-01
1.155986860394477844e-01
2.009198218584060669e-01
1.320622563362121582e-01
3.108547627925872803e-01
4.584278911352157593e-02
1.077282875776290894e-01
1.881132274866104126e-01
1.630916297435760498e-01
2.325040660798549652e-02
3.451019823551177979e-01
1.724904924631118774e-01
4.992526024580001831e-02
2.227222323417663574e-01
2.169165909290313721e-01
6.455758213996887207e-02
4.722983762621879578e-02
2.733233571052551270e-01
3.989393711090087891e-01
1.745445728302001953e-01
3.318338990211486816e-01
1.887317150831222534e-01
1.985836327075958252e-01
9.749460220336914062e-02
1.842494606971740723e-01
1.399274766445159912e-01
6.825686991214752197e-02
1.558774858713150024e-01
3.733975887298583984e-01
1.684003174304962158e-01
1.799185723066329956e-01
1.068694889545440674e-01
1.055984720587730408e-01
1.909874677658081055e-01
1.274885535240173340e-01
3.551024198532104492e-01
1.616192311048507690e-01
1.302820146083831787e-01
2.142067998647689819e-01
1.793440580368041992e-01
2.178848236799240112e-01
1.114708706736564636e-01
9.203793853521347046e-02
1.999538391828536987e-01
2.715387642383575439e-01
3.013037443161010742e-01
3.102250397205352783e-01
1.130953058600425720e-01
3.968456387519836426e-01
1.456324905157089233e-01
2.094837725162506104e-01
9.477413445711135864e-02
2.525332570075988770e-01
1.771946549415588379e-01
1.670792847871780396e-01
1.686069369316101074e-01
7.779726386070251465e-02
1.803172230720520020e-01
1.909364461898803711e-01
6.671731173992156982e-02
1.311885863542556763e-01
1.810194551944732666e-01
9.748124331235885620e-02
2.530575096607208252e-01
3.894435986876487732e-02
2.682669162750244141e-01
2.219331115484237671e-01
3.124973475933074951e-01
2.096442580223083496e-01
1.941580474376678467e-01
2.405543327331542969e-01
2.174967080354690552e-01
1.630285233259201050e-01
1.698164939880371094e-01
2.508630752563476562e-01
2.354909628629684448e-01
1.496893763542175293e-01
1.691813468933105469e-01
1.277419477701187134e-01
1.409965753555297852e-01
1.836095154285430908e-01
1.644198149442672729e-01
1.774874478578567505e-01
2.933220267295837402e-01
6.600570678710937500e-02
1.767457723617553711e-01
1.520015895366668701e-01
3.420910835266113281e-01
1.491848677396774292e-01
7.080528140068054199e-02
3.067299723625183105e-01
5.301064252853393555e-01
2.793989777565002441e-01
2.373205423355102539e-01
1.999225914478302002e-01
1.497038453817367554e-01
2.519983351230621338e-01
1.346545815467834473e-01
2.403762042522430420e-01
1.836488842964172363e-01
1.255419403314590454e-01
5.077899992465972900e-02
1.302088797092437744e-01
2.630673944950103760e-01
2.110194973647594452e-02
1.101677119731903076e-02
1.561720371246337891e-01
8.486797809600830078e-01
2.459098696708679199e-01
8.704081922769546509e-02
4.497799277305603027e-02
2.723674178123474121e-01
1.404875665903091431e-01
1.977542787790298462e-01
7.241471111774444580e-02
3.449192941188812256e-01
3.688554763793945312e-01
2.033306360244750977e-01
2.045028805732727051e-01
2.382908612489700317e-01
1.339942961931228638e-01
1.309324800968170166e-01
8.351821452379226685e-02
2.322257608175277710e-01
3.129400610923767090e-01
3.549596667289733887e-01
2.083305418491363525e-01
1.527615487575531006e-01
1.607862859964370728e-01
4.981631040573120117e-02
6.811999529600143433e-02
2.076063156127929688e-01
9.771130979061126709e-02
2.417010366916656494e-01
1.018967926502227783e-01
2.063470184803009033e-01
3.903041779994964600e-01
8.148242533206939697e-02
2.801269888877868652e-01
2.338084876537322998e-01
6.931497156620025635e-02
5.776918679475784302e-02
8.016738295555114746e-02
9.921826422214508057e-02
2.155023515224456787e-01
1.805927008390426636e-01
1.646106541156768799e-01
3.051597476005554199e-01
4.709652811288833618e-02
2.077568769454956055e-01
1.704853475093841553e-01
6.558024883270263672e-02
1.671795248985290527e-01
2.152294516563415527e-01
1.443001627922058105e+00
4.412901103496551514e-01
4.863454103469848633e-01
2.328050732612609863e-01
1.929007321596145630e-01
2.683483958244323730e-01
2.019879519939422607e-01
1.435966491699218750e-01
6.880636513233184814e-02
2.487950325012207031e-01
2.209243774414062500e-01
4.432721734046936035e-01
1.832512021064758301e-01
5.106209963560104370e-02
2.157406508922576904e-01
4.066121876239776611e-01
2.792759835720062256e-01
8.472225069999694824e-02
2.971326112747192383e-01
4.293713867664337158e-01
3.570890128612518311e-01
3.598222732543945312e-01
3.699879050254821777e-01
1.971376985311508179e-01
8.331556618213653564e-02
1.014073416590690613e-01
1.067504733800888062e-01
4.321545958518981934e-01
1.534221917390823364e-01
1.152599677443504333e-01
3.632302880287170410e-01
2.092411071062088013e-01
9.174360334873199463e-02
1.175189763307571411e-01
1.084071099758148193e-01
2.383654862642288208e-01
3.311128541827201843e-02
1.448948979377746582e-01
1.632279902696609497e-01
2.521889805793762207e-01
1.090866327285766602e-01
5.095475912094116211e-02
2.662158906459808350e-01
2.845404744148254395e-01
1.323054432868957520e-01
6.328511238098144531e-02
7.322543859481811523e-02
2.437886595726013184e-02
2.809334397315979004e-01
3.330938220024108887e-01
1.268858611583709717e-01
1.850361227989196777e-01
1.297979950904846191e-01
1.395299881696701050e-01
1.594810187816619873e-01
4.350376874208450317e-02
1.246367618441581726e-01
2.648054435849189758e-02
2.462344169616699219e-01
1.684061735868453979e-01
3.740126192569732666e-01
3.255334496498107910e-01
2.142301946878433228e-01
5.392297506332397461e-01
2.303848415613174438e-01
1.447818577289581299e-01
1.418316066265106201e-01
1.705546826124191284e-01
2.841078341007232666e-01
1.817972064018249512e-01
8.609943836927413940e-02
3.877641558647155762e-01
1.376022249460220337e-01
2.403729557991027832e-01
2.473672628402709961e-01
1.487857103347778320e-01
1.953372955322265625e-01
2.554937601089477539e-01
2.255387008190155029e-01
1.836699545383453369e-01
3.048183917999267578e-01
1.721305549144744873e-01
1.941778361797332764e-01
2.022900134325027466e-01
2.439822405576705933e-01
2.260623574256896973e-01
1.145807430148124695e-01
1.430391967296600342e-01
4.417301416397094727e-01
8.147284388542175293e-02
3.792605102062225342e-01
2.413236647844314575e-01
2.056308686733245850e-01
1.379746198654174805e-01
2.599838972091674805e-01
2.598705291748046875e-01
3.498180508613586426e-01
2.038187980651855469e-01
1.392363309860229492e-01
1.005493476986885071e-01
2.290948480367660522e-01
2.018997222185134888e-01
6.650616228580474854e-02
6.302975118160247803e-02
2.374560832977294922e-01
3.960312902927398682e-01
2.850970625877380371e-01
2.023561596870422363e-01
1.242637932300567627e-01
1.034006103873252869e-01
1.639758348464965820e-01
6.311180442571640015e-02
3.402493298053741455e-01
1.015668064355850220e-01
1.364988535642623901e-01
7.690424472093582153e-02
1.230001822113990784e-01
1.542081534862518311e-01
2.211906313896179199e-01
2.294872254133224487e-01
1.585761308670043945e-01
1.123729199171066284e-01
1.966734826564788818e-01
7.072074711322784424e-02
1.362032443284988403e-01
6.220350414514541626e-02
6.896084547042846680e-02
1.646139025688171387e-01
4.114216938614845276e-02
9.811548888683319092e-02
7.903020083904266357e-02
2.208868041634559631e-02
4.364034533500671387e-02
4.173782169818878174e-01
9.254460781812667847e-02
1.323454827070236206e-01
2.753767371177673340e-01
1.341510713100433350e-01
2.101490497589111328e-01
4.457765221595764160e-01
9.307482838630676270e-02
1.294335126876831055e-01
1.213863641023635864e-01
2.144908308982849121e-01
1.372494846582412720e-01
7.672327756881713867e-02
7.595223933458328247e-02
4.878189414739608765e-02
1.309389322996139526e-01
2.816178500652313232e-01
1.739556193351745605e-01
1.903954744338989258e-01
1.693231612443923950e-01
1.673119962215423584e-01
5.764146894216537476e-02
4.457214474678039551e-02
2.519210055470466614e-02
3.603810071945190430e-01
3.920388594269752502e-02
1.145216077566146851e-01
2.546882927417755127e-01
2.923502922058105469e-01
2.142995297908782959e-01
1.591258347034454346e-01
1.250665932893753052e-01
8.667477965354919434e-02
1.712459325790405273e-01
1.752765923738479614e-01
2.579836845397949219e-01
6.976838409900665283e-02
2.120258659124374390e-01
1.271300166845321655e-01
1.217299401760101318e-01
6.334213167428970337e-02
2.041001319885253906e-01
3.408344835042953491e-02
2.678142786026000977e-01
1.535942256450653076e-01
2.568098902702331543e-01
1.929712295532226562e-01
2.328459471464157104e-01
3.548337817192077637e-01
2.282884269952774048e-01
1.652577817440032959e-01
1.736561954021453857e-01
1.485216170549392700e-01
2.607964873313903809e-01
2.157724648714065552e-01
8.865247666835784912e-02
1.537664383649826050e-01
1.303855776786804199e-01
1.660328507423400879e-01
1.964497715234756470e-01
1.467594355344772339e-01
2.038882076740264893e-01
1.544231623411178589e-01
1.559244841337203979e-01
1.727781593799591064e-01
1.611608415842056274e-01
2.273429632186889648e-01
3.143324330449104309e-02
1.085650995373725891e-01
2.457321584224700928e-01
3.758180439472198486e-01
1.988377869129180908e-01
1.630348414182662964e-01
1.506074965000152588e-01
1.590651273727416992e-01
1.585263907909393311e-01
1.824026852846145630e-01
1.466806530952453613e-01
1.338381022214889526e-01
1.890788078308105469e-01
8.256822824478149414e-02
5.288352817296981812e-02
7.713183760643005371e-02
1.784454435110092163e-01
3.580049276351928711e-01
1.838371455669403076e-01
9.365383535623550415e-02
1.553743928670883179e-01
7.252612709999084473e-02
5.210436135530471802e-02
8.653623610734939575e-02
3.604189306497573853e-02
4.708759114146232605e-02
2.027646750211715698e-01
9.091915935277938843e-02
7.925349473953247070e-02
3.009265661239624023e-01
9.764236211776733398e-02
1.476598680019378662e-01
6.108649820089340210e-02
1.357213556766510010e-01
1.401092112064361572e-01
8.766236156225204468e-02
2.261414751410484314e-02
1.892479956150054932e-01
2.704472467303276062e-02
2.117345035076141357e-01
2.451565712690353394e-01
7.161414623260498047e-02
2.890223264694213867e-02
1.566939949989318848e-01
5.276951789855957031e-01
1.982551515102386475e-01
7.803964614868164062e-02
2.343464493751525879e-01
1.426062434911727905e-01
3.996400833129882812e-01
1.942735910415649414e-01
4.927313327789306641e-02
3.019897937774658203e-01
2.916599810123443604e-01
2.274565100669860840e-01
2.131189405918121338e-01
1.558521687984466553e-01
1.536262035369873047e-01
9.446301311254501343e-02
1.298720091581344604e-01
2.603507041931152344e-01
1.237081438302993774e-01
1.298096328973770142e-01
1.083119884133338928e-01
1.837462931871414185e-01
9.838871657848358154e-02
8.655847609043121338e-02
1.630185991525650024e-01
8.585692942142486572e-02
3.548761606216430664e-01
