2.307328879833221436e-01
2.232360839843750000e-01
3.309210836887359619e-01
3.172132670879364014e-01
9.857930243015289307e-02
1.321691721677780151e-01
1.949929594993591309e-01
1.865815371274948120e-01
3.445860743522644043e-01
1.539177149534225464e-01
2.025312483310699463e-01
1.174045354127883911e-01
3.547957539558410645e-01
1.087584719061851501e-01
3.171970248222351074e-01
2.753219008445739746e-01
2.011446654796600342e-01
4.831027388572692871e-01
2.604587674140930176e-01
1.991590559482574463e-01
3.627751469612121582e-01
3.337213099002838135e-01
1.829469799995422363e-01
9.714792668819427490e-02
1.847082823514938354e-01
2.648004293441772461e-01
2.532992362976074219e-01
1.475894600152969360e-01
4.334442317485809326e-01
2.661959528923034668e-01
2.625409066677093506e-01
2.085903584957122803e-01
1.570170819759368896e-01
4.581180214881896973e-01
3.033462166786193848e-01
2.397547215223312378e-01
2.921156585216522217e-01
2.807899117469787598e-01
1.612357199192047119e-01
8.735041320323944092e-02
2.554012238979339600e-01
2.870521545410156250e-01
2.056048065423965454e-01
2.331665307283401489e-01
3.596753180027008057e-01
2.823278307914733887e-01
2.185593843460083008e-01
2.775249481201171875e-01
2.870626449584960938e-01
1.422713845968246460e-01
5.717236995697021484e-01
3.797790408134460449e-01
2.258715331554412842e-01
2.332078218460083008e-01
8.633051812648773193e-02
4.187327623367309570e-01
1.727642714977264404e-01
2.835296392440795898e-01
2.365776300430297852e-01
3.301205039024353027e-01
2.335515767335891724e-01
2.525908350944519043e-01
2.045738995075225830e-01
1.611785292625427246e-01
3.216875791549682617e-01
8.238972723484039307e-02
2.588090300559997559e-01
3.117928802967071533e-01
4.021246731281280518e-01
2.228203862905502319e-01
1.278286725282669067e-01
1.381647288799285889e-01
2.513863444328308105e-01
2.267359495162963867e-01
1.465690433979034424e-01
1.415917426347732544e-01
3.546995222568511963e-01
1.930193603038787842e-01
1.850903630256652832e-01
2.732957899570465088e-01
3.648225963115692139e-01
1.280586421489715576e-01
2.118896842002868652e-01
2.383389472961425781e-01
1.211857274174690247e-01
6.486971676349639893e-02
1.585188210010528564e-01
4.204030036926269531e-01
1.466092765331268311e-01
3.937715888023376465e-01
2.259647548198699951e-01
3.524330854415893555e-01
6.237508356571197510e-02
1.039432287216186523e-01
1.502673327922821045e-01
1.465593129396438599e-01
1.492311209440231323e-01
2.320754826068878174e-01
8.263684064149856567e-02
2.806686758995056152e-01
3.338491022586822510e-01
5.122909694910049438e-02
3.130747675895690918e-01
1.884362697601318359e-01
1.438718438148498535e-01
1.631825119256973267e-01
2.320156991481781006e-01
3.094620704650878906e-01
2.258140891790390015e-01
2.754324674606323242e-01
3.039007186889648438e-01
3.583950996398925781e-01
2.088931649923324585e-01
3.514829277992248535e-01
5.325148105621337891e-01
3.721473217010498047e-01
2.386017590761184692e-01
1.259515285491943359e-01
1.798977851867675781e-01
4.899977743625640869e-01
1.956636458635330200e-01
3.427280187606811523e-01
2.120533883571624756e-01
3.156743049621582031e-01
2.625987529754638672e-01
2.127897739410400391e-01
1.403782814741134644e-01
2.005028277635574341e-01
3.087556958198547363e-01
3.317489624023437500e-01
2.376721203327178955e-01
3.755763471126556396e-01
3.168580234050750732e-01
4.012381732463836670e-01
3.734319210052490234e-01
2.609642148017883301e-01
5.129631757736206055e-01
5.070502161979675293e-01
2.013405263423919678e-01
1.877241134643554688e-01
9.310044348239898682e-02
2.086745202541351318e-01
6.911843270063400269e-02
4.194223880767822266e-01
2.368990331888198853e-01
3.254020512104034424e-01
2.427605241537094116e-01
2.011290192604064941e-01
2.890630364418029785e-01
1.484964191913604736e-01
2.247585505247116089e-01
2.302886247634887695e-01
1.660154759883880615e-01
1.645311713218688965e-01
1.306692212820053101e-01
3.519581258296966553e-01
2.389408946037292480e-01
1.121361106634140015e-01
1.091779842972755432e-01
3.656368255615234375e-01
2.635990977287292480e-01
3.268706500530242920e-01
2.396717369556427002e-01
2.806871533393859863e-01
1.394908130168914795e-01
2.640979588031768799e-01
1.929634660482406616e-01
4.134762287139892578e-01
2.985254824161529541e-01
2.248870581388473511e-01
2.224153876304626465e-01
1.952008306980133057e-01
2.580203115940093994e-01
1.715905666351318359e-01
1.374301165342330933e-01
1.761555224657058716e-01
1.617328524589538574e-01
2.283411026000976562e-01
2.540302276611328125e-01
3.553424775600433350e-01
5.052806735038757324e-01
2.011510133743286133e-01
6.146105006337165833e-02
4.039111733436584473e-01
5.195087194442749023e-01
4.562162756919860840e-01
5.399845242500305176e-01
3.324665427207946777e-01
5.132064819335937500e-01
2.970637679100036621e-01
4.670037031173706055e-01
4.233939647674560547e-01
5.819053649902343750e-01
4.501577019691467285e-01
2.857531309127807617e-01
2.557850480079650879e-01
4.836111962795257568e-01
2.249405980110168457e-01
2.171033024787902832e-01
5.762164592742919922e-01
2.153132259845733643e-01
3.036510944366455078e-01
4.164582490921020508e-01
5.028121471405029297e-01
4.381000995635986328e-01
2.574729919433593750e-01
1.957105398178100586e-01
2.493849098682403564e-01
3.420159518718719482e-01
4.411893784999847412e-01
2.705206274986267090e-01
3.199124336242675781e-01
2.246058285236358643e-01
2.473441511392593384e-01
2.555065453052520752e-01
1.590098291635513306e-01
9.844331443309783936e-02
3.307173252105712891e-01
3.764129281044006348e-01
2.021461725234985352e-01
2.274248749017715454e-01
2.200019657611846924e-01
4.666731953620910645e-01
1.341881155967712402e-01
2.878494858741760254e-01
2.750723063945770264e-01
3.539909720420837402e-01
2.426579892635345459e-01
3.384852707386016846e-01
2.823125123977661133e-01
5.405501127243041992e-01
7.203189283609390259e-02
3.493297696113586426e-01
1.189450696110725403e-01
4.414171278476715088e-01
3.354253172874450684e-01
2.643707394599914551e-01
1.968469470739364624e-01
1.761753708124160767e-01
1.330007612705230713e-01
1.825636625289916992e-01
2.267981767654418945e-01
1.729751527309417725e-01
1.693601757287979126e-01
4.102338552474975586e-01
1.335609853267669678e-01
2.201451957225799561e-01
1.467672139406204224e-01
2.254951894283294678e-01
1.997083276510238647e-01
2.729663252830505371e-01
2.849355936050415039e-01
2.520133554935455322e-01
5.209263563156127930e-01
5.427460372447967529e-02
3.627228438854217529e-01
3.835945129394531250e-01
2.553767263889312744e-01
1.304395645856857300e-01
1.816172599792480469e-01
2.353487610816955566e-01
4.127800464630126953e-02
3.858697712421417236e-01
3.136117458343505859e-01
1.453135609626770020e-01
1.890555620193481445e-01
8.774729073047637939e-02
2.578845322132110596e-01
1.645060777664184570e-01
3.928378224372863770e-01
2.043268084526062012e-01
1.856752485036849976e-01
8.356015384197235107e-02
4.266405403614044189e-01
4.503798484802246094e-01
8.226527273654937744e-02
1.114893481135368347e-01
3.218596577644348145e-01
3.248107731342315674e-01
2.801229953765869141e-01
4.233666062355041504e-01
2.644244432449340820e-01
2.003126144409179688e-01
4.235758185386657715e-01
1.041992604732513428e-01
2.421935945749282837e-01
2.628456056118011475e-01
2.292490303516387939e-01
2.014961838722229004e-01
1.817043274641036987e-01
1.843409091234207153e-01
3.229159414768218994e-01
2.471094429492950439e-01
2.254681885242462158e-01
3.454943299293518066e-01
3.256067931652069092e-01
3.254469037055969238e-01
3.596562743186950684e-01
1.713337302207946777e-01
3.727822303771972656e-01
3.609628677368164062e-01
2.789288163185119629e-01
1.676301062107086182e-01
1.528769135475158691e-01
5.678566694259643555e-01
2.025497257709503174e-01
2.271927893161773682e-01
3.326686024665832520e-01
2.412673532962799072e-01
4.670078754425048828e-01
1.323944330215454102e-01
2.669952511787414551e-01
1.995331197977066040e-01
1.602892726659774780e-01
2.954174280166625977e-01
2.424986958503723145e-01
2.813867032527923584e-01
3.039420247077941895e-01
1.901262700557708740e-01
1.493423879146575928e-01
1.949112564325332642e-01
2.392583340406417847e-01
1.973530352115631104e-01
3.622056841850280762e-01
2.880471944808959961e-01
1.297750324010848999e-01
2.895789146423339844e-01
1.506706774234771729e-01
2.757652997970581055e-01
1.166598126292228699e-01
5.959163904190063477e-01
2.602108418941497803e-01
1.217022091150283813e-01
1.444775760173797607e-01
5.659748613834381104e-02
2.735868692398071289e-01
2.748503386974334717e-01
1.698482632637023926e-01
2.053526788949966431e-01
2.032308280467987061e-01
3.399299085140228271e-01
2.873790860176086426e-01
2.351075410842895508e-01
2.091826796531677246e-01
3.412649631500244141e-01
3.219409286975860596e-01
3.473751544952392578e-01
2.445461153984069824e-01
2.022607177495956421e-01
2.240633368492126465e-01
2.351776957511901855e-01
1.464104503393173218e-01
2.228652536869049072e-01
3.179550766944885254e-01
2.489610761404037476e-01
2.490307986736297607e-01
3.207326829433441162e-01
1.408186554908752441e-01
7.369533181190490723e-02
3.570939302444458008e-01
1.599146276712417603e-01
2.994783520698547363e-01
1.752106696367263794e-01
1.176641434431076050e-01
2.987097203731536865e-01
5.476813912391662598e-01
3.161607980728149414e-01
4.191929101943969727e-01
3.280544877052307129e-01
2.538375854492187500e-01
2.740677595138549805e-01
1.521093547344207764e-01
1.828119456768035889e-01
2.689368724822998047e-01
2.766811847686767578e-01
1.696587800979614258e-01
2.423372268676757812e-01
2.840711474418640137e-01
4.549077153205871582e-01
1.229948252439498901e-01
1.162601411342620850e-01
2.839630246162414551e-01
1.691566556692123413e-01
1.632804423570632935e-01
1.681529134511947632e-01
2.527940571308135986e-01
2.331294864416122437e-01
2.314862757921218872e-01
5.043754726648330688e-02
2.717392146587371826e-01
1.552287042140960693e-01
3.565792441368103027e-01
3.349743485450744629e-01
2.409670948982238770e-01
1.452237963676452637e-01
7.647035270929336548e-02
4.946511387825012207e-01
8.314754813909530640e-02
2.820540368556976318e-01
4.244481921195983887e-01
1.877691745758056641e-01
2.486044615507125854e-01
1.892188936471939087e-01
3.737624883651733398e-01
1.918245553970336914e-01
2.050224691629409790e-01
2.381840795278549194e-01
2.587032616138458252e-01
1.847737580537796021e-01
3.778648376464843750e-01
1.635403037071228027e-01
1.720838844776153564e-01
2.916064262390136719e-01
1.658110916614532471e-01
2.438756823539733887e-01
4.061911106109619141e-01
1.879791468381881714e-01
2.878474891185760498e-01
1.293475627899169922e-01
2.186869829893112183e-01
1.851031631231307983e-01
1.128000169992446899e-01
1.417008191347122192e-01
7.464166730642318726e-02
3.583148717880249023e-01
7.579667866230010986e-02
2.290176451206207275e-01
1.548924148082733154e-01
1.912290155887603760e-01
2.413010299205780029e-01
2.450040578842163086e-01
2.372287362813949585e-01
1.892110705375671387e-01
2.140015661716461182e-01
3.543750196695327759e-02
3.241120576858520508e-01
1.372759044170379639e-01
1.778751015663146973e-01
2.277764081954956055e-01
1.256778538227081299e-01
1.833167821168899536e-01
1.475849300622940063e-01
2.693129777908325195e-01
2.321420013904571533e-01
3.062138855457305908e-01
2.339946329593658447e-01
9.415282309055328369e-02
2.101973593235015869e-01
4.685457944869995117e-01
3.355949521064758301e-01
3.028478026390075684e-01
9.587074816226959229e-02
1.948086619377136230e-01
3.401056826114654541e-01
9.344835579395294189e-02
1.869668960571289062e-01
2.975085377693176270e-01
2.886626422405242920e-01
2.549572885036468506e-01
3.293184041976928711e-01
2.171293497085571289e-01
4.125292301177978516e-01
3.151504397392272949e-01
7.581759989261627197e-02
1.777118444442749023e-01
2.173980176448822021e-01
2.850335836410522461e-01
2.756499350070953369e-01
8.950103819370269775e-02
1.912982761859893799e-01
4.081306457519531250e-01
2.940127253532409668e-01
1.573847085237503052e-01
4.398042559623718262e-01
2.278588265180587769e-01
3.056488037109375000e-01
1.119465827941894531e-01
2.188566923141479492e-01
2.518599033355712891e-01
1.633657515048980713e-01
9.603004157543182373e-02
5.070791393518447876e-02
1.104811653494834900e-01
3.016538023948669434e-01
2.499274909496307373e-01
8.163089156150817871e-01
1.551836580038070679e-01
2.790081202983856201e-01
3.209687769412994385e-01
1.042341589927673340e-01
2.412412464618682861e-01
2.578131854534149170e-01
2.869336009025573730e-01
1.849783807992935181e-01
2.183421254158020020e-01
3.220776915550231934e-01
1.604912728071212769e-01
8.947123587131500244e-02
1.670651137828826904e-01
2.399386912584304810e-01
3.383625745773315430e-01
2.044652253389358521e-01
1.249142885208129883e-01
1.386926621198654175e-01
1.397962123155593872e-01
3.659569025039672852e-01
2.984254956245422363e-01
3.557613492012023926e-01
1.248148083686828613e-01
1.976285874843597412e-01
3.913469910621643066e-01
1.454958915710449219e-01
2.266384512186050415e-01
1.605157852172851562e-01
5.091453194618225098e-01
2.967087924480438232e-01
4.498646259307861328e-01
2.688576579093933105e-01
3.427248597145080566e-01
2.627580165863037109e-01
1.362066417932510376e-01
1.832126677036285400e-01
1.562012135982513428e-01
4.111238718032836914e-01
1.662670969963073730e-01
2.088592201471328735e-01
2.144589573144912720e-01
2.625331282615661621e-01
4.375184774398803711e-01
2.224802374839782715e-01
2.769232392311096191e-01
1.971190571784973145e-01
2.619896531105041504e-01
2.877507209777832031e-01
1.631725579500198364e-01
3.438383042812347412e-01
1.595477759838104248e-01
2.110775113105773926e-01
1.663348376750946045e-01
1.347272694110870361e-01
3.122066557407379150e-01
3.405541181564331055e-01
3.208907842636108398e-01
1.486533433198928833e-01
1.648543924093246460e-01
2.288871109485626221e-01
1.388920843601226807e-01
2.303410768508911133e-01
1.787060946226119995e-01
3.997046947479248047e-01
2.369789928197860718e-01
3.324180543422698975e-01
2.771568596363067627e-01
1.660638898611068726e-01
2.052751928567886353e-01
3.076318800449371338e-01
2.780712544918060303e-01
4.211556315422058105e-01
9.685942530632019043e-02
1.180445402860641479e-01
6.991073489189147949e-02
1.707230657339096069e-01
2.788418829441070557e-01
2.352845966815948486e-01
5.345210060477256775e-02
6.628169864416122437e-02
9.569813311100006104e-02
2.232277244329452515e-01
4.794736951589584351e-02
4.470904469490051270e-01
2.661263048648834229e-01
1.775333136320114136e-01
1.524677127599716187e-01
1.206287890672683716e-01
1.928153336048126221e-01
1.016511470079421997e-01
1.297235488891601562e-01
2.376961708068847656e-01
8.691819012165069580e-02
1.040995121002197266e-01
5.258654356002807617e-01
3.403222560882568359e-01
3.615287542343139648e-01
2.269687950611114502e-01
3.076357841491699219e-01
2.337608486413955688e-01
2.307945787906646729e-01
2.343815565109252930e-01
2.942249774932861328e-01
2.058590650558471680e-01
2.152025997638702393e-01
3.255814909934997559e-01
1.898779422044754028e-01
2.040899246931076050e-01
4.095293879508972168e-01
1.120355576276779175e-01
2.135706096887588501e-01
1.420981287956237793e-01
2.395633757114410400e-01
1.529663801193237305e-01
2.519759535789489746e-01
2.406400442123413086e-01
1.202218458056449890e-01
2.104200571775436401e-01
2.464619576930999756e-01
2.875269651412963867e-01
1.655708253383636475e-01
1.846736520528793335e-01
1.981659531593322754e-01
2.700962126255035400e-01
3.625853359699249268e-01
2.869185209274291992e-01
2.743402123451232910e-01
3.103696703910827637e-01
2.349974960088729858e-01
2.478366196155548096e-01
1.573580503463745117e-01
2.508867979049682617e-01
2.398596256971359253e-01
2.000396996736526489e-01
2.235702574253082275e-01
6.066180020570755005e-02
1.045532524585723877e-01
2.142490297555923462e-01
1.502334177494049072e-01
3.550484776496887207e-01
3.951763510704040527e-01
1.363201737403869629e-01
2.204233855009078979e-01
1.204543411731719971e-01
1.024459451436996460e-01
2.365309596061706543e-01
1.649329364299774170e-01
2.161094546318054199e-01
1.738263517618179321e-01
1.309531778097152710e-01
2.705659270286560059e-01
2.755470275878906250e-01
2.021360397338867188e-01
2.730031907558441162e-01
1.288503408432006836e-01
2.308900505304336548e-01
2.230403721332550049e-01
3.656569123268127441e-01
1.579657047986984253e-01
2.358831465244293213e-01
1.688036471605300903e-01
1.889708638191223145e-01
1.500584334135055542e-01
1.486674249172210693e-01
6.833434104919433594e-02
4.134820699691772461e-01
2.223802357912063599e-01
5.273348093032836914e-01
2.121229767799377441e-01
3.256445229053497314e-01
1.792899519205093384e-01
1.339966356754302979e-01
2.538358569145202637e-01
2.202976942062377930e-01
2.940421998500823975e-01
1.919932663440704346e-01
1.079649925231933594e-01
2.694119811058044434e-01
3.787947297096252441e-01
1.896702051162719727e-01
2.269183546304702759e-01
7.503104954957962036e-02
2.057555764913558960e-01
5.055823922157287598e-01
3.190917968750000000e-01
5.788958445191383362e-02
3.015932738780975342e-01
2.045160531997680664e-01
5.699766874313354492e-01
1.915004849433898926e-01
2.147351801395416260e-01
2.574170827865600586e-01
2.362214624881744385e-01
3.673574924468994141e-01
1.839795112609863281e-01
3.405053019523620605e-01
2.682165801525115967e-01
3.168896436691284180e-01
2.379390001296997070e-01
1.513760685920715332e-01
2.517163753509521484e-01
3.390933871269226074e-01
1.703714132308959961e-01
2.991896867752075195e-01
3.053939938545227051e-01
3.150508403778076172e-01
5.424591302871704102e-01
1.915914714336395264e-01
1.986289471387863159e-01
3.346817195415496826e-01
2.433206439018249512e-01
2.224589586257934570e-01
1.777981817722320557e-01
3.811362385749816895e-01
3.209056258201599121e-01
4.022131264209747314e-01
2.681919038295745850e-01
2.201251685619354248e-01
3.126161694526672363e-01
2.186745703220367432e-01
2.561303377151489258e-01
3.771471381187438965e-01
1.985261589288711548e-01
2.566797137260437012e-01
2.032231539487838745e-01
2.586760520935058594e-01
3.787370324134826660e-01
2.926100492477416992e-01
1.628599464893341064e-01
5.361245870590209961e-01
1.687106788158416748e-01
2.289366424083709717e-01
2.798412740230560303e-01
2.500509619712829590e-01
1.735219210386276245e-01
2.155230045318603516e-01
1.323711425065994263e-01
1.213295832276344299e-01
1.694655716419219971e-01
2.302492558956146240e-01
3.281895220279693604e-01
2.068281173706054688e-01
1.594328731298446655e-01
1.519587635993957520e-01
2.662602663040161133e-01
1.330932974815368652e-01
3.761883378028869629e-01
1.849143505096435547e-01
1.746259033679962158e-01
1.389875411987304688e-01
4.722764790058135986e-01
2.129991948604583740e-01
3.603524863719940186e-01
2.320620417594909668e-01
4.076370894908905029e-01
2.253588736057281494e-01
3.473524153232574463e-01
3.135509490966796875e-01
3.314359784126281738e-01
1.403006464242935181e-01
3.264926671981811523e-01
1.253073960542678833e-01
2.783669233322143555e-01
3.300973474979400635e-01
1.215139627456665039e-01
2.863138020038604736e-01
1.294425874948501587e-01
3.193533420562744141e-01
1.565689891576766968e-01
1.840020269155502319e-01
2.836368978023529053e-01
3.129089474678039551e-01
3.223693072795867920e-01
3.000076711177825928e-01
9.096740186214447021e-02
1.827670037746429443e-01
2.232511788606643677e-01
1.675494760274887085e-01
1.769568622112274170e-01
3.444623947143554688e-01
1.322724223136901855e-01
4.254203438758850098e-01
1.491588354110717773e-01
2.274047881364822388e-01
2.192010432481765747e-01
1.749591678380966187e-01
2.023476362228393555e-01
9.560859203338623047e-02
1.768203079700469971e-01
1.656134724617004395e-01
2.713648080825805664e-01
1.354146599769592285e-01
2.907955348491668701e-01
2.937473654747009277e-01
1.986181437969207764e-01
1.907364428043365479e-01
1.799774467945098877e-01
3.353635668754577637e-01
2.497420459985733032e-01
2.961053848266601562e-01
3.767851889133453369e-01
1.910653710365295410e-01
9.130301326513290405e-02
2.936516106128692627e-01
4.619736075401306152e-01
2.516369819641113281e-01
5.485405325889587402e-01
4.346197247505187988e-01
3.100089430809020996e-01
1.862447410821914673e-01
5.110322833061218262e-01
1.880690157413482666e-01
2.657646238803863525e-01
3.321262598037719727e-01
1.864527016878128052e-01
4.184577465057373047e-01
1.590530425310134888e-01
1.284299194812774658e-01
1.345691978931427002e-01
5.821624398231506348e-02
2.883453071117401123e-01
1.647669374942779541e-01
5.168175697326660156e-01
2.344612032175064087e-01
2.856521308422088623e-01
3.105835318565368652e-01
4.554201662540435791e-01
3.080181181430816650e-01
1.734576970338821411e-01
2.079446762800216675e-01
1.136236414313316345e-01
2.041710317134857178e-01
4.301140308380126953e-01
3.629879355430603027e-01
6.901449710130691528e-02
3.444413542747497559e-01
3.854483067989349365e-01
2.040595859289169312e-01
3.910495042800903320e-01
1.916403323411941528e-01
1.853133291006088257e-01
2.151970565319061279e-01
1.590660214424133301e-01
6.869717836380004883e-01
1.533226072788238525e-01
3.122112751007080078e-01
1.632204353809356689e-01
1.513080596923828125e-01
2.439846396446228027e-01
1.559098064899444580e-01
1.547832340002059937e-01
2.868103384971618652e-01
1.964488029479980469e-01
1.567912399768829346e-01
2.605498731136322021e-01
2.329023331403732300e-01
2.849709093570709229e-01
2.542140483856201172e-01
1.164667010307312012e-01
1.870695650577545166e-01
1.573912054300308228e-01
2.335206866264343262e-01
1.971686482429504395e-01
2.371321469545364380e-01
1.567057967185974121e-01
3.066654503345489502e-01
2.083305418491363525e-01
1.473136544227600098e-01
1.777356564998626709e-01
3.032531142234802246e-01
1.220232397317886353e-01
3.138300776481628418e-01
1.533454507589340210e-01
2.253919690847396851e-01
2.237475812435150146e-01
3.842605650424957275e-01
3.364892303943634033e-01
2.403455525636672974e-01
2.160219252109527588e-01
1.862094849348068237e-01
3.164795339107513428e-01
4.830955862998962402e-01
4.318513572216033936e-01
2.291567027568817139e-01
2.301247864961624146e-01
2.028178423643112183e-01
2.104965746402740479e-01
3.758775889873504639e-01
1.367590874433517456e-01
2.599641680717468262e-01
1.973071992397308350e-01
1.940799504518508911e-01
4.344378113746643066e-01
4.873134195804595947e-01
2.881456017494201660e-01
1.422262489795684814e-01
1.863314956426620483e-01
2.222306430339813232e-01
2.732380926609039307e-01
3.202542960643768311e-01
9.988014400005340576e-02
3.806286454200744629e-01
8.771529793739318848e-02
1.510593295097351074e-01
2.368902266025543213e-01
3.665410280227661133e-01
4.136694371700286865e-01
2.057166546583175659e-01
3.391317725181579590e-01
1.502301245927810669e-01
2.129456698894500732e-01
2.338430285453796387e-01
1.587735116481781006e-01
3.821434676647186279e-01
4.553290903568267822e-01
1.908592283725738525e-01
1.348959505558013916e-01
2.229826748371124268e-01
2.575699388980865479e-01
1.477386802434921265e-01
1.447420120239257812e-01
2.823398709297180176e-01
8.841563761234283447e-02
6.514997780323028564e-02
8.762285113334655762e-02
3.782290816307067871e-01
2.544386386871337891e-01
2.994759082794189453e-01
3.975079953670501709e-02
1.649182587862014771e-01
1.450996547937393188e-01
4.864405095577239990e-01
3.483368456363677979e-01
4.706631302833557129e-01
2.379866242408752441e-01
1.527642309665679932e-01
1.143152266740798950e-01
1.441328674554824829e-01
1.762504577636718750e-01
3.253011703491210938e-01
1.995611339807510376e-01
2.792041897773742676e-01
3.293262720108032227e-01
2.215195000171661377e-01
2.831115126609802246e-01
1.646131575107574463e-01
1.898781955242156982e-01
1.994999647140502930e-01
2.339113950729370117e-01
1.428602933883666992e-01
1.884517073631286621e-01
1.232898607850074768e-01
3.077162504196166992e-01
2.126582860946655273e-01
1.182183772325515747e-01
4.799163341522216797e-02
3.780176043510437012e-01
4.317036271095275879e-01
2.420339882373809814e-01
2.325975447893142700e-01
2.306315302848815918e-01
1.837567687034606934e-01
2.772698402404785156e-01
4.297271668910980225e-01
1.250514090061187744e-01
3.202997148036956787e-01
2.027441263198852539e-01
2.362286746501922607e-01
6.338357329368591309e-01
1.213010996580123901e-01
3.227494359016418457e-01
3.562079071998596191e-01
3.351944983005523682e-01
2.202796190977096558e-01
8.569366484880447388e-02
2.172001898288726807e-01
2.425706982612609863e-01
1.430763453245162964e-01
9.916143119335174561e-02
4.273811280727386475e-01
1.679333299398422241e-01
3.290292024612426758e-01
2.393672466278076172e-01
2.694772481918334961e-01
2.904918491840362549e-01
3.995817601680755615e-01
1.045258194208145142e-01
1.076376438140869141e-01
2.689067721366882324e-01
3.193081617355346680e-01
1.962674260139465332e-01
1.114990413188934326e-01
2.496573626995086670e-01
2.489328682422637939e-01
8.177132904529571533e-02
2.893882393836975098e-01
1.054905503988265991e-01
1.505937278270721436e-01
4.080114364624023438e-01
2.529366314411163330e-01
2.364239096641540527e-01
4.012222588062286377e-02
7.430902868509292603e-02
1.067838892340660095e-01
7.933203876018524170e-02
2.370301932096481323e-01
4.242588281631469727e-01
9.657645225524902344e-02
5.119342803955078125e-01
2.808580398559570312e-01
2.296997010707855225e-01
3.294657468795776367e-01
2.684672474861145020e-01
1.848406344652175903e-01
2.118092328310012817e-01
9.822390973567962646e-02
2.170651406049728394e-01
1.938308924436569214e-01
2.499278187751770020e-01
2.677854299545288086e-01
1.516764014959335327e-01
3.703733533620834351e-02
2.813571691513061523e-01
3.351975083351135254e-01
2.453065216541290283e-01
1.329531073570251465e-01
3.165422379970550537e-01
3.110012710094451904e-01
2.055505663156509399e-01
3.306977152824401855e-01
2.581826448440551758e-01
2.936202585697174072e-01
4.485435485839843750e-01
2.197851538658142090e-01
2.913243174552917480e-01
2.464253008365631104e-01
4.130218029022216797e-01
4.024951756000518799e-01
3.697962760925292969e-01
3.451664745807647705e-01
1.658662855625152588e-01
1.903556585311889648e-01
2.110360860824584961e-01
2.154975533485412598e-01
3.199401497840881348e-01
2.101142704486846924e-01
1.911904811859130859e-01
1.605807840824127197e-01
2.083468735218048096e-01
2.354280650615692139e-01
2.557864189147949219e-01
1.232035011053085327e-01
1.643118262290954590e-01
1.445203423500061035e-01
2.903326153755187988e-01
2.416290491819381714e-01
1.312083899974822998e-01
2.580815255641937256e-01
1.899420619010925293e-01
2.408033311367034912e-01
2.703255116939544678e-01
1.932725310325622559e-01
1.297405064105987549e-01
2.569436728954315186e-01
3.075051605701446533e-01
2.425039708614349365e-01
3.648193478584289551e-01
2.300670593976974487e-01
1.642550230026245117e-01
2.625547647476196289e-01
3.435856997966766357e-01
4.416211247444152832e-01
2.322171628475189209e-01
2.777792215347290039e-01
2.808839082717895508e-01
1.544570177793502808e-01
2.910898327827453613e-01
2.085642665624618530e-01
1.697161048650741577e-01
1.293755173683166504e-01
2.037733346223831177e-01
2.630468308925628662e-01
1.327213943004608154e-01
4.285212159156799316e-01
2.245102226734161377e-01
8.430002629756927490e-02
2.665890157222747803e-01
1.639703065156936646e-01
3.504248857498168945e-01
1.271397322416305542e-01
2.959078550338745117e-01
1.888333410024642944e-01
5.059868097305297852e-01
7.865389436483383179e-02
1.549478024244308472e-01
1.877226531505584717e-01
2.602102756500244141e-01
3.315903544425964355e-01
4.394018352031707764e-01
3.744521141052246094e-01
3.806160986423492432e-01
4.884819388389587402e-01
3.103230893611907959e-01
4.000304639339447021e-01
1.407752037048339844e-01
2.628227472305297852e-01
3.732086122035980225e-01
1.563332080841064453e-01
1.536954641342163086e-01
2.801499664783477783e-01
1.905347108840942383e-01
2.407596707344055176e-01
1.572004556655883789e-01
3.117343783378601074e-01
3.424782156944274902e-01
2.009216696023941040e-01
1.276296228170394897e-01
2.893486320972442627e-01
2.322237789630889893e-01
1.158426925539970398e-01
1.729020774364471436e-01
2.494417428970336914e-01
3.951801359653472900e-01
3.907832205295562744e-01
1.080436855554580688e-01
1.231919601559638977e-01
2.898360490798950195e-01
2.003751695156097412e-01
3.196914792060852051e-01
3.440936207771301270e-01
2.533160150051116943e-01
2.327315956354141235e-01
1.202702596783638000e-01
4.422289133071899414e-01
1.118589267134666443e-01
3.233674764633178711e-01
3.630322813987731934e-01
1.801085025072097778e-01
1.416710317134857178e-01
2.178829908370971680e-01
2.123918831348419189e-01
4.715784788131713867e-01
1.577797830104827881e-01
2.090831547975540161e-01
2.842894494533538818e-01
7.454683631658554077e-02
3.267840147018432617e-01
1.826663315296173096e-01
1.100998669862747192e-01
4.459576308727264404e-01
3.853173553943634033e-01
2.041024863719940186e-01
2.016380280256271362e-01
1.159290671348571777e-01
1.257747709751129150e-01
3.415662050247192383e-01
1.622350662946701050e-01
1.978931725025177002e-01
5.464277267456054688e-01
1.001153439283370972e-01
3.552711904048919678e-01
4.586001634597778320e-01
2.082545161247253418e-01
2.131664305925369263e-01
3.816433548927307129e-01
1.380690336227416992e-01
3.732364177703857422e-01
1.377090513706207275e-01
2.220352739095687866e-01
1.842222064733505249e-01
2.014337927103042603e-01
2.319017201662063599e-01
3.555820286273956299e-01
3.227088451385498047e-01
2.672204375267028809e-01
2.852707803249359131e-01
1.242159456014633179e-01
1.022011190652847290e-01
3.394567668437957764e-01
3.674956560134887695e-01
1.605057716369628906e-01
1.224628016352653503e-01
2.344678789377212524e-01
2.337142825126647949e-01
2.155475169420242310e-01
3.308413326740264893e-01
1.835057288408279419e-01
1.169807836413383484e-01
3.061592578887939453e-01
7.574377954006195068e-02
2.725745439529418945e-01
3.758468627929687500e-01
1.239062100648880005e-01
2.125981748104095459e-01
1.424504816532135010e-01
5.748775005340576172e-01
3.132768571376800537e-01
1.694255471229553223e-01
1.965834200382232666e-01
1.851218342781066895e-01
1.970384716987609863e-01
1.543658375740051270e-01
2.367523014545440674e-01
2.265451848506927490e-01
3.161573112010955811e-01
2.537173032760620117e-01
2.135965228080749512e-01
2.277803868055343628e-01
1.406442821025848389e-01
1.463502049446105957e-01
3.597901761531829834e-01
2.334637641906738281e-01
1.943780481815338135e-01
1.052996516227722168e-01
3.317879438400268555e-01
1.434003561735153198e-01
2.606807947158813477e-01
5.844647884368896484e-01
3.329323530197143555e-01
1.219410821795463562e-01
2.013687491416931152e-01
2.988997995853424072e-01
2.448525726795196533e-01
2.940798401832580566e-01
2.308541536331176758e-01
2.715726792812347412e-01
2.231200337409973145e-01
5.071610212326049805e-01
2.822838723659515381e-01
1.610400229692459106e-01
2.673967480659484863e-01
4.461737275123596191e-01
3.288247287273406982e-01
1.137019097805023193e-01
4.796809256076812744e-01
3.229901492595672607e-01
2.127482444047927856e-01
1.802696287631988525e-01
1.715357750654220581e-01
1.940933912992477417e-01
3.061901926994323730e-01
1.935073733329772949e-01
1.656097918748855591e-01
4.669503867626190186e-01
1.957267522811889648e-01
1.232732608914375305e-01
2.805389761924743652e-01
1.637614816427230835e-01
1.282201111316680908e-01
2.663818597793579102e-01
2.615455389022827148e-01
2.086676657199859619e-01
5.778577327728271484e-01
3.348600864410400391e-01
1.367263793945312500e-01
4.664270281791687012e-01
2.894899845123291016e-01
2.281817793846130371e-01
3.395859301090240479e-01
4.195997416973114014e-01
