2.298449873924255371e-01
1.283734440803527832e-01
1.922859251499176025e-01
1.456540077924728394e-01
3.544110655784606934e-01
1.713130176067352295e-01
8.642815053462982178e-02
3.973662480711936951e-02
3.003353774547576904e-01
1.245183199644088745e-01
7.775105535984039307e-02
2.153351306915283203e-01
2.551537454128265381e-01
2.825374007225036621e-01
5.873646587133407593e-02
2.071265429258346558e-01
3.420231938362121582e-01
3.571933805942535400e-01
3.479710519313812256e-01
2.235290110111236572e-01
4.000891447067260742e-01
1.797419339418411255e-01
6.945539265871047974e-02
8.432415127754211426e-02
2.001470029354095459e-01
1.874986141920089722e-01
3.049584329128265381e-01
1.275046616792678833e-01
1.599199324846267700e-01
2.250254154205322266e-01
2.362810075283050537e-01
9.513081610202789307e-02
7.166785001754760742e-02
4.712236672639846802e-02
2.187644243240356445e-01
8.438935875892639160e-02
3.408474102616310120e-02
2.122112959623336792e-01
5.729311704635620117e-01
1.621961146593093872e-01
2.314138114452362061e-01
3.672077655792236328e-01
9.788651019334793091e-02
3.325148522853851318e-01
1.207514554262161255e-01
4.898447096347808838e-01
1.549778580665588379e-01
1.562001705169677734e-01
3.402389883995056152e-01
3.516886532306671143e-01
1.346089243888854980e-01
3.556152880191802979e-01
1.113360598683357239e-01
2.800048887729644775e-01
1.979202628135681152e-01
1.834433972835540771e-01
6.085363030433654785e-02
1.415562629699707031e-01
1.516654044389724731e-01
2.008017599582672119e-01
1.232908368110656738e-01
2.286462038755416870e-01
2.093324810266494751e-01
1.316784322261810303e-01
2.361267805099487305e-01
9.005199372768402100e-02
2.834511995315551758e-01
7.300594449043273926e-02
1.463135331869125366e-01
3.658103942871093750e-01
1.609856337308883667e-01
8.473202586174011230e-02
2.706816494464874268e-01
1.453064084053039551e-01
9.262509644031524658e-02
1.410484164953231812e-01
5.421264469623565674e-02
2.015941888093948364e-01
9.479236602783203125e-02
7.331846654415130615e-02
1.331339925527572632e-01
1.430590152740478516e-01
6.119141355156898499e-02
1.455253511667251587e-01
3.327849209308624268e-01
3.250215649604797363e-01
2.138346582651138306e-01
4.397931694984436035e-01
1.000711768865585327e-01
1.566603183746337891e-01
7.832373678684234619e-02
1.029728725552558899e-01
1.046930402517318726e-01
1.221156120300292969e-01
1.282920837402343750e-01
2.306524068117141724e-01
2.286157608032226562e-01
1.957409977912902832e-01
6.146464943885803223e-01
1.722152531147003174e-01
1.790503263473510742e-01
1.488513350486755371e-01
3.176076412200927734e-01
2.803298234939575195e-01
1.852518618106842041e-01
3.287069499492645264e-01
1.576703488826751709e-01
8.582551777362823486e-02
1.490280032157897949e-01
4.090358018875122070e-01
2.701871991157531738e-01
2.287234961986541748e-01
1.091420501470565796e-01
2.444554120302200317e-01
2.583132088184356689e-01
2.535721957683563232e-01
1.944764405488967896e-01
4.446946457028388977e-02
1.009162962436676025e-01
2.015983462333679199e-01
2.401545494794845581e-01
1.149368286132812500e-01
5.195198953151702881e-02
4.719424247741699219e-02
1.786574572324752808e-01
2.257228493690490723e-01
3.296028077602386475e-01
1.805973649024963379e-01
1.872450411319732666e-01
8.616401255130767822e-02
3.424794077873229980e-01
1.990015506744384766e-01
1.142959892749786377e-01
6.410942077636718750e-01
5.493527650833129883e-02
7.530087977647781372e-02
4.039179384708404541e-01
3.905897140502929688e-01
9.901891648769378662e-02
1.573519259691238403e-01
1.734942197799682617e-01
3.166871070861816406e-01
2.153680622577667236e-01
2.289074957370758057e-01
2.225132584571838379e-01
9.257630258798599243e-02
1.994336545467376709e-01
2.065195739269256592e-01
1.413353979587554932e-01
3.562858104705810547e-01
1.550841927528381348e-01
2.483794987201690674e-01
1.874954998493194580e-01
7.259818911552429199e-02
2.607426643371582031e-01
4.773786067962646484e-01
2.333786189556121826e-01
2.949482202529907227e-01
2.484968155622482300e-01
1.881702095270156860e-01
2.724159955978393555e-01
1.456316113471984863e-01
2.090506553649902344e-01
1.333947330713272095e-01
2.185440510511398315e-01
1.066121608018875122e-01
1.668680310249328613e-01
1.842556595802307129e-01
1.003652215003967285e-01
1.470684856176376343e-01
1.986251771450042725e-01
8.992280066013336182e-02
1.721729934215545654e-01
2.452206164598464966e-01
1.871512383222579956e-01
1.880992352962493896e-01
4.068477451801300049e-02
2.678593397140502930e-01
2.240962088108062744e-01
4.670840501785278320e-01
1.805889308452606201e-01
2.565188407897949219e-01
2.487899512052536011e-01
2.940282225608825684e-01
1.633858233690261841e-01
1.492590457201004028e-01
1.518213152885437012e-01
3.776006102561950684e-01
2.674868106842041016e-01
1.389253288507461548e-01
1.781719028949737549e-01
2.996457815170288086e-01
3.635878562927246094e-01
2.155501693487167358e-01
2.411186099052429199e-01
2.731950581073760986e-01
1.429603546857833862e-01
2.411952167749404907e-01
6.640233099460601807e-02
4.380013048648834229e-02
3.089020587503910065e-02
1.292860656976699829e-01
1.612005233764648438e-01
1.494544595479965210e-01
1.345891058444976807e-01
1.792080700397491455e-01
9.329532086849212646e-02
3.844509720802307129e-01
2.372018098831176758e-01
1.907647252082824707e-01
1.171684637665748596e-01
1.625255495309829712e-01
2.233886271715164185e-01
8.819733560085296631e-02
3.398095816373825073e-02
1.677224934101104736e-01
1.666275411844253540e-01
1.931723654270172119e-01
1.896846294403076172e-01
4.188241660594940186e-01
1.763067841529846191e-01
4.298951029777526855e-01
1.351623088121414185e-01
3.709776401519775391e-01
4.614656567573547363e-01
1.102153584361076355e-01
1.324302107095718384e-01
4.562223553657531738e-01
2.028104662895202637e-01
8.642785996198654175e-02
1.239053905010223389e-01
1.044668704271316528e-01
4.567672014236450195e-01
3.436742722988128662e-01
8.603049814701080322e-02
1.030928194522857666e-01
2.395817637443542480e-01
2.824195623397827148e-01
2.809545397758483887e-01
2.234687954187393188e-01
8.453822135925292969e-02
1.140664815902709961e-01
1.878098547458648682e-01
4.228730797767639160e-01
1.338173449039459229e-01
3.627337515354156494e-01
2.336803227663040161e-01
4.070157110691070557e-01
2.759942114353179932e-01
1.062774062156677246e-01
5.422771722078323364e-02
1.680369377136230469e-01
2.279232740402221680e-01
1.375400871038436890e-01
2.677141427993774414e-01
1.232740432024002075e-01
2.829661667346954346e-01
1.849701106548309326e-01
2.037889659404754639e-01
1.344998776912689209e-01
1.430618166923522949e-01
4.086956083774566650e-01
2.781738638877868652e-01
1.259711980819702148e-01
1.100715398788452148e-01
3.294085264205932617e-01
6.959057599306106567e-02
5.780721455812454224e-02
2.627987861633300781e-01
1.306351423263549805e-01
1.913847327232360840e-01
1.495646983385086060e-01
3.058747649192810059e-01
1.928391605615615845e-01
1.444111615419387817e-01
1.724870800971984863e-01
8.844801783561706543e-02
5.811760574579238892e-02
1.276251375675201416e-01
8.318619430065155029e-02
1.084172725677490234e-01
1.392994821071624756e-01
7.446682453155517578e-02
1.642200946807861328e-01
2.293346524238586426e-01
1.342169493436813354e-01
3.051776289939880371e-01
2.644090652465820312e-01
1.545020043849945068e-01
1.330716162919998169e-01
1.475829929113388062e-01
5.697358399629592896e-02
6.218684911727905273e-01
4.702096804976463318e-02
1.069797873497009277e-01
3.896940499544143677e-02
1.111441552639007568e-01
4.488682448863983154e-01
1.345269232988357544e-01
1.079220473766326904e-01
1.128842085599899292e-01
1.633183658123016357e-01
1.280976533889770508e-01
3.542932868003845215e-01
1.851449012756347656e-01
9.236901998519897461e-02
2.083896398544311523e-01
3.012923598289489746e-01
1.494892239570617676e-01
4.189520180225372314e-01
1.713756471872329712e-01
3.475268557667732239e-02
1.361246109008789062e-01
3.110229074954986572e-01
4.960561916232109070e-02
1.525385528802871704e-01
4.581037163734436035e-01
1.334280371665954590e-01
2.105830758810043335e-01
1.618126928806304932e-01
1.504584997892379761e-01
4.187627509236335754e-02
2.507691681385040283e-01
2.009003162384033203e-01
2.004427015781402588e-01
8.076753467321395874e-02
1.698167622089385986e-01
1.398036181926727295e-01
5.139158293604850769e-02
2.206144928932189941e-01
9.180107712745666504e-02
6.160908192396163940e-02
2.115200161933898926e-01
1.616556756198406219e-02
7.202711701393127441e-02
2.190163731575012207e-01
6.897243112325668335e-02
2.266446799039840698e-01
1.961206048727035522e-01
2.283078283071517944e-01
1.511213779449462891e-01
1.190744191408157349e-01
1.586530804634094238e-01
1.748892366886138916e-01
8.901072293519973755e-02
2.864217758178710938e-01
4.403093755245208740e-01
2.896690964698791504e-01
1.757584810256958008e-01
1.341347396373748779e-01
9.354385733604431152e-02
6.930122524499893188e-02
2.650797665119171143e-01
1.226298138499259949e-01
3.132951855659484863e-01
8.869445323944091797e-02
1.580391526222229004e-01
2.145492583513259888e-01
2.534550726413726807e-01
2.029581665992736816e-01
2.709733247756958008e-01
5.489903315901756287e-02
1.020636558532714844e-01
8.153748512268066406e-02
3.581651449203491211e-01
2.192108631134033203e-01
1.061317473649978638e-01
1.830986291170120239e-01
1.558558642864227295e-01
6.567615270614624023e-02
1.174869313836097717e-01
6.241522356867790222e-02
1.690066158771514893e-01
4.969453066587448120e-02
1.272546201944351196e-01
2.309143543243408203e-01
2.892492413520812988e-01
2.976142764091491699e-01
4.220139086246490479e-01
3.543702960014343262e-01
4.884107708930969238e-01
2.550114095211029053e-01
1.184730678796768188e-01
2.305672317743301392e-01
1.580615341663360596e-01
1.471137702465057373e-01
2.324334532022476196e-01
5.629757046699523926e-02
2.155706733465194702e-01
5.932481586933135986e-02
2.438088059425354004e-01
2.658928632736206055e-01
3.250612616539001465e-01
1.605271100997924805e-01
4.513008892536163330e-02
1.314731836318969727e-01
1.331705152988433838e-01
4.776836931705474854e-02
8.334819227457046509e-02
1.078051254153251648e-01
8.355429768562316895e-02
1.845960468053817749e-01
9.148152172565460205e-02
2.506124973297119141e-01
2.687522768974304199e-01
2.892386913299560547e-01
5.473581552505493164e-01
9.216314554214477539e-02
1.878002583980560303e-01
5.231425911188125610e-02
1.564337015151977539e-01
1.341391652822494507e-01
6.920903176069259644e-02
2.917386218905448914e-02
3.439381122589111328e-01
1.848905086517333984e-01
2.619104087352752686e-01
2.917036414146423340e-01
7.450410723686218262e-02
4.812349379062652588e-02
5.162751674652099609e-02
7.496684044599533081e-02
2.195514142513275146e-01
1.607948839664459229e-01
6.430350244045257568e-02
2.563034296035766602e-01
6.808729767799377441e-01
2.155977934598922729e-01
3.154322803020477295e-01
1.811826825141906738e-01
2.552061080932617188e-01
1.492494940757751465e-01
1.392504125833511353e-01
9.480937570333480835e-02
1.779486984014511108e-01
1.834353208541870117e-01
1.497984230518341064e-01
2.225685417652130127e-01
3.019706010818481445e-01
1.274273842573165894e-01
3.282291591167449951e-01
1.180882602930068970e-01
1.136292740702629089e-01
2.731752395629882812e-01
2.923378944396972656e-01
1.270358711481094360e-01
1.946023255586624146e-01
2.515502870082855225e-01
1.354200094938278198e-01
5.277385562658309937e-02
5.991566926240921021e-02
2.850503027439117432e-01
3.131480813026428223e-01
1.609738767147064209e-01
2.525285482406616211e-01
6.119124963879585266e-02
1.447289735078811646e-01
6.073092222213745117e-01
2.376284450292587280e-01
2.231651246547698975e-01
1.644945293664932251e-01
1.840564459562301636e-01
1.858194172382354736e-01
1.084295660257339478e-01
4.147710502147674561e-01
1.581416428089141846e-01
1.220069676637649536e-01
2.070703506469726562e-01
1.520730853080749512e-01
1.839973032474517822e-01
1.513300687074661255e-01
1.686602532863616943e-01
1.606087386608123779e-01
1.778373718261718750e-01
7.987877726554870605e-02
8.841672539710998535e-02
1.494745314121246338e-01
1.625261753797531128e-01
8.449518680572509766e-02
9.838634729385375977e-02
3.241923749446868896e-01
2.839251160621643066e-01
1.951959878206253052e-01
6.056996583938598633e-01
1.807768940925598145e-01
2.113547027111053467e-01
8.494432270526885986e-02
1.564878374338150024e-01
1.313392370939254761e-01
1.852730512619018555e-01
2.389661967754364014e-01
2.280868589878082275e-01
1.843597590923309326e-01
1.296931654214859009e-01
3.064072132110595703e-01
2.461245507001876831e-01
3.765042722225189209e-01
1.878025531768798828e-01
3.276790380477905273e-01
1.794838905334472656e-01
4.701755940914154053e-01
2.338673770427703857e-01
3.675751090049743652e-01
1.757328361272811890e-01
4.204990863800048828e-01
2.621529102325439453e-01
2.869282066822052002e-01
3.588694036006927490e-01
2.476475685834884644e-01
6.674815714359283447e-02
2.977851033210754395e-01
1.036326438188552856e-01
1.367674171924591064e-01
1.145498454570770264e-01
2.710562348365783691e-01
2.103365659713745117e-01
4.073089659214019775e-01
2.893032133579254150e-01
1.486616134643554688e-01
3.614764809608459473e-01
1.010934114456176758e-01
1.203605309128761292e-01
1.528193354606628418e-01
2.127447575330734253e-01
1.740713417530059814e-01
4.971309304237365723e-01
1.958661973476409912e-01
2.108649760484695435e-01
1.948621422052383423e-01
1.407449692487716675e-01
7.555179297924041748e-02
2.732647657394409180e-01
2.743442952632904053e-01
1.740725636482238770e-01
1.090556383132934570e-01
1.518791317939758301e-01
3.879425674676895142e-02
4.230412840843200684e-01
7.676228880882263184e-02
2.572333514690399170e-01
1.067012026906013489e-01
3.437849879264831543e-01
1.582779288291931152e-01
3.351331055164337158e-01
8.296476304531097412e-02
6.255953907966613770e-01
4.158756434917449951e-01
9.035029262304306030e-02
1.220103576779365540e-01
2.445461750030517578e-01
3.229107558727264404e-01
1.109002754092216492e-01
2.462000101804733276e-01
2.568979263305664062e-01
2.577268779277801514e-01
3.167853653430938721e-01
4.266039431095123291e-01
1.798273921012878418e-01
4.042836427688598633e-01
1.996397972106933594e-01
1.705033332109451294e-01
1.672543287277221680e-01
1.775013804435729980e-01
1.214977353811264038e-01
2.257995605468750000e-01
2.388652116060256958e-01
1.962891817092895508e-01
1.507386118173599243e-01
2.678381502628326416e-01
4.022085070610046387e-01
1.772879362106323242e-01
4.194305241107940674e-01
1.877915859222412109e-01
1.615760177373886108e-01
2.861172556877136230e-01
2.108801305294036865e-01
2.377434223890304565e-01
2.020237892866134644e-01
3.473955988883972168e-01
1.145331636071205139e-01
4.131169617176055908e-01
1.919031441211700439e-01
8.888682723045349121e-02
1.843112558126449585e-01
1.795060336589813232e-01
8.086151629686355591e-02
1.483573913574218750e-01
1.638536006212234497e-01
2.144116610288619995e-01
1.239877194166183472e-01
1.278539746999740601e-01
1.978685259819030762e-01
2.506065964698791504e-01
4.629809409379959106e-02
6.828096508979797363e-02
2.303061783313751221e-01
2.376259565353393555e-01
2.950928211212158203e-01
1.298392713069915771e-01
3.044058978557586670e-01
1.146801263093948364e-01
3.483951687812805176e-01
1.296421587467193604e-01
1.562247574329376221e-01
1.328343749046325684e-01
1.556607931852340698e-01
7.685755938291549683e-02
9.459111094474792480e-02
1.547689139842987061e-01
1.895618140697479248e-01
3.275387287139892578e-01
2.602799832820892334e-01
1.948648393154144287e-01
3.510587289929389954e-02
8.158932626247406006e-02
2.469332516193389893e-01
1.355341672897338867e-01
1.393141448497772217e-01
6.136516854166984558e-02
1.071836948394775391e-01
4.869253635406494141e-01
2.850662469863891602e-01
2.123034894466400146e-01
2.808477282524108887e-01
2.559927105903625488e-01
2.340471893548965454e-01
2.917865812778472900e-01
3.109894394874572754e-01
1.127576977014541626e-01
4.230648279190063477e-01
3.737653195858001709e-01
3.374176621437072754e-01
1.508695781230926514e-01
3.704284429550170898e-01
9.364069998264312744e-02
3.475967645645141602e-01
1.242550909519195557e-01
2.577306032180786133e-01
1.748469173908233643e-01
3.768595457077026367e-01
4.393984973430633545e-01
2.407573461532592773e-01
4.327200353145599365e-01
1.432571411132812500e-01
6.353227049112319946e-02
9.895136207342147827e-02
1.783709526062011719e-01
1.463718861341476440e-01
3.588621616363525391e-01
2.603767812252044678e-01
3.244323730468750000e-01
2.050228118896484375e-01
3.443220853805541992e-01
4.573643207550048828e-01
3.323118388652801514e-01
2.514584958553314209e-01
2.582310438156127930e-01
1.122153624892234802e-01
2.999722957611083984e-01
1.443910300731658936e-01
3.510398268699645996e-01
2.329876273870468140e-01
2.176903635263442993e-01
2.053868472576141357e-01
1.024427562952041626e-01
5.867838859558105469e-02
1.208957806229591370e-01
2.950791120529174805e-01
2.044107317924499512e-01
2.478985190391540527e-01
2.365526258945465088e-01
2.430530935525894165e-01
1.794462054967880249e-01
2.033514082431793213e-01
9.341397881507873535e-02
3.984414339065551758e-01
3.682004213333129883e-01
3.282719850540161133e-01
1.815540790557861328e-01
2.116689383983612061e-01
1.579824090003967285e-01
3.287511467933654785e-01
2.497168183326721191e-01
3.427105545997619629e-01
1.836268901824951172e-01
2.955667078495025635e-01
2.335655540227890015e-01
2.302202135324478149e-01
2.855949103832244873e-01
9.578809887170791626e-02
3.231111764907836914e-01
1.917829215526580811e-01
2.806271910667419434e-01
1.249024793505668640e-01
1.974291205406188965e-01
2.012868225574493408e-01
9.849414229393005371e-02
1.923699975013732910e-01
9.131254255771636963e-02
2.504400312900543213e-01
1.269169300794601440e-01
2.500715255737304688e-01
1.213074699044227600e-01
4.187109768390655518e-01
2.404349148273468018e-01
1.631881445646286011e-01
1.832335889339447021e-01
2.308532893657684326e-01
3.437650203704833984e-01
6.056250631809234619e-02
2.492706477642059326e-01
2.038659006357192993e-01
9.246370941400527954e-02
2.164805978536605835e-01
2.123296111822128296e-01
1.507166624069213867e-01
1.067547649145126343e-01
2.408566176891326904e-01
8.547919988632202148e-02
2.370697259902954102e-01
1.945309191942214966e-01
1.958502531051635742e-01
9.769800305366516113e-02
1.193881109356880188e-01
2.393574565649032593e-01
1.051807925105094910e-01
1.206629797816276550e-01
1.227172911167144775e-01
1.519971936941146851e-01
1.050007492303848267e-01
1.272903680801391602e-01
9.184262156486511230e-02
2.362706959247589111e-01
2.844820320606231689e-01
1.529934257268905640e-01
6.363831460475921631e-02
1.779318004846572876e-01
1.360900104045867920e-01
2.709093391895294189e-01
2.239124029874801636e-01
1.850118935108184814e-01
8.007603138685226440e-02
2.806456685066223145e-01
4.358792304992675781e-01
1.949461996555328369e-01
2.281068861484527588e-01
2.731183469295501709e-01
3.834378719329833984e-01
1.120871007442474365e-01
1.730280220508575439e-01
2.695570588111877441e-01
3.929644227027893066e-01
4.189661145210266113e-01
1.936261951923370361e-01
1.897461414337158203e-01
2.693570554256439209e-01
9.331473708152770996e-02
2.427342832088470459e-01
1.137760281562805176e-01
2.319751232862472534e-01
1.245938688516616821e-01
1.849877834320068359e-01
1.087279766798019409e-01
1.675229668617248535e-01
1.581116616725921631e-01
2.203765660524368286e-01
6.456311792135238647e-02
6.949362158775329590e-02
1.361337006092071533e-01
3.304979205131530762e-01
3.841996192932128906e-01
7.977789640426635742e-02
2.905814647674560547e-01
4.621984809637069702e-02
1.376923620700836182e-01
1.327966153621673584e-01
2.898687720298767090e-01
2.848416268825531006e-01
7.863616943359375000e-02
1.714959144592285156e-01
1.575314998626708984e-01
6.210249662399291992e-02
2.991196811199188232e-01
2.003072798252105713e-01
5.621965602040290833e-02
1.690343469381332397e-01
3.159656524658203125e-01
2.560026943683624268e-01
2.583165168762207031e-01
9.736073017120361328e-02
1.774093508720397949e-01
6.330643594264984131e-02
2.426301240921020508e-01
9.471370279788970947e-02
3.239975869655609131e-01
1.628238558769226074e-01
1.583552509546279907e-01
1.078014820814132690e-01
7.375576347112655640e-02
2.046982049942016602e-01
2.026745676994323730e-01
1.872336864471435547e-01
3.771669268608093262e-01
2.506030201911926270e-01
5.631548911333084106e-02
4.179829955101013184e-01
3.352839946746826172e-01
3.134670853614807129e-01
1.499859839677810669e-01
1.679857075214385986e-01
2.217161059379577637e-01
2.529487311840057373e-01
1.547774076461791992e-01
1.312562823295593262e-01
2.332967519760131836e-01
4.219729900360107422e-01
1.768595278263092041e-01
9.285895526409149170e-02
1.952640414237976074e-01
1.099111735820770264e-01
1.298881322145462036e-01
1.770866662263870239e-01
2.736742496490478516e-01
1.244684979319572449e-01
2.084773778915405273e-01
1.210673153400421143e-01
2.290875613689422607e-01
3.353718519210815430e-01
1.694693267345428467e-01
2.742411494255065918e-01
8.154708147048950195e-02
3.794298768043518066e-01
1.504969894886016846e-01
2.078839689493179321e-01
1.815259158611297607e-01
2.253160774707794189e-01
4.685534238815307617e-01
3.276594579219818115e-01
2.368337064981460571e-01
2.510368525981903076e-01
6.213041543960571289e-01
1.193641573190689087e-01
8.518870174884796143e-02
1.077121347188949585e-01
3.049251437187194824e-01
5.705458521842956543e-01
1.743664741516113281e-01
1.639114469289779663e-01
1.754437536001205444e-01
2.538717985153198242e-01
1.150632575154304504e-01
3.596498370170593262e-01
2.695662379264831543e-01
2.906329631805419922e-01
2.711769342422485352e-01
2.529769539833068848e-01
1.187305003404617310e-01
1.833013892173767090e-01
3.246015906333923340e-01
1.464312374591827393e-01
1.349319517612457275e-01
2.369227111339569092e-01
2.708006799221038818e-01
7.336119562387466431e-02
1.763146370649337769e-01
1.583211123943328857e-01
2.282854318618774414e-01
2.532771229743957520e-01
4.256129860877990723e-01
1.274659335613250732e-01
1.413834095001220703e-01
2.367096692323684692e-01
3.078891038894653320e-01
1.632117480039596558e-01
1.205465421080589294e-01
3.297247290611267090e-01
2.100085020065307617e-01
1.071368604898452759e-01
8.603647351264953613e-02
1.033005118370056152e-01
4.134909212589263916e-01
7.458807528018951416e-02
2.740409672260284424e-01
9.879526495933532715e-02
1.500102132558822632e-01
2.559191584587097168e-01
1.559160351753234863e-01
2.005862593650817871e-01
2.870564162731170654e-02
1.906154453754425049e-01
1.856212764978408813e-01
1.154549941420555115e-01
2.839277982711791992e-01
1.724310666322708130e-01
1.254223734140396118e-01
1.509159356355667114e-01
1.869227439165115356e-01
4.629182815551757812e-02
2.480480968952178955e-01
3.755322396755218506e-01
3.433334827423095703e-01
2.362946718931198120e-01
1.457045674324035645e-01
1.565061956644058228e-01
2.836346030235290527e-01
2.008065879344940186e-01
1.353121548891067505e-01
9.801768511533737183e-02
1.471584439277648926e-01
2.148225009441375732e-01
1.293184012174606323e-01
2.646686732769012451e-01
2.701709270477294922e-01
5.444972217082977295e-02
5.515786260366439819e-02
8.752407133579254150e-02
7.748379558324813843e-02
1.069780588150024414e-01
4.085463285446166992e-02
4.678132832050323486e-01
1.741241812705993652e-01
6.506612151861190796e-02
2.910032272338867188e-01
2.462533265352249146e-01
2.190164625644683838e-01
8.234933018684387207e-02
5.131561309099197388e-02
1.007718890905380249e-01
1.830138266086578369e-01
4.073615074157714844e-01
4.210231602191925049e-01
2.453117519617080688e-01
2.579840123653411865e-01
2.858359217643737793e-01
2.800942063331604004e-01
2.665259242057800293e-01
4.599001258611679077e-02
2.626832202076911926e-02
2.910267114639282227e-01
1.370144337415695190e-01
1.000431105494499207e-01
2.721385359764099121e-01
1.317643374204635620e-01
6.230425834655761719e-02
2.266665995121002197e-01
1.706300228834152222e-01
2.128653824329376221e-01
5.236487835645675659e-02
1.332117617130279541e-01
2.781020998954772949e-01
7.046929746866226196e-02
4.185155928134918213e-01
4.086933135986328125e-01
4.531731009483337402e-01
3.272973001003265381e-01
2.112171053886413574e-01
1.820703148841857910e-01
1.316657513380050659e-01
1.692191213369369507e-01
2.542155683040618896e-01
3.448109626770019531e-01
1.375645548105239868e-01
1.760403364896774292e-01
2.776550948619842529e-01
2.602166533470153809e-01
3.133209645748138428e-01
8.308203518390655518e-02
2.531433105468750000e-01
3.327940106391906738e-01
1.784740984439849854e-01
2.224674522876739502e-01
6.455885171890258789e-01
1.277907639741897583e-01
1.755141168832778931e-01
1.445160359144210815e-01
2.567788064479827881e-01
1.800933927297592163e-01
7.452501356601715088e-02
1.651315540075302124e-01
1.688743233680725098e-01
1.365117728710174561e-01
8.564384281635284424e-02
9.107741713523864746e-02
2.758028507232666016e-01
2.739939689636230469e-01
3.893248438835144043e-01
1.431291848421096802e-01
1.272799968719482422e-01
2.649350762367248535e-01
1.233654916286468506e-01
2.052251398563385010e-01
1.718750298023223877e-01
4.227068424224853516e-01
2.285175621509552002e-01
1.425159722566604614e-01
2.406150102615356445e-01
3.006364107131958008e-01
2.046770453453063965e-01
6.720627844333648682e-02
1.102790981531143188e-01
2.767731845378875732e-01
4.041785597801208496e-01
3.735146522521972656e-01
5.802522227168083191e-02
2.097961604595184326e-01
1.234864220023155212e-01
1.880901008844375610e-01
3.057001233100891113e-01
1.981135904788970947e-01
2.980978190898895264e-01
3.314702510833740234e-01
1.358306556940078735e-01
3.211005926132202148e-01
1.265773773193359375e-01
2.106080353260040283e-01
1.663276255130767822e-01
1.651456505060195923e-01
1.544773578643798828e-01
2.669286131858825684e-01
2.006826251745223999e-01
2.174814045429229736e-01
1.218502670526504517e-01
2.408247888088226318e-01
2.160083949565887451e-01
1.801924109458923340e-01
3.149417042732238770e-01
1.937239021062850952e-01
1.369015425443649292e-01
1.945178955793380737e-01
2.384384870529174805e-01
8.276754617691040039e-02
3.051641583442687988e-01
2.097343355417251587e-01
3.515075445175170898e-01
3.439531326293945312e-01
8.346978574991226196e-02
2.956138551235198975e-01
1.146702766418457031e-01
2.804521322250366211e-01
9.059069305658340454e-02
2.362109869718551636e-01
2.394239604473114014e-01
2.752543389797210693e-01
1.943567842245101929e-01
1.601161360740661621e-01
3.044193983078002930e-01
1.608211398124694824e-01
4.242168664932250977e-01
2.103858888149261475e-01
6.829022616147994995e-02
1.074661314487457275e-01
2.777389287948608398e-01
5.760888755321502686e-02
2.339479923248291016e-01
1.538838148117065430e-01
8.396267890930175781e-02
2.260869741439819336e-01
1.337988972663879395e-01
1.541141569614410400e-01
2.870025038719177246e-01
2.738578915596008301e-01
2.170032262802124023e-01
1.168463081121444702e-01
2.383977323770523071e-01
1.249101087450981140e-01
3.390385508537292480e-01
1.314040124416351318e-01
2.095242142677307129e-01
1.025278568267822266e-01
4.169279336929321289e-02
2.616221904754638672e-01
1.496103554964065552e-01
2.382076978683471680e-01
9.479829668998718262e-02
3.663410246372222900e-02
2.407995015382766724e-01
3.808507323265075684e-01
2.819837927818298340e-01
3.964947462081909180e-01
1.484084278345108032e-01
3.225509226322174072e-01
7.946648448705673218e-02
2.013667672872543335e-01
3.665043041110038757e-02
5.028760060667991638e-02
2.561666965484619141e-01
1.108692511916160583e-01
1.458195298910140991e-01
3.568116128444671631e-01
1.242539882659912109e-01
3.237079381942749023e-01
1.775567978620529175e-01
1.667919158935546875e-01
1.776721328496932983e-01
2.986657619476318359e-01
2.369951158761978149e-01
1.152871400117874146e-01
2.902629971504211426e-01
1.622585952281951904e-01
1.506791263818740845e-01
2.518234252929687500e-01
2.767035067081451416e-01
1.396450102329254150e-01
3.250005841255187988e-01
1.419584155082702637e-01
1.802094876766204834e-01
2.581006586551666260e-01
1.277149170637130737e-01
2.387090921401977539e-01
1.668840646743774414e-01
1.143673509359359741e-01
2.901035249233245850e-01
9.713622182607650757e-02
1.297590285539627075e-01
2.847235798835754395e-01
7.221120595932006836e-02
2.762559056282043457e-01
2.183341383934020996e-01
1.359027326107025146e-01
3.761712312698364258e-01
1.383312493562698364e-01
2.084181606769561768e-01
1.267489194869995117e-01
1.354218125343322754e-01
9.384647011756896973e-02
2.402080148458480835e-01
1.557435244321823120e-01
1.501871198415756226e-01
1.225626915693283081e-01
1.334315836429595947e-01
3.147308528423309326e-01
3.512828648090362549e-01
1.423966735601425171e-01
1.628824919462203979e-01
7.270418852567672729e-02
6.668870151042938232e-02
1.649063825607299805e-01
1.820625513792037964e-01
1.364689767360687256e-01
9.162424504756927490e-02
8.827096223831176758e-02
8.355702459812164307e-02
2.152232527732849121e-01
2.362056225538253784e-01
2.702699899673461914e-01
2.395330667495727539e-01
3.847335278987884521e-01
2.125267833471298218e-01
3.569879531860351562e-01
1.770458519458770752e-01
2.496432065963745117e-01
4.209109544754028320e-01
1.000900417566299438e-01
4.154907763004302979e-01
2.202049493789672852e-01
1.154842898249626160e-01
9.540508687496185303e-02
2.722072899341583252e-01
1.152369379997253418e-01
2.246049046516418457e-01
3.558951318264007568e-01
1.379960328340530396e-01
2.499405592679977417e-01
1.772276312112808228e-01
6.309579312801361084e-02
2.310434579849243164e-01
2.969184517860412598e-01
1.333168745040893555e-01
2.629296779632568359e-01
1.094073653221130371e-01
8.855804800987243652e-02
3.237040638923645020e-01
2.810065746307373047e-01
1.468084752559661865e-01
2.768858075141906738e-01
1.477864533662796021e-01
4.636318087577819824e-01
2.635886669158935547e-01
2.230824083089828491e-01
2.328570485115051270e-01
1.431034654378890991e-01
2.810159921646118164e-01
1.520715951919555664e-01
2.290278673171997070e-01
8.484897762537002563e-02
1.339704394340515137e-01
8.922784030437469482e-02
1.814781427383422852e-01
5.976043641567230225e-02
2.385946512222290039e-01
1.552360653877258301e-01
2.153089344501495361e-01
1.820308417081832886e-01
1.828145384788513184e-01
1.988429129123687744e-01
1.956481635570526123e-01
3.251513242721557617e-01
1.797907799482345581e-01
2.435855567455291748e-01
1.938672512769699097e-01
1.919739842414855957e-01
2.471957802772521973e-01
1.295790076255798340e-01
3.289620876312255859e-01
1.687264740467071533e-01
2.730267345905303955e-01
6.003801524639129639e-02
7.894697785377502441e-02
2.970498800277709961e-01
3.460794091224670410e-01
1.091908812522888184e-01
1.362575888633728027e-01
1.906119287014007568e-01
1.187772154808044434e-01
4.336581230163574219e-01
1.869681328535079956e-01
1.508968472480773926e-01
1.333087235689163208e-01
3.060431778430938721e-01
1.338399201631546021e-01
9.659134596586227417e-02
2.658576071262359619e-01
9.305571764707565308e-02
2.367585599422454834e-01
1.738604009151458740e-01
2.958209812641143799e-01
3.440387547016143799e-01
1.868270337581634521e-01
4.541696608066558838e-01
3.565520644187927246e-01
2.049290239810943604e-01
2.385960221290588379e-01
4.894329980015754700e-02
1.616302281618118286e-01
1.789959520101547241e-01
1.863432228565216064e-01
9.925524890422821045e-02
1.094900220632553101e-01
5.115537643432617188e-01
2.473584860563278198e-01
1.653721928596496582e-01
2.146679311990737915e-01
1.170077919960021973e-01
7.389283180236816406e-02
2.163875102996826172e-01
3.055555224418640137e-01
