2.445031702518463135e-01
3.126888871192932129e-01
1.605967432260513306e-01
2.164348810911178589e-01
8.053280413150787354e-02
2.163974642753601074e-01
2.046450972557067871e-01
1.604186743497848511e-01
6.694148480892181396e-02
1.756864935159683228e-01
1.443792283535003662e-01
2.654836475849151611e-01
2.395002245903015137e-01
2.789489626884460449e-01
2.368735969066619873e-01
2.725641727447509766e-01
6.516407430171966553e-02
8.247698843479156494e-02
2.644674777984619141e-01
1.735789030790328979e-01
3.647496402263641357e-01
9.471893310546875000e-02
2.084624022245407104e-01
2.657047510147094727e-01
2.544141709804534912e-01
1.404207348823547363e-01
1.316381692886352539e-01
2.611303627490997314e-01
1.205757781863212585e-01
7.692682743072509766e-02
3.868779540061950684e-01
1.541853100061416626e-01
2.590689659118652344e-01
5.551445856690406799e-02
2.545340955257415771e-01
1.604073941707611084e-01
1.321540772914886475e-01
2.036213576793670654e-01
2.293255776166915894e-01
1.402262747287750244e-01
1.781071722507476807e-01
2.861914038658142090e-01
2.096933126449584961e-01
7.426665723323822021e-02
3.193930089473724365e-01
1.506907641887664795e-01
1.906265765428543091e-01
2.019456475973129272e-01
1.498782932758331299e-01
1.230078116059303284e-01
1.349917948246002197e-01
2.239076197147369385e-01
1.775662004947662354e-01
1.842018961906433105e-01
1.228283122181892395e-01
4.074921607971191406e-01
1.220793426036834717e-01
1.024348437786102295e-01
1.362562775611877441e-01
9.290678799152374268e-02
4.733202606439590454e-02
1.867149770259857178e-01
3.185665011405944824e-01
3.593563139438629150e-01
3.568818271160125732e-01
2.748991847038269043e-01
1.116750165820121765e-01
2.027443349361419678e-01
2.091324031352996826e-01
1.699221134185791016e-01
2.053521871566772461e-01
8.008007705211639404e-02
1.321817934513092041e-01
2.275646924972534180e-01
3.792882263660430908e-01
2.250714004039764404e-01
2.007203102111816406e-01
3.021375536918640137e-01
2.207199037075042725e-01
9.204736351966857910e-02
1.332378685474395752e-01
2.918925583362579346e-01
2.536164820194244385e-01
2.733552455902099609e-01
1.267348676919937134e-01
2.860853075981140137e-01
1.388041824102401733e-01
2.527163028717041016e-01
1.573677659034729004e-01
1.103767752647399902e-01
1.925700902938842773e-01
3.377685248851776123e-01
1.428495645523071289e-01
8.737067878246307373e-02
1.846192181110382080e-01
6.457930803298950195e-02
1.614560037851333618e-01
1.398560702800750732e-01
1.361509263515472412e-01
1.122802197933197021e-01
9.380225837230682373e-02
2.884912490844726562e-01
1.006812676787376404e-01
2.079423367977142334e-01
1.986453682184219360e-01
1.092577576637268066e-01
3.743503689765930176e-01
1.163158863782882690e-01
1.852618753910064697e-01
1.278447657823562622e-01
7.372096180915832520e-02
4.035171121358871460e-02
8.169380575418472290e-02
4.768796637654304504e-02
1.269213259220123291e-01
1.607284843921661377e-01
3.396440148353576660e-01
4.565835744142532349e-02
1.223022341728210449e-01
2.834409475326538086e-01
1.768188774585723877e-01
1.152044385671615601e-01
1.161398440599441528e-01
9.244209527969360352e-02
1.502260565757751465e-01
7.383741438388824463e-02
5.115698650479316711e-02
2.428806573152542114e-01
1.638913154602050781e-01
2.240677475929260254e-01
9.843690693378448486e-02
1.060942858457565308e-01
1.420477032661437988e-01
2.642195820808410645e-01
2.557216286659240723e-01
1.005928367376327515e-01
1.655923426151275635e-01
2.066656649112701416e-01
1.480395942926406860e-01
2.327136248350143433e-01
1.712655127048492432e-01
3.024916648864746094e-01
3.166743814945220947e-01
9.102807939052581787e-02
6.134519353508949280e-02
2.554161548614501953e-01
1.581057608127593994e-01
3.428966552019119263e-02
1.869402825832366943e-01
8.895478397607803345e-02
7.086746394634246826e-02
9.079988300800323486e-02
1.401925534009933472e-01
4.251388460397720337e-02
8.339839428663253784e-02
6.275568902492523193e-02
1.226462945342063904e-01
1.218145489692687988e-01
2.659735828638076782e-02
2.112327143549919128e-02
2.775320708751678467e-01
8.690302819013595581e-02
4.366543143987655640e-02
3.176850080490112305e-02
1.367014646530151367e-01
1.711929738521575928e-01
1.298486739397048950e-01
1.281755268573760986e-01
1.328645646572113037e-01
2.093043178319931030e-01
1.803549826145172119e-01
1.591998040676116943e-01
1.158231496810913086e-01
3.154913783073425293e-01
1.541670877486467361e-02
4.805247783660888672e-01
4.766499996185302734e-01
3.325789868831634521e-01
6.707316637039184570e-02
2.482281923294067383e-01
1.464703083038330078e-01
3.234803676605224609e-02
2.247988581657409668e-01
1.660709083080291748e-01
1.019080728292465210e-01
1.175250634551048279e-01
3.495281338691711426e-01
2.150749564170837402e-01
1.940778642892837524e-01
1.978217810392379761e-01
1.363803446292877197e-01
1.185866147279739380e-01
1.459991037845611572e-01
4.395112991333007812e-01
3.682507202029228210e-02
5.007668957114219666e-02
4.888070821762084961e-01
1.393782943487167358e-01
4.104870557785034180e-01
9.507972747087478638e-02
5.748493969440460205e-02
2.792315185070037842e-01
2.135125696659088135e-01
1.731525957584381104e-01
1.315618306398391724e-01
4.510107636451721191e-02
1.341397911310195923e-01
1.283127069473266602e-01
3.078130185604095459e-01
1.572451293468475342e-01
1.597386747598648071e-01
2.131080627441406250e-01
1.643187552690505981e-01
1.376731097698211670e-01
1.400601118803024292e-01
1.441375911235809326e-01
3.365944623947143555e-01
2.205534279346466064e-01
1.862897574901580811e-01
1.322304904460906982e-01
1.704544126987457275e-01
1.485861539840698242e-01
1.623792499303817749e-01
5.113070085644721985e-02
3.916835039854049683e-02
5.272223800420761108e-02
3.117933869361877441e-02
6.611609458923339844e-02
2.199026346206665039e-01
4.270334541797637939e-01
4.125413298606872559e-01
2.533351182937622070e-01
1.292151808738708496e-01
1.961714327335357666e-01
5.248182266950607300e-02
3.285332918167114258e-01
1.080559864640235901e-01
1.476932018995285034e-01
3.866249322891235352e-01
3.660237193107604980e-01
1.543888449668884277e-01
3.496576845645904541e-01
1.530906260013580322e-01
9.231534600257873535e-02
1.174422577023506165e-01
2.606404721736907959e-01
1.480348557233810425e-01
1.386353373527526855e-01
1.596347987651824951e-01
2.746609747409820557e-01
2.131126075983047485e-01
2.663280367851257324e-01
1.876278221607208252e-01
8.591064810752868652e-02
2.715783715248107910e-01
9.880163520574569702e-02
2.789691984653472900e-01
6.146330758929252625e-02
7.153074443340301514e-02
4.188394546508789062e-02
8.116528391838073730e-02
1.544195264577865601e-01
1.588664650917053223e-01
1.463657766580581665e-01
1.777514815330505371e-01
1.142160147428512573e-01
4.148949682712554932e-02
2.674864530563354492e-01
1.944209486246109009e-01
2.102277427911758423e-01
3.011417090892791748e-01
2.560902535915374756e-01
1.690466254949569702e-01
8.880971372127532959e-02
2.353526651859283447e-01
1.830578595399856567e-01
5.757487565279006958e-02
5.682469159364700317e-02
1.313949376344680786e-01
2.341682165861129761e-01
2.159863561391830444e-01
5.107484012842178345e-02
1.758490204811096191e-01
3.544710949063301086e-02
3.319366574287414551e-01
7.376857846975326538e-02
9.034508466720581055e-02
6.923690438270568848e-02
1.714008599519729614e-01
2.347394824028015137e-01
1.131760925054550171e-01
1.539886295795440674e-01
3.016936779022216797e-01
1.099724844098091125e-01
1.743170320987701416e-01
2.681231126189231873e-02
2.513390779495239258e-01
2.166012376546859741e-01
9.253759682178497314e-02
2.060463130474090576e-01
3.098157048225402832e-01
2.416423857212066650e-01
1.945420652627944946e-01
5.091076344251632690e-02
9.547267854213714600e-02
4.347034916281700134e-02
1.481536626815795898e-01
9.684899449348449707e-02
2.100332379341125488e-01
3.172265589237213135e-01
2.754717767238616943e-01
5.145735293626785278e-02
2.436118721961975098e-01
1.984745413064956665e-01
6.347408890724182129e-02
1.188983470201492310e-01
5.579345673322677612e-02
5.021018534898757935e-02
8.531670272350311279e-02
1.548242568969726562e-01
3.665291666984558105e-01
1.311488747596740723e-01
6.660274416208267212e-02
2.018572241067886353e-01
1.106335669755935669e-01
1.501118838787078857e-01
1.892195940017700195e-01
2.558092772960662842e-01
1.957694590091705322e-01
2.618713974952697754e-01
2.477128207683563232e-01
1.414517164230346680e-01
1.373163312673568726e-01
2.343871891498565674e-01
3.352590799331665039e-01
4.771127924323081970e-02
3.358120620250701904e-01
9.566991031169891357e-02
1.256026923656463623e-01
1.260220110416412354e-01
1.584919095039367676e-01
1.245092153549194336e-01
2.834137678146362305e-01
4.694529995322227478e-02
1.947609484195709229e-01
1.513850092887878418e-01
1.066537052392959595e-01
2.838650718331336975e-02
1.857244819402694702e-01
1.325247436761856079e-01
2.599633038043975830e-01
3.215202987194061279e-01
4.714991897344589233e-02
1.757608056068420410e-01
1.880165338516235352e-01
1.856149286031723022e-01
1.368781924247741699e-01
2.753015160560607910e-01
2.160585671663284302e-01
1.071695983409881592e-01
9.670276194810867310e-02
6.436457484960556030e-02
2.494961768388748169e-01
2.530122995376586914e-01
2.992427051067352295e-01
2.122574150562286377e-01
1.355964094400405884e-01
1.538227498531341553e-01
1.859398484230041504e-01
1.387003362178802490e-01
1.440407484769821167e-01
8.383321017026901245e-02
1.674337834119796753e-01
7.417959719896316528e-02
2.317458093166351318e-01
1.372556984424591064e-01
6.638511270284652710e-02
2.579921782016754150e-01
1.797212064266204834e-01
1.997281908988952637e-01
2.127173244953155518e-01
2.120392471551895142e-01
2.752965092658996582e-01
3.591115474700927734e-01
3.904096186161041260e-01
2.201439738273620605e-01
1.635633111000061035e-01
2.728578150272369385e-01
1.724890172481536865e-01
7.394208759069442749e-02
8.979947865009307861e-02
1.892268955707550049e-01
9.184563905000686646e-02
1.304192990064620972e-01
2.061461061239242554e-01
2.827500104904174805e-01
2.657539844512939453e-01
6.826135516166687012e-02
3.032832443714141846e-01
1.385335028171539307e-01
1.540805101394653320e-01
3.516753315925598145e-01
3.650648593902587891e-01
1.214164346456527710e-01
5.158081650733947754e-02
7.940944284200668335e-02
1.667602807283401489e-01
2.212223112583160400e-01
1.462119817733764648e-01
9.132988750934600830e-02
1.534930765628814697e-01
3.193683028221130371e-01
5.695240944623947144e-02
1.338573098182678223e-01
9.367898106575012207e-02
2.307646572589874268e-01
8.591102063655853271e-02
5.951985344290733337e-02
1.657084375619888306e-01
5.392834544181823730e-02
1.974066942930221558e-01
1.733004152774810791e-01
8.975217491388320923e-02
1.414205431938171387e-01
4.045949578285217285e-01
5.479840934276580811e-02
2.495275139808654785e-01
9.722842276096343994e-02
1.015211790800094604e-01
1.625891625881195068e-01
1.451546102762222290e-01
3.316816687583923340e-01
4.694757610559463501e-02
1.696049720048904419e-01
2.497765123844146729e-01
9.048400819301605225e-02
8.816917240619659424e-02
1.855867803096771240e-01
2.088424414396286011e-01
1.406774222850799561e-01
6.773968786001205444e-02
7.546716928482055664e-02
2.105879038572311401e-01
2.914786934852600098e-01
1.895008534193038940e-01
8.919311314821243286e-02
3.334342241287231445e-01
3.048732876777648926e-01
1.210000813007354736e-01
1.452555656433105469e-01
1.270858496427536011e-01
1.876212954521179199e-01
3.418589383363723755e-02
2.791786752641201019e-02
7.638323307037353516e-02
2.861970961093902588e-01
3.013615012168884277e-01
1.550123095512390137e-01
1.608442068099975586e-01
1.037358790636062622e-01
1.957088261842727661e-01
6.591477245092391968e-02
9.820114821195602417e-02
6.720466166734695435e-02
1.165655627846717834e-01
2.149635925889015198e-02
5.552559345960617065e-02
2.133770138025283813e-01
4.321821928024291992e-01
1.915069669485092163e-01
8.816066384315490723e-02
3.537217974662780762e-01
1.608888357877731323e-01
1.496988832950592041e-01
2.822265326976776123e-01
2.021541595458984375e-01
9.797445684671401978e-02
9.096533060073852539e-02
1.231697276234626770e-01
1.189798712730407715e-01
1.277003586292266846e-01
2.372930496931076050e-01
2.291631996631622314e-01
4.274648725986480713e-01
3.549964427947998047e-01
1.978877484798431396e-01
3.401800394058227539e-01
3.927717506885528564e-01
1.189910769462585449e-01
2.553817033767700195e-01
4.506848007440567017e-02
1.432324200868606567e-01
4.558458551764488220e-02
2.212956398725509644e-01
1.387996226549148560e-01
1.707293987274169922e-01
1.510063111782073975e-01
1.232458949089050293e-01
2.290457040071487427e-01
1.647423803806304932e-01
5.421972274780273438e-01
1.934019029140472412e-01
1.261332333087921143e-01
1.775609552860260010e-01
5.720011517405509949e-02
7.273504137992858887e-02
1.616107374429702759e-01
4.143241345882415771e-01
1.361773014068603516e-01
3.354607224464416504e-01
1.515544503927230835e-01
1.408554315567016602e-01
2.442822456359863281e-01
2.339432239532470703e-01
9.616392850875854492e-02
2.293740659952163696e-01
1.205915957689285278e-01
2.402807325124740601e-01
2.243850529193878174e-01
1.775747537612915039e-01
1.254371553659439087e-01
3.664084970951080322e-01
3.822427988052368164e-01
2.590108513832092285e-01
2.542466819286346436e-01
1.923803240060806274e-01
2.261907905340194702e-01
2.103008627891540527e-01
1.379911303520202637e-01
1.702846884727478027e-01
1.854260265827178955e-01
1.433429419994354248e-01
1.236093640327453613e-01
1.630179286003112793e-01
1.727163493633270264e-01
2.847235202789306641e-01
4.035345464944839478e-02
7.261969149112701416e-02
2.144802212715148926e-01
1.681900322437286377e-01
2.373776733875274658e-01
2.895224392414093018e-01
1.544223725795745850e-01
3.264805078506469727e-01
2.301956564188003540e-01
3.578979149460792542e-02
1.509307920932769775e-01
1.743807196617126465e-01
1.245528981089591980e-01
1.611893475055694580e-01
2.597489058971405029e-01
1.122589409351348877e-01
8.586577326059341431e-02
8.095630258321762085e-02
2.290765345096588135e-01
2.215292304754257202e-01
2.959108352661132812e-01
1.173414960503578186e-01
5.386538431048393250e-02
5.476380884647369385e-02
6.343593448400497437e-02
2.513346076011657715e-01
1.478368341922760010e-01
2.894065082073211670e-01
2.111039608716964722e-01
1.756879985332489014e-01
3.134434670209884644e-02
1.393250972032546997e-01
2.726364135742187500e-01
2.010745406150817871e-01
1.940143704414367676e-01
4.326897114515304565e-02
4.658709466457366943e-02
5.831134691834449768e-02
1.403651386499404907e-01
2.949304878711700439e-01
2.536162436008453369e-01
2.217518240213394165e-01
6.043728068470954895e-02
1.418699324131011963e-01
1.303473860025405884e-01
1.860844492912292480e-01
3.219911754131317139e-01
1.395228505134582520e-01
5.636929720640182495e-02
1.086048781871795654e-01
9.489086270332336426e-02
1.764545738697052002e-01
3.905267640948295593e-02
1.295535266399383545e-01
1.812345981597900391e-01
2.633013129234313965e-01
6.558272987604141235e-02
1.445216834545135498e-01
5.818306654691696167e-02
1.317702233791351318e-01
6.594020128250122070e-02
2.304647564888000488e-01
2.876004576683044434e-01
1.287201046943664551e-01
3.554356396198272705e-01
2.661573290824890137e-01
2.804207801818847656e-01
2.261575609445571899e-01
2.137794792652130127e-01
2.358458787202835083e-01
5.131726861000061035e-01
2.875979542732238770e-01
2.217805385589599609e-01
1.760838180780410767e-01
2.584670782089233398e-01
1.536295413970947266e-01
1.310150325298309326e-01
1.757120341062545776e-01
2.162510007619857788e-01
2.790327072143554688e-01
2.504155039787292480e-01
9.708760678768157959e-02
1.554097235202789307e-01
3.001046180725097656e-01
1.046124845743179321e-01
2.456658333539962769e-01
1.415353715419769287e-01
4.267822951078414917e-02
8.832453191280364990e-02
1.638265699148178101e-01
1.552075594663619995e-01
9.108632802963256836e-02
1.495514810085296631e-01
9.035409241914749146e-02
1.385503262281417847e-01
3.449271619319915771e-01
1.211496256291866302e-02
4.858932271599769592e-02
2.533951401710510254e-01
4.188933223485946655e-02
1.049880310893058777e-01
4.343314096331596375e-02
3.192943334579467773e-02
1.209037601947784424e-01
5.336628109216690063e-02
1.570793539285659790e-01
6.917458027601242065e-02
3.810627758502960205e-01
3.064009547233581543e-02
4.694413021206855774e-02
2.186592668294906616e-01
3.178406357765197754e-01
2.746498882770538330e-01
1.417270302772521973e-01
2.191357016563415527e-01
6.444824486970901489e-02
1.079435199499130249e-01
5.404636263847351074e-02
5.152161791920661926e-02
2.827446460723876953e-01
3.569668829441070557e-01
5.783507972955703735e-02
7.920633256435394287e-02
1.608293652534484863e-01
1.411734372377395630e-01
1.072960495948791504e-01
1.096882894635200500e-01
6.962431967258453369e-02
3.321832418441772461e-01
1.184531152248382568e-01
2.042908668518066406e-01
2.326672673225402832e-01
2.992199063301086426e-01
1.549929380416870117e-01
1.510998308658599854e-01
1.736474931240081787e-01
2.710198163986206055e-01
2.438439875841140747e-01
2.459909617900848389e-01
1.287900507450103760e-01
9.712901711463928223e-02
1.451398581266403198e-01
1.247576922178268433e-01
1.237585768103599548e-01
2.337868213653564453e-01
3.649717569351196289e-01
1.964368224143981934e-01
1.530964672565460205e-01
3.032287359237670898e-01
1.481164544820785522e-01
1.006279885768890381e-01
2.333889305591583252e-01
1.228640079498291016e-01
8.512105047702789307e-02
1.961111575365066528e-01
1.184743568301200867e-01
9.829347580671310425e-02
9.598665684461593628e-02
1.050591766834259033e-01
1.217329800128936768e-01
4.372973367571830750e-02
2.853081226348876953e-01
1.058807969093322754e-01
3.703338205814361572e-01
2.023612856864929199e-01
2.389283478260040283e-01
8.596470952033996582e-02
2.459840476512908936e-01
1.647153794765472412e-01
6.420694291591644287e-02
9.122142195701599121e-02
9.990294277667999268e-02
1.076251119375228882e-01
5.585286393761634827e-02
3.257577121257781982e-01
3.955784142017364502e-01
1.281976550817489624e-01
2.148100882768630981e-01
1.497559398412704468e-01
4.808592200279235840e-01
2.363177090883255005e-01
1.313031017780303955e-01
1.909297257661819458e-01
1.665170788764953613e-01
3.111445605754852295e-01
2.330058217048645020e-01
1.758804619312286377e-01
2.399680614471435547e-01
4.571317881345748901e-02
1.303850561380386353e-01
1.725718379020690918e-01
7.114456593990325928e-02
6.989465653896331787e-02
7.757827639579772949e-02
1.684084981679916382e-01
1.769582033157348633e-01
1.192092150449752808e-01
7.210621237754821777e-02
4.354153946042060852e-02
2.239718474447727203e-02
1.507277488708496094e-01
2.714944258332252502e-02
3.089290261268615723e-01
2.109306454658508301e-01
4.475081562995910645e-01
1.293366551399230957e-01
1.340126693248748779e-01
1.935745775699615479e-01
2.667075395584106445e-01
1.431166976690292358e-01
5.901396274566650391e-02
4.319710657000541687e-02
8.834969997406005859e-02
1.608286201953887939e-01
5.485697090625762939e-02
8.994170278310775757e-02
3.148386478424072266e-01
1.146044284105300903e-01
1.278744339942932129e-01
1.752450317144393921e-01
9.745308756828308105e-02
1.143413037061691284e-01
2.190710753202438354e-01
3.227305412292480469e-01
2.983681559562683105e-01
2.851405739784240723e-02
4.804668948054313660e-02
2.433415949344635010e-01
9.810346364974975586e-02
1.500561237335205078e-01
5.121700465679168701e-02
1.012017875909805298e-01
1.026853471994400024e-01
2.045364081859588623e-01
2.849385738372802734e-01
1.830936372280120850e-01
2.710211277008056641e-01
1.188569962978363037e-01
1.132131069898605347e-01
1.351172775030136108e-01
2.119068205356597900e-01
2.110312879085540771e-01
2.879096269607543945e-01
1.531275957822799683e-01
1.815768182277679443e-01
1.275266855955123901e-01
1.505267918109893799e-01
1.256644278764724731e-01
1.328559070825576782e-01
3.125260472297668457e-01
6.092803478240966797e-01
1.557280868291854858e-01
2.901976406574249268e-01
2.791813015937805176e-01
2.166214883327484131e-01
1.704518496990203857e-01
3.578231334686279297e-01
1.951753720641136169e-02
2.829621136188507080e-01
1.750183552503585815e-01
3.129311501979827881e-01
2.257137000560760498e-01
2.684889137744903564e-01
2.083337754011154175e-01
9.928997606039047241e-02
5.033262073993682861e-02
1.192141026258468628e-01
1.359312981367111206e-01
1.988432109355926514e-01
2.196499407291412354e-01
3.491386175155639648e-01
1.445017307996749878e-01
1.136850863695144653e-01
1.891145706176757812e-01
1.639016568660736084e-01
1.048998832702636719e-01
1.312129497528076172e-01
1.612687110900878906e-01
7.073156535625457764e-02
1.271091401576995850e-01
5.974660813808441162e-02
1.477251648902893066e-01
1.141747981309890747e-01
1.553684771060943604e-01
1.630805730819702148e-01
1.606546342372894287e-01
4.143206030130386353e-02
2.471282929182052612e-01
2.171259820461273193e-01
1.143746152520179749e-01
2.689771056175231934e-01
1.928012669086456299e-01
3.118342757225036621e-01
9.877212345600128174e-02
1.421459317207336426e-01
5.770632252097129822e-02
1.036158651113510132e-01
1.792616993188858032e-01
8.276018500328063965e-02
1.387544423341751099e-01
2.574346363544464111e-01
6.497137993574142456e-02
9.232819080352783203e-02
2.545034885406494141e-01
3.185736238956451416e-01
8.267165720462799072e-02
7.061862200498580933e-02
2.525611817836761475e-01
4.576358199119567871e-02
1.329087764024734497e-01
3.210799396038055420e-02
1.988239884376525879e-01
2.418232560157775879e-01
7.944852858781814575e-02
2.620628178119659424e-01
5.115720629692077637e-02
8.793371915817260742e-02
1.717663407325744629e-01
2.491932809352874756e-01
2.659474015235900879e-01
5.809594988822937012e-01
1.423691511154174805e-01
2.815050482749938965e-01
1.941706836223602295e-01
7.112862169742584229e-02
2.185349911451339722e-01
5.711081996560096741e-02
1.220927089452743530e-01
1.288055628538131714e-01
3.317845761775970459e-01
2.178571224212646484e-01
2.065282464027404785e-01
2.765046954154968262e-01
2.404624372720718384e-01
2.661494910717010498e-01
3.200300931930541992e-01
1.241283863782882690e-01
2.334148585796356201e-01
1.420446187257766724e-01
2.202146053314208984e-01
2.154596447944641113e-01
2.939520180225372314e-01
7.812473922967910767e-02
1.660734117031097412e-01
1.551969051361083984e-01
1.787706017494201660e-01
5.875049158930778503e-02
2.289163023233413696e-01
1.327429562807083130e-01
1.517204791307449341e-01
2.479243576526641846e-01
1.216942220926284790e-01
4.478810727596282959e-02
1.777646988630294800e-01
6.567721068859100342e-02
1.408825963735580444e-01
2.065631151199340820e-01
9.514134377241134644e-02
1.372164785861968994e-01
2.588018178939819336e-01
1.460988521575927734e-01
1.853830367326736450e-01
8.443883061408996582e-02
1.496469229459762573e-01
1.036373376846313477e-01
6.874524056911468506e-02
4.113328158855438232e-01
3.417530357837677002e-01
1.144490838050842285e-01
4.895926266908645630e-02
1.579927653074264526e-01
7.868768274784088135e-02
8.508751541376113892e-02
1.157082021236419678e-01
1.109272986650466919e-01
8.722759038209915161e-02
4.396031200885772705e-01
7.682250440120697021e-02
6.455731391906738281e-02
1.491091549396514893e-01
1.218093335628509521e-01
8.913886547088623047e-02
1.646200120449066162e-01
4.162967950105667114e-02
2.038743793964385986e-01
3.093078732490539551e-01
4.838141798973083496e-02
5.028759688138961792e-02
1.333708018064498901e-01
1.476330459117889404e-01
2.321102321147918701e-01
8.526099473237991333e-02
1.238897517323493958e-01
1.318077445030212402e-01
1.312805861234664917e-01
1.855235099792480469e-01
6.457893848419189453e-01
1.446012109518051147e-01
1.054592728614807129e-01
1.471045166254043579e-01
7.497223466634750366e-02
1.394764930009841919e-01
4.567798599600791931e-02
1.201516538858413696e-01
2.766897976398468018e-01
3.434829711914062500e-01
1.085233613848686218e-01
9.006426483392715454e-02
8.836761862039566040e-02
1.380241513252258301e-01
4.018728733062744141e-01
2.467598915100097656e-01
2.311798930168151855e-01
1.561824083328247070e-01
1.712833940982818604e-01
1.737636625766754150e-01
1.201670169830322266e-01
1.653620004653930664e-01
5.838528275489807129e-01
1.526024192571640015e-01
1.882072538137435913e-01
1.978501826524734497e-01
2.562379837036132812e-01
2.699865102767944336e-01
2.052162289619445801e-01
1.179785132408142090e-01
1.670475602149963379e-01
2.221378386020660400e-01
2.262719869613647461e-01
1.013329178094863892e-01
8.741421997547149658e-02
2.212638556957244873e-01
1.698755919933319092e-01
1.372300237417221069e-01
5.015435814857482910e-02
3.715006113052368164e-01
1.281347274780273438e-01
7.035610079765319824e-02
8.871582150459289551e-02
1.569408625364303589e-01
1.064223200082778931e-01
2.081052362918853760e-01
1.453064978122711182e-01
4.622048139572143555e-02
1.826427131891250610e-01
1.527570337057113647e-01
6.995335221290588379e-02
1.476499736309051514e-01
4.576421901583671570e-02
2.587435543537139893e-01
1.691411733627319336e-01
6.353001296520233154e-02
6.210862845182418823e-02
9.034791588783264160e-02
3.975123912096023560e-02
2.227915078401565552e-01
1.700731515884399414e-01
5.476275086402893066e-02
1.313163042068481445e-01
1.085456460714340210e-01
1.037172228097915649e-01
2.991963326930999756e-01
1.038576364517211914e-01
4.453046992421150208e-02
6.847320497035980225e-02
7.860274612903594971e-02
2.121537923812866211e-01
1.029076799750328064e-01
2.677727863192558289e-02
4.820653796195983887e-02
2.404383122920989990e-01
1.485509127378463745e-01
1.475323177874088287e-02
3.326191902160644531e-01
1.092045456171035767e-01
3.104794621467590332e-01
2.954032644629478455e-02
1.153012141585350037e-01
2.681947946548461914e-01
1.649013161659240723e-01
1.703882515430450439e-01
1.107804328203201294e-01
1.243670061230659485e-01
2.995385229587554932e-02
1.775521785020828247e-02
7.935202121734619141e-02
3.283584117889404297e-01
2.672624886035919189e-01
3.305564224720001221e-01
2.274515479803085327e-01
8.347734808921813965e-02
8.682404458522796631e-02
8.524225652217864990e-02
1.557313203811645508e-01
1.976279616355895996e-01
1.218060553073883057e-01
5.745403841137886047e-02
8.644907176494598389e-02
8.945928514003753662e-02
1.362392455339431763e-01
2.410282045602798462e-01
3.039915859699249268e-02
8.492214977741241455e-02
9.836956858634948730e-02
8.168158680200576782e-02
1.737936288118362427e-01
2.473208606243133545e-01
6.915614008903503418e-02
1.123215183615684509e-01
1.027731373906135559e-01
1.007237136363983154e-01
3.927429914474487305e-01
1.405092179775238037e-01
1.322617530822753906e-01
1.885542720556259155e-01
6.519950628280639648e-01
3.021913394331932068e-02
6.975339353084564209e-02
4.957550168037414551e-01
2.010450512170791626e-01
2.128875404596328735e-01
2.493428438901901245e-01
1.518888175487518311e-01
1.397230625152587891e-01
3.042084574699401855e-01
3.632654547691345215e-01
1.918148249387741089e-01
2.285764813423156738e-01
2.312442660331726074e-01
1.881233900785446167e-01
1.966193318367004395e-01
1.503814756870269775e-01
1.289890855550765991e-01
7.422383874654769897e-02
1.580036729574203491e-01
2.332269698381423950e-01
2.753262817859649658e-01
2.613345086574554443e-01
3.582749068737030029e-01
2.075121700763702393e-01
2.564833760261535645e-01
1.047525182366371155e-01
2.251886427402496338e-01
3.841792941093444824e-01
1.102901399135589600e-01
1.800101101398468018e-01
2.275470793247222900e-01
2.563195824623107910e-01
1.977363526821136475e-01
3.597563207149505615e-01
7.519537210464477539e-02
8.085393160581588745e-02
2.099046707153320312e-01
1.849971115589141846e-01
2.309461534023284912e-01
4.168907701969146729e-01
1.569866389036178589e-01
4.990969598293304443e-02
1.487456262111663818e-01
2.772246599197387695e-01
7.037956267595291138e-02
7.670234888792037964e-02
1.059019267559051514e-01
4.911727309226989746e-01
1.634403616189956665e-01
8.089026808738708496e-02
1.021016389131546021e-01
7.646681368350982666e-02
4.819476231932640076e-02
2.355299144983291626e-01
4.138108491897583008e-01
9.014947712421417236e-02
2.351925373077392578e-01
1.260728240013122559e-01
1.399508714675903320e-01
2.379160933196544647e-02
1.745985746383666992e-01
5.155301094055175781e-01
1.515581309795379639e-01
2.416475415229797363e-01
7.598458230495452881e-02
1.057411581277847290e-01
3.202342391014099121e-01
3.738404810428619385e-02
3.932424783706665039e-01
1.802696585655212402e-01
3.911256194114685059e-01
4.576272517442703247e-02
1.099691390991210938e-01
2.679435014724731445e-01
1.279315501451492310e-01
1.542392075061798096e-01
1.394934952259063721e-01
1.020502224564552307e-01
1.003522202372550964e-01
3.013461828231811523e-01
1.540587991476058960e-01
1.096767038106918335e-01
1.179025992751121521e-01
1.943957954645156860e-01
1.475067436695098877e-01
1.323152184486389160e-01
1.432116031646728516e-01
1.074094697833061218e-01
1.192171350121498108e-01
1.479222625494003296e-01
1.255292594432830811e-01
1.368884295225143433e-01
4.725658595561981201e-01
2.428085207939147949e-01
3.072326183319091797e-01
1.649536490440368652e-01
2.015183568000793457e-01
9.392591565847396851e-02
1.364158838987350464e-01
7.964923232793807983e-02
6.219958513975143433e-02
1.080227196216583252e-01
1.004721596837043762e-01
1.491306871175765991e-01
2.058079540729522705e-01
2.310661785304546356e-02
1.809913516044616699e-01
8.930096030235290527e-02
1.862186044454574585e-01
1.788259148597717285e-01
1.039738729596138000e-01
2.342481017112731934e-01
1.029983237385749817e-01
4.455281421542167664e-02
1.336326599121093750e-01
1.613591462373733521e-01
2.794606089591979980e-01
1.278967857360839844e-01
1.808779686689376831e-01
1.687724441289901733e-01
1.855198740959167480e-01
1.721726059913635254e-01
7.954752445220947266e-02
2.823796570301055908e-01
3.775054216384887695e-02
1.443070471286773682e-01
4.069888591766357422e-01
5.745956674218177795e-02
2.483819574117660522e-01
1.458474099636077881e-01
2.405291199684143066e-01
3.129629790782928467e-01
3.488165736198425293e-01
1.465279459953308105e-01
2.470835298299789429e-01
1.537085324525833130e-01
1.512444168329238892e-01
9.788804501295089722e-02
7.162994146347045898e-02
9.242318570613861084e-02
2.247112244367599487e-02
1.607670634984970093e-01
2.290752828121185303e-01
2.484198659658432007e-02
1.468413323163986206e-01
1.736963689327239990e-01
2.414654791355133057e-01
3.642637729644775391e-01
1.597214043140411377e-01
6.662112474441528320e-02
2.555835247039794922e-01
2.485204041004180908e-01
2.417012006044387817e-01
1.601699739694595337e-01
1.432534456253051758e-01
8.983810245990753174e-02
9.808102250099182129e-02
2.471789717674255371e-01
8.364326506853103638e-02
2.612423300743103027e-01
2.426998615264892578e-01
5.259257555007934570e-02
2.889873385429382324e-01
1.493231505155563354e-01
7.798908650875091553e-02
2.251483947038650513e-01
2.766819596290588379e-01
3.364700973033905029e-01
3.358486294746398926e-01
1.398949772119522095e-01
2.665171921253204346e-01
3.214035630226135254e-01
2.187448590993881226e-01
8.955969661474227905e-02
1.393852978944778442e-01
3.690105676651000977e-01
1.827340424060821533e-01
1.727022379636764526e-01
3.410326242446899414e-01
4.008631035685539246e-02
6.906872987747192383e-02
7.226029783487319946e-02
1.693608909845352173e-01
3.559608459472656250e-01
2.389691323041915894e-01
1.674584746360778809e-01
1.351267248392105103e-01
7.460156083106994629e-02
1.305662095546722412e-01
1.041655540466308594e-01
8.406462520360946655e-02
6.038031354546546936e-02
3.196493983268737793e-01
5.126499012112617493e-02
