2.895590960979461670e-01
6.239764094352722168e-01
4.903596043586730957e-01
3.287972509860992432e-01
3.052210807800292969e-01
4.441196322441101074e-01
2.808618545532226562e-01
9.973892569541931152e-02
2.141618877649307251e-01
1.517799794673919678e-01
1.902351081371307373e-01
4.908782839775085449e-01
1.753118783235549927e-01
3.829979896545410156e-01
3.434374183416366577e-02
2.179643809795379639e-01
1.035879254341125488e-01
3.729508519172668457e-01
2.856023907661437988e-01
1.745271384716033936e-01
3.714971542358398438e-01
8.344353735446929932e-02
1.031273007392883301e-01
2.875875234603881836e-01
1.314438283443450928e-01
1.691316366195678711e-01
1.747233271598815918e-01
1.228559017181396484e-01
1.012846529483795166e-01
2.973861992359161377e-01
1.747970581054687500e-01
4.915374889969825745e-02
2.270208299160003662e-01
9.641611576080322266e-02
3.254800736904144287e-01
8.211641758680343628e-02
1.428112685680389404e-01
2.343832552433013916e-01
2.103434801101684570e-01
2.298216819763183594e-01
1.821302175521850586e-01
2.576214075088500977e-01
7.127509266138076782e-02
6.775180995464324951e-02
3.852502256631851196e-02
1.053067147731781006e-01
7.104466855525970459e-02
1.775826960802078247e-01
1.141537651419639587e-01
3.517996370792388916e-01
2.033309191465377808e-01
1.063762828707695007e-01
1.976418346166610718e-01
8.295041322708129883e-02
2.737114429473876953e-01
1.253003478050231934e-01
2.070349305868148804e-01
1.263855993747711182e-01
5.728614330291748047e-01
2.507596611976623535e-01
8.446858823299407959e-02
1.828932762145996094e-01
5.170776844024658203e-01
9.385778009891510010e-02
1.850151121616363525e-01
2.676347494125366211e-01
3.515964001417160034e-02
1.519439518451690674e-01
4.602917730808258057e-01
1.313918530941009521e-01
2.975917458534240723e-01
1.042770370841026306e-01
3.150371909141540527e-01
1.839630156755447388e-01
1.645666360855102539e-01
2.145128250122070312e-01
1.980989426374435425e-01
1.045295298099517822e-01
3.391053080558776855e-01
1.484379321336746216e-01
4.091223478317260742e-01
3.025779724121093750e-01
1.590060293674468994e-01
2.028601467609405518e-01
3.105465173721313477e-01
1.290367990732192993e-01
1.701468974351882935e-01
7.819351553916931152e-02
1.078850179910659790e-01
2.371980547904968262e-01
1.897387057542800903e-01
2.527271211147308350e-01
1.406958550214767456e-01
6.995733082294464111e-02
2.047774046659469604e-01
2.251605987548828125e-01
2.282505333423614502e-01
2.988859415054321289e-01
9.890514612197875977e-02
2.802183330059051514e-01
2.221083939075469971e-01
1.811825931072235107e-01
1.639252901077270508e-01
2.039177268743515015e-01
3.063714206218719482e-01
2.385224997997283936e-01
3.648263812065124512e-01
1.665571630001068115e-01
1.074450835585594177e-01
1.688785851001739502e-01
3.017140924930572510e-01
2.899999320507049561e-01
3.678948879241943359e-01
1.669189184904098511e-01
1.293817013502120972e-01
2.810535430908203125e-01
1.710009723901748657e-01
1.234247907996177673e-01
1.660772114992141724e-01
3.563701510429382324e-01
4.839124083518981934e-01
2.322272062301635742e-01
1.704966425895690918e-01
2.360822856426239014e-01
2.201653569936752319e-01
1.428718566894531250e-01
2.857903838157653809e-01
1.180317252874374390e-01
1.762973964214324951e-01
1.632176339626312256e-01
1.476234793663024902e-01
4.593204855918884277e-01
1.647611856460571289e-01
2.465273886919021606e-01
1.192432418465614319e-01
1.351438462734222412e-01
1.052117645740509033e-01
1.652470082044601440e-01
7.663750648498535156e-02
7.522380352020263672e-02
1.054309606552124023e-01
1.761041581630706787e-01
3.346368670463562012e-01
1.274662911891937256e-01
1.167981326580047607e-01
2.386515140533447266e-01
2.615744993090629578e-02
2.224181145429611206e-01
8.704531192779541016e-02
3.798139989376068115e-01
5.478459224104881287e-02
1.752274632453918457e-01
4.097492396831512451e-01
2.224283814430236816e-01
1.009661108255386353e-01
8.340318500995635986e-02
2.745426893234252930e-01
1.834013760089874268e-01
1.131215617060661316e-01
1.336309611797332764e-01
1.318650394678115845e-01
1.239843890070915222e-01
7.173976302146911621e-02
1.107234209775924683e-01
3.453483581542968750e-01
4.771248251199722290e-02
6.301234662532806396e-02
6.385292857885360718e-02
1.537345945835113525e-01
1.563874185085296631e-01
3.308494016528129578e-02
9.992769360542297363e-02
3.534870147705078125e-01
1.200356557965278625e-01
4.987804591655731201e-01
6.519161164760589600e-02
1.364044249057769775e-01
6.728986650705337524e-02
1.697985082864761353e-01
1.331580132246017456e-01
1.110992506146430969e-01
3.198518157005310059e-01
7.695645689964294434e-01
3.606389760971069336e-01
1.990276128053665161e-01
1.795536875724792480e-01
1.987861096858978271e-01
2.523832321166992188e-01
1.660787761211395264e-01
1.615094244480133057e-01
2.502250373363494873e-01
2.938851118087768555e-01
1.772734373807907104e-01
1.738682091236114502e-01
1.860631853342056274e-01
1.665125787258148193e-01
4.060745239257812500e-01
3.369714915752410889e-01
1.696200072765350342e-01
2.609837055206298828e-01
3.042720854282379150e-01
3.880648016929626465e-01
3.006154298782348633e-01
3.826264142990112305e-01
5.249780416488647461e-01
1.905962228775024414e-01
2.972134351730346680e-01
2.905694842338562012e-01
1.687386184930801392e-01
2.918995916843414307e-01
1.385601758956909180e-01
5.148792266845703125e-01
8.886386454105377197e-02
1.418263018131256104e-01
9.483743458986282349e-02
3.985506892204284668e-01
2.417761683464050293e-01
9.826406836509704590e-02
2.786870002746582031e-01
2.453187555074691772e-01
3.330387175083160400e-01
1.130976974964141846e-01
2.720301747322082520e-01
1.231000125408172607e-01
8.668702095746994019e-02
1.617095470428466797e-01
2.222875058650970459e-01
6.134648621082305908e-02
1.464772224426269531e-01
1.646425873041152954e-01
5.370034277439117432e-02
3.906088173389434814e-01
9.474306553602218628e-02
1.602954268455505371e-01
1.567788869142532349e-01
1.569439321756362915e-01
1.114477366209030151e-01
1.651054322719573975e-01
3.434529006481170654e-01
2.330733388662338257e-01
1.978376060724258423e-01
8.581630885601043701e-02
1.878398209810256958e-01
1.390503495931625366e-01
1.727286577224731445e-01
1.839968562126159668e-01
1.075119376182556152e-01
2.859787642955780029e-01
1.008184924721717834e-01
3.267517983913421631e-01
2.017539143562316895e-01
3.373471200466156006e-01
1.428000330924987793e-01
3.144091665744781494e-01
2.039537578821182251e-01
2.124695032835006714e-01
6.443225145339965820e-01
2.899275720119476318e-01
4.013480544090270996e-01
2.928828895092010498e-01
3.611232042312622070e-01
1.453557908535003662e-01
2.307810038328170776e-01
5.786086618900299072e-02
6.034462451934814453e-01
2.935713231563568115e-01
3.368141949176788330e-01
3.889333605766296387e-01
3.136252760887145996e-01
8.181384205818176270e-02
2.327419072389602661e-01
3.281684517860412598e-01
1.506787538528442383e-01
2.599750161170959473e-01
1.388451009988784790e-01
6.815399974584579468e-02
9.030564129352569580e-02
1.764135956764221191e-01
1.315472722053527832e-01
3.423150479793548584e-01
3.060318231582641602e-01
1.099776774644851685e-01
3.294151127338409424e-01
1.725625693798065186e-01
1.689458936452865601e-01
1.541521549224853516e-01
1.852981299161911011e-01
7.000278681516647339e-02
1.105645969510078430e-01
5.332517623901367188e-02
7.100912928581237793e-02
1.622448861598968506e-01
3.789425641298294067e-02
1.493220627307891846e-01
1.852052807807922363e-01
1.743844300508499146e-01
3.036649525165557861e-01
1.934984475374221802e-01
1.459604203701019287e-01
1.154126226902008057e-01
4.367247819900512695e-01
1.481558680534362793e-01
1.577675938606262207e-01
2.307557761669158936e-01
2.293935120105743408e-01
1.967317163944244385e-01
2.027584910392761230e-01
1.490731239318847656e-01
1.001809537410736084e-01
1.709752380847930908e-01
1.830170154571533203e-01
1.096916347742080688e-01
7.439703494310379028e-02
2.465952634811401367e-01
5.812694877386093140e-02
3.260977268218994141e-01
2.527383267879486084e-01
2.692169249057769775e-01
1.434705108404159546e-01
2.652881443500518799e-01
1.109872534871101379e-01
1.276179850101470947e-01
6.483271718025207520e-02
9.956643730401992798e-02
7.577413320541381836e-02
1.091965362429618835e-01
1.245833411812782288e-01
1.811573505401611328e-01
1.903839558362960815e-01
8.083601295948028564e-02
3.361250758171081543e-01
1.086952835321426392e-01
1.296117156744003296e-01
2.471230626106262207e-01
2.192436009645462036e-01
1.638751626014709473e-01
9.114604443311691284e-02
2.582687735557556152e-01
1.770155280828475952e-01
3.505935892462730408e-02
2.751154601573944092e-01
1.658691316843032837e-01
1.473034322261810303e-01
2.516178488731384277e-01
2.674916684627532959e-01
2.312145680189132690e-01
1.025559753179550171e-01
2.991222143173217773e-01
7.904879748821258545e-02
2.005634754896163940e-01
7.317778468132019043e-01
1.594834923744201660e-01
1.141057237982749939e-01
1.428035199642181396e-01
3.379211723804473877e-01
1.239957511425018311e-01
6.412505358457565308e-02
1.172158867120742798e-01
2.796083688735961914e-01
2.545082271099090576e-01
3.021741807460784912e-01
2.239575684070587158e-01
1.767576932907104492e-01
2.062840908765792847e-01
2.904762625694274902e-01
2.175508737564086914e-01
8.575652539730072021e-02
3.853392601013183594e-01
2.947395443916320801e-01
6.994609534740447998e-02
2.180682122707366943e-01
5.986794084310531616e-02
6.196331605315208435e-02
1.679014563560485840e-01
5.125336721539497375e-02
7.518835365772247314e-02
1.280655860900878906e-01
2.647441327571868896e-01
2.275726199150085449e-01
2.306829541921615601e-01
1.117685511708259583e-01
1.184923499822616577e-01
2.338585555553436279e-01
1.678546816110610962e-01
1.319278776645660400e-01
2.714342474937438965e-01
2.505695521831512451e-01
2.585337162017822266e-01
2.505927085876464844e-01
1.164566054940223694e-01
2.002746313810348511e-01
3.004676699638366699e-01
2.155669033527374268e-01
2.245200872421264648e-01
9.089720249176025391e-02
2.695313692092895508e-01
2.372931540012359619e-01
2.513447701930999756e-01
7.501828670501708984e-02
1.393618583679199219e-01
1.495647579431533813e-01
6.833031028509140015e-02
9.364864230155944824e-02
2.586449980735778809e-01
8.924032002687454224e-02
1.004394888877868652e-01
3.267648518085479736e-01
1.777082085609436035e-01
1.043243259191513062e-01
1.919503659009933472e-01
2.667363286018371582e-01
9.442952275276184082e-02
5.654247850179672241e-02
2.111956775188446045e-01
2.994345426559448242e-01
1.676360070705413818e-01
2.209925055503845215e-01
1.878594905138015747e-01
3.028411865234375000e-01
1.178839355707168579e-01
1.590496003627777100e-01
1.813362240791320801e-01
1.858197748661041260e-01
3.221848607063293457e-01
1.914068013429641724e-01
2.290997058153152466e-01
2.246219217777252197e-01
1.639859080314636230e-01
2.525712847709655762e-01
2.047088146209716797e-01
8.732920885086059570e-02
5.494926124811172485e-02
2.660239040851593018e-01
2.870110571384429932e-01
2.928487062454223633e-01
2.728501558303833008e-01
9.346972405910491943e-02
2.333332151174545288e-01
2.292663455009460449e-01
1.264746338129043579e-01
2.679763436317443848e-01
2.666088342666625977e-01
8.328184485435485840e-02
2.137926220893859863e-01
4.399511814117431641e-01
1.586114317178726196e-01
1.427238583564758301e-01
1.772340834140777588e-01
4.123286604881286621e-01
1.711442321538925171e-01
1.394047588109970093e-01
1.292053610086441040e-01
2.428658753633499146e-01
1.607258319854736328e-01
1.594838201999664307e-01
3.357601165771484375e-01
4.891456067562103271e-01
3.057301342487335205e-01
1.519938707351684570e-01
4.810033440589904785e-01
1.160369738936424255e-01
1.149165630340576172e-01
1.134752854704856873e-01
1.014685034751892090e-01
8.204202353954315186e-02
2.276233583688735962e-01
1.448323726654052734e-01
6.286608427762985229e-02
1.288057565689086914e-01
2.694925665855407715e-01
2.721948623657226562e-01
1.750682294368743896e-01
9.032412618398666382e-02
2.148770242929458618e-01
1.053788065910339355e-01
3.496217727661132812e-01
3.318712413311004639e-01
2.222808301448822021e-01
3.593125045299530029e-01
3.916174173355102539e-01
2.838968336582183838e-01
3.204030990600585938e-01
5.184318870306015015e-02
9.436370432376861572e-02
9.422418475151062012e-02
1.210711896419525146e-01
5.217322707176208496e-02
9.526120126247406006e-02
2.946370244026184082e-01
2.405804991722106934e-01
2.450950443744659424e-01
1.876546293497085571e-01
2.458777427673339844e-01
4.414323270320892334e-01
2.859297692775726318e-01
1.998834460973739624e-01
1.879814565181732178e-01
1.151022762060165405e-01
1.022175848484039307e-01
8.423911780118942261e-02
1.356536746025085449e-01
2.129011452198028564e-01
1.565606296062469482e-01
8.657078444957733154e-02
2.898011207580566406e-01
2.264875024557113647e-01
1.894727349281311035e-01
1.478444635868072510e-01
2.490720748901367188e-01
5.500836670398712158e-02
2.539856433868408203e-01
2.794802784919738770e-01
1.191800013184547424e-01
1.636007875204086304e-01
2.360060513019561768e-01
1.255719065666198730e-01
9.159874916076660156e-02
3.541506826877593994e-01
2.165648788213729858e-01
4.825604856014251709e-01
2.886248528957366943e-01
2.232074290513992310e-01
2.146337181329727173e-01
8.876042068004608154e-02
1.452252417802810669e-01
9.461449086666107178e-02
1.611605286598205566e-01
2.535351812839508057e-01
1.250474005937576294e-01
1.772765070199966431e-01
4.464232549071311951e-02
6.375402212142944336e-02
2.181645929813385010e-01
4.596462547779083252e-01
1.529186815023422241e-01
4.838020801544189453e-01
1.597153693437576294e-01
6.179692149162292480e-01
1.497189104557037354e-01
1.731781214475631714e-01
2.499541640281677246e-01
1.476657688617706299e-01
1.750432401895523071e-01
3.183495402336120605e-01
3.620170950889587402e-01
2.394742965698242188e-01
2.281933277845382690e-01
1.296111494302749634e-01
1.448176056146621704e-01
2.216534763574600220e-01
2.014844119548797607e-01
1.633335053920745850e-01
8.048924803733825684e-02
3.513916432857513428e-01
1.304041743278503418e-01
2.375015169382095337e-01
8.791555464267730713e-02
1.213211417198181152e-01
1.228620260953903198e-01
4.142374098300933838e-01
8.308669924736022949e-02
2.737486660480499268e-01
2.065720707178115845e-01
2.331222295761108398e-01
1.706723272800445557e-01
3.660737872123718262e-01
2.289276421070098877e-01
2.382272183895111084e-01
1.479613780975341797e-01
2.105770707130432129e-01
2.669234871864318848e-01
1.796804070472717285e-01
3.132166862487792969e-01
1.138170659542083740e-01
8.800491690635681152e-02
1.375251710414886475e-01
2.677020132541656494e-01
2.171263545751571655e-01
2.275785803794860840e-01
1.157467737793922424e-01
2.160529792308807373e-01
5.272438526153564453e-01
1.007577478885650635e-01
2.101160883903503418e-01
1.871033608913421631e-01
1.916843354701995850e-01
6.104368716478347778e-02
2.801376879215240479e-01
1.781569123268127441e-01
4.836530387401580811e-01
6.096325814723968506e-02
2.412716150283813477e-01
3.805066347122192383e-01
9.959797561168670654e-02
1.453228145837783813e-01
1.058727577328681946e-01
4.378722608089447021e-01
1.463667154312133789e-01
1.800770163536071777e-01
4.123464822769165039e-01
2.922873795032501221e-01
3.085837364196777344e-01
1.314597427845001221e-01
1.266612112522125244e-01
2.575243115425109863e-01
1.844471991062164307e-01
8.918027579784393311e-02
2.551532089710235596e-01
5.144486203789710999e-02
1.044456586241722107e-01
4.315665066242218018e-01
6.516122817993164062e-02
1.231470927596092224e-01
3.084447979927062988e-01
1.274140775203704834e-01
1.156381368637084961e-01
1.791406869888305664e-01
1.066773682832717896e-01
2.573533058166503906e-01
1.680524498224258423e-01
3.022982478141784668e-01
3.496794104576110840e-01
1.590033471584320068e-01
1.600769460201263428e-01
6.433355808258056641e-02
3.819897770881652832e-01
1.464067846536636353e-01
2.269158214330673218e-01
1.185156926512718201e-01
9.013360738754272461e-02
1.774137169122695923e-01
1.803778409957885742e-01
8.111947774887084961e-02
1.283189058303833008e-01
8.434544503688812256e-02
1.741292178630828857e-01
1.851569563150405884e-01
5.698405504226684570e-01
4.058242589235305786e-02
3.091381788253784180e-01
1.684946715831756592e-01
3.016715645790100098e-01
1.411275565624237061e-01
4.031707346439361572e-01
6.804060935974121094e-02
2.350609302520751953e-01
1.630060225725173950e-01
1.281564682722091675e-01
3.140192627906799316e-01
1.676135808229446411e-01
2.492463439702987671e-01
2.416482865810394287e-01
1.258894503116607666e-01
1.345318853855133057e-01
4.017290174961090088e-01
7.394263148307800293e-02
2.767146527767181396e-01
1.514748036861419678e-01
1.386827677488327026e-01
5.207535028457641602e-01
4.705139994621276855e-01
3.519922494888305664e-01
2.016659826040267944e-01
9.048900008201599121e-02
3.019792437553405762e-01
1.912658661603927612e-01
1.893449574708938599e-01
2.705004811286926270e-01
1.717421114444732666e-01
2.205385565757751465e-01
1.878552734851837158e-01
1.719629168510437012e-01
1.823103874921798706e-01
4.792372137308120728e-02
1.902578771114349365e-01
2.106505036354064941e-01
1.418672949075698853e-01
7.397250831127166748e-02
2.141319662332534790e-01
2.194758802652359009e-01
1.693082302808761597e-01
1.830210387706756592e-01
2.211475819349288940e-01
5.045349597930908203e-01
1.195016950368881226e-01
1.079384610056877136e-01
8.202074468135833740e-02
3.157496154308319092e-01
3.719105720520019531e-01
1.168392747640609741e-01
3.134243935346603394e-02
2.718615531921386719e-01
5.230676531791687012e-01
5.630409717559814453e-01
3.981445133686065674e-01
7.956178486347198486e-02
3.296557962894439697e-01
3.093193173408508301e-01
1.866654902696609497e-01
2.463178038597106934e-01
8.904462307691574097e-02
1.006961837410926819e-01
3.243246376514434814e-01
1.399559676647186279e-01
9.817811846733093262e-02
2.324848771095275879e-01
8.000608533620834351e-02
1.985870301723480225e-01
1.704570055007934570e-01
2.203302085399627686e-01
2.583462595939636230e-01
6.733065247535705566e-01
2.294796258211135864e-01
1.418837904930114746e-01
1.852402687072753906e-01
1.761560738086700439e-01
2.737605869770050049e-01
1.044666394591331482e-01
1.157006472349166870e-01
1.681827902793884277e-01
9.264510869979858398e-02
2.266386449337005615e-01
8.801658451557159424e-02
8.092804253101348877e-02
2.634671330451965332e-01
2.797529101371765137e-01
1.000833809375762939e-01
2.863740324974060059e-01
2.243414968252182007e-01
2.132523953914642334e-01
1.930275261402130127e-01
1.841922849416732788e-01
1.149815469980239868e-01
4.444614648818969727e-01
7.042458653450012207e-01
1.612423807382583618e-01
1.002259850502014160e-01
1.272275447845458984e-01
2.601261436939239502e-01
2.061356753110885620e-01
1.891059428453445435e-01
2.874947190284729004e-01
1.252578198909759521e-01
1.608417481184005737e-01
3.116888403892517090e-01
5.834103375673294067e-02
4.069509208202362061e-01
9.156299382448196411e-02
1.277584731578826904e-01
2.391803264617919922e-01
1.208476498723030090e-01
8.564037829637527466e-02
2.705274522304534912e-01
1.135467514395713806e-01
2.016524970531463623e-01
1.066839769482612610e-01
2.384931594133377075e-01
9.902347624301910400e-02
1.082285493612289429e-01
9.560021758079528809e-02
2.187392413616180420e-01
4.511327445507049561e-01
2.419496923685073853e-01
3.110955357551574707e-01
1.566177606582641602e-01
1.773517429828643799e-01
3.937799930572509766e-01
2.908017635345458984e-01
3.088851571083068848e-01
2.354198992252349854e-01
3.298025131225585938e-01
1.655382364988327026e-01
1.803549677133560181e-01
1.636696159839630127e-01
5.853749811649322510e-02
3.068719506263732910e-01
2.291828989982604980e-01
3.383718729019165039e-01
8.839725703001022339e-02
1.640309095382690430e-01
3.165584206581115723e-01
1.659112572669982910e-01
7.197073847055435181e-02
2.155618667602539062e-01
2.493256926536560059e-01
1.748411357402801514e-01
1.121509224176406860e-01
4.239182919263839722e-02
1.310423165559768677e-01
2.785482406616210938e-01
1.184109151363372803e-01
2.452252209186553955e-01
2.726540565490722656e-01
1.748685836791992188e-01
2.914413213729858398e-01
2.592566013336181641e-01
3.993398696184158325e-02
1.850511431694030762e-01
7.982379198074340820e-02
7.010008394718170166e-02
3.325239717960357666e-01
1.041754335165023804e-01
2.924997508525848389e-01
3.427892327308654785e-01
2.217384129762649536e-01
2.225206345319747925e-01
2.522934973239898682e-01
1.487464308738708496e-01
2.064991146326065063e-01
1.939460188150405884e-01
2.326468676328659058e-01
1.672025024890899658e-01
2.018496692180633545e-01
2.285788953304290771e-01
2.239461839199066162e-01
4.054557681083679199e-01
1.829662472009658813e-01
3.074222207069396973e-01
2.343544214963912964e-01
1.768815815448760986e-01
2.873351275920867920e-01
7.886731624603271484e-02
4.948357120156288147e-02
2.025762498378753662e-01
7.278245687484741211e-02
2.815047502517700195e-01
3.643296360969543457e-01
1.074454784393310547e-01
1.996473371982574463e-01
1.181271299719810486e-01
1.656040847301483154e-01
1.092398241162300110e-01
1.200128272175788879e-01
1.983895599842071533e-01
1.104698777198791504e-01
1.005803495645523071e-01
1.720626652240753174e-01
1.729259788990020752e-01
9.699652343988418579e-02
9.186507761478424072e-02
1.491961777210235596e-01
3.267337381839752197e-01
1.278098374605178833e-01
1.819561570882797241e-01
2.432738989591598511e-01
1.125600636005401611e-01
1.685831099748611450e-01
3.091427683830261230e-01
2.338512539863586426e-01
2.368622720241546631e-01
2.466604113578796387e-01
2.438325136899948120e-01
8.482159674167633057e-02
2.567701935768127441e-01
9.285712242126464844e-02
1.958711147308349609e-01
3.100495934486389160e-01
4.323692023754119873e-01
1.219268739223480225e-01
1.109509542584419250e-01
5.569633245468139648e-01
5.045641660690307617e-01
1.053291633725166321e-01
1.164144277572631836e-01
1.828730106353759766e-01
1.686189472675323486e-01
1.266426444053649902e-01
1.511850953102111816e-01
2.796668410301208496e-01
2.774729728698730469e-01
1.752867847681045532e-01
1.762406826019287109e-01
2.396832406520843506e-01
3.225988745689392090e-01
3.451973795890808105e-01
4.031234383583068848e-01
3.353733122348785400e-01
1.778348982334136963e-01
2.467220276594161987e-01
1.046730801463127136e-01
1.659101694822311401e-01
4.255454987287521362e-02
3.482993245124816895e-01
2.086830735206604004e-01
1.696171462535858154e-01
1.787114739418029785e-01
5.472743511199951172e-01
2.053780257701873779e-01
4.023872911930084229e-01
2.146800607442855835e-01
1.059442386031150818e-01
4.092749953269958496e-01
1.181758493185043335e-01
9.413433074951171875e-02
1.603188216686248779e-01
5.941183492541313171e-02
9.434136748313903809e-02
1.907950043678283691e-01
2.914372086524963379e-01
1.090760901570320129e-01
2.548805475234985352e-01
2.389079034328460693e-01
2.223586589097976685e-01
1.069137603044509888e-01
1.106971278786659241e-01
2.143975496292114258e-01
2.145648598670959473e-01
1.565810143947601318e-01
2.543979883193969727e-01
6.864088028669357300e-02
7.080992311239242554e-02
1.345586776733398438e-01
2.344513982534408569e-01
2.227775454521179199e-01
1.238267123699188232e-01
1.801059693098068237e-01
1.410145163536071777e-01
2.594000995159149170e-01
8.232893049716949463e-02
2.048821896314620972e-01
8.188065886497497559e-02
2.424611747264862061e-01
1.964155584573745728e-01
1.078067719936370850e-01
3.797530233860015869e-01
2.454737275838851929e-01
2.012533843517303467e-01
8.198726922273635864e-02
1.519103646278381348e-01
8.867228031158447266e-02
2.788192033767700195e-01
1.334669291973114014e-01
1.050981283187866211e-01
1.435920447111129761e-01
2.329318523406982422e-01
2.909098267555236816e-01
2.647477388381958008e-01
1.820768415927886963e-01
1.064248830080032349e-01
2.723149955272674561e-01
1.616701036691665649e-01
4.300015792250633240e-02
2.870503067970275879e-01
1.921505779027938843e-01
3.482554852962493896e-02
1.316526085138320923e-01
2.600591182708740234e-01
6.015714257955551147e-02
1.370872855186462402e-01
1.422414630651473999e-01
4.075713828206062317e-02
3.175058960914611816e-01
3.424056172370910645e-01
1.154041513800621033e-01
2.897827625274658203e-01
4.732839465141296387e-01
5.124305933713912964e-02
2.261830866336822510e-01
3.083722591400146484e-01
1.313704997301101685e-01
9.052306413650512695e-02
2.568823993206024170e-01
2.602003514766693115e-01
1.620604842901229858e-01
2.521181106567382812e-01
3.046134114265441895e-01
1.813695281744003296e-01
1.350711882114410400e-01
9.227176010608673096e-02
8.252435177564620972e-02
4.497625231742858887e-01
1.358831524848937988e-01
1.541116535663604736e-01
2.172777354717254639e-01
1.537371575832366943e-01
2.206348925828933716e-01
3.790736943483352661e-02
3.203135728836059570e-01
2.950627207756042480e-01
1.251867115497589111e-01
1.021716669201850891e-01
1.547122001647949219e-01
3.171916604042053223e-01
9.632323682308197021e-02
2.917667031288146973e-01
1.162477880716323853e-01
1.678097397089004517e-01
3.480826914310455322e-01
3.259724974632263184e-01
1.126826331019401550e-01
4.173359870910644531e-01
2.114366292953491211e-01
2.462554275989532471e-01
1.963275521993637085e-01
7.444290816783905029e-02
2.720010876655578613e-01
3.600348532199859619e-02
7.215664535760879517e-02
8.565829694271087646e-02
1.831200122833251953e-01
1.746298372745513916e-01
1.594192683696746826e-01
5.054574012756347656e-01
6.332166194915771484e-01
2.111974358558654785e-01
7.210405170917510986e-02
2.566266357898712158e-01
1.992771774530410767e-01
2.026728540658950806e-01
2.798005640506744385e-01
1.629824340343475342e-01
2.910186350345611572e-01
1.879429519176483154e-01
2.206219732761383057e-01
1.569460332393646240e-01
3.922648429870605469e-01
2.416568100452423096e-01
1.907524466514587402e-01
3.444876968860626221e-01
3.574262261390686035e-01
2.197649180889129639e-01
9.495058655738830566e-02
3.070592880249023438e-01
1.850791275501251221e-01
3.649085015058517456e-02
1.434971988201141357e-01
2.963480651378631592e-01
4.710537195205688477e-02
2.068022042512893677e-01
3.726234138011932373e-01
1.069603711366653442e-01
1.814885884523391724e-01
4.892534017562866211e-02
1.857873201370239258e-01
2.701130509376525879e-01
2.478798031806945801e-01
2.182816863059997559e-01
2.178032100200653076e-01
2.592990398406982422e-01
8.255708217620849609e-02
1.176960468292236328e-01
1.811943352222442627e-01
8.664008975028991699e-02
9.240835905075073242e-02
3.766396045684814453e-01
1.251097172498703003e-01
1.745395362377166748e-01
2.115341722965240479e-01
1.820508092641830444e-01
2.008976042270660400e-01
5.858762189745903015e-02
1.948873698711395264e-01
3.938802182674407959e-01
3.020396828651428223e-01
2.537068724632263184e-01
2.256212234497070312e-01
1.526502817869186401e-01
1.136952042579650879e-01
1.066736951470375061e-01
1.390103846788406372e-01
9.425602853298187256e-02
3.703832924365997314e-01
6.321130692958831787e-02
1.267609596252441406e-01
1.575801521539688110e-01
3.715904057025909424e-01
2.098460048437118530e-01
1.374104022979736328e-01
8.373582363128662109e-02
8.603283017873764038e-02
1.598236858844757080e-01
1.147499233484268188e-01
2.454710155725479126e-01
2.715936303138732910e-01
1.930964589118957520e-01
1.916195750236511230e-01
1.473967432975769043e-01
8.804535865783691406e-02
4.539517313241958618e-02
8.999653905630111694e-02
8.387252688407897949e-02
1.942756623029708862e-01
6.162721291184425354e-02
2.370899915695190430e-01
1.699935495853424072e-01
4.814580082893371582e-01
2.230270504951477051e-01
2.955105602741241455e-01
5.883895605802536011e-02
1.905018836259841919e-01
1.329212784767150879e-01
9.721474349498748779e-02
2.395679652690887451e-01
2.227516323328018188e-01
2.350566387176513672e-01
2.063694596290588379e-01
9.644211828708648682e-02
1.275691092014312744e-01
1.312665343284606934e-01
1.511384248733520508e-01
2.467539757490158081e-01
1.886733323335647583e-01
1.732113361358642578e-01
1.884194761514663696e-01
4.262190461158752441e-01
2.092030346393585205e-01
2.299237698316574097e-01
8.055148273706436157e-02
1.888488233089447021e-01
3.871847689151763916e-01
1.568219065666198730e-01
2.878140807151794434e-01
1.214961260557174683e-01
6.738141179084777832e-02
1.695764660835266113e-01
2.868649959564208984e-01
1.249066442251205444e-01
2.244384288787841797e-01
1.602110564708709717e-01
1.700202226638793945e-01
1.034671664237976074e-01
2.652702629566192627e-01
3.939819335937500000e-01
8.471930027008056641e-02
3.297042846679687500e-01
1.947889775037765503e-01
1.847529858350753784e-01
1.018104478716850281e-01
2.018632143735885620e-01
8.994050323963165283e-02
7.382948696613311768e-02
1.554228961467742920e-01
9.870274364948272705e-02
1.443838030099868774e-01
1.710475981235504150e-01
2.622877955436706543e-01
4.264079928398132324e-01
2.087511122226715088e-01
3.239935040473937988e-01
1.737662255764007568e-01
6.658004224300384521e-02
2.303071022033691406e-01
2.007657289505004883e-01
9.867732226848602295e-02
1.431145817041397095e-01
1.490859091281890869e-01
3.554050326347351074e-01
3.153150379657745361e-01
1.261920928955078125e-01
6.161550432443618774e-02
2.163636088371276855e-01
1.332522481679916382e-01
2.451303452253341675e-01
1.578336358070373535e-01
3.205446302890777588e-01
9.654273837804794312e-02
1.385086327791213989e-01
1.174185797572135925e-01
3.643870055675506592e-01
1.307962387800216675e-01
1.703600436449050903e-01
4.638850688934326172e-02
5.493853986263275146e-02
7.332525402307510376e-02
6.325434893369674683e-02
1.262197643518447876e-01
5.164018273353576660e-01
2.273127287626266479e-01
1.947174668312072754e-01
1.757938265800476074e-01
8.885426074266433716e-02
2.103308886289596558e-01
1.652192026376724243e-01
6.572766304016113281e-01
2.862856686115264893e-01
2.456472814083099365e-01
2.154535949230194092e-01
1.820416003465652466e-01
1.738124787807464600e-01
1.409287601709365845e-01
1.024371087551116943e-01
1.943423449993133545e-01
2.978326380252838135e-01
2.148544192314147949e-01
4.701337963342666626e-02
1.741159707307815552e-01
4.068394303321838379e-01
1.747943907976150513e-01
3.938001394271850586e-01
2.219089269638061523e-01
3.170667290687561035e-01
3.456578850746154785e-01
1.446621417999267578e-01
1.829393357038497925e-01
1.550809890031814575e-01
2.517428398132324219e-01
1.775435507297515869e-01
1.428177356719970703e-01
3.681735992431640625e-01
7.953856885433197021e-02
2.755853831768035889e-01
2.724599242210388184e-01
2.549331784248352051e-01
6.701856851577758789e-02
8.553626388311386108e-02
4.192752838134765625e-01
1.697833836078643799e-01
2.056715339422225952e-01
1.494274586439132690e-01
2.362099140882492065e-01
2.879457175731658936e-01
7.979634404182434082e-02
2.737102210521697998e-01
1.432259380817413330e-01
1.435239911079406738e-01
1.312456578016281128e-01
2.480476647615432739e-01
2.452494204044342041e-01
2.138511836528778076e-01
3.305665850639343262e-01
2.241818159818649292e-01
1.982666850090026855e-01
1.970082819461822510e-01
1.300603151321411133e-01
3.151521980762481689e-01
2.060609459877014160e-01
1.392296403646469116e-01
1.651458740234375000e-01
4.368303418159484863e-01
2.296182215213775635e-01
1.088752746582031250e-01
3.283354043960571289e-01
2.447116225957870483e-01
1.579068899154663086e-01
5.423582196235656738e-01
3.150954842567443848e-01
1.908883005380630493e-01
1.907213032245635986e-01
1.441510468721389771e-01
4.222277700901031494e-01
2.587647438049316406e-01
1.847917139530181885e-01
1.931971907615661621e-01
4.726748466491699219e-01
9.612550586462020874e-02
2.562793716788291931e-02
