2.393776923418045044e-01
9.344670176506042480e-02
2.957622408866882324e-01
2.557450234889984131e-01
1.501178741455078125e-01
1.128552034497261047e-01
3.417986035346984863e-01
2.036361694335937500e-01
4.186694324016571045e-01
3.818895518779754639e-01
1.406528502702713013e-01
1.519379466772079468e-01
1.317743957042694092e-01
2.244519591331481934e-01
2.335918098688125610e-01
2.815137803554534912e-01
2.364477813243865967e-01
1.946680098772048950e-01
1.081640422344207764e-01
6.424133479595184326e-02
2.916787266731262207e-01
1.786259710788726807e-01
1.340228468179702759e-01
3.297623991966247559e-01
2.258388996124267578e-01
4.254699349403381348e-01
1.851712465286254883e-01
1.855182647705078125e-01
3.911328017711639404e-01
1.579467952251434326e-01
3.545017838478088379e-01
3.210535049438476562e-01
1.659637838602066040e-01
2.288365960121154785e-01
1.313781142234802246e-01
8.325173705816268921e-02
1.711151897907257080e-01
1.478760093450546265e-01
1.795198172330856323e-01
1.204999983310699463e-01
2.848474979400634766e-01
2.238237708806991577e-01
1.911455988883972168e-01
3.586618304252624512e-01
1.621822863817214966e-01
2.369765937328338623e-01
2.673342823982238770e-01
4.848323166370391846e-01
1.497799903154373169e-01
2.998483479022979736e-01
1.223505809903144836e-01
1.929297298192977905e-01
2.909754216670989990e-01
5.383357405662536621e-02
4.961341917514801025e-01
9.252290427684783936e-02
2.246618270874023438e-01
3.574230372905731201e-01
2.932274043560028076e-01
1.433771550655364990e-01
1.794471740722656250e-01
1.978410631418228149e-01
2.222876101732254028e-01
2.005524039268493652e-01
2.210404574871063232e-01
4.458166360855102539e-01
1.510687768459320068e-01
2.473177611827850342e-01
2.034827172756195068e-01
1.953319013118743896e-01
1.479244530200958252e-01
2.863692939281463623e-01
1.189352795481681824e-01
1.042404323816299438e-01
1.276682168245315552e-01
9.497117996215820312e-02
3.602002859115600586e-01
8.674505352973937988e-02
4.259325861930847168e-01
1.692319065332412720e-01
7.273782789707183838e-02
7.869251072406768799e-02
1.714822947978973389e-01
1.571293920278549194e-01
1.488354444503784180e+00
5.413535237312316895e-01
2.154179513454437256e-01
1.710837781429290771e-01
1.866191327571868896e-01
6.324617266654968262e-01
2.400468885898590088e-01
6.482688188552856445e-01
2.461549788713455200e-01
2.888911366462707520e-01
4.530146718025207520e-01
2.299826741218566895e-01
3.401149511337280273e-01
4.537728428840637207e-01
6.676578521728515625e-01
2.823184132575988770e-01
4.449880123138427734e-01
1.722493767738342285e-01
4.577409327030181885e-01
5.799263715744018555e-01
5.180716514587402344e-01
3.279583156108856201e-01
4.199995100498199463e-01
4.872980117797851562e-01
3.623149394989013672e-01
1.410057544708251953e-01
1.265785992145538330e-01
2.924948334693908691e-01
2.056611776351928711e-01
3.370444774627685547e-01
4.112078547477722168e-01
1.904607117176055908e-01
2.133171856403350830e-01
2.900701761245727539e-01
3.773461282253265381e-02
2.404410839080810547e-01
8.809641003608703613e-02
2.286078631877899170e-01
3.707996606826782227e-01
2.050695270299911499e-01
2.361963391304016113e-01
4.765579700469970703e-01
3.140462934970855713e-01
3.197874426841735840e-01
1.047703921794891357e-01
3.615780472755432129e-01
4.650933742523193359e-01
5.264296531677246094e-01
4.521859288215637207e-01
1.904083788394927979e-01
2.265598922967910767e-01
1.838814318180084229e-01
3.031340241432189941e-01
2.369177192449569702e-01
3.546078801155090332e-01
1.377297490835189819e-01
1.875425577163696289e-01
2.233643978834152222e-01
2.461360245943069458e-01
9.467745572328567505e-02
3.617155551910400391e-01
1.664046943187713623e-01
6.943576335906982422e-01
2.816483378410339355e-01
2.173555195331573486e-01
2.818738818168640137e-01
6.794612854719161987e-02
3.658061027526855469e-01
2.568894624710083008e-01
3.930639028549194336e-01
1.162902265787124634e-01
2.287384867668151855e-01
1.788066476583480835e-01
2.194623053073883057e-01
1.553479135036468506e-01
3.486998081207275391e-01
2.608705163002014160e-01
2.522798478603363037e-01
2.998349666595458984e-01
4.597996175289154053e-01
2.293107509613037109e-01
2.443213462829589844e-01
2.944965362548828125e-01
1.601267904043197632e-01
3.347181677818298340e-01
2.002803236246109009e-01
1.725236326456069946e-01
2.277627885341644287e-01
4.023840427398681641e-01
3.289858102798461914e-01
2.635478973388671875e-01
1.726308763027191162e-01
4.681059420108795166e-01
3.890683352947235107e-01
2.504606246948242188e-01
5.724970102310180664e-01
1.495794206857681274e-01
2.006796598434448242e-01
1.326618790626525879e-01
3.461992144584655762e-01
1.674378961324691772e-01
2.003945857286453247e-01
1.919169723987579346e-01
3.010349273681640625e-01
3.350014388561248779e-01
2.992760539054870605e-01
2.433102726936340332e-01
1.430649608373641968e-01
2.704687416553497314e-01
2.895947396755218506e-01
1.756337881088256836e-01
1.673365533351898193e-01
1.471497565507888794e-01
4.813412427902221680e-01
1.090981066226959229e-01
2.524819076061248779e-01
1.761254072189331055e-01
1.696667224168777466e-01
3.856552839279174805e-01
9.342346340417861938e-02
2.374608516693115234e-01
3.284263312816619873e-01
4.116795659065246582e-01
2.678783237934112549e-01
2.913737297058105469e-01
4.018398523330688477e-01
1.849721968173980713e-01
3.706548810005187988e-01
3.665195703506469727e-01
5.087531805038452148e-01
1.889069378376007080e-01
3.149272799491882324e-01
2.085073590278625488e-01
3.530170023441314697e-01
3.043862283229827881e-01
2.669233083724975586e-01
3.886638283729553223e-01
2.343566119670867920e-01
1.029340028762817383e-01
2.932845652103424072e-01
3.143269419670104980e-01
2.752957344055175781e-01
2.441125512123107910e-01
2.738050520420074463e-01
3.442072868347167969e-01
2.048697173595428467e-01
1.550198942422866821e-01
2.356886863708496094e-01
6.377564668655395508e-01
3.858261108398437500e-01
1.798168718814849854e-01
2.318985760211944580e-01
3.040394783020019531e-01
2.682724893093109131e-01
1.844072639942169189e-01
3.491361737251281738e-01
2.877124547958374023e-01
2.709129154682159424e-01
2.194723635911941528e-01
2.800148725509643555e-01
2.573557496070861816e-01
2.464319169521331787e-01
2.376974821090698242e-01
2.482995390892028809e-01
2.445724159479141235e-01
2.748509049415588379e-01
2.382830977439880371e-01
2.402655184268951416e-01
2.238604724407196045e-01
1.548119783401489258e-01
1.831656992435455322e-01
1.584118902683258057e-01
8.984886854887008667e-02
2.274559140205383301e-01
4.726087450981140137e-01
4.342326521873474121e-01
2.474314272403717041e-01
1.507293879985809326e-01
2.997854948043823242e-01
4.769653081893920898e-01
2.379820346832275391e-01
3.717407286167144775e-01
4.227665662765502930e-01
4.463146328926086426e-01
2.004643231630325317e-01
2.870800793170928955e-01
3.555985987186431885e-01
5.461162924766540527e-01
1.970632970333099365e-01
4.075940251350402832e-01
2.387504279613494873e-01
3.501555025577545166e-01
4.039180278778076172e-01
1.870413720607757568e-01
1.342976689338684082e-01
3.873077034950256348e-01
3.165577352046966553e-01
3.242095708847045898e-01
1.511668860912322998e-01
3.404806554317474365e-01
1.647726595401763916e-01
1.407522261142730713e-01
9.108574688434600830e-02
2.392729520797729492e-01
2.839242815971374512e-01
2.823845744132995605e-01
4.271227121353149414e-01
4.565356969833374023e-01
2.421379238367080688e-01
2.658942639827728271e-01
4.240282773971557617e-01
1.864894926548004150e-01
2.337516546249389648e-01
1.324307620525360107e-01
1.709961146116256714e-01
1.976826488971710205e-01
3.000487983226776123e-01
1.550516486167907715e-01
1.692977845668792725e-01
2.438262403011322021e-01
1.547515094280242920e-01
2.115677744150161743e-01
1.056380793452262878e-01
2.286482900381088257e-01
2.007436752319335938e-01
2.031936049461364746e-01
3.052943944931030273e-01
3.320680260658264160e-01
2.513765096664428711e-01
1.773076951503753662e-01
1.376446485519409180e-01
1.862782984972000122e-01
2.083862125873565674e-01
4.872985184192657471e-01
1.109809875488281250e-01
2.716864347457885742e-01
4.760744571685791016e-01
6.861673593521118164e-01
1.720587164163589478e-01
2.657996118068695068e-01
2.474164366722106934e-01
6.260709762573242188e-01
4.921287894248962402e-01
2.802030444145202637e-01
2.811042666435241699e-01
4.539791345596313477e-01
1.879339218139648438e-01
4.071655869483947754e-01
7.949463278055191040e-02
4.705086350440979004e-01
3.320184648036956787e-01
1.261488795280456543e-01
2.746574282646179199e-01
2.512014210224151611e-01
2.125350832939147949e-01
2.035949975252151489e-01
1.947649121284484863e-01
3.506312668323516846e-01
1.910193711519241333e-01
2.120809108018875122e-01
2.416598200798034668e-01
2.718673944473266602e-01
2.383946180343627930e-01
2.084282338619232178e-01
2.876065671443939209e-01
2.298459410667419434e-01
1.434760689735412598e-01
1.789357066154479980e-01
3.919981122016906738e-01
2.303776741027832031e-01
1.498490720987319946e-01
2.774455845355987549e-01
1.423569917678833008e-01
6.564889103174209595e-02
5.897748470306396484e-01
2.034896612167358398e-01
1.112454980611801147e-01
2.927485108375549316e-01
2.034175395965576172e-01
1.210709065198898315e-01
3.253496885299682617e-01
3.016971945762634277e-01
3.682281970977783203e-01
3.390699923038482666e-01
1.197551190853118896e-01
2.545560598373413086e-01
2.904508113861083984e-01
2.295076549053192139e-01
2.892510294914245605e-01
9.595376253128051758e-02
1.661939918994903564e-01
2.673987150192260742e-01
1.158209145069122314e-01
1.851897686719894409e-01
3.268800377845764160e-01
2.206156700849533081e-01
3.183612823486328125e-01
9.250855445861816406e-02
4.111203551292419434e-01
2.349001169204711914e-01
9.654226154088973999e-02
2.058849036693572998e-01
3.352817595005035400e-01
5.443202257156372070e-01
2.732688784599304199e-01
3.866410553455352783e-01
1.602157056331634521e-01
1.183856129646301270e-01
1.335237771272659302e-01
2.712437212467193604e-01
2.591770291328430176e-01
2.452532798051834106e-01
1.329215466976165771e-01
3.613518476486206055e-01
2.017160952091217041e-01
1.955035328865051270e-01
1.078458204865455627e-01
8.778552711009979248e-02
2.858635485172271729e-01
1.826898753643035889e-01
2.280374169349670410e-01
1.030957251787185669e-01
1.707890033721923828e-01
1.038179248571395874e-01
9.579637646675109863e-02
5.374336615204811096e-02
1.346569806337356567e-01
3.373837172985076904e-01
1.630153059959411621e-01
1.846867054700851440e-01
1.012099683284759521e-01
9.528100490570068359e-02
1.717724502086639404e-01
6.264559626579284668e-01
1.536367833614349365e-01
2.837597727775573730e-01
1.115614622831344604e-01
4.427453279495239258e-01
1.650704443454742432e-01
4.647074937820434570e-01
3.748116791248321533e-01
1.999641805887222290e-01
2.378080785274505615e-01
1.518913954496383667e-01
1.421329081058502197e-01
2.305650413036346436e-01
2.926798462867736816e-01
1.759847998619079590e-01
6.123429536819458008e-01
1.976585984230041504e-01
1.848283261060714722e-01
2.417170703411102295e-01
2.704436779022216797e-01
2.523709535598754883e-01
9.849514067173004150e-02
2.831389307975769043e-01
2.954319715499877930e-01
1.555114984512329102e-01
3.657585680484771729e-01
4.500088095664978027e-01
1.071590036153793335e-01
2.213256806135177612e-01
2.192535102367401123e-01
1.575154364109039307e-01
5.242491960525512695e-01
6.843321323394775391e-01
1.566532552242279053e-01
2.477899044752120972e-01
4.850265383720397949e-01
1.337767243385314941e-01
4.291890561580657959e-01
1.612914055585861206e-01
2.343786507844924927e-01
3.177589774131774902e-01
7.687683403491973877e-02
1.956234425306320190e-01
1.556497067213058472e-01
2.574144601821899414e-01
2.979897260665893555e-01
1.320936679840087891e-01
1.180876567959785461e-01
1.562672257423400879e-01
2.794594764709472656e-01
2.073751091957092285e-01
1.459900140762329102e-01
2.235691100358963013e-01
6.234083697199821472e-02
3.469390869140625000e-01
1.871396452188491821e-01
6.710667908191680908e-02
4.194232821464538574e-01
1.567355841398239136e-01
2.566817700862884521e-01
2.561291456222534180e-01
8.024204522371292114e-02
1.467801928520202637e-01
2.987655401229858398e-01
3.013293445110321045e-01
5.007816553115844727e-01
1.702904701232910156e-01
3.957443833351135254e-01
1.205097436904907227e-01
1.156766787171363831e-01
1.940768361091613770e-01
2.616867721080780029e-01
1.859299987554550171e-01
2.226108014583587646e-01
1.281338930130004883e-01
1.026318967342376709e-01
1.946170926094055176e-01
2.318449467420578003e-01
4.209768176078796387e-01
2.226080745458602905e-01
1.810533702373504639e-01
1.535308063030242920e-01
2.174571901559829712e-01
2.633846402168273926e-01
2.628843784332275391e-01
1.681646108627319336e-01
1.461630463600158691e-01
2.987076640129089355e-01
5.502768158912658691e-01
1.372309327125549316e-01
1.571259796619415283e-01
2.896566987037658691e-01
2.406410127878189087e-01
3.022845685482025146e-01
4.031641781330108643e-01
2.161184847354888916e-01
3.496744930744171143e-01
1.132543683052062988e-01
2.281033992767333984e-01
2.085579633712768555e-01
1.835891008377075195e-01
1.281115561723709106e-01
1.461994349956512451e-01
4.235540628433227539e-01
4.759520590305328369e-01
3.322470784187316895e-01
1.816446483135223389e-01
3.636129498481750488e-01
9.087179601192474365e-02
1.651036590337753296e-01
3.853754103183746338e-01
1.984401047229766846e-01
4.514256119728088379e-01
2.997937798500061035e-01
4.374104738235473633e-01
1.024236902594566345e-01
7.158568501472473145e-02
5.991837978363037109e-01
2.066697478294372559e-01
1.604921817779541016e-01
2.817184925079345703e-01
1.715811192989349365e-01
2.905355691909790039e-01
1.238459646701812744e-01
2.070763111114501953e-01
4.229395687580108643e-01
1.229514777660369873e-01
2.514925003051757812e-01
7.482190430164337158e-02
9.909617900848388672e-02
2.864596843719482422e-01
2.702606916427612305e-01
2.419727593660354614e-01
1.690414845943450928e-01
1.936740279197692871e-01
2.491923272609710693e-01
1.617959141731262207e-01
2.142098844051361084e-01
1.568045914173126221e-01
4.288590252399444580e-01
3.089250326156616211e-01
9.267081320285797119e-02
2.236692607402801514e-01
4.461118578910827637e-01
3.890248537063598633e-01
1.783330738544464111e-01
2.533318698406219482e-01
1.476843357086181641e-01
4.532926380634307861e-01
2.302086651325225830e-01
3.033971190452575684e-01
2.198905050754547119e-01
2.387868016958236694e-01
1.236686035990715027e-01
1.147489175200462341e-01
5.410825610160827637e-01
3.154867887496948242e-01
3.346981704235076904e-01
4.213019013404846191e-01
2.693158984184265137e-01
3.075540959835052490e-01
1.802475452423095703e-01
2.535800039768218994e-01
3.219562768936157227e-01
1.634511053562164307e-01
1.209145411849021912e-01
5.881006643176078796e-02
4.333317279815673828e-01
7.006791234016418457e-02
1.567881554365158081e-01
4.574043750762939453e-01
2.761074304580688477e-01
3.501681387424468994e-01
2.101371586322784424e-01
7.557919621467590332e-02
2.589424550533294678e-01
1.905815601348876953e-01
1.074102818965911865e-01
2.425964474678039551e-01
2.119273543357849121e-01
1.683704406023025513e-01
1.577011644840240479e-01
3.365071713924407959e-01
1.061570346355438232e-01
3.444301784038543701e-01
2.549604773521423340e-01
1.545878648757934570e-01
1.082892343401908875e-01
3.651699125766754150e-01
1.658585369586944580e-01
2.961257994174957275e-01
3.256157934665679932e-01
1.757260411977767944e-01
1.707485318183898926e-01
3.710247278213500977e-01
8.747905492782592773e-02
3.482440114021301270e-01
7.749459147453308105e-02
5.298885107040405273e-01
6.657618284225463867e-02
2.861782908439636230e-01
2.877625226974487305e-01
1.712889075279235840e-01
1.942335665225982666e-01
1.192594319581985474e-01
2.508150637149810791e-01
2.989990711212158203e-01
2.930644750595092773e-01
1.787907481193542480e-01
1.902951300144195557e-01
1.173112168908119202e-01
2.321024984121322632e-01
3.194496631622314453e-01
8.446457982063293457e-02
2.959617972373962402e-01
2.543123364448547363e-01
2.849037051200866699e-01
3.198683857917785645e-01
3.200390338897705078e-01
2.307367324829101562e-01
2.535217106342315674e-01
2.130734920501708984e-01
2.806356251239776611e-01
2.317677140235900879e-01
2.661254703998565674e-01
3.854399919509887695e-01
4.115967452526092529e-01
2.019071131944656372e-01
1.638406515121459961e-01
2.668913900852203369e-01
9.109413623809814453e-02
1.604976058006286621e-01
4.505682885646820068e-01
1.917650103569030762e-01
2.309902310371398926e-01
2.028074860572814941e-01
2.334556132555007935e-01
1.142031699419021606e-01
1.645976603031158447e-01
1.854316145181655884e-01
2.546189725399017334e-01
3.101443350315093994e-01
4.032104909420013428e-01
1.185995638370513916e-01
2.480530291795730591e-01
2.377792298793792725e-01
1.160660535097122192e-01
3.219154477119445801e-01
2.004589140415191650e-01
1.359058320522308350e-01
2.059653848409652710e-01
1.481790840625762939e-01
2.163899093866348267e-01
2.175854295492172241e-01
2.767576575279235840e-01
2.121203839778900146e-01
1.192390620708465576e-01
4.052749276161193848e-01
2.309408485889434814e-01
2.211575806140899658e-01
2.278584539890289307e-01
3.510340452194213867e-01
3.853223919868469238e-01
2.107723504304885864e-01
3.466290235519409180e-01
8.105730265378952026e-02
3.452937602996826172e-01
3.571233153343200684e-01
2.283381521701812744e-01
8.264544606208801270e-02
1.624128520488739014e-01
2.236156612634658813e-01
4.219565093517303467e-01
1.378196030855178833e-01
3.078915476799011230e-01
2.340395897626876831e-01
1.001398116350173950e-01
1.027321219444274902e-01
2.195196449756622314e-01
3.451215028762817383e-01
1.110175251960754395e-01
1.788340806961059570e-01
7.369808554649353027e-01
3.901372551918029785e-01
2.558750808238983154e-01
1.644057631492614746e-01
1.256838142871856689e-01
2.313782870769500732e-01
2.259152233600616455e-01
6.533257663249969482e-02
2.261289209127426147e-01
3.364734649658203125e-01
3.206867575645446777e-01
3.670177459716796875e-01
3.063397109508514404e-01
1.922829896211624146e-01
7.904456555843353271e-02
3.465594053268432617e-01
3.292492628097534180e-01
1.523520797491073608e-01
2.973468899726867676e-01
2.138465046882629395e-01
1.917044520378112793e-01
1.904151141643524170e-01
4.419363737106323242e-01
5.387043356895446777e-01
1.358772814273834229e-01
1.285159587860107422e-01
9.101250022649765015e-02
3.101198673248291016e-01
1.450806856155395508e-01
2.964624762535095215e-01
2.803257405757904053e-01
1.307593137025833130e-01
3.029994666576385498e-01
2.896119654178619385e-01
1.684919893741607666e-01
2.629351913928985596e-01
1.845476329326629639e-01
2.503751516342163086e-01
2.987401783466339111e-01
4.121327698230743408e-01
2.253038436174392700e-01
2.576724588871002197e-01
3.170016705989837646e-01
1.777798682451248169e-01
2.324314862489700317e-01
1.240924000740051270e-01
3.542531132698059082e-01
3.277051448822021484e-01
5.463195219635963440e-02
1.614866703748703003e-01
3.882223665714263916e-01
1.231231689453125000e-01
2.079372704029083252e-01
1.555515527725219727e-01
1.668590903282165527e-01
3.081175982952117920e-01
2.063413560390472412e-01
2.820407152175903320e-01
6.610888242721557617e-02
5.468115210533142090e-01
1.090477555990219116e-01
2.359175086021423340e-01
1.225975751876831055e-01
8.803442865610122681e-02
2.378434836864471436e-01
1.098233461380004883e-01
4.015435576438903809e-01
1.889792680740356445e-01
1.137599498033523560e-01
3.060991168022155762e-01
5.005514621734619141e-02
2.099848240613937378e-01
2.476631104946136475e-01
8.339771628379821777e-02
4.757206439971923828e-01
1.983494162559509277e-01
3.346940279006958008e-01
2.726211547851562500e-01
2.075460255146026611e-01
2.510458230972290039e-01
1.533519327640533447e-01
9.336432814598083496e-02
6.820754706859588623e-02
3.165137469768524170e-01
4.334770441055297852e-01
3.165926635265350342e-01
1.954219788312911987e-01
1.804493516683578491e-01
2.778983116149902344e-01
3.207318484783172607e-01
2.482298612594604492e-01
1.240520179271697998e-01
2.552936077117919922e-01
8.458056300878524780e-02
3.676260709762573242e-01
4.056928753852844238e-01
1.790279597043991089e-01
3.277286291122436523e-01
2.469723373651504517e-01
1.782445311546325684e-01
3.802065551280975342e-01
4.466794133186340332e-01
1.752012521028518677e-01
2.683168053627014160e-01
7.194608449935913086e-02
2.348609417676925659e-01
1.495708823204040527e-01
3.575546443462371826e-01
2.002292275428771973e-01
1.431151926517486572e-01
1.141286864876747131e-01
3.366253972053527832e-01
3.365051746368408203e-01
1.299518495798110962e-01
1.119398027658462524e-01
3.431075215339660645e-01
2.032703757286071777e-01
2.713605165481567383e-01
3.311072885990142822e-01
3.697483539581298828e-01
1.301535665988922119e-01
1.430450528860092163e-01
1.154956221580505371e-01
6.368672102689743042e-02
9.381434321403503418e-02
1.789249330759048462e-01
4.672234356403350830e-01
2.188874781131744385e-01
2.982508242130279541e-01
1.058701500296592712e-01
1.363653689622879028e-01
3.079293668270111084e-01
2.209105789661407471e-01
6.510205864906311035e-01
2.085119783878326416e-01
2.968373298645019531e-01
1.649174988269805908e-01
1.258332431316375732e-01
2.801357209682464600e-01
2.615881562232971191e-01
3.687554001808166504e-01
7.159943878650665283e-02
2.211084812879562378e-01
3.482915759086608887e-01
2.778991162776947021e-01
3.314288556575775146e-01
2.342800050973892212e-01
2.205783128738403320e-01
7.762821018695831299e-02
3.636973500251770020e-01
3.461843132972717285e-01
4.232476651668548584e-01
3.426735401153564453e-01
4.270766377449035645e-01
3.473912179470062256e-01
2.736471593379974365e-01
3.806003928184509277e-01
1.778865605592727661e-01
3.232640922069549561e-01
2.297693490982055664e-01
1.913832724094390869e-01
1.783797442913055420e-01
1.464618742465972900e-01
1.647412925958633423e-01
1.371870040893554688e-01
1.546857506036758423e-01
1.710458695888519287e-01
2.773690968751907349e-02
2.057268917560577393e-01
2.616114616394042969e-01
2.952278554439544678e-01
1.311198025941848755e-01
1.884260624647140503e-01
1.986015290021896362e-01
3.262469470500946045e-01
3.505099713802337646e-01
1.484737843275070190e-01
2.047293782234191895e-01
3.323058485984802246e-01
1.992928236722946167e-01
7.407051324844360352e-02
1.640028059482574463e-01
2.067788988351821899e-01
2.475541681051254272e-01
1.472586095333099365e-01
1.899003088474273682e-01
1.290331333875656128e-01
2.661832869052886963e-01
2.518216669559478760e-01
4.126465320587158203e-01
3.030285537242889404e-01
1.459917426109313965e-01
2.092930376529693604e-01
2.311957776546478271e-01
2.912355065345764160e-01
3.339119553565979004e-01
2.054498791694641113e-01
2.187437713146209717e-01
5.061339139938354492e-01
2.937191128730773926e-01
1.332747340202331543e-01
5.625196099281311035e-01
1.509296298027038574e-01
3.044754564762115479e-01
8.682411164045333862e-02
1.608968973159790039e-01
2.811965644359588623e-01
2.411622703075408936e-01
3.517126441001892090e-01
1.599345505237579346e-01
1.164210587739944458e-01
1.266848593950271606e-01
4.322871565818786621e-01
1.786777079105377197e-01
4.159502387046813965e-01
3.773601055145263672e-01
4.017369151115417480e-01
2.405884265899658203e-01
2.030688077211380005e-01
2.173928320407867432e-01
4.843809604644775391e-01
9.800714254379272461e-01
4.655439555644989014e-01
2.211294770240783691e-01
2.806173264980316162e-01
1.143967285752296448e-01
2.636967897415161133e-01
1.868496835231781006e-01
2.595755755901336670e-01
3.943965137004852295e-01
2.558211684226989746e-01
3.856170177459716797e-01
1.989517509937286377e-01
1.054630726575851440e-01
3.390613198280334473e-01
3.444814682006835938e-01
1.493386477231979370e-01
2.499760240316390991e-01
8.798592537641525269e-02
2.306315302848815918e-01
9.304159134626388550e-02
3.078866302967071533e-01
3.036716580390930176e-01
2.799839377403259277e-01
2.986903488636016846e-01
2.699146568775177002e-01
1.520346850156784058e-01
2.339590191841125488e-01
2.669664621353149414e-01
2.204421758651733398e-01
1.705423146486282349e-01
2.235964536666870117e-01
2.853984236717224121e-01
3.428449630737304688e-01
2.830364704132080078e-01
1.411215811967849731e-01
1.787997782230377197e-01
2.524471879005432129e-01
1.104965507984161377e-01
3.742402791976928711e-01
4.956853091716766357e-01
2.559496760368347168e-01
9.070298820734024048e-02
3.130038678646087646e-01
1.331345289945602417e-01
1.365472078323364258e-01
7.758383452892303467e-02
2.917779386043548584e-01
2.640255987644195557e-01
2.683206200599670410e-01
7.063710689544677734e-01
2.811749875545501709e-01
2.932838499546051025e-01
2.974261045455932617e-01
8.895143121480941772e-02
1.446497738361358643e-01
2.854717373847961426e-01
2.793621718883514404e-01
8.103975653648376465e-02
4.752642512321472168e-01
3.216274976730346680e-01
1.444150209426879883e-01
4.117257893085479736e-01
2.961122095584869385e-01
2.492961287498474121e-01
3.048399388790130615e-01
2.538754343986511230e-01
1.796753555536270142e-01
2.778333425521850586e-01
2.056775093078613281e-01
2.879677116870880127e-01
3.740044236183166504e-01
2.147914171218872070e-01
3.436932563781738281e-01
3.523856401443481445e-01
2.620652914047241211e-01
5.447872281074523926e-01
1.393275111913681030e-01
2.188447713851928711e-01
1.925806403160095215e-01
1.315017044544219971e-01
1.373531818389892578e-01
1.714460551738739014e-01
8.587028831243515015e-02
3.035660088062286377e-01
3.783906996250152588e-01
1.646030545234680176e-01
2.552410960197448730e-01
1.468329280614852905e-01
2.739121913909912109e-01
1.024322807788848877e-01
2.083195745944976807e-01
5.784934163093566895e-01
9.710081666707992554e-02
3.535830676555633545e-01
3.817583024501800537e-01
8.660113811492919922e-02
1.520270705223083496e-01
2.831726670265197754e-01
1.865189373493194580e-01
4.187448024749755859e-01
2.510313987731933594e-01
1.175707131624221802e-01
2.856398522853851318e-01
3.075118660926818848e-01
2.017895728349685669e-01
2.128462344408035278e-01
1.816441267728805542e-01
1.621762365102767944e-01
1.082706600427627563e-01
2.170758992433547974e-01
2.731434106826782227e-01
2.126620709896087646e-01
2.202000021934509277e-01
8.901927620172500610e-02
1.684777289628982544e-01
3.601907789707183838e-01
2.771231830120086670e-01
3.231066465377807617e-01
2.247008085250854492e-01
1.634336113929748535e-01
2.983826994895935059e-01
3.154485821723937988e-01
3.235146403312683105e-01
1.992831975221633911e-01
1.277091205120086670e-01
1.894025802612304688e-01
2.662882208824157715e-01
1.823376417160034180e-01
2.559967637062072754e-01
1.799116730690002441e-01
1.661846041679382324e-01
2.777687311172485352e-01
2.395642697811126709e-01
7.807803153991699219e-02
5.582810193300247192e-02
3.414555191993713379e-01
3.603821992874145508e-01
5.489066243171691895e-02
3.709640502929687500e-01
1.567521542310714722e-01
2.085830420255661011e-01
2.124745845794677734e-01
2.692055404186248779e-01
6.290192008018493652e-01
2.858812808990478516e-01
2.342822849750518799e-01
7.694723606109619141e-01
4.244210124015808105e-01
1.974560618400573730e-01
1.884346306324005127e-01
1.924615800380706787e-01
2.143540978431701660e-01
1.632350385189056396e-01
1.834123283624649048e-01
2.356430292129516602e-01
1.590749174356460571e-01
2.605341374874114990e-01
1.749768555164337158e-01
1.035646572709083557e-01
5.481736063957214355e-01
3.367425799369812012e-01
2.027253210544586182e-01
1.792805492877960205e-01
1.145587563514709473e-01
1.435542404651641846e-01
4.585085511207580566e-01
4.436942040920257568e-01
2.587085664272308350e-01
1.959145069122314453e-01
1.304948180913925171e-01
3.601060807704925537e-01
3.685081005096435547e-01
1.424452364444732666e-01
1.073619276285171509e-01
4.032654762268066406e-01
2.639772295951843262e-01
1.491804867982864380e-01
2.689351439476013184e-01
1.309458911418914795e-01
3.561772108078002930e-01
2.836589217185974121e-01
2.800525426864624023e-01
1.769907474517822266e-01
3.211962580680847168e-01
2.573709487915039062e-01
1.988498419523239136e-01
1.525696516036987305e-01
5.242812037467956543e-01
3.462786972522735596e-01
1.212303191423416138e-01
3.084581494331359863e-01
1.795936226844787598e-01
1.134812161326408386e-01
3.396876156330108643e-02
6.235839128494262695e-01
2.602488398551940918e-01
4.253536760807037354e-01
2.103619426488876343e-01
1.691462844610214233e-01
1.529259234666824341e-01
3.128069937229156494e-01
2.715424895286560059e-01
2.162349224090576172e-01
1.406547725200653076e-01
1.614516377449035645e-01
1.985599100589752197e-01
1.935379505157470703e-01
2.185240387916564941e-01
2.533006966114044189e-01
1.846781969070434570e-01
1.260574162006378174e-01
2.304355949163436890e-01
6.050241366028785706e-02
1.208034753799438477e-01
4.086455106735229492e-01
2.548626661300659180e-01
7.520204782485961914e-02
8.858578652143478394e-02
8.771367371082305908e-02
1.852493435144424438e-01
9.536258876323699951e-02
2.182084172964096069e-01
6.157542765140533447e-02
1.251711994409561157e-01
4.607682824134826660e-01
2.858844399452209473e-01
1.586293578147888184e-01
4.065109491348266602e-01
2.440865635871887207e-01
1.478829383850097656e-01
2.338427603244781494e-01
1.567505598068237305e-01
9.641219675540924072e-02
1.082203015685081482e-01
2.190019190311431885e-01
1.936569660902023315e-01
1.381586492061614990e-01
9.137135744094848633e-02
5.543291941285133362e-02
9.689792990684509277e-02
1.396259069442749023e-01
5.176016315817832947e-02
3.984322398900985718e-02
1.669133752584457397e-01
5.735985040664672852e-01
2.119611501693725586e-01
3.878182172775268555e-01
3.438708186149597168e-01
2.799397706985473633e-01
1.898155212402343750e-01
1.238595694303512573e-01
3.279467225074768066e-01
2.156880646944046021e-01
3.059751391410827637e-01
2.826400995254516602e-01
2.435625642538070679e-01
1.501737534999847412e-01
3.595479130744934082e-01
3.757032155990600586e-01
3.362513184547424316e-01
2.845415472984313965e-01
3.575758337974548340e-01
2.321776002645492554e-01
2.113848924636840820e-01
2.482032775878906250e-01
2.085269987583160400e-01
3.411155641078948975e-01
1.606097221374511719e-01
1.402923166751861572e-01
1.889537870883941650e-01
1.970596611499786377e-01
1.268755346536636353e-01
4.811624065041542053e-02
1.376134604215621948e-01
2.373420000076293945e-01
3.228846788406372070e-01
2.335804104804992676e-01
9.421684592962265015e-02
1.720560789108276367e-01
3.718820512294769287e-01
2.566304504871368408e-01
3.623090088367462158e-01
4.114908277988433838e-01
2.361668795347213745e-01
1.939402073621749878e-01
2.082135081291198730e-01
1.805591881275177002e-01
5.687678456306457520e-01
2.062894105911254883e-01
2.359201014041900635e-01
1.144397407770156860e-01
3.440418541431427002e-01
2.276386022567749023e-01
1.784704476594924927e-01
8.611321449279785156e-02
2.520675659179687500e-01
9.343147277832031250e-02
2.632044255733489990e-01
1.764722317457199097e-01
2.427276670932769775e-01
1.627257913351058960e-01
1.850008815526962280e-01
2.409351319074630737e-01
2.560313344001770020e-01
2.826214134693145752e-01
2.474591434001922607e-01
2.080481499433517456e-01
3.723341822624206543e-01
2.798385024070739746e-01
1.870269775390625000e-01
2.049956917762756348e-01
2.028132677078247070e-01
3.861619830131530762e-01
1.246727555990219116e-01
2.347421497106552124e-01
1.059269383549690247e-01
9.345019608736038208e-02
9.458690881729125977e-02
1.934370100498199463e-01
1.031897664070129395e-01
2.353530824184417725e-01
3.496995866298675537e-01
4.130647331476211548e-02
2.325027585029602051e-01
3.571487665176391602e-01
1.042445525527000427e-01
