1.942214816808700562e-01
1.846934556961059570e-01
1.605072021484375000e-01
1.984785944223403931e-01
4.340353608131408691e-01
2.298374623060226440e-01
7.087900489568710327e-02
2.450409531593322754e-01
4.158889353275299072e-01
6.040774285793304443e-02
5.416283756494522095e-02
1.344969570636749268e-01
4.413809627294540405e-02
3.878981620073318481e-02
1.184393092989921570e-01
5.627255514264106750e-02
1.061230450868606567e-01
1.964375674724578857e-01
1.241840273141860962e-01
4.513347521424293518e-02
2.168419361114501953e-01
2.923583686351776123e-01
1.110827848315238953e-01
1.362513899803161621e-01
3.203947842121124268e-01
7.198040932416915894e-02
8.731596916913986206e-02
1.789121329784393311e-01
4.551968723535537720e-02
1.999324113130569458e-01
3.372426331043243408e-01
2.528513967990875244e-01
4.060153365135192871e-01
7.845355570316314697e-02
2.924207746982574463e-01
4.832704365253448486e-02
2.037832438945770264e-01
1.850636005401611328e-01
2.709779739379882812e-01
1.719523072242736816e-01
6.067793816328048706e-02
2.145622074604034424e-01
8.568187803030014038e-02
1.005500033497810364e-01
2.655472159385681152e-01
4.524518549442291260e-01
1.421065479516983032e-01
2.873463630676269531e-01
4.318162798881530762e-02
1.964877545833587646e-01
2.309711277484893799e-01
2.120840400457382202e-01
1.489701718091964722e-01
1.330814063549041748e-01
1.826753169298171997e-01
1.556524336338043213e-01
1.959007084369659424e-01
4.213954880833625793e-02
4.416627436876296997e-02
6.466080993413925171e-02
7.420106977224349976e-02
1.797585785388946533e-01
1.970905661582946777e-01
6.705056875944137573e-02
3.449482321739196777e-01
3.345803618431091309e-01
8.820573985576629639e-02
4.342716336250305176e-01
3.150418996810913086e-01
1.427434384822845459e-01
1.562377810478210449e-01
2.107917666435241699e-01
1.137638464570045471e-01
9.210830926895141602e-02
1.896806359291076660e-01
9.969641268253326416e-02
1.313412487506866455e-01
3.557278513908386230e-01
1.162721216678619385e-01
1.559809744358062744e-01
1.789906919002532959e-01
1.163292974233627319e-01
5.573356151580810547e-02
1.380265653133392334e-01
3.012715578079223633e-01
1.924579739570617676e-01
2.161723524332046509e-01
7.522580027580261230e-02
4.854712635278701782e-02
1.535709947347640991e-01
9.364525973796844482e-02
1.612041294574737549e-01
5.432291328907012939e-02
2.879003584384918213e-01
1.727274358272552490e-01
1.136628091335296631e-01
1.710142642259597778e-01
9.501308947801589966e-02
1.063107252120971680e-01
5.967176705598831177e-02
1.016068905591964722e-01
5.251754522323608398e-01
2.635252773761749268e-01
4.337528645992279053e-01
2.251229137182235718e-01
1.211664378643035889e-01
2.665485143661499023e-01
5.528638139367103577e-02
1.287939101457595825e-01
2.458218932151794434e-01
1.546473503112792969e-01
1.951665580272674561e-01
2.469802945852279663e-01
3.044281601905822754e-01
6.920637190341949463e-02
1.920994967222213745e-01
1.858669072389602661e-01
5.917559564113616943e-02
3.269123435020446777e-01
3.544581681489944458e-02
5.354539677500724792e-02
2.539457976818084717e-01
2.237394899129867554e-01
2.246536165475845337e-01
3.794968724250793457e-01
4.210062325000762939e-01
9.241499751806259155e-02
3.631017804145812988e-01
2.448566854000091553e-01
1.274468600749969482e-01
3.099240064620971680e-01
1.501756161451339722e-01
6.137139201164245605e-01
9.791470319032669067e-02
1.858184784650802612e-01
2.730722427368164062e-01
2.202826738357543945e-02
1.896564066410064697e-01
3.871615529060363770e-01
8.442696183919906616e-02
2.415482141077518463e-02
1.360278427600860596e-01
8.024460077285766602e-02
3.909223526716232300e-02
1.730486750602722168e-01
5.321134254336357117e-02
3.996564745903015137e-01
4.070309102535247803e-01
1.545109748840332031e-01
7.318800687789916992e-02
8.273464441299438477e-02
2.133927345275878906e-01
1.063160747289657593e-01
7.167483866214752197e-02
1.019309759140014648e-01
1.155608296394348145e-01
3.364641070365905762e-01
6.863788515329360962e-02
4.427069425582885742e-02
5.727413892745971680e-01
2.413422316312789917e-01
1.001231521368026733e-01
1.139069125056266785e-01
1.217402890324592590e-01
3.409872055053710938e-01
2.322317808866500854e-01
8.909765630960464478e-02
6.259880959987640381e-02
7.443527877330780029e-02
6.879197061061859131e-02
1.115989014506340027e-01
2.152772396802902222e-01
1.391739696264266968e-01
2.173558920621871948e-01
5.630550906062126160e-02
1.043835878372192383e-01
3.514584153890609741e-02
3.976321220397949219e-02
1.927054673433303833e-01
1.021830290555953979e-01
7.073626667261123657e-02
1.446398794651031494e-01
7.276943325996398926e-02
1.996033936738967896e-01
4.680160060524940491e-02
5.096064135432243347e-02
1.006205305457115173e-01
3.480013012886047363e-01
1.703326404094696045e-01
4.095731675624847412e-02
3.974267542362213135e-01
9.647817164659500122e-02
2.768382132053375244e-01
1.256680339574813843e-01
1.158460378646850586e-01
1.441377699375152588e-01
1.943653821945190430e-01
9.962455928325653076e-02
4.869054630398750305e-02
1.715927720069885254e-01
1.945224404335021973e-01
1.683343797922134399e-01
5.681194067001342773e-01
3.145889341831207275e-01
2.096705138683319092e-01
1.797610372304916382e-01
2.684788107872009277e-01
3.712020814418792725e-02
4.962192475795745850e-02
1.684609651565551758e-01
2.129833102226257324e-01
2.335265129804611206e-01
4.133115410804748535e-01
3.163918554782867432e-01
6.683801859617233276e-02
1.782254278659820557e-01
7.970370352268218994e-02
5.659349262714385986e-02
2.985555231571197510e-01
2.857755422592163086e-01
1.322344243526458740e-01
1.298924386501312256e-01
2.063548713922500610e-01
1.678415238857269287e-01
1.154545545578002930e-01
9.858574718236923218e-02
1.558565497398376465e-01
2.321588099002838135e-01
1.721263229846954346e-01
1.966751813888549805e-01
2.442888021469116211e-01
8.005141466856002808e-02
5.255656316876411438e-02
1.423914432525634766e-01
4.753527045249938965e-01
6.418612599372863770e-02
7.590452581644058228e-02
1.093514859676361084e-01
1.147836670279502869e-01
1.919583678245544434e-01
9.649856388568878174e-02
9.316608309745788574e-02
1.010653376579284668e-01
1.208858340978622437e-01
2.661406397819519043e-01
2.356712818145751953e-01
1.208372861146926880e-01
1.521874815225601196e-01
8.663921058177947998e-02
1.272868663072586060e-01
3.306697905063629150e-01
1.270131915807723999e-01
1.119241937994956970e-01
2.103416621685028076e-01
1.056444346904754639e-01
4.142368584871292114e-02
2.208258956670761108e-02
4.379918426275253296e-02
2.886781096458435059e-01
2.862178087234497070e-01
1.910557299852371216e-01
2.178819626569747925e-01
2.832719087600708008e-01
1.462143957614898682e-01
1.605450958013534546e-01
3.478051424026489258e-01
7.461579889059066772e-02
1.365174055099487305e-01
5.060704424977302551e-02
9.202140569686889648e-02
5.256541818380355835e-02
2.643906176090240479e-01
7.189486920833587646e-02
1.286912262439727783e-01
2.441335767507553101e-01
3.043431043624877930e-01
9.974463284015655518e-02
3.134407699108123779e-01
3.493790030479431152e-01
2.849694490432739258e-01
3.570904135704040527e-01
1.016920134425163269e-01
7.321387529373168945e-02
1.161295771598815918e-01
2.250990569591522217e-01
3.490810841321945190e-02
7.745853066444396973e-02
1.450694948434829712e-01
1.015354320406913757e-01
5.682645365595817566e-02
2.931176312267780304e-02
3.056586682796478271e-01
9.936082363128662109e-02
2.235979735851287842e-01
4.012509286403656006e-01
2.191647887229919434e-01
1.607206165790557861e-01
2.030733078718185425e-01
1.714024990797042847e-01
1.025240421295166016e-01
9.766294062137603760e-02
1.340124309062957764e-01
1.329979896545410156e-01
1.840571872889995575e-02
6.169240921735763550e-02
2.839808464050292969e-01
3.134352862834930420e-01
9.257330000400543213e-02
6.657411158084869385e-02
1.843521445989608765e-01
3.306196033954620361e-01
3.634585738182067871e-01
4.344455301761627197e-01
2.109070718288421631e-01
1.265157163143157959e-01
9.166176617145538330e-02
1.486717760562896729e-01
1.144584491848945618e-01
2.147070914506912231e-01
1.668737977743148804e-01
1.702040582895278931e-01
5.794913321733474731e-02
3.099068105220794678e-01
2.093831598758697510e-01
1.770591735839843750e-01
3.458186984062194824e-01
9.897358715534210205e-02
1.789044886827468872e-01
2.158761322498321533e-01
1.284070461988449097e-01
2.571933865547180176e-01
7.006490230560302734e-02
1.372686475515365601e-01
2.264281213283538818e-01
4.062516987323760986e-01
1.109179556369781494e-01
2.650643587112426758e-01
7.766136527061462402e-02
1.136219426989555359e-01
1.049164682626724243e-01
7.415461540222167969e-02
1.699523925781250000e-01
2.223798483610153198e-01
1.744749695062637329e-01
2.771568894386291504e-01
1.245589032769203186e-01
3.020153641700744629e-01
3.818945586681365967e-01
1.629856526851654053e-01
6.055254116654396057e-02
1.265760362148284912e-01
1.761194169521331787e-01
1.215741187334060669e-01
1.045708209276199341e-01
6.567598879337310791e-02
6.150771304965019226e-02
1.198218017816543579e-01
6.608048081398010254e-02
2.017868757247924805e-01
2.611983418464660645e-01
1.340691149234771729e-01
1.583019644021987915e-01
1.568458378314971924e-01
9.658038616180419922e-02
9.948200732469558716e-02
1.419754624366760254e-01
3.273604512214660645e-01
1.082261353731155396e-01
1.478897184133529663e-01
2.403764426708221436e-01
1.356004476547241211e-01
7.882498949766159058e-02
3.684456050395965576e-01
2.502416968345642090e-01
1.902314722537994385e-01
8.765936642885208130e-02
2.072666138410568237e-01
2.250673770904541016e-01
2.902440726757049561e-01
1.191886663436889648e-01
1.095827221870422363e-01
2.556012943387031555e-02
3.958045691251754761e-02
1.934631615877151489e-01
2.141888290643692017e-01
8.576406538486480713e-02
1.588222533464431763e-01
1.437184512615203857e-01
4.063519239425659180e-01
2.030564099550247192e-01
8.895969390869140625e-02
1.229780912399291992e-01
1.061985865235328674e-01
1.572240591049194336e-01
1.024681776762008667e-01
5.430195480585098267e-02
4.442833736538887024e-02
1.381591260433197021e-01
3.487249091267585754e-02
8.224252611398696899e-02
1.206019669771194458e-01
2.922062277793884277e-01
1.046646162867546082e-01
3.790249228477478027e-01
5.881844460964202881e-02
6.901603937149047852e-02
1.675812900066375732e-01
4.919120296835899353e-02
1.522960811853408813e-01
4.227620363235473633e-02
9.418600052595138550e-02
3.215385228395462036e-02
3.440407812595367432e-01
1.333002448081970215e-01
1.212464794516563416e-01
3.439157083630561829e-02
4.218466877937316895e-01
9.820701181888580322e-02
2.850007712841033936e-01
1.197053641080856323e-01
2.779603600502014160e-01
2.094127833843231201e-01
4.207260906696319580e-02
3.979108482599258423e-02
7.466764748096466064e-02
7.093983888626098633e-02
1.948629766702651978e-01
1.943026483058929443e-01
2.496213093400001526e-02
7.023265212774276733e-02
2.576942443847656250e-01
1.472323685884475708e-01
3.056689500808715820e-01
2.117683440446853638e-01
2.480390220880508423e-01
2.459524571895599365e-02
3.994002565741539001e-02
1.505870372056961060e-01
2.685073912143707275e-01
8.365706354379653931e-02
8.659800887107849121e-02
1.327432543039321899e-01
3.315362334251403809e-01
2.302341163158416748e-01
1.070378348231315613e-01
2.045905031263828278e-02
2.166212350130081177e-01
6.540980190038681030e-02
3.565473109483718872e-02
1.094503775238990784e-01
3.351466357707977295e-01
9.125270694494247437e-02
2.055602371692657471e-01
1.625907123088836670e-01
3.519414365291595459e-01
2.416913211345672607e-01
4.020587801933288574e-01
2.346990555524826050e-01
8.560240268707275391e-02
1.031120270490646362e-01
1.385627985000610352e-01
1.430403441190719604e-01
4.301421716809272766e-02
1.509201228618621826e-01
8.778635412454605103e-02
3.272949159145355225e-01
1.659677177667617798e-01
5.184197425842285156e-02
6.625164300203323364e-02
1.030448377132415771e-01
7.762646675109863281e-02
1.601749211549758911e-01
1.651753336191177368e-01
4.300958663225173950e-02
1.710979491472244263e-01
2.119338214397430420e-01
2.008075267076492310e-01
1.256338357925415039e-01
3.440954908728599548e-02
9.168692678213119507e-02
9.171299636363983154e-02
1.467176675796508789e-01
3.023625910282135010e-01
1.999310404062271118e-02
1.839022636413574219e-01
2.971114516258239746e-01
6.548134237527847290e-02
1.673402786254882812e-01
2.356499433517456055e-01
1.642309427261352539e-01
2.130575180053710938e-01
8.039695769548416138e-02
1.799676120281219482e-01
4.486136883497238159e-02
3.057563491165637970e-02
7.099802047014236450e-02
4.394580051302909851e-02
1.455271393060684204e-01
2.205000221729278564e-01
3.205818235874176025e-01
2.072650343179702759e-01
1.561422944068908691e-01
2.729494571685791016e-01
1.212154850363731384e-01
2.486153542995452881e-01
2.208092361688613892e-01
1.690022796392440796e-01
4.155613481998443604e-01
3.616839349269866943e-01
4.241761565208435059e-01
1.916558593511581421e-01
1.463151872158050537e-01
2.353033721446990967e-01
2.121682018041610718e-01
2.768380641937255859e-01
9.706535935401916504e-02
3.890720009803771973e-01
1.674317568540573120e-01
2.618399262428283691e-01
3.674665093421936035e-01
2.608919143676757812e-01
1.209116429090499878e-01
9.207426756620407104e-02
2.807928323745727539e-01
7.538311928510665894e-02
1.644975990056991577e-01
2.180796712636947632e-01
1.050751060247421265e-01
1.800972521305084229e-01
1.382520347833633423e-01
1.506693363189697266e-01
9.936688840389251709e-02
1.972362101078033447e-01
3.242307007312774658e-01
1.475220620632171631e-01
1.360423862934112549e-01
5.677966773509979248e-02
2.691962122917175293e-01
1.362435668706893921e-01
1.173337548971176147e-01
2.097168564796447754e-01
7.115011662244796753e-02
2.558496892452239990e-01
3.149204254150390625e-01
3.850478827953338623e-01
9.471343457698822021e-02
2.896335721015930176e-01
1.457350552082061768e-01
1.043669953942298889e-01
1.593117415904998779e-01
3.350931778550148010e-02
2.019891291856765747e-01
5.610553175210952759e-02
1.008456051349639893e-01
6.396855413913726807e-02
7.352376729249954224e-02
1.074668541550636292e-01
2.437304146587848663e-02
6.758335977792739868e-02
1.548211574554443359e-01
2.318878471851348877e-01
8.263395726680755615e-02
2.826122939586639404e-02
2.578089237213134766e-01
2.855768799781799316e-01
3.074093163013458252e-01
1.675128340721130371e-01
1.007600724697113037e-01
1.688903272151947021e-01
2.286253124475479126e-01
1.980588436126708984e-01
1.779859811067581177e-01
1.792929768562316895e-01
7.152406871318817139e-02
1.616653501987457275e-01
1.787052154541015625e-01
2.475038021802902222e-01
1.295849829912185669e-01
6.055016815662384033e-02
1.004852950572967529e-01
9.246064722537994385e-02
8.226028829813003540e-02
3.115760684013366699e-01
2.357730716466903687e-01
5.049862340092658997e-02
8.541370183229446411e-02
3.718258440494537354e-01
3.184119164943695068e-01
4.011348262429237366e-02
9.874385595321655273e-02
2.965266108512878418e-01
2.814772129058837891e-01
1.509022414684295654e-01
1.381768584251403809e-01
1.535007357597351074e-01
2.973772883415222168e-01
6.181257218122482300e-02
2.037461400032043457e-01
5.213524103164672852e-01
3.583537042140960693e-01
1.277139186859130859e-01
2.627135515213012695e-01
1.152925267815589905e-01
7.400980591773986816e-02
2.886373400688171387e-01
2.444632947444915771e-01
2.562994360923767090e-01
1.886329054832458496e-01
4.290824234485626221e-01
1.042396128177642822e-01
1.788934171199798584e-01
8.635917305946350098e-02
1.404485702514648438e-01
9.640035033226013184e-02
1.281020045280456543e-01
2.188724279403686523e-01
1.031368076801300049e-01
4.653361812233924866e-02
2.100561410188674927e-01
7.189655303955078125e-02
3.665990754961967468e-02
5.692069232463836670e-02
3.313089907169342041e-02
2.571133524179458618e-02
7.103398442268371582e-02
1.998937278985977173e-01
1.302592903375625610e-01
1.516714990139007568e-01
2.974977195262908936e-01
8.872087299823760986e-02
1.082220524549484253e-01
3.502565622329711914e-01
9.460198879241943359e-02
4.096853733062744141e-01
1.278072893619537354e-01
3.103745579719543457e-01
1.396650969982147217e-01
1.473135314881801605e-02
1.941672861576080322e-01
1.834425032138824463e-01
1.286061257123947144e-01
5.062136799097061157e-02
1.679442971944808960e-01
3.391470611095428467e-01
1.778973340988159180e-01
2.195850759744644165e-01
7.394579797983169556e-02
1.213936358690261841e-01
1.127193719148635864e-01
1.082474291324615479e-01
1.824725419282913208e-01
1.026378124952316284e-01
1.620969474315643311e-01
1.209444403648376465e-01
4.568117856979370117e-02
1.888438016176223755e-01
3.370593488216400146e-02
7.161182910203933716e-02
4.993819072842597961e-02
5.715563893318176270e-02
2.691256701946258545e-01
1.510592084378004074e-02
2.531361207365989685e-02
9.870748221874237061e-02
2.558157965540885925e-02
2.259406298398971558e-01
8.369483798742294312e-02
2.109597623348236084e-01
2.096416056156158447e-01
2.033231854438781738e-01
4.729544371366500854e-02
4.981972277164459229e-02
1.018244773149490356e-01
5.496995449066162109e-01
1.418222337961196899e-01
4.345279932022094727e-02
2.068240344524383545e-01
4.846298322081565857e-02
7.208900898694992065e-02
7.894610613584518433e-02
3.874902054667472839e-02
6.371034681797027588e-02
1.696095764636993408e-01
2.159985899925231934e-01
3.265932798385620117e-01
1.946734488010406494e-01
1.890789866447448730e-01
2.660558819770812988e-01
1.352141797542572021e-01
1.371610611677169800e-01
1.687121242284774780e-01
1.271417140960693359e-01
7.965241372585296631e-02
2.860711216926574707e-01
1.079290360212326050e-01
1.688831746578216553e-01
1.559458225965499878e-01
1.215878725051879883e-01
4.195850491523742676e-01
5.267144441604614258e-01
2.622671127319335938e-01
2.931065857410430908e-01
2.306690663099288940e-01
1.819292902946472168e-01
6.097508966922760010e-02
1.282729506492614746e-01
3.679714351892471313e-02
3.000597655773162842e-01
1.310959607362747192e-01
9.417691826820373535e-02
3.239951133728027344e-01
2.068074792623519897e-01
4.049391746520996094e-01
3.802867233753204346e-01
3.228889107704162598e-01
2.557289600372314453e-01
7.100874930620193481e-02
1.332406699657440186e-01
3.148548603057861328e-01
8.066993951797485352e-02
2.505100518465042114e-02
7.976134121417999268e-02
1.706848889589309692e-01
1.208528354763984680e-01
1.003245264291763306e-01
1.196784824132919312e-01
6.843309104442596436e-02
9.065620601177215576e-02
6.450176239013671875e-01
8.588121831417083740e-02
2.991752028465270996e-01
1.134731024503707886e-01
2.055356800556182861e-01
1.257639974355697632e-01
1.782522350549697876e-01
1.405313611030578613e-01
2.317253351211547852e-01
2.107629626989364624e-01
2.458705008029937744e-01
6.887727975845336914e-02
2.169756591320037842e-01
2.373337000608444214e-01
6.251907348632812500e-02
9.206753224134445190e-02
5.359964445233345032e-02
4.679135978221893311e-02
2.015241533517837524e-01
1.076375544071197510e-01
1.140014827251434326e-01
6.631287932395935059e-02
1.161521300673484802e-01
1.357180476188659668e-01
9.256773442029953003e-02
1.964381039142608643e-01
3.457919955253601074e-01
3.918030858039855957e-01
1.488254368305206299e-01
2.313528209924697876e-01
2.933059334754943848e-01
7.329726219177246094e-02
6.989871710538864136e-02
8.309993147850036621e-02
2.961978316307067871e-01
1.450885236263275146e-01
8.885458856821060181e-02
3.732550740242004395e-01
3.905524685978889465e-02
1.876009404659271240e-01
1.062278896570205688e-01
5.249933898448944092e-02
1.796730756759643555e-01
1.877582967281341553e-01
5.099502801895141602e-01
2.448196113109588623e-01
1.379899382591247559e-01
3.868754208087921143e-01
2.230584919452667236e-01
1.619185507297515869e-01
1.695183217525482178e-01
2.537570893764495850e-01
1.674396991729736328e-01
9.153693914413452148e-02
8.218020200729370117e-02
2.868970632553100586e-01
6.172919273376464844e-02
1.880199909210205078e-01
9.610941261053085327e-02
3.189872503280639648e-01
6.679730862379074097e-02
1.313277631998062134e-01
3.674804419279098511e-02
8.510590344667434692e-02
2.012784779071807861e-01
1.005753725767135620e-01
7.389329373836517334e-02
7.363094389438629150e-02
2.945985198020935059e-01
7.125392556190490723e-02
1.189297661185264587e-01
3.972510248422622681e-02
5.300533771514892578e-02
6.534229218959808350e-02
1.693492084741592407e-01
4.481309056282043457e-01
1.027744486927986145e-01
3.852645754814147949e-01
4.797293990850448608e-02
3.093889951705932617e-01
1.819937229156494141e-01
2.013780474662780762e-01
1.139731556177139282e-01
1.611068248748779297e-01
1.145614534616470337e-01
1.036174595355987549e-01
1.791724860668182373e-01
1.583021432161331177e-01
1.178467124700546265e-01
1.758886873722076416e-01
7.255095243453979492e-02
1.796709001064300537e-01
9.982829540967941284e-02
9.493406116962432861e-02
1.008758619427680969e-01
2.922615408897399902e-01
1.990000903606414795e-01
2.899134755134582520e-01
1.835320442914962769e-01
6.060058623552322388e-02
1.557057499885559082e-01
3.374855816364288330e-01
2.081618905067443848e-01
2.335878759622573853e-01
8.147063851356506348e-02
1.627774238586425781e-01
1.952017992734909058e-01
5.338790267705917358e-02
1.203456446528434753e-01
1.568297147750854492e-01
7.172337174415588379e-02
8.599248528480529785e-02
3.174667954444885254e-01
3.806523680686950684e-01
1.682939529418945312e-01
6.266029179096221924e-02
1.012459471821784973e-01
5.596850812435150146e-02
3.634377717971801758e-01
3.464778661727905273e-01
6.190487146377563477e-01
2.338998317718505859e-01
1.670356690883636475e-01
2.100121527910232544e-01
2.177133262157440186e-01
2.755172550678253174e-01
6.742499768733978271e-02
1.196410804986953735e-01
3.655452728271484375e-01
6.951297074556350708e-02
3.033650293946266174e-02
2.629439830780029297e-01
1.390852034091949463e-01
7.366507500410079956e-02
7.225205749273300171e-02
1.943053901195526123e-01
1.149834990501403809e-01
1.807425022125244141e-01
2.788561582565307617e-01
3.211097121238708496e-01
2.434510439634323120e-01
6.359229981899261475e-02
1.324474215507507324e-01
1.646469235420227051e-01
1.828060448169708252e-01
2.816501557826995850e-01
1.671125888824462891e-01
1.533459424972534180e-01
2.050228118896484375e-01
3.009558022022247314e-01
1.469450294971466064e-01
3.771990835666656494e-01
2.531763315200805664e-01
2.856704294681549072e-01
1.252572983503341675e-01
5.131904780864715576e-02
1.153129413723945618e-01
2.310804724693298340e-01
1.097551956772804260e-01
2.356429994106292725e-01
1.994505524635314941e-01
5.527193099260330200e-02
1.266602426767349243e-01
9.785747528076171875e-02
3.068239800631999969e-02
2.065711319446563721e-01
9.022172540426254272e-02
8.596353232860565186e-02
2.105622291564941406e-01
1.439826339483261108e-01
1.084278076887130737e-01
2.491157650947570801e-01
1.575030833482742310e-01
8.658588677644729614e-02
7.109922170639038086e-02
2.482842206954956055e-01
4.410538449883460999e-02
1.155147105455398560e-01
1.036562994122505188e-01
2.586063146591186523e-01
1.508077085018157959e-01
1.745033264160156250e-01
1.338606923818588257e-01
1.115684658288955688e-01
3.637962043285369873e-01
2.454264312982559204e-01
1.535984873771667480e-01
1.313434988260269165e-01
8.828382194042205811e-02
3.695093393325805664e-01
3.907214701175689697e-01
2.165854126214981079e-01
1.455036997795104980e-01
2.367289215326309204e-01
1.264848858118057251e-01
1.365865617990493774e-01
9.838974475860595703e-02
3.033338785171508789e-01
2.332652360200881958e-01
1.372871696949005127e-01
1.246584802865982056e-01
2.255185991525650024e-01
3.828906267881393433e-02
2.055913507938385010e-01
3.135974407196044922e-01
3.532209992408752441e-01
1.030500829219818115e-01
5.489086732268333435e-02
7.417963445186614990e-02
1.851360201835632324e-01
2.699919044971466064e-01
1.044388636946678162e-01
1.532317698001861572e-01
1.231881380081176758e-01
6.730474531650543213e-02
8.667379617691040039e-02
1.421283036470413208e-01
2.851261496543884277e-01
1.792155802249908447e-01
1.591536104679107666e-01
2.613759934902191162e-01
3.314836323261260986e-02
1.686788499355316162e-01
2.403882145881652832e-01
3.442777991294860840e-01
7.692325115203857422e-02
5.121343210339546204e-02
9.006842225790023804e-02
7.217545062303543091e-02
1.134914606809616089e-01
1.185731291770935059e-01
1.019098386168479919e-01
1.688795089721679688e-01
5.863240361213684082e-02
2.799067497253417969e-01
3.224162012338638306e-02
1.271508038043975830e-01
2.153269052505493164e-01
1.521256417036056519e-01
1.320630460977554321e-01
1.298744380474090576e-01
7.210949063301086426e-02
2.616553008556365967e-01
1.803949475288391113e-01
1.558182984590530396e-01
4.009370505809783936e-02
2.373330295085906982e-01
1.528902351856231689e-01
4.736695438623428345e-02
2.019529640674591064e-01
7.642097771167755127e-02
4.639913886785507202e-02
9.265796095132827759e-02
2.129420042037963867e-01
3.307351469993591309e-01
1.566620171070098877e-01
1.182995885610580444e-01
6.026548519730567932e-02
2.491468787193298340e-01
1.149785742163658142e-01
3.279719352722167969e-01
1.898450553417205811e-01
1.737979650497436523e-01
2.586428225040435791e-01
7.535296678543090820e-02
1.324853152036666870e-01
1.501413285732269287e-01
3.427446186542510986e-01
5.729668587446212769e-02
1.298444271087646484e-01
2.417676448822021484e-01
2.462149709463119507e-01
1.464816629886627197e-01
6.662020087242126465e-02
7.869065552949905396e-02
3.039984405040740967e-01
4.146875813603401184e-02
5.932205915451049805e-02
2.262840718030929565e-01
5.199082940816879272e-02
2.383968234062194824e-01
1.023123040795326233e-01
7.655735313892364502e-02
7.867826521396636963e-02
1.390255689620971680e-01
7.147461175918579102e-02
1.077880337834358215e-01
9.368515759706497192e-02
4.048634469509124756e-01
4.926525801420211792e-02
7.161794602870941162e-02
3.422700166702270508e-01
5.620074272155761719e-02
6.843277066946029663e-02
1.540935933589935303e-01
4.748811572790145874e-02
1.224496439099311829e-01
2.898747026920318604e-01
1.279656887054443359e-01
1.079487502574920654e-01
8.339079469442367554e-02
6.602001935243606567e-02
3.959456831216812134e-02
5.752637982368469238e-02
1.930636912584304810e-02
4.736582934856414795e-02
4.271271228790283203e-01
1.548438221216201782e-01
3.221139311790466309e-01
2.198774814605712891e-01
1.408360600471496582e-01
1.746554821729660034e-01
2.648840844631195068e-01
2.217117995023727417e-01
2.126387059688568115e-01
2.233092486858367920e-01
2.509876489639282227e-01
1.075136587023735046e-01
1.217162162065505981e-01
1.224546805024147034e-01
8.939509093761444092e-02
1.240008920431137085e-01
1.104853227734565735e-01
1.615669876337051392e-01
1.202076673507690430e-01
3.737910985946655273e-01
2.367652058601379395e-01
3.925034701824188232e-01
1.205794215202331543e-01
1.570559740066528320e-01
1.857539415359497070e-01
7.513283193111419678e-02
8.430587500333786011e-02
2.835600972175598145e-01
1.387904286384582520e-01
7.400143891572952271e-02
4.765427112579345703e-02
1.278481781482696533e-01
5.196205377578735352e-01
9.253825992345809937e-02
1.394107937812805176e-01
6.853709369897842407e-02
3.030242919921875000e-01
1.377259045839309692e-01
2.617377340793609619e-01
1.036493927240371704e-01
4.644243419170379639e-02
1.208695918321609497e-01
2.698041200637817383e-01
1.574194133281707764e-01
1.364282965660095215e-01
8.289493620395660400e-02
9.160361438989639282e-02
9.059640765190124512e-02
8.896861970424652100e-02
6.250270456075668335e-02
7.804143428802490234e-02
2.599677443504333496e-01
1.897644549608230591e-01
7.214046269655227661e-02
3.814361691474914551e-01
8.823265880346298218e-02
1.654453128576278687e-01
4.681716486811637878e-02
7.687944173812866211e-02
5.031279101967811584e-02
1.276815831661224365e-01
1.240509152412414551e-01
3.888861089944839478e-02
1.170805767178535461e-01
1.182416379451751709e-01
2.630062103271484375e-01
1.005599573254585266e-01
7.378046214580535889e-02
1.330052465200424194e-01
1.212139874696731567e-01
1.853113174438476562e-01
2.376711517572402954e-01
2.627393603324890137e-01
3.338440060615539551e-01
1.592148542404174805e-01
2.946883141994476318e-01
2.962741851806640625e-01
1.527961045503616333e-01
1.109428554773330688e-01
5.819734558463096619e-02
1.997913420200347900e-01
6.724084913730621338e-02
1.064242050051689148e-01
2.579122483730316162e-01
2.777169831097126007e-02
4.140173196792602539e-01
2.233600169420242310e-01
1.852861642837524414e-01
4.960242807865142822e-01
2.721412479877471924e-01
1.149365380406379700e-01
1.451707035303115845e-01
2.300935536623001099e-01
2.886233925819396973e-01
2.479112744331359863e-01
2.453835308551788330e-01
5.857878550887107849e-02
4.207324385643005371e-01
3.071008324623107910e-01
7.287631928920745850e-02
1.073896512389183044e-01
1.940645426511764526e-01
1.450343430042266846e-01
2.865905463695526123e-01
4.951422661542892456e-02
8.819328248500823975e-02
1.552869379520416260e-01
4.090722203254699707e-01
3.968388140201568604e-01
1.881444156169891357e-01
2.414372861385345459e-01
1.539701968431472778e-01
5.324450135231018066e-02
9.122943133115768433e-02
1.120264604687690735e-01
7.782272994518280029e-02
1.178921833634376526e-01
1.463061273097991943e-01
2.954217195510864258e-01
1.491943895816802979e-01
6.008629873394966125e-02
1.644304394721984863e-01
2.689509093761444092e-01
7.880797237157821655e-02
2.877412177622318268e-02
2.254592999815940857e-02
2.658253312110900879e-01
5.721848011016845703e-01
6.710901111364364624e-02
2.043154388666152954e-01
2.122106701135635376e-01
1.215863376855850220e-01
1.399829685688018799e-01
9.571813046932220459e-02
5.195799469947814941e-02
2.184651792049407959e-01
8.963793516159057617e-02
7.265685498714447021e-02
8.025109022855758667e-02
1.931478083133697510e-01
6.474694609642028809e-02
1.649283319711685181e-01
5.695482343435287476e-02
1.972075700759887695e-01
1.158777624368667603e-01
2.008991241455078125e-01
4.013361632823944092e-01
1.604118496179580688e-01
4.732588231563568115e-01
1.410692632198333740e-01
3.271615207195281982e-01
3.382440507411956787e-01
7.284526526927947998e-02
7.034135609865188599e-02
3.340315818786621094e-02
6.947687268257141113e-02
1.337247937917709351e-01
8.716701716184616089e-02
3.056946694850921631e-01
7.429102808237075806e-02
1.486874222755432129e-01
1.861104816198348999e-01
7.548721134662628174e-02
2.553973793983459473e-01
2.407537698745727539e-01
2.955159246921539307e-01
2.817198634147644043e-01
9.709151834249496460e-02
1.092979833483695984e-01
8.221777528524398804e-02
1.141489967703819275e-01
5.490034073591232300e-02
1.076361984014511108e-01
1.920732855796813965e-01
3.119185566902160645e-01
1.474465727806091309e-01
6.263856589794158936e-02
5.001085251569747925e-02
9.274741262197494507e-02
7.039547711610794067e-02
1.556829810142517090e-01
5.537864938378334045e-02
1.601582169532775879e-01
2.845034748315811157e-02
1.757784783840179443e-01
2.415185272693634033e-01
8.622420579195022583e-02
1.268827468156814575e-01
4.010326266288757324e-01
7.693257927894592285e-02
1.285224705934524536e-01
2.040570229291915894e-01
9.664074331521987915e-02
7.774190604686737061e-02
5.121932923793792725e-02
1.022138595581054688e-01
1.372345238924026489e-01
3.000396788120269775e-01
8.420542627573013306e-02
1.820068657398223877e-01
1.380861103534698486e-01
3.688142076134681702e-02
9.220525622367858887e-02
2.088385224342346191e-01
2.822578549385070801e-01
2.281336784362792969e-01
1.652537882328033447e-01
6.044763326644897461e-02
1.213962435722351074e-01
8.760123699903488159e-02
1.283156573772430420e-01
2.731761196628212929e-03
