1.623284220695495605e-01
6.253589689731597900e-02
9.838575124740600586e-02
4.409883916378021240e-02
2.389967441558837891e-01
2.887413203716278076e-01
1.851049959659576416e-01
1.713023930788040161e-01
1.246041432023048401e-01
1.192552447319030762e-01
2.357464134693145752e-01
1.448565125465393066e-01
4.138309508562088013e-02
6.060956418514251709e-02
5.444969236850738525e-02
1.351734399795532227e-01
1.835721135139465332e-01
3.493665754795074463e-01
1.044049039483070374e-01
3.564197123050689697e-01
1.303168833255767822e-01
2.077178657054901123e-01
1.141702756285667419e-01
2.072207927703857422e-01
1.216918602585792542e-01
1.143379211425781250e-01
3.425220847129821777e-01
7.351134717464447021e-02
2.405755519866943359e-01
5.298722982406616211e-01
2.188642919063568115e-01
2.531771361827850342e-01
1.786132752895355225e-01
1.326412856578826904e-01
2.391449064016342163e-01
1.130323484539985657e-01
2.102096676826477051e-01
3.512801602482795715e-02
3.139747083187103271e-01
2.141121625900268555e-01
2.771829962730407715e-01
2.425874620676040649e-01
1.402545273303985596e-01
4.200606048107147217e-01
1.812114715576171875e-01
2.949398159980773926e-01
2.340546846389770508e-01
4.987065792083740234e-01
1.330236643552780151e-01
9.557781368494033813e-02
3.337466716766357422e-01
2.171443998813629150e-01
2.016349136829376221e-01
1.582606434822082520e-01
4.288108646869659424e-01
2.618337571620941162e-01
8.688189089298248291e-02
1.215532645583152771e-01
2.083457410335540771e-01
1.376551687717437744e-01
9.111042320728302002e-02
2.848628163337707520e-01
1.847715675830841064e-01
7.780826091766357422e-02
8.497647196054458618e-02
9.016032516956329346e-02
7.210179418325424194e-02
9.105399250984191895e-02
2.444200217723846436e-01
9.619344025850296021e-02
1.787004470825195312e-01
3.109456300735473633e-01
2.447759509086608887e-01
1.188060194253921509e-01
1.830923110246658325e-01
2.205126732587814331e-01
1.080982685089111328e-01
1.980771273374557495e-01
5.285633355379104614e-02
2.424249798059463501e-01
2.490419000387191772e-01
4.397037327289581299e-01
1.030285507440567017e-01
1.000717878341674805e-01
1.158264651894569397e-01
2.651164829730987549e-01
1.255818903446197510e-01
9.491321444511413574e-02
2.883400395512580872e-02
1.959426701068878174e-01
2.540919780731201172e-01
1.113192141056060791e-01
3.401648402214050293e-01
2.800140976905822754e-01
2.268841862678527832e-01
3.221221566200256348e-01
2.041486501693725586e-01
4.325528144836425781e-01
2.017344832420349121e-01
1.600252687931060791e-01
1.773778349161148071e-01
2.576376795768737793e-01
1.683143824338912964e-01
3.056169748306274414e-01
2.365822941064834595e-01
1.807758957147598267e-01
2.031505554914474487e-01
1.681081354618072510e-01
2.552129328250885010e-01
5.478134378790855408e-02
1.257726848125457764e-01
2.342258244752883911e-01
1.818883717060089111e-01
7.650047540664672852e-02
5.853084474802017212e-02
1.458118259906768799e-01
2.364447116851806641e-01
1.701887249946594238e-01
2.145191729068756104e-01
8.135364949703216553e-02
5.113244429230690002e-02
3.473548889160156250e-01
1.885785758495330811e-01
3.759533166885375977e-02
6.113529950380325317e-02
1.483698338270187378e-01
9.944944828748703003e-02
7.847632467746734619e-02
4.527563750743865967e-01
2.187226265668869019e-01
1.681750714778900146e-01
1.977709531784057617e-01
1.754124164581298828e-01
1.265633106231689453e-01
7.704918086528778076e-02
6.126128137111663818e-02
1.287275403738021851e-01
1.352742910385131836e-01
1.061650291085243225e-01
9.258513152599334717e-02
1.890870034694671631e-01
2.837257087230682373e-01
4.764363169670104980e-02
8.274838328361511230e-02
5.635271221399307251e-02
1.157077029347419739e-01
2.287610024213790894e-01
1.948914229869842529e-01
5.641866102814674377e-02
1.632642894983291626e-01
1.791397482156753540e-01
7.403382658958435059e-02
1.541100442409515381e-01
1.514369845390319824e-01
4.207435250282287598e-01
8.321551978588104248e-02
3.921290338039398193e-01
1.463783383369445801e-01
1.307566016912460327e-01
1.221581622958183289e-01
3.195718228816986084e-01
2.236201912164688110e-01
2.130829244852066040e-01
2.460957765579223633e-01
2.284727245569229126e-01
2.175501883029937744e-01
3.423801660537719727e-01
1.304159015417098999e-01
1.205152347683906555e-01
2.180929183959960938e-01
1.113758459687232971e-01
4.306874275207519531e-01
2.575021982192993164e-01
1.678713262081146240e-01
1.430941522121429443e-01
3.143152296543121338e-01
8.611372113227844238e-02
2.108888030052185059e-01
2.040063440799713135e-01
4.743948578834533691e-01
1.525242924690246582e-01
9.504295885562896729e-02
4.129693508148193359e-01
1.755463629961013794e-01
2.204763144254684448e-01
2.097427845001220703e-01
1.173862814903259277e-01
9.378693997859954834e-02
2.642271816730499268e-01
4.796345159411430359e-02
3.286541700363159180e-01
8.982195705175399780e-02
8.646314591169357300e-02
2.861953675746917725e-01
1.633269041776657104e-01
1.364739388227462769e-01
5.459781736135482788e-02
1.832219064235687256e-01
1.089915335178375244e-01
1.699312925338745117e-01
1.343022584915161133e-01
2.488152533769607544e-01
3.075012564659118652e-01
1.800225228071212769e-01
9.524700045585632324e-02
1.995886117219924927e-01
4.415201395750045776e-02
1.988777816295623779e-01
9.765955805778503418e-02
1.442657113075256348e-01
2.674689888954162598e-02
2.831693291664123535e-01
2.109983265399932861e-01
2.955000996589660645e-01
1.483685672283172607e-01
2.446368783712387085e-01
1.180449426174163818e-01
1.054327487945556641e-01
1.022653132677078247e-01
1.720847934484481812e-01
3.293585479259490967e-01
1.384642422199249268e-01
1.426799744367599487e-01
2.117773294448852539e-01
8.716417849063873291e-02
1.291188299655914307e-01
1.261693090200424194e-01
6.548658013343811035e-01
1.525139510631561279e-01
3.529754579067230225e-01
3.287017047405242920e-01
2.111200690269470215e-01
1.977275013923645020e-01
6.737078726291656494e-02
1.950159817934036255e-01
8.047947287559509277e-02
9.670256078243255615e-02
2.625296413898468018e-01
2.464272826910018921e-01
7.455918937921524048e-02
1.505593359470367432e-01
9.117434173822402954e-02
3.510295450687408447e-01
2.882273793220520020e-01
2.229469120502471924e-01
2.884878516197204590e-01
2.231376618146896362e-01
1.462644785642623901e-01
1.580622345209121704e-01
1.926068067550659180e-01
1.188808605074882507e-01
2.862765192985534668e-01
1.586791723966598511e-01
1.954777389764785767e-01
1.390605419874191284e-01
1.922943294048309326e-01
1.598961651325225830e-01
1.300335377454757690e-01
2.554615139961242676e-01
2.224667519330978394e-01
8.180700242519378662e-02
3.606971502304077148e-01
1.281578540802001953e-01
2.389078736305236816e-01
3.313695192337036133e-01
2.000790089368820190e-01
2.187289446592330933e-01
1.925207078456878662e-01
6.740667670965194702e-02
2.314874231815338135e-01
2.825542986392974854e-01
2.555078864097595215e-01
1.332157850265502930e-01
4.606209993362426758e-01
2.061148583889007568e-01
1.909866183996200562e-02
3.414683416485786438e-02
1.799809038639068604e-01
2.779093384742736816e-01
1.263565570116043091e-01
1.792389154434204102e-01
1.364132761955261230e-01
3.539805412292480469e-01
2.938942015171051025e-01
1.515107005834579468e-01
2.364462614059448242e-01
1.992875635623931885e-01
2.093000411987304688e-01
2.004100233316421509e-01
4.268185198307037354e-01
5.687572360038757324e-01
2.318147122859954834e-01
2.491613328456878662e-01
8.813554048538208008e-02
2.417278885841369629e-01
1.899905800819396973e-01
5.151479840278625488e-01
1.535753011703491211e-01
4.792521893978118896e-01
3.456554114818572998e-01
3.306591212749481201e-01
1.068668812513351440e-01
3.056063950061798096e-01
2.109118103981018066e-01
2.543032169342041016e-01
1.462806165218353271e-01
1.763292551040649414e-01
1.420156508684158325e-01
1.108610033988952637e-01
1.254968196153640747e-01
1.225535646080970764e-01
1.569800972938537598e-01
1.267088651657104492e-01
2.184563577175140381e-01
9.656089544296264648e-02
3.448134660720825195e-01
2.375678420066833496e-01
6.339136511087417603e-02
5.890294909477233887e-02
1.894951462745666504e-01
1.405269503593444824e-01
6.830688565969467163e-02
1.186574697494506836e-01
8.625313639640808105e-02
7.484601438045501709e-02
8.659251779317855835e-02
3.278214931488037109e-01
1.796296685934066772e-01
5.197575092315673828e-01
2.757689952850341797e-01
1.624604612588882446e-01
2.378065884113311768e-01
2.447889149188995361e-01
1.475563049316406250e-01
7.252512127161026001e-02
2.928082346916198730e-01
2.259895205497741699e-01
2.110652029514312744e-01
1.421095132827758789e-01
1.149391010403633118e-01
3.020002245903015137e-01
3.010453283786773682e-01
2.108708918094635010e-01
2.977466583251953125e-01
2.218003720045089722e-01
5.347330495715141296e-02
3.216770291328430176e-01
3.769364356994628906e-01
1.850288510322570801e-01
2.218344807624816895e-01
1.300760805606842041e-01
3.019756078720092773e-01
2.047188878059387207e-01
3.379423916339874268e-01
4.400025010108947754e-01
1.785429120063781738e-01
2.210935354232788086e-01
1.574518531560897827e-01
3.933142423629760742e-01
1.623422503471374512e-01
2.669863998889923096e-01
3.458362817764282227e-01
1.825632750988006592e-01
2.755598425865173340e-01
8.423134684562683105e-02
1.099309548735618591e-01
7.678538560867309570e-02
1.463380157947540283e-01
3.680362403392791748e-01
2.900685966014862061e-01
1.473298221826553345e-01
1.795819252729415894e-01
2.363241314888000488e-01
4.349499046802520752e-01
9.764328598976135254e-02
2.004354000091552734e-01
1.368803381919860840e-01
8.860222250223159790e-02
1.711878180503845215e-01
2.470573186874389648e-01
1.385512799024581909e-01
2.725549936294555664e-01
2.170333564281463623e-01
1.360208690166473389e-01
2.477795332670211792e-01
2.064173817634582520e-01
5.451001226902008057e-02
1.184791773557662964e-01
2.833366692066192627e-01
1.533938497304916382e-01
9.325633198022842407e-02
2.948970198631286621e-01
7.243175804615020752e-02
1.702389419078826904e-01
1.283273100852966309e-01
1.792539358139038086e-01
4.933976531028747559e-01
3.408527672290802002e-01
1.122434437274932861e-01
1.134240999817848206e-01
1.515738964080810547e-01
3.020143210887908936e-01
8.681647479534149170e-02
7.670576870441436768e-02
1.627582013607025146e-01
3.448001742362976074e-01
1.326939016580581665e-01
1.369428038597106934e-01
1.424468606710433960e-01
5.448757857084274292e-02
8.790713548660278320e-02
8.259198069572448730e-02
3.968768119812011719e-01
1.412172615528106689e-01
2.086763828992843628e-01
1.525283455848693848e-01
3.378868103027343750e-02
1.902146041393280029e-01
1.486659049987792969e-01
2.253119945526123047e-01
1.277340948581695557e-01
2.512906491756439209e-01
5.926631018519401550e-02
1.784741282463073730e-01
3.092869818210601807e-01
1.550250351428985596e-01
1.252335011959075928e-01
2.110060453414916992e-01
2.196440100669860840e-01
2.935548126697540283e-01
2.153831273317337036e-01
1.060525104403495789e-01
1.110761165618896484e-01
3.529617488384246826e-01
1.079066246747970581e-01
2.930822670459747314e-01
2.164172530174255371e-01
7.708477973937988281e-02
3.149855732917785645e-01
6.582024693489074707e-02
5.152099207043647766e-02
7.336699962615966797e-02
2.161877453327178955e-01
5.558020621538162231e-02
2.362602055072784424e-01
1.791279762983322144e-01
4.420499503612518311e-01
3.780544400215148926e-01
2.203847169876098633e-01
2.926036715507507324e-01
1.806210130453109741e-01
9.457272291183471680e-02
2.501085996627807617e-01
1.048251837491989136e-01
2.270082384347915649e-01
1.616972237825393677e-01
6.774833798408508301e-02
1.427304148674011230e-01
6.631863117218017578e-02
3.551704436540603638e-02
1.362805366516113281e-01
1.247557848691940308e-01
6.505845487117767334e-02
7.789144665002822876e-02
1.016944795846939087e-01
1.745238453149795532e-01
3.640820980072021484e-01
2.697450816631317139e-01
1.843953579664230347e-01
2.339072972536087036e-01
2.176208794116973877e-01
7.110675424337387085e-02
1.644606590270996094e-01
4.154784977436065674e-02
3.057210445404052734e-01
1.694761514663696289e-01
1.078754737973213196e-01
1.020462512969970703e-01
4.750526696443557739e-02
1.051662191748619080e-01
1.182699203491210938e-01
1.360755115747451782e-01
6.900241971015930176e-01
7.601734250783920288e-02
8.718860149383544922e-02
1.153252720832824707e-01
1.511899828910827637e-01
3.359868228435516357e-01
3.563936427235603333e-02
2.633047401905059814e-01
2.136291936039924622e-02
2.570183202624320984e-02
2.205926924943923950e-01
1.189411804080009460e-01
1.646995693445205688e-01
2.373049706220626831e-01
3.522334620356559753e-02
2.877206206321716309e-01
4.079359173774719238e-01
1.032226979732513428e-01
2.438904047012329102e-01
9.232202172279357910e-02
1.815267950296401978e-01
3.904989361763000488e-01
1.340715438127517700e-01
1.553825736045837402e-01
1.588452607393264771e-01
1.025932580232620239e-01
2.516454458236694336e-01
1.121633797883987427e-01
2.105615288019180298e-01
1.003868579864501953e-01
3.369800746440887451e-01
2.244702540338039398e-02
1.021761819720268250e-01
9.950197488069534302e-02
1.706625223159790039e-01
7.782832533121109009e-02
4.080494344234466553e-01
1.690177321434020996e-01
1.975193768739700317e-01
9.833178669214248657e-02
2.207953184843063354e-01
1.780964136123657227e-01
1.800496876239776611e-01
8.984802663326263428e-02
2.713439166545867920e-01
1.891810446977615356e-01
3.495144844055175781e-01
1.750003695487976074e-01
1.989113986492156982e-01
8.496320992708206177e-02
1.958408355712890625e-01
1.473495811223983765e-01
3.142516613006591797e-01
8.474694192409515381e-02
1.761886477470397949e-01
2.226639389991760254e-01
1.223972737789154053e-01
1.295003145933151245e-01
2.473278790712356567e-01
3.288630247116088867e-01
1.716541498899459839e-01
6.475535035133361816e-02
1.542986631393432617e-01
1.361176371574401855e-01
2.121917605400085449e-01
1.811294555664062500e-01
1.729497164487838745e-01
2.039225101470947266e-01
4.436926543712615967e-02
2.262412607669830322e-01
2.684035599231719971e-01
2.019089758396148682e-01
4.936591163277626038e-02
1.578720510005950928e-01
3.764752298593521118e-02
1.894555836915969849e-01
8.517800271511077881e-02
6.400191038846969604e-02
1.602166146039962769e-01
3.092299103736877441e-01
1.517735868692398071e-01
3.929839730262756348e-01
2.063765227794647217e-01
5.692696571350097656e-02
1.266826838254928589e-01
2.303187847137451172e-01
2.081305384635925293e-01
2.647069692611694336e-01
3.721501529216766357e-01
1.018508449196815491e-01
1.377516984939575195e-01
8.290474861860275269e-02
8.734209090471267700e-02
1.830008774995803833e-01
8.254536986351013184e-02
1.451452076435089111e-01
1.810881942510604858e-01
1.848882883787155151e-01
1.859635710716247559e-01
1.914156675338745117e-01
2.007908523082733154e-01
4.677933454513549805e-01
5.784537643194198608e-02
1.735427528619766235e-01
1.874178349971771240e-01
2.082905471324920654e-01
9.231930971145629883e-02
7.505743205547332764e-02
1.685303896665573120e-01
1.980507671833038330e-01
5.574826151132583618e-02
3.864463865756988525e-01
1.857756972312927246e-01
7.338204979896545410e-02
3.947319090366363525e-02
9.329877793788909912e-02
1.504565179347991943e-01
2.112495452165603638e-01
1.476902812719345093e-01
2.052130699157714844e-01
2.459918111562728882e-01
1.609273701906204224e-01
1.444918364286422729e-01
3.685677051544189453e-01
2.407264709472656250e-01
3.225476741790771484e-01
2.639242708683013916e-01
2.495483756065368652e-01
3.490760922431945801e-01
1.582983434200286865e-01
1.367542594671249390e-01
9.832238405942916870e-02
1.193520724773406982e-01
1.746533662080764771e-01
1.130615919828414917e-01
1.536374837160110474e-01
2.903239727020263672e-01
1.342385858297348022e-01
1.429302543401718140e-01
1.085463911294937134e-01
4.923210293054580688e-02
1.718531101942062378e-01
3.867651522159576416e-01
4.833313822746276855e-01
1.455867737531661987e-01
6.389174610376358032e-02
9.111523628234863281e-02
1.483575403690338135e-01
1.591675728559494019e-01
1.778591126203536987e-01
3.383215665817260742e-01
1.289824843406677246e-01
1.097357794642448425e-01
1.229569688439369202e-01
1.210509985685348511e-01
1.997442841529846191e-01
2.359953224658966064e-01
1.599158644676208496e-01
9.715083986520767212e-02
1.778135597705841064e-01
1.213579103350639343e-01
8.304147422313690186e-02
1.035061925649642944e-01
5.597856044769287109e-01
4.416619241237640381e-02
3.551176488399505615e-01
3.419690728187561035e-01
1.777454912662506104e-01
1.906161904335021973e-01
1.248455345630645752e-01
7.393987476825714111e-02
1.807864904403686523e-01
3.756221830844879150e-01
2.537280917167663574e-01
2.273314297199249268e-01
1.714289635419845581e-01
2.204532027244567871e-01
1.449624598026275635e-01
3.261381387710571289e-01
1.007756292819976807e-01
2.434279620647430420e-01
2.478368282318115234e-01
2.451123297214508057e-01
4.742928147315979004e-01
1.586523950099945068e-01
4.885873198509216309e-02
7.077158987522125244e-02
2.354512661695480347e-01
8.730439841747283936e-02
1.610025167465209961e-01
3.464207053184509277e-01
1.874045133590698242e-01
1.263778209686279297e-01
9.373750537633895874e-02
3.407571613788604736e-01
1.831773817539215088e-01
1.347460448741912842e-01
1.469350159168243408e-01
1.731656640768051147e-01
2.041178047657012939e-01
2.264271378517150879e-01
7.182177156209945679e-02
1.359027177095413208e-01
2.344643175601959229e-01
3.763159513473510742e-01
2.440085560083389282e-01
2.534447014331817627e-01
1.642422974109649658e-01
1.132325530052185059e-01
2.530622482299804688e-01
3.562819361686706543e-01
2.050245404243469238e-01
2.134996056556701660e-01
2.021198570728302002e-01
3.414449691772460938e-01
4.673248529434204102e-02
2.168447077274322510e-01
4.571443796157836914e-01
2.127589732408523560e-01
1.978116482496261597e-01
4.183546602725982666e-01
1.331641972064971924e-01
6.147996336221694946e-02
1.560451090335845947e-01
6.658074259757995605e-02
2.440251111984252930e-01
5.684835463762283325e-02
1.995410919189453125e-01
5.043275356292724609e-01
6.505530327558517456e-02
4.529100060462951660e-01
1.122886240482330322e-01
2.775354683399200439e-01
1.244046762585639954e-01
1.009662300348281860e-01
2.122976332902908325e-01
9.508027136325836182e-02
1.363374292850494385e-01
7.078891247510910034e-02
1.862191855907440186e-01
2.978466153144836426e-01
9.658610075712203979e-02
2.795574665069580078e-01
2.126447707414627075e-01
2.028924226760864258e-01
2.120344936847686768e-01
1.136964932084083557e-01
9.217350184917449951e-02
1.214195862412452698e-01
2.133809924125671387e-01
1.306555867195129395e-01
1.281683146953582764e-01
2.253692597150802612e-01
1.295573711395263672e-01
4.883517324924468994e-01
1.895629465579986572e-01
2.594681680202484131e-01
1.964007467031478882e-01
1.629574447870254517e-01
2.370575368404388428e-01
4.421831965446472168e-01
2.686508595943450928e-01
2.396068423986434937e-01
3.689748048782348633e-01
7.058164477348327637e-02
2.984302937984466553e-01
3.047685027122497559e-01
7.151086628437042236e-02
1.907091438770294189e-01
1.189672276377677917e-01
1.921722441911697388e-01
2.836776971817016602e-01
1.537552773952484131e-01
2.172233760356903076e-01
1.881722807884216309e-01
2.467338889837265015e-01
9.679584205150604248e-02
1.280909776687622070e-01
1.020438075065612793e-01
9.730329364538192749e-02
6.173125281929969788e-02
4.133856892585754395e-01
1.002831086516380310e-01
2.353573590517044067e-01
1.990192383527755737e-01
1.174956858158111572e-01
2.076446264982223511e-01
1.926463544368743896e-01
2.294279634952545166e-01
1.243394315242767334e-01
3.554666340351104736e-01
7.775033265352249146e-02
2.060859799385070801e-01
7.501675933599472046e-02
1.629237681627273560e-01
2.686217427253723145e-01
2.749634981155395508e-01
8.527851104736328125e-02
3.262881636619567871e-01
1.408158540725708008e-01
1.932169795036315918e-01
1.988541632890701294e-01
1.710493266582489014e-01
1.251376867294311523e-01
6.050773337483406067e-02
2.629961073398590088e-01
3.129017353057861328e-01
7.475247979164123535e-02
1.370263695716857910e-01
2.608570456504821777e-01
2.064999341964721680e-01
1.052439957857131958e-01
2.525647282600402832e-01
8.565793931484222412e-02
1.643922030925750732e-01
1.188141703605651855e-01
1.406134217977523804e-01
2.593750357627868652e-01
1.806520074605941772e-01
9.011000394821166992e-02
3.467149659991264343e-02
8.284285664558410645e-02
6.921506673097610474e-02
2.825658917427062988e-01
9.828662872314453125e-02
4.255007207393646240e-02
2.372562587261199951e-01
1.195519864559173584e-01
2.312541902065277100e-01
1.903955042362213135e-01
4.813027977943420410e-01
2.726000547409057617e-01
5.862556397914886475e-02
9.016226232051849365e-02
1.580481827259063721e-01
1.110123172402381897e-01
5.495440214872360229e-02
2.515746951103210449e-01
1.386668533086776733e-01
1.727034598588943481e-01
6.117321848869323730e-01
3.891632705926895142e-02
3.151316940784454346e-01
5.423600971698760986e-02
1.820967793464660645e-01
2.076619863510131836e-01
2.344119846820831299e-01
2.181965112686157227e-01
1.707331985235214233e-01
1.160483658313751221e-01
3.958687558770179749e-02
2.745845317840576172e-01
4.638789594173431396e-02
2.268590480089187622e-01
2.072742581367492676e-01
2.436907291412353516e-01
2.294069826602935791e-01
1.932024955749511719e-01
9.151016175746917725e-02
1.400644481182098389e-01
3.576789200305938721e-01
1.723876148462295532e-01
1.414902061223983765e-01
3.026056885719299316e-01
9.658578038215637207e-02
1.068396344780921936e-01
3.076318502426147461e-01
1.860561370849609375e-01
1.413951367139816284e-01
1.600249558687210083e-01
7.008561491966247559e-02
1.235594600439071655e-01
1.640571206808090210e-01
3.095066249370574951e-01
2.011631429195404053e-01
2.079669088125228882e-01
2.102589756250381470e-01
3.543659746646881104e-01
2.452836185693740845e-01
3.979721963405609131e-01
3.007546663284301758e-01
2.096206992864608765e-01
1.272372305393218994e-01
1.254902482032775879e-01
2.126801908016204834e-01
3.834380507469177246e-01
4.380303025245666504e-01
1.986989378929138184e-01
3.510327637195587158e-01
1.909332126379013062e-01
1.367908269166946411e-01
4.630172848701477051e-01
1.867243349552154541e-01
1.056945770978927612e-01
3.693753480911254883e-01
1.123302057385444641e-01
4.055049419403076172e-01
2.538609504699707031e-01
5.595942586660385132e-02
1.288636922836303711e-01
2.492932081222534180e-01
1.297360360622406006e-01
3.546169400215148926e-02
3.963563740253448486e-01
1.709093302488327026e-01
3.594487309455871582e-01
5.712802335619926453e-02
2.691051959991455078e-01
1.359168738126754761e-01
1.741195321083068848e-01
1.154372021555900574e-01
1.538044810295104980e-01
2.732883095741271973e-01
2.624714970588684082e-01
1.024163737893104553e-01
1.544196158647537231e-01
1.296367049217224121e-01
4.878395795822143555e-01
3.866633176803588867e-01
2.418420910835266113e-01
3.041989803314208984e-01
1.198476701974868774e-01
1.394362598657608032e-01
1.144827604293823242e-01
1.268343627452850342e-01
2.793480157852172852e-01
2.586601078510284424e-01
2.125642597675323486e-01
2.559929192066192627e-01
2.059604674577713013e-01
2.204691171646118164e-01
2.097087800502777100e-01
1.224029734730720520e-01
3.282699584960937500e-01
1.501370817422866821e-01
1.148889660835266113e-01
5.176376551389694214e-02
1.402476131916046143e-01
1.521361768245697021e-01
9.898242354393005371e-02
1.411129832267761230e-01
3.240706920623779297e-01
1.235240399837493896e-01
1.257276833057403564e-01
1.878407299518585205e-01
1.400889456272125244e-01
2.240908443927764893e-01
1.348821371793746948e-01
2.153536826372146606e-01
7.428689301013946533e-02
1.487673223018646240e-01
1.549308001995086670e-01
2.166598439216613770e-01
1.150924861431121826e-01
8.262517303228378296e-02
1.978709697723388672e-01
2.029979526996612549e-01
1.575824022293090820e-01
1.648339331150054932e-01
2.170380800962448120e-01
2.167891860008239746e-01
4.575012326240539551e-01
1.307788342237472534e-01
2.113321572542190552e-01
2.702994346618652344e-01
6.886428594589233398e-02
2.713207602500915527e-01
1.292153000831604004e-01
1.917170584201812744e-01
5.022120475769042969e-01
1.516209840774536133e-01
2.957872748374938965e-01
2.959397435188293457e-01
7.961507141590118408e-02
7.185507565736770630e-02
2.145596146583557129e-01
1.630822569131851196e-01
1.027512252330780029e-01
1.021327227354049683e-01
8.568841218948364258e-02
1.930882930755615234e-01
1.732176244258880615e-01
1.947630196809768677e-01
1.266063153743743896e-01
2.494102567434310913e-01
2.050132751464843750e-01
2.180217951536178589e-01
4.231418967247009277e-01
1.270481348037719727e-01
1.431370079517364502e-01
3.311707079410552979e-01
2.951763272285461426e-01
3.272648453712463379e-01
2.540673017501831055e-01
1.703240871429443359e-01
1.136810109019279480e-01
1.249388605356216431e-01
1.139956191182136536e-01
1.186175271868705750e-01
4.432782530784606934e-01
1.890342533588409424e-01
1.121841967105865479e-01
2.836321294307708740e-01
7.782405614852905273e-02
2.073405086994171143e-01
9.663631021976470947e-02
1.946997344493865967e-01
3.173331022262573242e-01
1.108650416135787964e-01
1.870224326848983765e-01
1.334420740604400635e-01
1.077033430337905884e-01
4.249157309532165527e-01
2.407653480768203735e-01
3.478903472423553467e-01
1.671196222305297852e-01
2.617852389812469482e-01
8.228768408298492432e-02
1.281307190656661987e-01
2.528552114963531494e-01
1.029823943972587585e-01
1.776208728551864624e-01
1.543861329555511475e-01
6.932992488145828247e-02
1.528801769018173218e-01
4.954846575856208801e-02
2.057984918355941772e-01
2.204179465770721436e-01
3.410072624683380127e-01
2.494872510433197021e-01
7.840599119663238525e-02
1.669623851776123047e-01
8.150316774845123291e-02
1.388850063085556030e-01
1.431548893451690674e-01
1.149008646607398987e-01
1.107605770230293274e-01
6.759738922119140625e-02
2.999856472015380859e-01
2.206252217292785645e-01
1.299724578857421875e-01
6.040778756141662598e-01
9.643991291522979736e-02
2.037737816572189331e-01
3.838388919830322266e-01
2.349353134632110596e-01
4.503878951072692871e-01
4.724804759025573730e-01
6.802995502948760986e-02
3.340071141719818115e-01
2.704564332962036133e-01
2.613375186920166016e-01
2.343080639839172363e-01
1.120741069316864014e-01
2.452081441879272461e-01
1.551536768674850464e-01
4.171848893165588379e-01
1.020971238613128662e-01
1.317985653877258301e-01
2.509449124336242676e-01
1.565451622009277344e-01
8.117856830358505249e-02
4.227792620658874512e-01
2.342680245637893677e-01
1.699282974004745483e-01
2.691622972488403320e-01
3.150544762611389160e-01
2.828384935855865479e-01
1.595608890056610107e-01
5.413299798965454102e-02
7.242181897163391113e-02
5.167379975318908691e-02
2.841984331607818604e-01
7.928663492202758789e-02
3.040608763694763184e-01
1.320515573024749756e-01
2.329324036836624146e-01
9.187163412570953369e-02
1.402373462915420532e-01
1.363791972398757935e-01
7.045635581016540527e-02
2.566205859184265137e-01
1.450904607772827148e-01
7.086598873138427734e-02
6.466080248355865479e-02
2.730604410171508789e-01
1.253425776958465576e-01
2.386680245399475098e-01
3.845329582691192627e-01
2.356298863887786865e-01
1.344568878412246704e-01
1.801129877567291260e-01
1.369968652725219727e-01
3.188784420490264893e-01
6.903943419456481934e-02
6.254939734935760498e-02
1.685848087072372437e-01
1.816220432519912720e-01
2.858519852161407471e-01
1.457229852676391602e-01
2.348094135522842407e-01
7.051143050193786621e-02
3.250306844711303711e-01
5.512270927429199219e-01
4.838570207357406616e-02
1.521815508604049683e-01
7.854388654232025146e-02
6.313545256853103638e-02
1.029624417424201965e-01
1.782060414552688599e-01
6.966386735439300537e-02
1.097209900617599487e-01
3.489396274089813232e-01
1.883490383625030518e-01
1.525570452213287354e-01
2.193383723497390747e-01
1.497420668601989746e-01
1.411977708339691162e-01
1.717127263545989990e-01
1.447543203830718994e-01
3.219314813613891602e-01
1.555274128913879395e-01
2.436990141868591309e-01
2.875466346740722656e-01
1.960352957248687744e-01
2.427059412002563477e-01
1.699317991733551025e-01
1.471766680479049683e-01
1.360176950693130493e-01
7.930848002433776855e-02
6.304193288087844849e-02
1.023877561092376709e-01
2.748106420040130615e-01
7.824629545211791992e-02
2.022932469844818115e-01
2.845399975776672363e-01
3.750930130481719971e-01
1.628354489803314209e-01
2.075888067483901978e-01
1.955522298812866211e-01
2.190219461917877197e-01
2.095310389995574951e-01
1.858160793781280518e-01
5.346280336380004883e-02
6.715914607048034668e-02
1.327451467514038086e-01
3.537377715110778809e-02
4.523516446352005005e-02
1.202346011996269226e-01
3.112197816371917725e-01
1.962088942527770996e-01
9.111834317445755005e-02
1.507457345724105835e-01
1.004335209727287292e-01
3.501428365707397461e-01
6.801513582468032837e-02
3.874582052230834961e-01
1.276645660400390625e-01
1.443024575710296631e-01
3.346387445926666260e-01
1.784130930900573730e-01
1.192698702216148376e-01
1.651287078857421875e-01
2.207155823707580566e-01
2.533249258995056152e-01
1.616088002920150757e-01
1.222414225339889526e-01
8.196599036455154419e-02
7.167036831378936768e-02
1.707070767879486084e-01
1.480771303176879883e-01
2.048290669918060303e-01
1.133282408118247986e-01
2.311380654573440552e-01
8.537137508392333984e-02
1.171617433428764343e-01
1.330576390027999878e-01
9.234680235385894775e-02
1.688478291034698486e-01
3.703856468200683594e-01
1.188404262065887451e-01
2.466129958629608154e-01
2.504940032958984375e-01
1.773767769336700439e-01
3.293442130088806152e-01
3.479493856430053711e-01
2.076196223497390747e-01
2.338097989559173584e-01
8.736002445220947266e-02
1.281927376985549927e-01
2.179146707057952881e-01
2.562392055988311768e-01
5.711438655853271484e-01
9.083724021911621094e-02
1.749592125415802002e-01
4.074428975582122803e-01
7.311949133872985840e-02
6.444105505943298340e-02
1.306423842906951904e-01
1.741658151149749756e-01
3.680184483528137207e-02
2.825415432453155518e-01
1.239318773150444031e-01
1.107032969594001770e-01
2.608240842819213867e-01
1.424251496791839600e-01
3.207430243492126465e-01
2.043488919734954834e-01
1.212274506688117981e-01
7.705256342887878418e-02
1.752543747425079346e-01
2.405978739261627197e-01
9.002299606800079346e-02
1.594488322734832764e-01
2.295624762773513794e-01
4.879760742187500000e-01
1.150844320654869080e-01
2.123835086822509766e-01
1.918885707855224609e-01
1.546770930290222168e-01
2.450512498617172241e-01
5.377439260482788086e-01
2.009223997592926025e-01
2.822765409946441650e-01
2.696454823017120361e-01
1.148831918835639954e-01
1.479840576648712158e-01
2.551961839199066162e-01
7.387087494134902954e-02
5.231192708015441895e-02
1.344386041164398193e-01
1.111513674259185791e-01
9.200336039066314697e-02
5.473932623863220215e-02
1.550560295581817627e-01
2.871527075767517090e-01
3.108610510826110840e-01
1.961628943681716919e-01
1.213289797306060791e-01
2.672089338302612305e-01
1.225696206092834473e-01
1.060876473784446716e-01
3.073088228702545166e-01
2.525512278079986572e-01
1.840232610702514648e-01
1.716012358665466309e-01
1.036488115787506104e-01
1.847333461046218872e-01
2.989494800567626953e-01
1.777391135692596436e-01
3.226364850997924805e-01
8.997743576765060425e-02
1.370678693056106567e-01
1.320684105157852173e-01
4.675869345664978027e-01
2.055588066577911377e-01
3.403927087783813477e-01
3.788418471813201904e-01
2.622746229171752930e-01
1.906113624572753906e-01
1.346568465232849121e-01
1.497321873903274536e-01
1.756246089935302734e-01
1.119443178176879883e-01
