1.334898918867111206e-01
1.585107147693634033e-01
1.885965168476104736e-01
1.990034878253936768e-01
1.951476484537124634e-01
1.661463379859924316e-01
2.750273942947387695e-01
1.462862193584442139e-01
1.808043718338012695e-01
1.238645464181900024e-01
7.200821489095687866e-02
9.829206019639968872e-02
8.131296187639236450e-02
9.763734042644500732e-02
1.520309746265411377e-01
5.395453795790672302e-02
1.260474920272827148e-01
1.236275434494018555e-01
1.238289028406143188e-01
1.191313043236732483e-01
8.024276793003082275e-02
1.905210018157958984e-01
1.728763580322265625e-01
1.157081723213195801e-01
2.789374887943267822e-01
3.239662945270538330e-02
1.143511831760406494e-01
1.646023243665695190e-01
6.489795446395874023e-02
6.141955405473709106e-02
1.137567311525344849e-01
2.243635058403015137e-01
1.493577659130096436e-01
2.386005073785781860e-01
5.968957394361495972e-02
4.149632155895233154e-02
2.094779908657073975e-01
2.455289661884307861e-01
2.304559350013732910e-01
4.125295579433441162e-02
2.320796996355056763e-01
1.936128139495849609e-01
1.666795164346694946e-01
7.943902909755706787e-02
1.034032702445983887e-01
1.640516221523284912e-01
4.162721708416938782e-02
4.134411364793777466e-02
1.470136195421218872e-01
1.603885293006896973e-01
3.679556548595428467e-01
2.729120552539825439e-01
1.988575756549835205e-01
1.843626499176025391e-01
9.062176197767257690e-02
1.254796087741851807e-01
4.364485740661621094e-01
2.694488167762756348e-01
2.458962202072143555e-01
7.777902483940124512e-02
2.268750518560409546e-01
1.375491619110107422e-01
1.411596983671188354e-01
1.252259612083435059e-01
3.122325986623764038e-02
1.492261290550231934e-01
1.336705237627029419e-01
4.215205088257789612e-02
6.780061125755310059e-02
2.135260999202728271e-01
5.167114362120628357e-02
2.498179376125335693e-01
9.526421129703521729e-02
1.173091530799865723e-01
1.178471967577934265e-01
1.361920833587646484e-01
1.857722103595733643e-01
1.024733111262321472e-01
2.220242172479629517e-01
1.467379629611968994e-01
5.044378340244293213e-02
1.893959641456604004e-01
1.822950094938278198e-01
6.809843331575393677e-02
4.084768891334533691e-02
1.807762384414672852e-01
2.861033678054809570e-01
4.078751504421234131e-01
2.325353324413299561e-01
3.738087043166160583e-02
8.040025830268859863e-02
6.113044545054435730e-02
9.030818939208984375e-02
6.083609908819198608e-02
6.254079937934875488e-02
2.020450681447982788e-01
2.710273265838623047e-01
6.576500833034515381e-02
1.727072447538375854e-01
1.627436429262161255e-01
6.438387930393218994e-02
2.746538519859313965e-01
8.674400299787521362e-02
1.002973839640617371e-01
1.311220228672027588e-01
9.606608748435974121e-02
1.733176857233047485e-01
3.116847872734069824e-01
1.186559349298477173e-01
1.709992140531539917e-01
2.123863846063613892e-01
2.412182241678237915e-01
1.290673315525054932e-01
2.407028973102569580e-01
4.978678002953529358e-02
1.522517800331115723e-01
5.882536619901657104e-02
6.846712529659271240e-02
1.395483911037445068e-01
7.717363536357879639e-02
1.536089479923248291e-01
2.433566451072692871e-01
4.414620250463485718e-02
9.767083823680877686e-02
3.986692428588867188e-02
3.225684165954589844e-02
8.200178295373916626e-02
6.277664005756378174e-02
1.657258868217468262e-01
1.279523223638534546e-01
6.771505624055862427e-02
7.825462520122528076e-02
1.494014170020818710e-02
1.840681135654449463e-01
2.779163420200347900e-01
1.658465415239334106e-01
3.360837399959564209e-01
7.989250123500823975e-02
1.773224323987960815e-01
5.492665618658065796e-02
2.378108911216259003e-02
2.834758460521697998e-01
1.630637347698211670e-01
1.357463002204895020e-01
3.395575881004333496e-01
7.434757053852081299e-02
1.100165247917175293e-01
1.359523087739944458e-01
2.009370774030685425e-01
4.196974635124206543e-02
1.369835287332534790e-01
2.929925620555877686e-01
2.462441027164459229e-01
3.156409263610839844e-01
1.970975697040557861e-01
2.246325761079788208e-01
1.360083222389221191e-01
8.694004267454147339e-02
6.501877307891845703e-02
1.303710937500000000e-01
7.537512481212615967e-02
7.964886724948883057e-02
1.322932839393615723e-01
6.845582276582717896e-02
1.940782517194747925e-01
9.675800800323486328e-02
7.915498316287994385e-02
1.331828832626342773e-01
1.680033355951309204e-01
3.667148053646087646e-01
4.823994636535644531e-02
1.450189854949712753e-02
9.275605529546737671e-02
6.415288895368576050e-02
1.448139250278472900e-01
2.885791473090648651e-02
1.307543665170669556e-01
3.049361705780029297e-02
2.678426504135131836e-01
7.370614260435104370e-02
1.148401796817779541e-01
9.702178835868835449e-02
3.481266200542449951e-01
2.033199965953826904e-01
9.690227359533309937e-02
3.730591386556625366e-02
1.638590395450592041e-01
4.307106435298919678e-01
1.396113038063049316e-01
8.718666434288024902e-02
4.666464775800704956e-02
2.766086757183074951e-01
3.315539062023162842e-01
2.904237061738967896e-02
1.849866658449172974e-01
3.050645999610424042e-02
1.415759325027465820e-01
1.271572411060333252e-01
1.186646968126296997e-01
1.228859350085258484e-01
5.768658220767974854e-02
3.835722431540489197e-02
1.187770515680313110e-01
2.345027923583984375e-01
2.560392022132873535e-01
1.998127251863479614e-01
1.377024352550506592e-01
3.694842755794525146e-02
2.578213810920715332e-01
1.897932589054107666e-01
8.979277312755584717e-02
1.007808446884155273e-01
1.325955241918563843e-01
4.621663689613342285e-02
1.096205711364746094e-01
1.500717997550964355e-01
7.728095352649688721e-02
2.498805671930313110e-01
9.096746146678924561e-02
1.402479410171508789e-01
2.309551835060119629e-01
2.500011324882507324e-01
1.118244305253028870e-01
1.400000452995300293e-01
1.639123558998107910e-01
3.747122883796691895e-01
1.442800760269165039e-01
1.230395734310150146e-01
2.829513251781463623e-01
2.786327004432678223e-01
1.507012844085693359e-01
7.544100284576416016e-02
1.984149515628814697e-01
2.056702673435211182e-01
1.470152139663696289e-01
1.709082573652267456e-01
9.504497051239013672e-02
3.091339468955993652e-01
6.621254682540893555e-01
2.475991845130920410e-01
1.905248910188674927e-01
9.263307601213455200e-02
6.357533484697341919e-02
1.043715626001358032e-01
1.028756275773048401e-01
1.222203224897384644e-01
3.062908165156841278e-02
1.168032288551330566e-01
2.867230772972106934e-01
1.146542876958847046e-01
5.175015926361083984e-01
9.795808792114257812e-02
7.793907821178436279e-02
1.199097931385040283e-01
1.290498524904251099e-01
8.878047764301300049e-02
1.937402784824371338e-01
2.410523295402526855e-01
2.252872884273529053e-01
2.553091347217559814e-01
4.263285398483276367e-01
7.378094643354415894e-02
4.688480868935585022e-02
1.938682347536087036e-01
4.939584434032440186e-02
1.665592044591903687e-01
8.691320568323135376e-02
2.273528277873992920e-01
8.572041243314743042e-02
1.393249183893203735e-01
7.121334224939346313e-02
1.919090747833251953e-01
1.122579500079154968e-01
1.577523648738861084e-01
4.584210366010665894e-02
1.436054110527038574e-01
1.737379431724548340e-01
2.450525015592575073e-01
4.136112630367279053e-01
5.299111455678939819e-02
1.977130174636840820e-01
5.732838809490203857e-02
1.371758878231048584e-01
1.229413226246833801e-01
3.161233663558959961e-01
3.183540701866149902e-02
3.532140851020812988e-01
1.343496292829513550e-01
9.109803289175033569e-02
1.200765147805213928e-01
1.411534547805786133e-01
2.428076416254043579e-01
1.835702359676361084e-01
7.757220417261123657e-02
1.265809983015060425e-01
4.618427157402038574e-02
2.191823869943618774e-01
8.619996905326843262e-02
2.486745566129684448e-01
1.009234637022018433e-01
1.846937835216522217e-01
1.145582497119903564e-01
1.059755533933639526e-01
1.197318881750106812e-01
2.736580669879913330e-01
3.241893351078033447e-01
1.643212586641311646e-01
9.515979886054992676e-02
1.423766911029815674e-01
2.145233452320098877e-01
2.223902493715286255e-01
1.722785830497741699e-01
2.201818823814392090e-01
3.729652762413024902e-01
1.015229895710945129e-01
2.243291735649108887e-01
1.728951781988143921e-01
1.326946020126342773e-01
3.026733398437500000e-01
1.567656695842742920e-01
9.086190164089202881e-02
1.055381000041961670e-01
1.189199835062026978e-01
9.066545963287353516e-02
2.867751121520996094e-01
2.764160335063934326e-01
1.476123481988906860e-01
1.431380212306976318e-01
9.964740276336669922e-02
9.037652611732482910e-02
2.155356258153915405e-01
5.432555079460144043e-02
8.721332252025604248e-02
7.625474035739898682e-02
2.618008852005004883e-01
4.243952929973602295e-01
1.975227445363998413e-01
1.056377887725830078e-01
1.261658668518066406e-01
6.776892393827438354e-02
1.406406313180923462e-01
4.225736856460571289e-02
7.233340293169021606e-02
1.934107393026351929e-02
3.501078188419342041e-01
2.437710016965866089e-02
2.743551731109619141e-01
2.213548868894577026e-01
1.552462577819824219e-01
4.115976691246032715e-01
1.629884093999862671e-01
5.393724143505096436e-02
1.611099094152450562e-01
5.358709394931793213e-02
1.661237925291061401e-01
1.614166498184204102e-01
6.864096969366073608e-02
1.787446588277816772e-01
1.200984641909599304e-01
4.177495092153549194e-02
7.250002026557922363e-02
1.425113976001739502e-01
3.475901857018470764e-02
9.703232347965240479e-02
2.782949805259704590e-01
1.642498224973678589e-01
1.040985956788063049e-01
5.019304156303405762e-02
5.392171442508697510e-02
1.183063089847564697e-01
3.889569938182830811e-01
1.794937252998352051e-01
5.685926228761672974e-02
1.153561174869537354e-01
1.177456527948379517e-01
1.666399687528610229e-01
1.020992100238800049e-01
1.813492923974990845e-01
9.133966267108917236e-02
3.697574138641357422e-02
1.131011247634887695e-01
2.083256989717483521e-01
6.060914695262908936e-02
1.301525533199310303e-01
2.324073016643524170e-01
1.545613259077072144e-01
8.929666131734848022e-02
3.045967817306518555e-01
7.694871723651885986e-02
1.086172312498092651e-01
2.544752955436706543e-01
1.136487126350402832e-01
2.108684778213500977e-01
1.711929440498352051e-01
1.750870347023010254e-01
2.608379721641540527e-01
1.083263233304023743e-01
1.188370138406753540e-01
2.114595174789428711e-01
3.698083460330963135e-01
6.314492970705032349e-02
1.075823381543159485e-01
7.312900573015213013e-02
1.137091144919395447e-01
2.166761606931686401e-01
1.840741634368896484e-01
1.126366108655929565e-01
4.503685832023620605e-01
2.627384960651397705e-01
1.724728047847747803e-01
5.054827928543090820e-01
1.855145990848541260e-01
3.005790114402770996e-01
1.049925014376640320e-01
3.642662614583969116e-02
4.893642291426658630e-02
9.118609130382537842e-02
1.520279049873352051e-01
1.831541955471038818e-01
1.367861926555633545e-01
2.615703344345092773e-01
2.479309737682342529e-01
1.346337348222732544e-01
2.530294060707092285e-01
2.909776866436004639e-01
5.244458094239234924e-02
4.652011021971702576e-02
1.237250491976737976e-01
3.825610876083374023e-02
2.040838152170181274e-01
7.498250156641006470e-02
3.739023208618164062e-02
1.452298164367675781e-01
2.358970046043395996e-01
1.278210431337356567e-01
1.612153053283691406e-01
8.828759193420410156e-02
1.498291492462158203e-01
2.192032784223556519e-01
8.330854028463363647e-02
1.848821938037872314e-01
1.570622920989990234e-01
1.902348399162292480e-01
9.398178756237030029e-02
1.080059707164764404e-01
1.965143382549285889e-01
1.479090750217437744e-01
9.033011645078659058e-02
2.784428894519805908e-01
1.588115394115447998e-01
8.225174993276596069e-02
1.501617431640625000e-01
1.330896764993667603e-01
7.064025849103927612e-02
1.856957376003265381e-01
1.643162369728088379e-01
1.615802198648452759e-01
1.075302362442016602e-01
2.777477204799652100e-01
1.104886159300804138e-01
1.590109318494796753e-01
9.910365939140319824e-02
1.326781883835792542e-02
2.666410505771636963e-01
2.676055729389190674e-01
1.148931086063385010e-01
1.453024297952651978e-01
8.977203816175460815e-02
6.062869727611541748e-02
2.569874525070190430e-01
1.961712837219238281e-01
1.294037997722625732e-01
2.852393500506877899e-02
7.606606185436248779e-02
8.789771795272827148e-02
1.865099966526031494e-01
1.534339934587478638e-01
1.096374094486236572e-01
6.863913685083389282e-02
1.188100129365921021e-01
3.892183899879455566e-01
1.735709756612777710e-01
3.420755267143249512e-01
5.706982314586639404e-02
4.925825819373130798e-02
2.539253830909729004e-01
2.249716520309448242e-01
2.757312953472137451e-01
1.602942645549774170e-01
1.391245871782302856e-01
1.791020482778549194e-01
6.761511415243148804e-02
3.185791373252868652e-01
2.356158494949340820e-01
1.413810104131698608e-01
2.458868324756622314e-01
1.007101833820343018e-01
4.324554204940795898e-01
2.675622999668121338e-01
3.654022812843322754e-01
1.016286984086036682e-01
3.685010969638824463e-01
3.345612883567810059e-01
1.382907032966613770e-01
9.134531021118164062e-01
3.905315399169921875e-01
3.702581524848937988e-01
2.064618170261383057e-01
1.694189459085464478e-01
1.760350167751312256e-01
3.697483539581298828e-01
3.029986023902893066e-01
2.100736498832702637e-01
4.102609455585479736e-01
2.633269429206848145e-01
2.339380681514739990e-01
2.374802529811859131e-01
3.769759088754653931e-02
2.173619568347930908e-01
2.163639366626739502e-01
3.665012121200561523e-01
2.650563716888427734e-01
2.530376613140106201e-01
3.732796907424926758e-01
1.301084458827972412e-01
3.103999793529510498e-01
1.838630288839340210e-01
2.281389236450195312e-01
9.476007521152496338e-02
2.047273367643356323e-01
1.053321138024330139e-01
3.615242242813110352e-01
4.810304939746856689e-02
1.361406594514846802e-01
1.162262484431266785e-01
2.078159749507904053e-01
1.337599158287048340e-01
3.363664746284484863e-01
1.211429163813591003e-01
1.003139615058898926e-01
3.156875073909759521e-01
1.847692430019378662e-01
2.535469532012939453e-01
5.012985691428184509e-02
1.792620271444320679e-01
7.676891982555389404e-02
3.446532487869262695e-01
4.035561084747314453e-01
1.153668016195297241e-01
9.098109602928161621e-02
2.374980449676513672e-01
3.537024259567260742e-01
2.530370652675628662e-01
2.335424572229385376e-01
9.058059751987457275e-02
3.120464682579040527e-01
6.848652660846710205e-02
1.381173878908157349e-01
2.024667114019393921e-01
5.345062613487243652e-01
3.806867599487304688e-01
8.381970971822738647e-02
2.401311099529266357e-01
1.376538872718811035e-01
1.334603875875473022e-01
9.582623839378356934e-02
1.710319817066192627e-01
1.676302850246429443e-01
1.839611530303955078e-01
1.495123207569122314e-01
9.873823076486587524e-02
1.179064214229583740e-01
2.292982786893844604e-01
1.674259305000305176e-01
5.050592869520187378e-02
2.054853290319442749e-01
2.587275207042694092e-01
2.008945345878601074e-01
9.024196118116378784e-02
1.760168075561523438e-01
7.221129536628723145e-02
1.642959415912628174e-01
1.796701997518539429e-01
1.137475222349166870e-01
1.038583964109420776e-01
7.855015993118286133e-02
6.074941754341125488e-01
1.330623179674148560e-01
8.576112985610961914e-02
7.142446935176849365e-02
1.082681119441986084e-01
5.600072070956230164e-02
2.018997073173522949e-01
1.385511159896850586e-01
9.925244748592376709e-02
3.872253298759460449e-01
2.253538221120834351e-01
1.650812029838562012e-01
2.015052139759063721e-01
4.086959362030029297e-02
1.768229007720947266e-01
9.579961746931076050e-02
1.057151481509208679e-01
1.268091946840286255e-01
8.304090797901153564e-02
1.273451745510101318e-01
5.179462581872940063e-02
1.688418835401535034e-01
4.270075261592864990e-02
2.625854313373565674e-01
8.419491350650787354e-02
1.245041936635971069e-01
2.408982440829277039e-02
8.539052307605743408e-02
4.757021367549896240e-02
2.877222597599029541e-01
2.248683571815490723e-01
8.535100519657135010e-02
1.570114940404891968e-01
1.023710519075393677e-01
2.487212419509887695e-01
4.300490394234657288e-02
1.365603953599929810e-01
8.584334701299667358e-02
2.286878414452075958e-02
2.431616783142089844e-01
1.008757203817367554e-01
8.823931217193603516e-02
9.037725627422332764e-02
6.287702918052673340e-02
2.377079576253890991e-01
3.163233101367950439e-01
1.737108528614044189e-01
1.646200269460678101e-01
7.549364864826202393e-02
1.165431737899780273e-01
9.557824581861495972e-02
5.967233702540397644e-02
1.310032308101654053e-01
4.270099103450775146e-01
2.018320858478546143e-01
8.799946308135986328e-02
1.406526863574981689e-01
1.201252117753028870e-01
1.076120212674140930e-01
6.130281835794448853e-02
2.730120718479156494e-01
3.035240173339843750e-01
1.718970239162445068e-01
1.581809073686599731e-01
5.796131491661071777e-02
1.625706255435943604e-02
1.016123890876770020e-01
1.833306252956390381e-01
1.838137507438659668e-01
1.482708603143692017e-01
1.777781397104263306e-01
1.367494165897369385e-01
1.057799607515335083e-01
2.934103012084960938e-01
2.920541167259216309e-01
1.183155328035354614e-01
2.044044286012649536e-01
2.813960909843444824e-01
2.330065667629241943e-01
7.070551067590713501e-02
1.276225149631500244e-01
1.022850275039672852e-01
1.347255259752273560e-01
1.992936581373214722e-01
3.745538741350173950e-02
7.366751134395599365e-02
9.908223897218704224e-02
5.303255841135978699e-02
6.577183306217193604e-02
5.248363688588142395e-02
7.674664258956909180e-02
2.347168028354644775e-01
1.650118827819824219e-01
1.876618415117263794e-01
6.609282642602920532e-02
1.272942423820495605e-01
6.515474617481231689e-02
1.193797737360000610e-01
3.347454667091369629e-01
2.114651352167129517e-01
9.775343537330627441e-02
1.545256674289703369e-01
1.423924565315246582e-01
2.943412661552429199e-01
8.668556809425354004e-02
2.604473233222961426e-01
1.723572015762329102e-01
8.672775328159332275e-02
1.060682237148284912e-01
1.808850914239883423e-01
1.059797704219818115e-01
1.243152022361755371e-01
4.981703311204910278e-02
1.386830061674118042e-01
2.377756237983703613e-01
6.301639229059219360e-02
2.665036022663116455e-01
1.141020357608795166e-01
2.273453325033187866e-01
1.707612425088882446e-01
1.566292643547058105e-01
4.852240532636642456e-02
1.087482199072837830e-01
1.656127870082855225e-01
2.193931937217712402e-01
2.520529627799987793e-01
2.559937238693237305e-01
1.889767944812774658e-01
8.521981537342071533e-02
9.161982685327529907e-02
1.244526803493499756e-01
1.201261430978775024e-01
1.899187862873077393e-01
1.339346170425415039e-01
1.898946464061737061e-01
3.776141256093978882e-02
1.784326434135437012e-01
1.177722811698913574e-01
1.181770563125610352e-01
7.798872888088226318e-02
9.406925737857818604e-02
8.932483196258544922e-02
3.713854551315307617e-01
2.092795819044113159e-01
1.268761008977890015e-01
5.317332595586776733e-02
1.185897514224052429e-01
1.380341202020645142e-01
3.718400374054908752e-02
8.163073658943176270e-02
1.152243167161941528e-01
2.236901223659515381e-01
3.021761775016784668e-01
1.914596930146217346e-02
2.652964293956756592e-01
4.095086082816123962e-02
2.905640900135040283e-01
3.019497357308864594e-02
2.625415325164794922e-01
1.373579502105712891e-01
2.709261775016784668e-01
1.719865053892135620e-01
2.924230992794036865e-01
2.021010220050811768e-01
6.282466650009155273e-02
2.104508280754089355e-01
1.201304346323013306e-01
4.601431265473365784e-02
1.342844814062118530e-01
1.216909736394882202e-01
5.367829650640487671e-02
1.059403344988822937e-01
2.748309671878814697e-01
2.983375191688537598e-01
1.712938547134399414e-01
5.248932540416717529e-02
1.236447393894195557e-01
8.383269608020782471e-02
3.212466090917587280e-02
4.157560318708419800e-02
4.505993425846099854e-02
1.383179426193237305e-01
5.904608964920043945e-02
5.470136553049087524e-02
3.308732211589813232e-01
5.120711401104927063e-02
8.701500296592712402e-02
2.582899034023284912e-01
7.878790050745010376e-02
1.025965586304664612e-01
1.391305029392242432e-01
5.312198400497436523e-02
2.056569606065750122e-01
1.327177286148071289e-01
3.247136622667312622e-02
1.575922966003417969e-01
6.085419654846191406e-02
8.839821815490722656e-02
3.183833062648773193e-01
5.977940559387207031e-02
4.126328229904174805e-02
6.637105345726013184e-02
1.262969821691513062e-01
2.373211272060871124e-02
5.150902271270751953e-02
1.066439300775527954e-01
2.160313427448272705e-01
4.455698654055595398e-02
1.257732361555099487e-01
1.332520544528961182e-01
1.839477717876434326e-01
2.848141640424728394e-02
2.391930669546127319e-01
3.502334058284759521e-01
5.351597070693969727e-01
1.206434071063995361e-01
7.704015076160430908e-02
1.603168249130249023e-01
1.055099889636039734e-01
2.945943772792816162e-01
8.243855834007263184e-02
1.139459311962127686e-01
2.626982927322387695e-01
9.720019996166229248e-02
1.577687561511993408e-01
1.699475049972534180e-01
2.413174808025360107e-01
7.174104452133178711e-02
2.551816701889038086e-01
3.098042607307434082e-01
1.180564463138580322e-01
3.237949013710021973e-01
3.736465424299240112e-02
2.033453583717346191e-01
1.343427300453186035e-01
8.678469061851501465e-02
9.872884303331375122e-02
1.497393548488616943e-01
1.482284516096115112e-01
5.484775453805923462e-02
2.815929651260375977e-01
3.319736942648887634e-02
2.663890123367309570e-01
4.797798395156860352e-02
3.801904991269111633e-02
2.010245919227600098e-01
6.866288185119628906e-02
7.199031859636306763e-02
7.273973524570465088e-02
1.419799923896789551e-01
9.863995015621185303e-02
1.907925903797149658e-01
1.546777635812759399e-01
2.070564031600952148e-01
2.757393717765808105e-01
6.410393118858337402e-02
6.101959943771362305e-02
1.307214200496673584e-01
1.224166378378868103e-01
1.024711206555366516e-01
1.253941208124160767e-01
1.666891276836395264e-01
4.102373123168945312e-02
3.096215426921844482e-01
1.620545983314514160e-01
1.821867227554321289e-01
4.225726053118705750e-02
1.746127605438232422e-01
1.073349341750144958e-01
1.475019007921218872e-01
1.582564413547515869e-01
3.942553400993347168e-01
1.508765369653701782e-01
1.306979656219482422e-01
7.058255374431610107e-02
1.335888355970382690e-01
1.057446822524070740e-01
3.396469354629516602e-02
1.820609867572784424e-01
1.711434274911880493e-01
7.298129796981811523e-02
1.336718797683715820e-01
2.504028379917144775e-01
3.184867277741432190e-02
1.776656061410903931e-01
1.273384690284729004e-01
4.231675267219543457e-01
6.975191086530685425e-02
3.463940620422363281e-01
1.654803454875946045e-01
2.986722886562347412e-01
4.025359079241752625e-02
1.744824349880218506e-01
1.515367180109024048e-01
2.690842747688293457e-01
3.983307480812072754e-01
8.135436475276947021e-02
2.491870820522308350e-01
1.331494450569152832e-01
3.261234611272811890e-02
4.907089471817016602e-02
6.021440774202346802e-02
6.271785497665405273e-02
2.547131180763244629e-01
1.460556834936141968e-01
1.244622766971588135e-01
5.565222725272178650e-02
1.199621558189392090e-01
2.981986403465270996e-01
3.918407112360000610e-02
7.283603399991989136e-02
2.169220447540283203e-01
2.762189209461212158e-01
2.974084317684173584e-01
1.993005573749542236e-01
1.228817999362945557e-01
2.652043402194976807e-01
1.472135484218597412e-01
2.098802328109741211e-01
3.499121665954589844e-01
1.085265800356864929e-01
6.597416847944259644e-02
1.827782392501831055e-01
1.771402359008789062e-01
6.316140294075012207e-02
7.829030603170394897e-02
2.518604397773742676e-01
4.298368394374847412e-01
2.287633717060089111e-01
1.153782978653907776e-01
2.915942966938018799e-01
9.437370300292968750e-02
1.579154282808303833e-01
1.882910430431365967e-01
1.811894923448562622e-01
1.093341559171676636e-01
1.567530781030654907e-01
1.502835154533386230e-01
7.654876261949539185e-02
9.881215542554855347e-02
4.328061640262603760e-02
1.279557347297668457e-01
9.490396082401275635e-02
1.607899069786071777e-01
1.280217468738555908e-01
4.832886904478073120e-02
1.465649753808975220e-01
5.648193135857582092e-02
3.205387890338897705e-01
4.283978044986724854e-02
1.888197809457778931e-01
1.171333789825439453e-01
2.621489465236663818e-01
1.847137063741683960e-01
4.288794696331024170e-01
9.909755736589431763e-02
2.450843304395675659e-01
1.687536537647247314e-01
1.274017393589019775e-01
1.377495229244232178e-01
1.731997728347778320e-01
1.401216536760330200e-01
5.483275651931762695e-02
1.698942184448242188e-01
2.585528790950775146e-01
1.439083516597747803e-01
2.095580697059631348e-01
9.831123054027557373e-02
3.049872815608978271e-02
2.711404561996459961e-01
3.884106278419494629e-01
2.368427515029907227e-01
2.958608046174049377e-02
2.258004248142242432e-01
1.605834215879440308e-01
7.119466364383697510e-02
9.775129705667495728e-02
2.319930493831634521e-02
1.621669232845306396e-01
2.681573927402496338e-01
1.969962120056152344e-01
1.543220877647399902e-01
1.724331974983215332e-01
2.340505421161651611e-01
1.242416352033615112e-01
3.554738685488700867e-02
3.145802319049835205e-01
9.213881939649581909e-02
1.952343881130218506e-01
8.202249556779861450e-02
9.035536646842956543e-02
7.947881519794464111e-02
1.444078981876373291e-01
5.090966820716857910e-02
1.141448765993118286e-01
1.148152723908424377e-01
2.489532828330993652e-01
1.759736388921737671e-01
1.991517841815948486e-01
1.008968427777290344e-01
7.442247867584228516e-02
2.013418972492218018e-01
3.643285930156707764e-01
2.432618588209152222e-01
8.645652234554290771e-02
1.402719318866729736e-01
2.555937170982360840e-01
1.710517108440399170e-01
1.703780889511108398e-01
2.782268226146697998e-01
3.057817220687866211e-01
2.144816517829895020e-01
1.942629814147949219e-01
2.715190649032592773e-01
1.483208686113357544e-01
3.136388659477233887e-01
1.609213948249816895e-01
2.851257920265197754e-01
4.147180020809173584e-01
1.318463236093521118e-01
9.816331416368484497e-02
5.350917577743530273e-02
6.465296447277069092e-02
6.832719594240188599e-02
2.909490466117858887e-01
2.398712038993835449e-01
1.417808234691619873e-01
7.859745621681213379e-02
8.360579609870910645e-02
1.235892847180366516e-01
1.310768127441406250e-01
1.627694219350814819e-01
6.903960555791854858e-02
6.694515049457550049e-02
6.654219329357147217e-02
4.087817668914794922e-01
6.349574774503707886e-02
1.541562080383300781e-01
2.238069325685501099e-01
2.117016315460205078e-01
4.659812152385711670e-02
1.349073946475982666e-01
2.012250572443008423e-02
6.306368857622146606e-02
8.911542594432830811e-02
1.575319170951843262e-01
5.926713719964027405e-02
1.077047437429428101e-01
2.931432723999023438e-01
3.339855670928955078e-01
1.959390640258789062e-01
3.940526247024536133e-01
1.444687694311141968e-01
2.522325813770294189e-01
1.467901319265365601e-01
1.042378097772598267e-01
1.790596097707748413e-01
1.240434125065803528e-01
1.055033504962921143e-01
6.456524878740310669e-02
1.204875782132148743e-01
1.446296274662017822e-01
1.861558556556701660e-01
1.307648271322250366e-01
1.434288322925567627e-01
1.534363776445388794e-01
1.541913896799087524e-01
1.311641186475753784e-01
2.390789389610290527e-01
1.145718842744827271e-01
2.147822082042694092e-01
1.306916177272796631e-01
1.301734894514083862e-01
1.639934778213500977e-01
2.204775810241699219e-01
1.676694750785827637e-01
3.281401991844177246e-01
9.545776247978210449e-02
1.144224256277084351e-01
6.455128639936447144e-02
3.694177791476249695e-02
3.777494728565216064e-01
2.763494849205017090e-01
1.021855697035789490e-01
1.072656214237213135e-01
1.532610654830932617e-01
1.178975626826286316e-01
1.367228180170059204e-01
1.938030868768692017e-01
6.671489775180816650e-02
4.070257768034934998e-02
2.287333011627197266e-01
1.215296834707260132e-01
2.148437798023223877e-01
4.674463346600532532e-02
3.186214342713356018e-02
1.291580200195312500e-01
3.520805388689041138e-02
5.660102888941764832e-02
2.424674928188323975e-01
8.640787750482559204e-02
3.512329608201980591e-02
2.551349066197872162e-02
1.070910543203353882e-01
1.263592094182968140e-01
3.312890231609344482e-02
1.833440959453582764e-01
2.356153354048728943e-02
2.172274440526962280e-01
2.932067960500717163e-02
1.844578981399536133e-01
1.352111697196960449e-01
1.572111248970031738e-01
1.300926804542541504e-01
2.052430212497711182e-01
1.264493614435195923e-01
5.656921863555908203e-02
1.578492820262908936e-01
2.466207146644592285e-01
2.950888276100158691e-01
1.679676771163940430e-01
1.269885897636413574e-01
1.149217858910560608e-01
7.888571172952651978e-02
1.943129152059555054e-01
1.633776128292083740e-01
1.629258096218109131e-01
4.769693017005920410e-01
4.804704338312149048e-02
7.439612597227096558e-02
1.165468767285346985e-01
5.505511164665222168e-02
2.074484825134277344e-01
2.437859177589416504e-01
9.703910350799560547e-02
2.138848602771759033e-01
1.202209889888763428e-01
3.063609451055526733e-02
1.646853536367416382e-01
1.427938789129257202e-01
1.601536273956298828e-01
2.742732875049114227e-02
2.437531054019927979e-01
6.585492193698883057e-02
1.502979695796966553e-01
4.746907353401184082e-01
6.407602131366729736e-02
2.045897394418716431e-01
3.327327370643615723e-01
1.964896917343139648e-01
8.781679719686508179e-02
4.650949686765670776e-02
1.000966504216194153e-01
1.490044593811035156e-01
4.988898336887359619e-02
1.194252297282218933e-01
5.742834508419036865e-02
4.856026172637939453e-02
1.018804758787155151e-01
1.552467644214630127e-01
2.304442077875137329e-01
1.599225550889968872e-01
1.083742231130599976e-01
1.330327540636062622e-01
1.007710322737693787e-01
4.710225388407707214e-02
1.811757683753967285e-01
1.177492514252662659e-01
7.992840558290481567e-02
1.361185312271118164e-01
3.571605980396270752e-01
5.215487629175186157e-02
3.165322840213775635e-01
6.714807450771331787e-02
2.688300013542175293e-01
2.475319206714630127e-01
4.609125107526779175e-02
4.098149836063385010e-01
1.883549988269805908e-01
6.121678650379180908e-02
2.044669985771179199e-01
1.058006361126899719e-01
1.073504462838172913e-01
3.995772451162338257e-02
2.043824642896652222e-01
1.178346127271652222e-01
3.227822855114936829e-02
9.696535766124725342e-02
4.095172137022018433e-02
3.291670978069305420e-02
3.063016533851623535e-01
1.089022904634475708e-01
1.934601962566375732e-01
1.411335021257400513e-01
7.925324141979217529e-02
2.202674299478530884e-01
1.382833421230316162e-01
1.090061515569686890e-01
3.036826550960540771e-01
6.129834800958633423e-02
1.136040836572647095e-01
1.860259175300598145e-01
2.100770175457000732e-01
1.805916875600814819e-01
1.909583657979965210e-01
1.304627060890197754e-01
4.135826975107192993e-02
1.019320785999298096e-01
2.751889526844024658e-01
1.004095599055290222e-01
8.822645992040634155e-02
6.563088297843933105e-02
6.433349847793579102e-02
1.643880307674407959e-01
1.232129856944084167e-01
1.218070387840270996e-01
5.710947886109352112e-02
5.852556228637695312e-02
2.705884575843811035e-01
1.313012540340423584e-01
1.547701507806777954e-01
1.909814327955245972e-01
1.206633001565933228e-01
1.982825994491577148e-02
1.344553083181381226e-01
1.783608496189117432e-01
2.051542103290557861e-01
2.313905954360961914e-02
4.201590269804000854e-02
2.993099018931388855e-02
1.883684843778610229e-01
1.147626489400863647e-01
4.413454979658126831e-02
9.708737581968307495e-02
7.016231119632720947e-02
2.983326613903045654e-01
1.913760751485824585e-01
8.500196039676666260e-02
1.171022877097129822e-01
1.303538233041763306e-01
1.845215559005737305e-01
4.004294574260711670e-01
1.109154522418975830e-01
2.644270658493041992e-01
7.634238153696060181e-02
1.452789902687072754e-01
1.466262042522430420e-01
5.134146660566329956e-02
8.278749138116836548e-02
1.041662022471427917e-01
3.471157699823379517e-02
2.003847509622573853e-01
1.981227993965148926e-01
2.311280518770217896e-01
3.738770633935928345e-02
1.777872070670127869e-02
9.004025906324386597e-02
1.292466074228286743e-01
2.272640168666839600e-02
2.337823435664176941e-02
