3.645018637180328369e-01
2.112343013286590576e-01
4.033478498458862305e-01
2.299133092164993286e-01
3.723527193069458008e-01
1.658668816089630127e-01
9.701393544673919678e-02
3.068638443946838379e-01
1.027047485113143921e-01
2.586752772331237793e-01
1.692134439945220947e-01
3.581649661064147949e-01
2.831778526306152344e-01
1.752132326364517212e-01
3.550081849098205566e-01
2.073915153741836548e-01
3.867756724357604980e-01
1.168365851044654846e-01
3.501574993133544922e-01
1.821112781763076782e-01
1.579837203025817871e-01
2.484287768602371216e-01
1.006229519844055176e-01
1.655724644660949707e-01
2.652754187583923340e-01
2.633840441703796387e-01
3.330369591712951660e-01
1.804653406143188477e-01
1.716924160718917847e-01
3.591530323028564453e-01
3.351234197616577148e-01
3.764363527297973633e-01
7.688116431236267090e-01
4.010845720767974854e-01
2.498230040073394775e-01
2.394579797983169556e-01
3.604598641395568848e-01
3.184486329555511475e-01
3.187673091888427734e-01
3.856108188629150391e-01
3.235035836696624756e-01
2.326737344264984131e-01
1.402350813150405884e-01
3.140990734100341797e-01
2.897212207317352295e-01
3.095163106918334961e-01
3.196734189987182617e-01
2.599497139453887939e-01
4.432334005832672119e-01
2.911566793918609619e-01
5.207737088203430176e-01
3.334000408649444580e-01
3.209496438503265381e-01
2.942048013210296631e-01
1.509553194046020508e-01
4.127091169357299805e-01
1.759757399559020996e-01
3.422615528106689453e-01
4.485830366611480713e-01
5.699201226234436035e-01
3.359920382499694824e-01
1.884346753358840942e-01
1.215344518423080444e-01
3.905684351921081543e-01
6.399883031845092773e-01
2.278904914855957031e-01
2.212407290935516357e-01
2.195099294185638428e-01
2.472861558198928833e-01
3.770644068717956543e-01
1.678244322538375854e-01
1.651771366596221924e-01
2.393954247236251831e-01
1.611831039190292358e-01
2.255398482084274292e-01
4.778616130352020264e-01
2.318328917026519775e-01
4.780581593513488770e-01
5.543496012687683105e-01
1.535774767398834229e-01
2.956520915031433105e-01
8.079028129577636719e-01
3.293881416320800781e-01
9.554505348205566406e-02
5.147763490676879883e-01
3.909912109375000000e-01
3.698194622993469238e-01
5.267898440361022949e-01
2.600733637809753418e-01
4.472265839576721191e-01
3.766967058181762695e-01
2.383733242750167847e-01
2.532946467399597168e-01
3.570365905761718750e-01
5.326704978942871094e-01
1.580201685428619385e-01
3.927097320556640625e-01
4.858536124229431152e-01
2.640275359153747559e-01
3.688612580299377441e-01
3.674879372119903564e-01
2.566796541213989258e-01
2.141775488853454590e-01
3.570980131626129150e-01
2.120385617017745972e-01
2.893605828285217285e-01
3.515196442604064941e-01
1.990604847669601440e-01
3.062270879745483398e-01
1.639129221439361572e-01
1.646257489919662476e-01
1.822310984134674072e-01
1.461106240749359131e-01
3.359785974025726318e-01
1.180596649646759033e-01
3.592979907989501953e-01
3.442582488059997559e-01
1.478976458311080933e-01
4.685404896736145020e-01
5.266193151473999023e-01
4.207032918930053711e-01
1.875332593917846680e-01
2.759352624416351318e-01
3.185874819755554199e-01
3.875937163829803467e-01
4.180747866630554199e-01
2.162432372570037842e-01
4.472389519214630127e-01
6.171525716781616211e-01
4.135661721229553223e-01
5.823064446449279785e-01
3.886459767818450928e-01
2.535072267055511475e-01
5.777387619018554688e-01
3.115250766277313232e-01
4.343357682228088379e-01
2.366495430469512939e-01
3.354673385620117188e-01
5.211815237998962402e-01
4.027225375175476074e-01
3.050831556320190430e-01
3.024141788482666016e-01
2.100522518157958984e-01
2.126927524805068970e-01
4.614475965499877930e-01
1.675990372896194458e-01
4.724490046501159668e-01
2.712356150150299072e-01
3.129937350749969482e-01
1.374523937702178955e-01
1.504272520542144775e-01
2.689069509506225586e-01
3.678666949272155762e-01
2.428430318832397461e-01
1.863074749708175659e-01
1.253170818090438843e-01
4.572563171386718750e-01
1.642254889011383057e-01
2.638013958930969238e-01
2.096636444330215454e-01
2.044253051280975342e-01
1.746648252010345459e-01
3.059412539005279541e-01
3.984758853912353516e-01
5.768495798110961914e-01
4.271672666072845459e-01
3.344209194183349609e-01
2.364598810672760010e-01
2.400587946176528931e-01
3.541680276393890381e-01
3.138041496276855469e-01
2.718333601951599121e-01
2.163291573524475098e-01
4.441104233264923096e-01
1.438609361648559570e-01
5.384763479232788086e-01
6.339427232742309570e-01
3.734313249588012695e-01
4.399320781230926514e-01
3.723155856132507324e-01
5.294768810272216797e-01
4.573983252048492432e-01
2.058068215847015381e-01
3.648800849914550781e-01
3.035593628883361816e-01
4.292861521244049072e-01
2.303772121667861938e-01
2.310362309217453003e-01
4.273285865783691406e-01
4.685779213905334473e-01
4.702613353729248047e-01
3.028302192687988281e-01
2.336269319057464600e-01
2.738130092620849609e-01
3.569649457931518555e-01
2.895503044128417969e-01
2.974694073200225830e-01
3.438698351383209229e-01
2.545675039291381836e-01
2.191273570060729980e-01
4.189591407775878906e-01
2.896520197391510010e-01
4.227772951126098633e-01
3.020272850990295410e-01
3.858079314231872559e-01
6.388601660728454590e-01
4.628204703330993652e-01
3.719775080680847168e-01
2.545813918113708496e-01
5.568082332611083984e-01
3.565406799316406250e-01
5.148225426673889160e-01
3.472921550273895264e-01
3.654971122741699219e-01
5.527958869934082031e-01
2.566809058189392090e-01
1.873720139265060425e-01
2.037866413593292236e-01
1.768304407596588135e-01
4.356282353401184082e-01
4.754437208175659180e-01
4.696190059185028076e-01
2.184917628765106201e-01
3.208465576171875000e-01
6.073116064071655273e-01
1.341313421726226807e-01
2.373670935630798340e-01
4.265815019607543945e-01
6.100026369094848633e-01
1.627345979213714600e-01
3.248156905174255371e-01
3.590182662010192871e-01
2.062183320522308350e-01
1.886460185050964355e-01
1.418287307024002075e-01
5.871284604072570801e-01
2.497126609086990356e-01
2.647738456726074219e-01
3.609460592269897461e-01
2.859212756156921387e-01
4.011593163013458252e-01
5.522984266281127930e-01
3.776370584964752197e-01
3.715758919715881348e-01
2.904054820537567139e-01
3.069341778755187988e-01
2.332020401954650879e-01
4.843788146972656250e-01
3.241358399391174316e-01
1.994628906250000000e-01
3.821134567260742188e-01
3.738593459129333496e-01
2.554062008857727051e-01
3.147156834602355957e-01
3.340869247913360596e-01
3.850353360176086426e-01
3.579201102256774902e-01
3.624737858772277832e-01
2.494960427284240723e-01
3.194096684455871582e-01
2.490609437227249146e-01
3.318615257740020752e-01
2.596546113491058350e-01
1.861505657434463501e-01
1.848195344209671021e-01
1.403067111968994141e-01
4.295022785663604736e-02
2.571166157722473145e-01
2.968517541885375977e-01
3.350694775581359863e-01
1.036626771092414856e-01
5.199187397956848145e-01
2.814997434616088867e-01
1.702259927988052368e-01
2.522940635681152344e-01
3.666241466999053955e-01
2.653145790100097656e-01
3.253601491451263428e-01
3.672993183135986328e-01
3.592528700828552246e-01
2.117643207311630249e-01
3.004978299140930176e-01
1.860231757164001465e-01
1.712640672922134399e-01
3.585857450962066650e-01
3.176766037940979004e-01
3.764533400535583496e-01
3.149538040161132812e-01
1.025846749544143677e-01
1.170488297939300537e-01
3.124312758445739746e-01
2.228472828865051270e-01
2.954489886760711670e-01
2.137118577957153320e-01
4.406973123550415039e-01
2.033345401287078857e-01
3.935970962047576904e-01
2.124447971582412720e-01
8.886766433715820312e-02
3.362048566341400146e-01
3.492004573345184326e-01
2.645701169967651367e-01
2.805320322513580322e-01
1.994347572326660156e-01
3.341815769672393799e-01
5.297042131423950195e-01
2.799782156944274902e-01
1.860920637845993042e-01
3.154605031013488770e-01
1.547892838716506958e-01
2.959347963333129883e-01
2.253520339727401733e-01
1.668823063373565674e-01
3.139644265174865723e-01
2.446054220199584961e-01
4.995782375335693359e-01
2.683783471584320068e-01
1.422669738531112671e-01
2.354225516319274902e-01
1.999252438545227051e-01
5.629526972770690918e-01
1.299930661916732788e-01
4.501568078994750977e-01
1.457939893007278442e-01
3.304262757301330566e-01
6.955235004425048828e-01
4.177499115467071533e-01
2.382710278034210205e-01
8.206703662872314453e-01
4.896395802497863770e-01
4.867051839828491211e-01
3.247931599617004395e-01
2.911081910133361816e-01
3.230704963207244873e-01
2.786208391189575195e-01
2.039340734481811523e-01
7.951391339302062988e-01
5.763041973114013672e-01
3.754168748855590820e-01
3.611755669116973877e-01
5.023353099822998047e-01
3.120431900024414062e-01
4.860020875930786133e-01
4.644387960433959961e-01
2.934856414794921875e-01
7.191595435142517090e-01
3.161238431930541992e-01
3.974970281124114990e-01
1.980875283479690552e-01
2.201927900314331055e-01
2.942380309104919434e-01
2.578748464584350586e-01
5.060509443283081055e-01
1.857118308544158936e-01
1.835502386093139648e-01
1.117886006832122803e-01
3.887167870998382568e-01
2.306559085845947266e-01
2.287218123674392700e-01
2.571192085742950439e-01
4.076256752014160156e-01
5.694526433944702148e-01
4.236064553260803223e-01
1.874829977750778198e-01
3.337872624397277832e-01
3.421950340270996094e-01
6.810699105262756348e-01
3.222680687904357910e-01
5.877916812896728516e-01
3.780692815780639648e-01
1.751810908317565918e-01
2.428112328052520752e-01
1.943946182727813721e-01
3.775984644889831543e-01
4.141900539398193359e-01
3.269961178302764893e-01
4.113668799400329590e-01
1.325736939907073975e-01
2.217332124710083008e-01
3.274857401847839355e-01
4.268403351306915283e-01
3.203212618827819824e-01
3.136646747589111328e-01
2.547232210636138916e-01
5.450433492660522461e-01
3.455670773983001709e-01
1.485417187213897705e-01
2.769732773303985596e-01
2.806788086891174316e-01
3.221567869186401367e-01
2.484907358884811401e-01
3.102270960807800293e-01
2.414025366306304932e-01
1.439642459154129028e-01
2.643584609031677246e-01
2.696900367736816406e-01
4.485912621021270752e-01
1.911872327327728271e-01
1.786133199930191040e-01
3.624678850173950195e-01
3.374584913253784180e-01
2.746756672859191895e-01
3.098862171173095703e-01
3.643037080764770508e-01
1.805450171232223511e-01
5.743806958198547363e-01
2.943060994148254395e-01
6.617054343223571777e-01
2.803252041339874268e-01
1.483253091573715210e-01
2.038788497447967529e-01
1.612476408481597900e-01
1.481219232082366943e-01
3.832196295261383057e-01
3.670846819877624512e-01
2.133616209030151367e-01
4.046143889427185059e-01
2.275025844573974609e-01
1.856008172035217285e-01
4.426347017288208008e-01
2.246380597352981567e-01
1.114795878529548645e-01
2.150523066520690918e-01
2.162669897079467773e-01
3.553649783134460449e-01
1.496816277503967285e-01
2.231469750404357910e-01
3.592911958694458008e-01
3.043359816074371338e-01
2.000704705715179443e-01
2.812222242355346680e-01
3.058922886848449707e-01
4.023914933204650879e-01
2.662030458450317383e-01
1.212652921676635742e-01
3.157669901847839355e-01
1.999708861112594604e-01
3.961196839809417725e-01
2.578816413879394531e-01
1.405003815889358521e-01
3.194383978843688965e-01
8.949029445648193359e-02
2.531467676162719727e-01
2.877918779850006104e-01
2.874895334243774414e-01
3.377413749694824219e-01
4.074208140373229980e-01
2.764536738395690918e-01
2.154985070228576660e-01
2.025201618671417236e-01
3.321523666381835938e-01
3.684712648391723633e-01
2.838011384010314941e-01
2.779779434204101562e-01
1.766377240419387817e-01
1.455495059490203857e-01
2.936336994171142578e-01
1.119636148214340210e-01
4.617460370063781738e-01
3.539613783359527588e-01
4.057853221893310547e-01
7.744538038969039917e-02
5.248427391052246094e-01
2.577026784420013428e-01
2.185665071010589600e-01
4.808012247085571289e-01
1.376876235008239746e-01
3.234210610389709473e-01
4.124360084533691406e-01
3.474448621273040771e-01
3.324065804481506348e-01
5.375132560729980469e-01
3.588933944702148438e-01
3.690536916255950928e-01
1.520750075578689575e-01
2.000473141670227051e-01
3.286745250225067139e-01
2.318246811628341675e-01
1.554816663265228271e-01
5.199246406555175781e-01
5.565466880798339844e-01
1.027505844831466675e-01
1.477403640747070312e-01
3.225462734699249268e-01
2.054854631423950195e-01
1.954576075077056885e-01
1.714001595973968506e-01
3.021256327629089355e-01
3.654107749462127686e-01
4.020630121231079102e-01
1.654731631278991699e-01
1.477907896041870117e-01
3.786687254905700684e-01
2.704353928565979004e-01
2.709956765174865723e-01
2.808187007904052734e-01
3.933261632919311523e-01
2.906671762466430664e-01
3.821948170661926270e-01
3.461388051509857178e-01
2.611134350299835205e-01
1.394441276788711548e-01
2.215957194566726685e-01
3.342270255088806152e-01
1.378805935382843018e-01
2.379949092864990234e-01
1.526864767074584961e-01
1.621557176113128662e-01
2.850162684917449951e-01
4.144207537174224854e-01
1.897815763950347900e-01
2.994540631771087646e-01
4.222283065319061279e-01
2.403655499219894409e-01
2.846485972404479980e-01
4.102171063423156738e-01
3.339428305625915527e-01
1.632485687732696533e-01
2.276236861944198608e-01
3.018291294574737549e-01
2.731616199016571045e-01
2.710092663764953613e-01
2.075415849685668945e-01
1.181249320507049561e-01
3.283585011959075928e-01
2.922663390636444092e-01
4.536643624305725098e-01
5.061292648315429688e-01
1.850461661815643311e-01
1.467954069375991821e-01
2.304591536521911621e-01
2.415114045143127441e-01
2.163440734148025513e-01
5.594242811203002930e-01
3.702149391174316406e-01
2.407411336898803711e-01
1.908981800079345703e-01
3.248360753059387207e-01
2.313077300786972046e-01
4.247767329216003418e-01
1.352314949035644531e-01
1.973709464073181152e-01
3.594365119934082031e-01
3.127572238445281982e-01
3.156976997852325439e-01
3.900154232978820801e-01
3.594552874565124512e-01
3.339592814445495605e-01
2.450401932001113892e-01
1.274012178182601929e-01
1.632105112075805664e-01
2.555413246154785156e-01
3.550513386726379395e-01
3.067188858985900879e-01
1.797329932451248169e-01
2.023736387491226196e-01
2.868834733963012695e-01
1.598773598670959473e-01
4.656374454498291016e-01
2.109904140233993530e-01
2.162475585937500000e-01
2.488598525524139404e-01
1.937851607799530029e-01
4.867924749851226807e-01
3.925283849239349365e-01
2.037736326456069946e-01
3.661341667175292969e-01
1.299583762884140015e-01
2.232957482337951660e-01
1.378638148307800293e-01
2.455860078334808350e-01
1.470806002616882324e-01
3.649196326732635498e-01
3.548841476440429688e-01
1.725673228502273560e-01
3.565810322761535645e-01
2.462879419326782227e-01
3.362130820751190186e-01
3.937751650810241699e-01
4.765431880950927734e-01
1.670973002910614014e-01
1.546487957239151001e-01
3.773291707038879395e-01
2.522344291210174561e-01
2.321583032608032227e-01
4.467929899692535400e-01
2.792059779167175293e-01
3.042913675308227539e-01
3.407060205936431885e-01
2.075834721326828003e-01
2.173213511705398560e-01
3.713858127593994141e-01
3.010338544845581055e-01
1.837873756885528564e-01
4.637132287025451660e-01
5.317099690437316895e-01
3.572829365730285645e-01
3.513907492160797119e-01
2.687791287899017334e-01
3.639132976531982422e-01
4.966027140617370605e-01
5.170861482620239258e-01
1.808466762304306030e-01
2.315420210361480713e-01
3.109282851219177246e-01
2.170537710189819336e-01
3.015058636665344238e-01
1.727897524833679199e-01
2.429749816656112671e-01
2.917956709861755371e-01
2.289355844259262085e-01
3.831176757812500000e-01
4.208943247795104980e-01
3.218255341053009033e-01
2.591162621974945068e-01
2.526502907276153564e-01
3.493803441524505615e-01
2.480281740427017212e-01
2.420143336057662964e-01
1.845574080944061279e-01
1.307542324066162109e-01
2.596783638000488281e-01
3.186157941818237305e-01
2.256331294775009155e-01
2.345429658889770508e-01
1.318830102682113647e-01
2.245186418294906616e-01
2.023681849241256714e-01
2.436367869377136230e-01
1.761169284582138062e-01
1.674145162105560303e-01
1.570329219102859497e-01
1.677849739789962769e-01
1.164135038852691650e-01
4.640636444091796875e-01
2.150898873805999756e-01
3.078526854515075684e-01
1.560950130224227905e-01
1.109686419367790222e-01
2.456624060869216919e-01
4.274522662162780762e-01
6.765452027320861816e-01
3.745950460433959961e-01
4.232656359672546387e-01
2.559489011764526367e-01
2.281328737735748291e-01
2.524531781673431396e-01
3.001753687858581543e-01
2.394234538078308105e-01
2.435109764337539673e-01
2.304544895887374878e-01
5.807599425315856934e-01
2.479714006185531616e-01
2.536994814872741699e-01
3.084260821342468262e-01
2.634396553039550781e-01
4.425477087497711182e-01
2.583664059638977051e-01
3.069533705711364746e-01
3.645767569541931152e-01
2.476275265216827393e-01
2.785578072071075439e-01
4.702209234237670898e-01
2.476658374071121216e-01
3.404496312141418457e-01
4.331285655498504639e-01
3.278790712356567383e-01
3.408946096897125244e-01
2.222568988800048828e-01
4.064010977745056152e-01
2.327762842178344727e-01
1.292688548564910889e-01
2.980784177780151367e-01
2.848736047744750977e-01
2.791727185249328613e-01
2.444134056568145752e-01
2.239344120025634766e-01
3.580179214477539062e-01
4.058589935302734375e-01
2.490983903408050537e-01
6.549012660980224609e-01
2.926122248172760010e-01
4.484420716762542725e-01
1.793315410614013672e-01
2.624039649963378906e-01
1.941445618867874146e-01
4.007191061973571777e-01
2.619783282279968262e-01
3.701320290565490723e-01
1.235283613204956055e-01
4.630209207534790039e-01
2.909800112247467041e-01
3.060388863086700439e-01
2.801365256309509277e-01
1.745939105749130249e-01
2.797884941101074219e-01
1.745497882366180420e-01
5.860759019851684570e-01
3.586907386779785156e-01
4.996324777603149414e-01
2.423510849475860596e-01
4.668708741664886475e-01
1.634991765022277832e-01
2.841770350933074951e-01
5.008631944656372070e-01
2.875608801841735840e-01
3.342288434505462646e-01
3.524826169013977051e-01
2.341729849576950073e-01
3.271579146385192871e-01
4.918017983436584473e-01
2.818107008934020996e-01
3.654180765151977539e-01
3.926917612552642822e-01
1.948312520980834961e-01
1.680016368627548218e-01
1.328348517417907715e-01
2.914017140865325928e-01
2.430036813020706177e-01
1.948711872100830078e-01
2.143680453300476074e-01
2.913435995578765869e-01
3.674780726432800293e-01
2.232057601213455200e-01
3.922883272171020508e-01
4.444035887718200684e-01
3.040853738784790039e-01
4.162376224994659424e-01
2.956455945968627930e-01
1.935754716396331787e-01
1.465543806552886963e-01
3.112013936042785645e-01
1.588376015424728394e-01
3.121150732040405273e-01
2.230749726295471191e-01
2.431669533252716064e-01
5.708558559417724609e-01
4.526987969875335693e-01
1.952049434185028076e-01
2.547364532947540283e-01
3.910059034824371338e-01
2.548138499259948730e-01
4.546425640583038330e-01
4.770687818527221680e-01
4.735474586486816406e-01
3.639568388462066650e-01
2.990209758281707764e-01
3.510812520980834961e-01
5.069614648818969727e-01
1.340444833040237427e-01
2.991380393505096436e-01
6.092489957809448242e-01
1.874777227640151978e-01
8.302100002765655518e-02
2.954127788543701172e-01
2.372090518474578857e-01
1.650707572698593140e-01
3.520003557205200195e-01
2.089268565177917480e-01
4.548874497413635254e-01
4.857968688011169434e-01
1.447130739688873291e-01
3.120022118091583252e-01
1.916783601045608521e-01
2.466650307178497314e-01
1.788304448127746582e-01
4.803204834461212158e-01
3.224700093269348145e-01
6.037204265594482422e-01
2.298836410045623779e-01
3.557772040367126465e-01
9.151099622249603271e-02
4.031830430030822754e-01
1.530914753675460815e-01
4.847444593906402588e-01
2.766113579273223877e-01
4.760044515132904053e-01
3.290588855743408203e-01
2.183307409286499023e-01
4.938374757766723633e-01
2.515373528003692627e-01
2.090184986591339111e-01
4.069557785987854004e-01
2.313288003206253052e-01
5.372668504714965820e-01
1.368575394153594971e-01
3.654299974441528320e-01
1.031901910901069641e-01
1.861369758844375610e-01
4.543194472789764404e-01
2.547004520893096924e-01
3.543676733970642090e-01
2.150111645460128784e-01
3.267280459403991699e-01
2.824260890483856201e-01
2.351132035255432129e-01
1.896306574344635010e-01
4.797579050064086914e-01
4.180635511875152588e-01
3.931314051151275635e-01
1.683967858552932739e-01
3.437172472476959229e-01
2.743578255176544189e-01
7.364699244499206543e-02
4.566126465797424316e-01
1.245832368731498718e-01
5.020123720169067383e-01
8.575099706649780273e-02
2.345092296600341797e-01
2.816758453845977783e-01
2.622836828231811523e-01
2.900793552398681641e-01
3.289832174777984619e-01
3.257600665092468262e-01
2.900373339653015137e-01
3.528298735618591309e-01
2.645280957221984863e-01
1.370146572589874268e-01
4.863310158252716064e-01
3.196326494216918945e-01
2.191120386123657227e-01
1.193632483482360840e-01
2.553969025611877441e-01
3.248302936553955078e-01
2.053171098232269287e-01
3.083379864692687988e-01
3.635311722755432129e-01
2.268651425838470459e-01
2.457314282655715942e-01
2.099316418170928955e-01
2.864728271961212158e-01
2.343827784061431885e-01
2.676484286785125732e-01
4.210070073604583740e-01
1.022449880838394165e-01
9.449379146099090576e-02
2.680144309997558594e-01
1.681251227855682373e-01
2.450056672096252441e-01
2.163064777851104736e-01
1.472502201795578003e-01
1.675380915403366089e-01
2.206188142299652100e-01
4.556832909584045410e-01
2.634302079677581787e-01
4.097918272018432617e-01
1.707708537578582764e-01
5.064804553985595703e-01
4.822745919227600098e-01
2.652182877063751221e-01
5.781093835830688477e-01
4.713381826877593994e-01
4.736420512199401855e-01
2.525709569454193115e-01
2.148085832595825195e-01
2.412899732589721680e-01
1.409530937671661377e-01
1.152390614151954651e-01
1.169717013835906982e-01
5.056688785552978516e-01
3.517210185527801514e-01
4.363447129726409912e-01
3.374541103839874268e-01
3.143169879913330078e-01
2.065306901931762695e-01
2.943467497825622559e-01
2.265598475933074951e-01
2.609947025775909424e-01
1.882601082324981689e-01
4.214047789573669434e-01
2.577810883522033691e-01
1.885765045881271362e-01
1.835720539093017578e-01
1.356979906558990479e-01
1.311261206865310669e-01
6.043812036514282227e-01
4.403027594089508057e-01
1.495982706546783447e-01
1.919002085924148560e-01
2.098793387413024902e-01
3.926939666271209717e-01
2.393756210803985596e-01
2.891024053096771240e-01
1.563008874654769897e-01
5.512335300445556641e-01
1.093452423810958862e-01
2.129663378000259399e-01
2.001501619815826416e-01
2.633498311042785645e-01
4.365561008453369141e-01
2.218145132064819336e-01
1.013029292225837708e-01
5.345079898834228516e-01
2.362732440233230591e-01
3.759724497795104980e-01
1.057828664779663086e-01
2.079597264528274536e-01
1.507249176502227783e-01
1.654433608055114746e-01
3.614356219768524170e-01
2.883371114730834961e-01
1.890364289283752441e-01
3.840089440345764160e-01
4.165124297142028809e-01
1.239269226789474487e-01
2.060542404651641846e-01
4.996232986450195312e-01
2.161062359809875488e-01
2.796999216079711914e-01
4.512023031711578369e-01
2.120182216167449951e-01
3.426905870437622070e-01
2.344321310520172119e-01
1.315940469503402710e-01
2.025311142206192017e-01
8.370047807693481445e-02
1.952198147773742676e-01
1.519058495759963989e-01
2.602658271789550781e-01
2.730950117111206055e-01
1.661464869976043701e-01
2.288177311420440674e-01
2.072452008724212646e-01
2.016916275024414062e-01
4.870166778564453125e-01
7.245588302612304688e-02
2.202933579683303833e-01
3.286753296852111816e-01
2.777606248855590820e-01
1.813964545726776123e-01
2.363464087247848511e-01
1.429761052131652832e-01
2.807562649250030518e-01
2.352717220783233643e-01
2.924053072929382324e-01
1.723050177097320557e-01
6.923727393150329590e-01
1.981859207153320312e-01
2.513001561164855957e-01
2.591475248336791992e-01
1.405987888574600220e-01
3.109471797943115234e-01
3.243101835250854492e-01
2.652094364166259766e-01
2.486795783042907715e-01
2.844015657901763916e-01
3.337631821632385254e-01
5.103721022605895996e-01
2.619830965995788574e-01
3.436505496501922607e-01
2.043118178844451904e-01
3.140232264995574951e-01
2.417620271444320679e-01
5.570960640907287598e-01
1.720011234283447266e-01
2.271487563848495483e-01
5.438085794448852539e-01
9.662181138992309570e-02
1.791628599166870117e-01
1.458812952041625977e-01
1.760872453451156616e-01
4.262179434299468994e-01
1.675262749195098877e-01
1.836593151092529297e-01
2.448674291372299194e-01
4.271577596664428711e-01
2.777663767337799072e-01
3.057101368904113770e-01
2.462480962276458740e-01
1.090722829103469849e-01
4.078126251697540283e-01
3.353141844272613525e-01
1.226543486118316650e-01
1.202079951763153076e-01
2.046228796243667603e-01
2.280617952346801758e-01
3.751652836799621582e-01
1.333020329475402832e-01
1.917572915554046631e-01
3.226302564144134521e-01
2.382818013429641724e-01
2.032688558101654053e-01
2.272974848747253418e-01
2.013676464557647705e-01
1.865776777267456055e-01
2.866483330726623535e-01
2.686818540096282959e-01
3.440932333469390869e-01
1.730954945087432861e-01
2.785880267620086670e-01
1.389741897583007812e-01
1.522261351346969604e-01
6.574655175209045410e-01
1.923529505729675293e-01
2.392722368240356445e-01
3.117346763610839844e-01
1.735428571701049805e-01
3.633306920528411865e-01
2.444277554750442505e-01
1.539030522108078003e-01
4.248523712158203125e-01
2.238656580448150635e-01
2.214802950620651245e-01
1.344140768051147461e-01
3.062479794025421143e-01
3.760905265808105469e-01
3.544854521751403809e-01
1.853426992893218994e-01
2.763383388519287109e-01
4.378808438777923584e-01
1.951788812875747681e-01
4.686248600482940674e-01
3.179311156272888184e-01
2.241968065500259399e-01
1.743704378604888916e-01
2.118290364742279053e-01
1.556757390499114990e-01
3.919234275817871094e-01
1.995670497417449951e-01
2.705535292625427246e-01
2.974466681480407715e-01
3.844617009162902832e-01
2.863715291023254395e-01
3.304042220115661621e-01
4.479958415031433105e-01
3.954680562019348145e-01
2.898508906364440918e-01
1.702957451343536377e-01
2.025024592876434326e-01
1.753497719764709473e-01
2.475716620683670044e-01
1.521360278129577637e-01
3.707211613655090332e-01
6.609651446342468262e-01
2.001613825559616089e-01
1.046570166945457458e-01
1.096553504467010498e-01
1.977817118167877197e-01
6.086889505386352539e-01
2.646557688713073730e-01
2.995083928108215332e-01
1.653016954660415649e-01
1.263751685619354248e-01
6.470644474029541016e-02
2.787172198295593262e-01
3.173318803310394287e-01
2.490603178739547729e-01
8.786179125308990479e-02
3.427177071571350098e-01
1.711249798536300659e-01
5.342195630073547363e-01
2.761200666427612305e-01
7.654869556427001953e-01
6.775524616241455078e-01
3.697646856307983398e-01
5.371173620223999023e-01
1.564714312553405762e-01
4.042976498603820801e-01
3.234350979328155518e-01
4.831953644752502441e-01
4.292318522930145264e-01
4.588910937309265137e-01
2.720906436443328857e-01
2.955165505409240723e-01
4.515515267848968506e-01
4.153214693069458008e-01
2.958209216594696045e-01
3.380520045757293701e-01
2.775793075561523438e-01
3.675987124443054199e-01
3.079481422901153564e-01
2.969135046005249023e-01
1.642204076051712036e-01
5.921174287796020508e-01
1.494297087192535400e-01
1.904982328414916992e-01
3.623785972595214844e-01
2.477142661809921265e-01
4.787481427192687988e-01
2.947879433631896973e-01
1.898513585329055786e-01
2.969720363616943359e-01
2.524819374084472656e-01
2.873794138431549072e-01
4.119172096252441406e-01
4.068534672260284424e-01
1.879966855049133301e-01
3.738950788974761963e-01
3.755113780498504639e-01
1.891576051712036133e-01
2.651739120483398438e-01
3.557144403457641602e-01
3.450680971145629883e-01
1.284674108028411865e-01
1.727917790412902832e-01
2.094037234783172607e-01
2.462600171566009521e-01
2.292102575302124023e-01
1.975468993186950684e-01
1.411948353052139282e-01
3.457705080509185791e-01
2.025965452194213867e-01
3.919314146041870117e-01
4.322997927665710449e-01
3.741655349731445312e-01
3.176782131195068359e-01
2.604225873947143555e-01
3.388133645057678223e-01
1.628357172012329102e-01
2.910514473915100098e-01
1.219634488224983215e-01
2.612136602401733398e-01
3.091601431369781494e-01
1.276351213455200195e-01
3.129384219646453857e-01
4.212351441383361816e-01
2.053260058164596558e-01
6.017516255378723145e-01
2.474281936883926392e-01
2.448565363883972168e-01
2.342466711997985840e-01
2.408946752548217773e-01
2.165972888469696045e-01
2.477836310863494873e-01
2.421608120203018188e-01
3.315980732440948486e-01
2.183060199022293091e-01
2.387886643409729004e-01
1.228392869234085083e-01
1.044286563992500305e-01
1.513373553752899170e-01
2.402480244636535645e-01
1.732981353998184204e-01
2.967341542243957520e-01
1.273896992206573486e-01
1.394183337688446045e-01
2.675758004188537598e-01
3.239214718341827393e-01
4.274661242961883545e-01
3.262151777744293213e-01
1.836680173873901367e-01
3.436492681503295898e-01
3.733399510383605957e-01
4.324786067008972168e-01
1.589134931564331055e-01
2.402221709489822388e-01
2.037316262722015381e-01
1.098372712731361389e-01
4.973112344741821289e-01
4.179339706897735596e-01
1.948719918727874756e-01
2.189726233482360840e-01
1.599726527929306030e-01
3.364385366439819336e-01
3.161491751670837402e-01
2.012598514556884766e-01
2.495593130588531494e-01
1.357724815607070923e-01
3.858187496662139893e-01
4.365913271903991699e-01
1.339738667011260986e-01
2.010098248720169067e-01
1.736819893121719360e-01
2.240298241376876831e-01
1.856096237897872925e-01
1.824995726346969604e-01
5.198258161544799805e-01
5.466601848602294922e-01
3.085020184516906738e-01
3.594939708709716797e-01
3.039411902427673340e-01
1.914549469947814941e-01
2.658993005752563477e-01
3.837408423423767090e-01
2.821114063262939453e-01
2.525415420532226562e-01
1.985900700092315674e-01
2.529108226299285889e-01
1.298343837261199951e-01
5.194492340087890625e-01
3.746938705444335938e-01
1.631560325622558594e-01
4.686340689659118652e-01
2.238619625568389893e-01
2.518866956233978271e-01
1.876437515020370483e-01
4.546450376510620117e-01
1.654104590415954590e-01
7.442553341388702393e-02
1.815237700939178467e-01
6.405439376831054688e-01
1.102060005068778992e-01
3.020332455635070801e-01
2.045018821954727173e-01
2.908254265785217285e-01
4.220803380012512207e-01
2.240760028362274170e-01
3.779919743537902832e-01
1.700378060340881348e-01
2.321893721818923950e-01
2.921523451805114746e-01
3.648036122322082520e-01
3.310332000255584717e-01
1.887226700782775879e-01
2.332113981246948242e-01
1.779596507549285889e-01
2.355524301528930664e-01
1.352820396423339844e-01
9.304992854595184326e-02
5.128616690635681152e-01
3.683291971683502197e-01
1.221056729555130005e-01
2.773894071578979492e-01
4.713917374610900879e-01
4.753775298595428467e-01
4.182488322257995605e-01
1.804357171058654785e-01
1.793541163206100464e-01
2.761062979698181152e-01
2.912960350513458252e-01
3.619900047779083252e-01
3.612275123596191406e-01
3.428310453891754150e-01
2.423307299613952637e-01
7.024289667606353760e-02
3.235438466072082520e-01
3.872972130775451660e-01
2.691883146762847900e-01
3.052222430706024170e-01
1.144096329808235168e-01
2.080732733011245728e-01
1.794822812080383301e-01
2.638807296752929688e-01
2.674266397953033447e-01
1.143833622336387634e-01
3.663595616817474365e-01
2.127036452293395996e-01
1.946655809879302979e-01
2.085977643728256226e-01
1.218578517436981201e-01
5.924872159957885742e-01
2.797598242759704590e-01
4.190321564674377441e-01
9.913358837366104126e-02
4.143562912940979004e-01
9.280254244804382324e-01
