2.853105068206787109e-01
2.764070034027099609e-01
2.301766276359558105e-01
4.252944886684417725e-01
2.666456103324890137e-01
1.419454663991928101e-01
5.365572571754455566e-01
2.426928579807281494e-01
3.348864912986755371e-01
4.286841154098510742e-01
2.489804923534393311e-01
1.912707984447479248e-01
3.557641208171844482e-01
1.111067831516265869e-01
1.942032277584075928e-01
3.100297451019287109e-01
1.844534426927566528e-01
2.843223810195922852e-01
1.468782722949981689e-01
2.628025710582733154e-01
3.230851888656616211e-01
2.090852260589599609e-01
1.325768977403640747e-01
2.698857486248016357e-01
2.054692506790161133e-01
3.325617313385009766e-01
4.474271237850189209e-01
1.849641054868698120e-01
4.432007372379302979e-01
2.536878585815429688e-01
2.223971635103225708e-01
1.421404182910919189e-01
1.958029419183731079e-01
3.863185644149780273e-01
3.210640549659729004e-01
2.728101015090942383e-01
7.944171130657196045e-02
3.752217888832092285e-01
1.920210719108581543e-01
1.867772340774536133e-01
3.140319585800170898e-01
2.093934565782546997e-01
4.416818022727966309e-01
4.096358418464660645e-01
1.979303210973739624e-01
3.078167438507080078e-01
1.680150330066680908e-01
1.532661318778991699e-01
1.131184697151184082e-01
1.695634871721267700e-01
2.044118940830230713e-01
4.359098672866821289e-01
3.983112573623657227e-01
2.562901973724365234e-01
1.751663684844970703e-01
3.504928648471832275e-01
3.657369315624237061e-01
2.575088441371917725e-01
1.530220806598663330e-01
2.173215001821517944e-01
3.513051867485046387e-01
1.284927874803543091e-01
2.046549618244171143e-01
2.061683833599090576e-01
3.873717784881591797e-01
5.146687030792236328e-01
3.396629095077514648e-01
6.201099753379821777e-01
1.733599454164505005e-01
1.322729587554931641e-01
1.136617660522460938e-01
2.511783838272094727e-01
2.476842999458312988e-01
2.853927612304687500e-01
1.592583656311035156e-01
3.167638778686523438e-01
3.202596902847290039e-01
1.452004164457321167e-01
1.780797839164733887e-01
2.955198884010314941e-01
1.718196868896484375e-01
1.136216074228286743e-01
2.223520576953887939e-01
7.082999497652053833e-02
4.345999658107757568e-01
4.000669717788696289e-01
4.732570648193359375e-01
1.541648060083389282e-01
2.904525697231292725e-01
3.858760297298431396e-01
3.543691337108612061e-01
9.917784482240676880e-02
2.810463309288024902e-01
3.472843170166015625e-01
3.434917032718658447e-01
3.117700517177581787e-01
5.175914764404296875e-01
3.457079827785491943e-01
2.332523465156555176e-01
2.332218289375305176e-01
2.121654152870178223e-01
1.262868940830230713e-01
2.444255053997039795e-01
3.361573219299316406e-01
2.243303060531616211e-01
1.717090159654617310e-01
4.677323102951049805e-01
4.642709493637084961e-01
2.224013954401016235e-01
2.327419519424438477e-01
3.184166550636291504e-01
1.505048573017120361e-01
4.431539773941040039e-01
1.301421076059341431e-01
4.858213663101196289e-01
3.347972035408020020e-01
8.323191106319427490e-02
3.479412794113159180e-01
6.679733395576477051e-01
2.343722879886627197e-01
3.123496174812316895e-01
2.037471234798431396e-01
2.230587899684906006e-01
3.498702347278594971e-01
1.555408090353012085e-01
3.730349540710449219e-01
2.372274696826934814e-01
2.395832240581512451e-01
2.309476584196090698e-01
3.199997842311859131e-01
5.035191774368286133e-01
1.817736923694610596e-01
4.673953652381896973e-01
3.265790939331054688e-01
2.322841584682464600e-01
3.541982769966125488e-01
1.962106525897979736e-01
3.679230213165283203e-01
2.823717594146728516e-01
2.147494852542877197e-01
2.327960133552551270e-01
2.384680360555648804e-01
2.553004026412963867e-01
3.404553532600402832e-01
2.375469505786895752e-01
3.739492297172546387e-01
2.205577045679092407e-01
3.520745635032653809e-01
2.136672884225845337e-01
3.613263666629791260e-01
3.782658576965332031e-01
2.585595250129699707e-01
1.977847963571548462e-01
2.628675699234008789e-01
2.910952568054199219e-01
2.999063730239868164e-01
2.441089153289794922e-01
3.692038953304290771e-01
1.040557026863098145e-01
1.604972183704376221e-01
1.433891952037811279e-01
3.388544023036956787e-01
3.490051031112670898e-01
1.350745856761932373e-01
2.197410315275192261e-01
5.432347059249877930e-01
4.021810293197631836e-01
5.002560615539550781e-01
6.015845537185668945e-01
1.987511962652206421e-01
1.911504566669464111e-01
3.143358230590820312e-01
2.949481010437011719e-01
1.899720430374145508e-01
1.855722367763519287e-01
1.628549546003341675e-01
1.854507625102996826e-01
1.119298934936523438e-01
9.484481811523437500e-02
2.509526014328002930e-01
1.280666291713714600e-01
3.369146287441253662e-01
2.772353887557983398e-01
2.037118673324584961e-01
2.436875700950622559e-01
3.562610149383544922e-01
2.295745909214019775e-01
3.540678620338439941e-01
1.740687936544418335e-01
3.505104780197143555e-01
1.694111526012420654e-01
1.644129902124404907e-01
2.405654042959213257e-01
1.914651989936828613e-01
3.849536180496215820e-01
3.982653319835662842e-01
1.965349167585372925e-01
2.000979930162429810e-01
3.425228595733642578e-01
1.474981307983398438e-01
3.101668357849121094e-01
2.179968357086181641e-01
2.533190846443176270e-01
1.880078613758087158e-01
1.825654208660125732e-01
1.453367322683334351e-01
3.965675234794616699e-01
1.316764503717422485e-01
2.134739458560943604e-01
1.875350177288055420e-01
4.408220946788787842e-01
2.546347379684448242e-01
2.369868606328964233e-01
1.900206655263900757e-01
2.037822902202606201e-01
2.945080101490020752e-01
4.847639799118041992e-01
2.489024996757507324e-01
4.148899614810943604e-01
1.637808680534362793e-01
5.282865166664123535e-01
4.624448418617248535e-01
2.722860276699066162e-01
1.842258274555206299e-01
2.372690141201019287e-01
1.170647889375686646e-01
1.902848929166793823e-01
2.742554545402526855e-01
2.673832178115844727e-01
1.145027354359626770e-01
1.820752322673797607e-01
3.095707595348358154e-01
1.658687591552734375e-01
2.005018889904022217e-01
2.675943970680236816e-01
3.388730585575103760e-01
3.013770878314971924e-01
2.062753885984420776e-01
4.724363088607788086e-01
3.240826427936553955e-01
3.443977832794189453e-01
1.354618817567825317e-01
4.224081635475158691e-01
3.267289996147155762e-01
1.519948542118072510e-01
2.535406649112701416e-01
1.426070630550384521e-01
3.343662619590759277e-01
1.759704202413558960e-01
1.911314874887466431e-01
3.204092681407928467e-01
2.423975765705108643e-01
3.226674795150756836e-01
2.220485061407089233e-01
2.033058404922485352e-01
1.856245100498199463e-01
4.603829383850097656e-01
3.127481937408447266e-01
2.417885065078735352e-01
3.696027100086212158e-01
3.936669826507568359e-01
1.997750103473663330e-01
1.953489035367965698e-01
2.917577624320983887e-01
3.982975184917449951e-01
2.912799119949340820e-01
3.655022680759429932e-01
2.346700131893157959e-01
2.270665317773818970e-01
1.541474163532257080e-01
2.517656385898590088e-01
1.349096447229385376e-01
3.196564018726348877e-01
1.313528418540954590e-01
1.045083850622177124e-01
2.177155017852783203e-01
2.308224737644195557e-01
3.366970121860504150e-01
1.823981702327728271e-01
2.683800160884857178e-01
5.873585119843482971e-02
3.041494488716125488e-01
1.071401238441467285e-01
1.920599043369293213e-01
3.115026056766510010e-01
2.977891862392425537e-01
3.006597161293029785e-01
1.740907430648803711e-01
4.382581412792205811e-01
2.532630264759063721e-01
4.130861759185791016e-01
1.572541892528533936e-01
2.952319979667663574e-01
2.005124688148498535e-01
6.646969914436340332e-01
2.958576679229736328e-01
8.953925967216491699e-02
5.368769168853759766e-01
1.302649676799774170e-01
1.601756215095520020e-01
4.315542876720428467e-01
3.627165853977203369e-01
2.544550299644470215e-01
5.425633192062377930e-01
6.509014964103698730e-01
3.104054927825927734e-01
2.358078658580780029e-01
2.962640225887298584e-01
3.598648607730865479e-01
2.930124998092651367e-01
3.386449217796325684e-01
1.168629527091979980e-01
1.515567004680633545e-01
2.235139012336730957e-01
1.522696018218994141e-01
1.317366957664489746e-01
2.110249251127243042e-01
1.971057653427124023e-01
1.815479546785354614e-01
3.359520137310028076e-01
1.751872152090072632e-01
4.612727761268615723e-01
2.863613367080688477e-01
2.115335464477539062e-01
2.395824044942855835e-01
3.126578330993652344e-01
3.019059300422668457e-01
9.720201790332794189e-02
1.621147096157073975e-01
1.829047948122024536e-01
1.894380748271942139e-01
2.310539782047271729e-01
1.576453894376754761e-01
1.327420473098754883e-01
3.054612874984741211e-01
2.503843903541564941e-01
2.219881713390350342e-01
1.399301737546920776e-01
7.436963915824890137e-02
2.884784936904907227e-01
3.067563772201538086e-01
3.332752287387847900e-01
5.917220115661621094e-01
3.365588188171386719e-01
1.598872095346450806e-01
2.824270129203796387e-01
4.857757687568664551e-01
2.283121347427368164e-01
2.092423141002655029e-01
3.461554646492004395e-01
1.622442156076431274e-01
3.966128826141357422e-01
2.685244083404541016e-01
1.826498359441757202e-01
2.736947536468505859e-01
2.852874100208282471e-01
2.663116455078125000e-01
1.866750717163085938e-01
1.944427937269210815e-01
7.729367911815643311e-02
2.783715128898620605e-01
1.013659834861755371e-01
2.849565744400024414e-01
4.149137735366821289e-01
3.456729948520660400e-01
9.160207211971282959e-02
2.239974737167358398e-01
3.059586882591247559e-01
3.780277967453002930e-01
2.210864424705505371e-01
2.558035254478454590e-01
3.556474447250366211e-01
3.561713993549346924e-01
3.052676320075988770e-01
1.868820935487747192e-01
1.338265538215637207e-01
8.534488826990127563e-02
3.207005858421325684e-01
1.203465461730957031e-01
2.122400850057601929e-01
2.134127914905548096e-01
2.739236354827880859e-01
2.000582814216613770e-01
9.531975537538528442e-02
1.914714872837066650e-01
3.211449682712554932e-01
2.269088327884674072e-01
2.749144434928894043e-01
1.595618724822998047e-01
3.935165405273437500e-01
1.159667447209358215e-01
3.084363341331481934e-01
1.154704988002777100e-01
2.041413187980651855e-01
4.832377135753631592e-01
2.835522890090942383e-01
3.981504589319229126e-02
1.027583405375480652e-01
3.727898597717285156e-01
9.365989267826080322e-02
4.018398225307464600e-01
2.958292961120605469e-01
4.343828856945037842e-01
2.238193899393081665e-01
3.181261718273162842e-01
1.731192171573638916e-01
3.634716868400573730e-01
2.063273638486862183e-01
2.553875148296356201e-01
2.690398693084716797e-01
1.198785454034805298e-01
1.474435627460479736e-01
1.195436269044876099e-01
3.983319401741027832e-01
3.386420011520385742e-01
3.743300437927246094e-01
2.550893425941467285e-01
9.696082770824432373e-02
1.026214361190795898e-01
2.595739662647247314e-01
6.358554959297180176e-02
3.105039894580841064e-01
2.671054303646087646e-01
2.359818518161773682e-01
2.538930177688598633e-01
1.521866917610168457e-01
1.543731391429901123e-01
3.180944621562957764e-01
2.388497591018676758e-01
1.975633502006530762e-01
3.504909276962280273e-01
2.617211639881134033e-01
1.674826890230178833e-01
6.375197768211364746e-01
1.518887281417846680e-01
1.885034143924713135e-01
2.205094099044799805e-01
3.824347257614135742e-01
2.544814050197601318e-01
3.314792811870574951e-01
2.138518393039703369e-01
3.120999634265899658e-01
2.637858390808105469e-01
1.344887316226959229e-01
1.917110681533813477e-01
2.300562560558319092e-01
1.260139197111129761e-01
1.805323362350463867e-01
1.544929146766662598e-01
2.692473530769348145e-01
2.268352210521697998e-01
1.935533881187438965e-01
2.003550529479980469e-01
1.881407946348190308e-01
1.563603878021240234e-01
3.970031738281250000e-01
1.638777256011962891e-01
1.617175489664077759e-01
1.574789881706237793e-01
3.426363170146942139e-01
1.176028177142143250e-01
2.480418533086776733e-01
4.867894053459167480e-01
2.077477276325225830e-01
1.788412928581237793e-01
2.927960157394409180e-01
2.434283792972564697e-01
1.258026659488677979e-01
1.955931931734085083e-01
1.119582504034042358e-01
2.170713096857070923e-01
2.642820477485656738e-01
3.585428595542907715e-01
2.763141095638275146e-01
2.325804829597473145e-01
1.442006528377532959e-01
1.876692473888397217e-01
2.116133272647857666e-01
1.156193614006042480e-01
2.568766474723815918e-01
2.441826164722442627e-01
2.070345431566238403e-01
3.425579071044921875e-01
2.125892937183380127e-01
7.133781909942626953e-01
5.165534019470214844e-01
2.349845319986343384e-01
3.795230984687805176e-01
2.597886025905609131e-01
2.785272598266601562e-01
2.511022984981536865e-01
6.952757835388183594e-01
3.081900179386138916e-01
7.341191172599792480e-01
3.276516199111938477e-01
2.227430492639541626e-01
4.551770687103271484e-01
2.696914076805114746e-01
2.563820481300354004e-01
2.130780220031738281e-01
3.664070963859558105e-01
3.988916873931884766e-01
3.617979288101196289e-01
2.596109211444854736e-01
4.770236313343048096e-01
1.887898445129394531e-01
9.134875982999801636e-02
4.115561246871948242e-01
4.675588607788085938e-01
3.352642357349395752e-01
1.773966848850250244e-01
3.885699808597564697e-01
6.967341899871826172e-01
3.236324787139892578e-01
1.493350267410278320e-01
2.364950925111770630e-01
2.033284008502960205e-01
2.302172482013702393e-01
2.656365334987640381e-01
2.836796641349792480e-01
2.640470266342163086e-01
2.324405014514923096e-01
3.546290099620819092e-01
1.255379170179367065e-01
2.637593150138854980e-01
1.657437682151794434e-01
2.357086986303329468e-01
1.776705682277679443e-01
3.650345802307128906e-01
1.590006500482559204e-01
3.973957300186157227e-01
1.300187557935714722e-01
2.755865156650543213e-01
6.610673666000366211e-02
2.913390100002288818e-01
1.801363378763198853e-01
1.586663424968719482e-01
2.249167114496231079e-01
2.710934877395629883e-01
1.873157620429992676e-01
1.782651990652084351e-01
3.355909883975982666e-01
2.011573910713195801e-01
2.166998684406280518e-01
4.357594847679138184e-01
2.875306308269500732e-01
2.763909399509429932e-01
3.052881360054016113e-01
2.932833731174468994e-01
2.841493487358093262e-01
4.531226754188537598e-01
3.373009562492370605e-01
2.466937899589538574e-01
3.206909298896789551e-01
2.429756820201873779e-01
2.425307184457778931e-01
2.101711332798004150e-01
3.599537014961242676e-01
1.383021771907806396e-01
3.433068394660949707e-01
2.153056263923645020e-01
1.757018119096755981e-01
9.875812381505966187e-02
2.112870216369628906e-01
1.514526605606079102e-01
2.232719659805297852e-01
2.788685560226440430e-01
1.290083378553390503e-01
2.978754341602325439e-01
2.270073592662811279e-01
2.521189451217651367e-01
2.239375114440917969e-01
2.577702403068542480e-01
3.031815588474273682e-01
2.096507251262664795e-01
2.956824302673339844e-01
3.330772519111633301e-01
1.639644652605056763e-01
1.890238523483276367e-01
2.684952616691589355e-01
4.354960918426513672e-01
5.233168601989746094e-01
3.138763904571533203e-01
3.349437713623046875e-01
8.824791014194488525e-02
2.025258541107177734e-01
3.114145398139953613e-01
2.939138412475585938e-01
4.292584359645843506e-01
9.574961662292480469e-02
2.283862084150314331e-01
1.561094522476196289e-01
4.377433955669403076e-01
2.844148278236389160e-01
2.243259549140930176e-01
2.660298049449920654e-01
1.600259095430374146e-01
4.662834703922271729e-01
2.584849596023559570e-01
2.294789850711822510e-01
4.046738445758819580e-01
4.056690037250518799e-01
1.484913825988769531e-01
3.101165890693664551e-01
6.426255404949188232e-02
1.635677516460418701e-01
3.722391426563262939e-01
2.965446412563323975e-01
1.408059448003768921e-01
2.171609252691268921e-01
1.405658125877380371e-01
8.683528006076812744e-02
3.244302868843078613e-01
2.446259558200836182e-01
5.277277231216430664e-01
1.237379461526870728e-01
3.596289753913879395e-01
3.848988413810729980e-01
2.475915849208831787e-01
2.621590495109558105e-01
2.327591180801391602e-01
2.283491343259811401e-01
2.493704706430435181e-01
4.996207356452941895e-01
2.088437229394912720e-01
2.809562087059020996e-01
2.014465779066085815e-01
2.394668459892272949e-01
1.739995479583740234e-01
1.476064324378967285e-01
3.132109344005584717e-01
1.087243705987930298e-01
1.042705550789833069e-01
1.896881461143493652e-01
4.258055388927459717e-01
3.785517215728759766e-01
2.712186276912689209e-01
2.942377924919128418e-01
3.284352421760559082e-01
1.127260029315948486e-01
1.583403348922729492e-01
2.435513436794281006e-01
1.996338516473770142e-01
2.646950483322143555e-01
4.037267267704010010e-01
3.161154091358184814e-01
2.896523177623748779e-01
2.184239327907562256e-01
2.023168951272964478e-01
1.446542739868164062e-01
3.676580190658569336e-01
1.723909974098205566e-01
1.490033417940139771e-01
3.643445372581481934e-01
4.451264739036560059e-01
1.888075768947601318e-01
3.075939118862152100e-01
2.834102809429168701e-01
9.076796472072601318e-02
2.288004308938980103e-01
1.076644510030746460e-01
1.741073131561279297e-01
1.857037246227264404e-01
3.324690461158752441e-01
2.224291861057281494e-01
9.914417564868927002e-02
2.658358812332153320e-01
2.891711890697479248e-01
7.328876107931137085e-02
2.324414700269699097e-01
6.073629260063171387e-01
1.729489266872406006e-01
1.646625846624374390e-01
1.472400575876235962e-01
2.588801085948944092e-01
1.208624541759490967e-01
2.415278851985931396e-01
2.556749582290649414e-01
1.549466848373413086e-01
1.526690721511840820e-01
1.812572181224822998e-01
2.855062186717987061e-01
1.407865732908248901e-01
2.526697814464569092e-01
2.258724570274353027e-01
3.370993733406066895e-01
1.296726167201995850e-01
1.647077351808547974e-01
4.846115410327911377e-01
2.856243252754211426e-01
3.334416747093200684e-01
2.094982117414474487e-01
2.082843184471130371e-01
4.057547152042388916e-01
2.019595503807067871e-01
2.262469679117202759e-01
3.318388462066650391e-01
2.935214936733245850e-01
2.728049457073211670e-01
3.542085886001586914e-01
2.171654701232910156e-01
2.191967219114303589e-01
1.875274032354354858e-01
2.087508738040924072e-01
2.180566787719726562e-01
1.928420811891555786e-01
1.323816329240798950e-01
1.702791750431060791e-01
4.730925559997558594e-01
1.254420280456542969e-01
2.379156649112701416e-01
2.017593681812286377e-01
3.058543205261230469e-01
2.793320417404174805e-01
2.381828725337982178e-01
4.697788357734680176e-01
1.171610951423645020e-01
2.288183271884918213e-01
2.431756258010864258e-01
1.031190752983093262e-01
3.121453225612640381e-01
5.163527727127075195e-01
3.063270747661590576e-01
3.076109290122985840e-01
2.408057302236557007e-01
3.844120204448699951e-01
4.369854927062988281e-01
1.637743413448333740e-01
2.786192893981933594e-01
1.024324223399162292e-01
2.297850549221038818e-01
2.805314958095550537e-01
1.708935797214508057e-01
1.517526507377624512e-01
4.013407528400421143e-01
2.799514532089233398e-01
1.624307185411453247e-01
4.762605130672454834e-01
6.717301905155181885e-02
1.868498772382736206e-01
1.857072114944458008e-01
1.786737143993377686e-01
1.868134438991546631e-01
3.680145740509033203e-01
7.512291520833969116e-02
5.008205771446228027e-01
2.024051100015640259e-01
2.797921895980834961e-01
1.696605235338211060e-01
2.326505780220031738e-01
2.274297773838043213e-01
1.738808453083038330e-01
1.594223529100418091e-01
3.778838515281677246e-01
5.764229893684387207e-01
2.129573374986648560e-01
2.534381747245788574e-01
2.277070283889770508e-01
1.302604526281356812e-01
2.593881785869598389e-01
2.166962474584579468e-01
3.051452040672302246e-01
1.760915219783782959e-01
1.676458865404129028e-01
3.183653950691223145e-01
2.578051388263702393e-01
1.353720426559448242e-01
3.195618987083435059e-01
2.090939283370971680e-01
1.859927475452423096e-01
3.670306503772735596e-01
2.574074864387512207e-01
1.981450617313385010e-01
2.757684290409088135e-01
2.164746224880218506e-01
4.798365831375122070e-01
1.942824125289916992e-01
1.607384085655212402e-01
9.022838622331619263e-02
2.626398801803588867e-01
3.046318888664245605e-01
2.663843035697937012e-01
1.960233747959136963e-01
3.222816884517669678e-01
2.692478895187377930e-01
1.725996881723403931e-01
4.307919740676879883e-01
1.669996380805969238e-01
2.752824127674102783e-01
1.753621101379394531e-01
2.975508868694305420e-01
2.459444999694824219e-01
3.200719952583312988e-01
4.550798535346984863e-01
3.947861194610595703e-01
1.614097207784652710e-01
1.596673429012298584e-01
1.783288121223449707e-01
5.030871629714965820e-01
2.767931818962097168e-01
3.060089349746704102e-01
1.056294590234756470e-01
3.391414880752563477e-01
2.124806791543960571e-01
2.503665387630462646e-01
2.768357396125793457e-01
4.155881404876708984e-01
3.833197057247161865e-01
2.035560011863708496e-01
2.312565296888351440e-01
1.084624901413917542e-01
3.209180533885955811e-01
6.093750149011611938e-02
1.704204976558685303e-01
3.266761898994445801e-01
1.396187841892242432e-01
2.149470746517181396e-01
4.604440033435821533e-01
2.962931096553802490e-01
2.129641771316528320e-01
3.349008262157440186e-01
4.239833950996398926e-01
2.262230664491653442e-01
2.406154572963714600e-01
2.613313198089599609e-01
3.982758224010467529e-01
3.763471841812133789e-01
8.080425113439559937e-02
2.664776742458343506e-01
1.618228405714035034e-01
8.391808718442916870e-02
6.035801172256469727e-01
3.059684634208679199e-01
1.643172055482864380e-01
1.985627561807632446e-01
4.678278267383575439e-01
8.169360458850860596e-02
4.303777813911437988e-01
3.142151832580566406e-01
3.120479583740234375e-01
3.757497072219848633e-01
1.540714949369430542e-01
2.481168061494827271e-01
4.228587150573730469e-01
6.543195247650146484e-02
3.292632102966308594e-01
1.839076876640319824e-01
2.548354864120483398e-01
2.472911626100540161e-01
2.170412242412567139e-01
2.870258092880249023e-01
3.289518952369689941e-01
2.970682978630065918e-01
3.947637677192687988e-01
4.217783808708190918e-01
9.059412777423858643e-02
3.165668249130249023e-01
4.432283341884613037e-01
1.549341380596160889e-01
2.350855916738510132e-01
2.637358009815216064e-01
2.601643800735473633e-01
2.261615395545959473e-01
2.372787296772003174e-01
5.233698487281799316e-01
3.582448959350585938e-01
2.760986387729644775e-01
1.556543707847595215e-01
1.561639606952667236e-01
3.827711939811706543e-01
8.685260266065597534e-02
3.676857352256774902e-01
1.740041673183441162e-01
2.503731846809387207e-01
5.031418800354003906e-01
1.613896042108535767e-01
1.988471001386642456e-01
1.044215336441993713e-01
1.745060384273529053e-01
3.172774314880371094e-01
3.035747408866882324e-01
4.041182398796081543e-01
2.341488152742385864e-01
2.526007592678070068e-01
1.482524871826171875e-01
1.383968144655227661e-01
2.862695157527923584e-01
2.981857359409332275e-01
4.473414719104766846e-01
2.807520627975463867e-01
3.452976942062377930e-01
4.529102742671966553e-01
2.326580584049224854e-01
1.623825132846832275e-01
1.312309801578521729e-01
2.776499688625335693e-01
1.933642476797103882e-01
8.287954330444335938e-02
2.872674763202667236e-01
4.683475196361541748e-01
2.407099008560180664e-01
4.385329484939575195e-01
4.095022976398468018e-01
2.187885046005249023e-01
4.950660467147827148e-01
2.527469396591186523e-01
3.526366651058197021e-01
1.500714272260665894e-01
2.009907811880111694e-01
4.675652086734771729e-01
1.679039746522903442e-01
3.163720369338989258e-01
1.857888996601104736e-01
1.874545216560363770e-01
3.639476597309112549e-01
7.431995868682861328e-02
4.145628809928894043e-01
1.872189640998840332e-01
1.549185663461685181e-01
3.852280378341674805e-01
2.888913154602050781e-01
4.040653705596923828e-01
1.827835291624069214e-01
2.370948791503906250e-01
3.625597655773162842e-01
2.667168974876403809e-01
3.810205161571502686e-01
2.286235392093658447e-01
1.878953278064727783e-01
2.189291566610336304e-01
2.230622917413711548e-01
1.565120816230773926e-01
7.218718528747558594e-02
2.260260581970214844e-01
2.842689156532287598e-01
2.038579285144805908e-01
6.960755586624145508e-02
1.470962613821029663e-01
1.465940773487091064e-01
2.676213383674621582e-01
1.746180355548858643e-01
5.312451720237731934e-02
2.908899784088134766e-01
2.744094729423522949e-01
2.823647260665893555e-01
2.566939294338226318e-01
5.212708711624145508e-01
1.777550727128982544e-01
4.330753087997436523e-01
4.688317477703094482e-01
1.700626164674758911e-01
1.692520678043365479e-01
1.783982664346694946e-01
2.170565724372863770e-01
2.083593308925628662e-01
2.324892878532409668e-01
2.404246628284454346e-01
1.878724992275238037e-01
2.998269200325012207e-01
3.129255473613739014e-01
1.819446384906768799e-01
4.181119799613952637e-01
2.211346328258514404e-01
2.175367772579193115e-01
2.155144214630126953e-01
2.976767420768737793e-01
3.119478821754455566e-01
1.162566319108009338e-01
2.179840058088302612e-01
3.089094161987304688e-01
3.942606449127197266e-01
1.989537477493286133e-01
2.714226543903350830e-01
3.842955827713012695e-01
1.787561774253845215e-01
1.513196080923080444e-01
3.236279785633087158e-01
2.043663710355758667e-01
3.495280444622039795e-01
8.494313806295394897e-02
1.238753274083137512e-01
2.771022319793701172e-01
2.946459054946899414e-01
3.378556966781616211e-01
1.134572252631187439e-01
1.357145607471466064e-01
1.899380981922149658e-01
1.466694027185440063e-01
2.983713746070861816e-01
1.531103998422622681e-01
1.090382039546966553e-01
2.529910504817962646e-01
3.250477015972137451e-01
1.722644567489624023e-01
3.309291303157806396e-01
1.906028389930725098e-01
3.313469290733337402e-01
1.127521842718124390e-01
2.874479889869689941e-01
2.484755218029022217e-01
2.221211791038513184e-01
2.004150599241256714e-01
2.213322073221206665e-01
1.800387501716613770e-01
5.926243066787719727e-01
2.468046844005584717e-01
2.121840715408325195e-01
2.979874014854431152e-01
3.235548734664916992e-01
1.279088258743286133e-01
1.619544774293899536e-01
1.392147243022918701e-01
2.090678513050079346e-01
8.527292311191558838e-02
2.587156295776367188e-01
1.930817067623138428e-01
3.191628456115722656e-01
2.499823421239852905e-01
2.059226036071777344e-01
3.869412243366241455e-01
2.264516651630401611e-01
1.963556408882141113e-01
3.084475696086883545e-01
1.931169629096984863e-01
2.018106281757354736e-01
1.806857138872146606e-01
1.746913343667984009e-01
2.315083146095275879e-01
2.155448496341705322e-01
9.813640266656875610e-02
1.446692645549774170e-01
6.789682805538177490e-02
1.598577201366424561e-01
2.362711429595947266e-01
2.875722944736480713e-01
5.053688287734985352e-01
6.193044185638427734e-01
3.345021307468414307e-01
2.314572930335998535e-01
2.446469217538833618e-01
3.236851692199707031e-01
3.340053558349609375e-01
3.686824440956115723e-01
3.934631943702697754e-01
1.100630313158035278e-01
3.002217411994934082e-01
2.589448094367980957e-01
3.476308584213256836e-01
2.430465072393417358e-01
1.691391170024871826e-01
2.874811291694641113e-01
1.455575078725814819e-01
4.380228221416473389e-01
1.073343977332115173e-01
1.691506952047348022e-01
2.498482763767242432e-01
5.602378845214843750e-01
1.353672146797180176e-01
3.457597196102142334e-01
1.820316761732101440e-01
2.913798391819000244e-01
1.268110275268554688e-01
1.743901968002319336e-01
2.444595098495483398e-01
2.564936578273773193e-01
1.047874912619590759e-01
4.361077845096588135e-01
1.706240028142929077e-01
4.190482795238494873e-01
1.191822290420532227e-01
5.124786496162414551e-01
3.266123235225677490e-01
3.653402328491210938e-01
4.668058753013610840e-01
1.579658687114715576e-01
3.161872029304504395e-01
1.789293289184570312e-01
2.129189074039459229e-01
2.273674458265304565e-01
1.734363138675689697e-01
2.610717117786407471e-01
2.359449118375778198e-01
2.442094683647155762e-01
2.663778364658355713e-01
3.169672787189483643e-01
1.437451839447021484e-01
2.820061743259429932e-01
5.323299169540405273e-01
2.609435021877288818e-01
2.831478714942932129e-01
1.798211038112640381e-01
4.759483039379119873e-01
3.116671741008758545e-01
3.227243721485137939e-01
2.146408855915069580e-01
4.132526516914367676e-01
3.433116674423217773e-01
1.592388302087783813e-01
4.294706583023071289e-01
2.040090262889862061e-01
2.823926806449890137e-01
2.198194563388824463e-01
3.525398373603820801e-01
1.621791124343872070e-01
3.226763904094696045e-01
2.843974828720092773e-01
9.892048686742782593e-02
2.832405567169189453e-01
3.516197204589843750e-01
6.376415491104125977e-02
1.450044512748718262e-01
3.629140555858612061e-01
2.983769178390502930e-01
2.925537526607513428e-01
2.066782712936401367e-01
1.740348339080810547e-01
1.914442479610443115e-01
2.137697339057922363e-01
1.444896161556243896e-01
2.457555532455444336e-01
1.573054939508438110e-01
3.974379897117614746e-01
2.023294419050216675e-01
4.188273549079895020e-01
7.316439598798751831e-02
3.322064280509948730e-01
3.720215559005737305e-01
4.058938026428222656e-01
4.252211451530456543e-01
2.627008557319641113e-01
6.679049730300903320e-01
2.296784520149230957e-01
1.809536069631576538e-01
2.564778923988342285e-01
2.085565924644470215e-01
2.199776172637939453e-01
2.083427906036376953e-01
1.521056741476058960e-01
3.320266902446746826e-01
3.527040481567382812e-01
6.222363710403442383e-01
2.773796021938323975e-01
6.970157027244567871e-01
1.510453224182128906e-01
2.570008039474487305e-01
2.868396043777465820e-01
1.843878328800201416e-01
2.457009106874465942e-01
2.969473898410797119e-01
2.480429410934448242e-01
2.574697136878967285e-01
2.595117688179016113e-01
2.195348441600799561e-01
2.113339751958847046e-01
4.643169641494750977e-01
3.000223636627197266e-01
2.105650901794433594e-01
2.510057985782623291e-01
4.172045588493347168e-01
3.253780007362365723e-01
3.595544099807739258e-01
1.811316609382629395e-01
2.448135316371917725e-01
2.631341516971588135e-01
2.359084933996200562e-01
2.288010120391845703e-01
1.979385614395141602e-01
3.802009522914886475e-01
1.964519619941711426e-01
3.619318902492523193e-01
3.850997090339660645e-01
1.831553876399993896e-01
1.748474091291427612e-01
1.775481998920440674e-01
6.426312923431396484e-01
3.582597672939300537e-01
2.373515814542770386e-01
1.677771210670471191e-01
3.030884563922882080e-01
4.105213582515716553e-01
3.595030903816223145e-01
4.249011278152465820e-01
4.127679467201232910e-01
3.845595717430114746e-01
2.238048613071441650e-01
1.289797723293304443e-01
4.131102859973907471e-01
3.292609751224517822e-01
2.194440960884094238e-01
3.449358344078063965e-01
2.440546154975891113e-01
3.046047687530517578e-01
5.866280794143676758e-01
2.076133042573928833e-01
2.133315205574035645e-01
3.489416539669036865e-01
1.273785829544067383e-01
2.999682724475860596e-01
1.903969347476959229e-01
2.923509776592254639e-01
6.891402602195739746e-02
3.430307805538177490e-01
4.353712201118469238e-01
1.873685121536254883e-01
4.272401928901672363e-01
1.564756184816360474e-01
2.038795650005340576e-01
2.827817797660827637e-01
2.428346425294876099e-01
2.827595174312591553e-01
5.305206179618835449e-01
2.413853406906127930e-01
3.423094153404235840e-01
5.645465850830078125e-01
2.259193211793899536e-01
3.684885501861572266e-01
2.254775464534759521e-01
1.953585445880889893e-01
2.095205336809158325e-01
2.233293056488037109e-01
3.304432034492492676e-01
3.444085121154785156e-01
4.348233342170715332e-01
4.346311688423156738e-01
4.557655155658721924e-01
2.520940303802490234e-01
3.595242500305175781e-01
2.485824078321456909e-01
3.297414481639862061e-01
2.361267656087875366e-01
4.462517499923706055e-01
3.147911131381988525e-01
3.150881230831146240e-01
4.057249128818511963e-01
9.984193742275238037e-02
1.634764373302459717e-01
4.402565360069274902e-01
3.206835687160491943e-01
2.493851482868194580e-01
1.054318025708198547e-01
1.303208172321319580e-01
5.350908637046813965e-01
3.582885265350341797e-01
2.788590788841247559e-01
3.169866204261779785e-01
3.756522834300994873e-01
