1.147775426506996155e-01
3.314977884292602539e-01
4.471662640571594238e-01
3.025338947772979736e-01
1.366717815399169922e-01
5.813915729522705078e-01
2.900239825248718262e-01
2.392699718475341797e-01
2.805478572845458984e-01
2.723219096660614014e-01
2.866801023483276367e-01
2.028739601373672485e-01
3.113907873630523682e-01
3.271738290786743164e-01
3.648590743541717529e-01
2.584387362003326416e-01
1.669899523258209229e-01
2.175220847129821777e-01
2.271496653556823730e-01
1.994737088680267334e-01
3.223592042922973633e-01
4.221727848052978516e-01
1.595008373260498047e-01
7.309697568416595459e-02
4.098023772239685059e-01
2.718395590782165527e-01
1.066985800862312317e-01
2.725843489170074463e-01
1.882743686437606812e-01
4.368498921394348145e-01
4.330607056617736816e-01
2.659192681312561035e-01
1.447944790124893188e-01
1.462664604187011719e-01
2.973153889179229736e-01
3.719404637813568115e-01
1.844308674335479736e-01
3.193280398845672607e-01
1.748294681310653687e-01
3.285586833953857422e-01
4.518116414546966553e-01
1.981821358203887939e-01
5.708141326904296875e-01
1.516866534948348999e-01
2.303008437156677246e-01
3.147866129875183105e-01
3.507508337497711182e-01
2.914312481880187988e-01
3.490246832370758057e-01
2.661982476711273193e-01
3.177310824394226074e-01
1.573723554611206055e-01
2.054556161165237427e-01
3.676861524581909180e-01
2.412434518337249756e-01
2.263154983520507812e-01
1.658931225538253784e-01
3.164686262607574463e-01
2.935404479503631592e-01
4.064306318759918213e-01
1.876580417156219482e-01
2.875320017337799072e-01
2.511618733406066895e-01
2.541896104812622070e-01
4.388199448585510254e-01
1.318958699703216553e-01
2.421768754720687866e-01
2.957580089569091797e-01
2.686023712158203125e-01
5.010249018669128418e-01
2.400957643985748291e-01
2.257544696331024170e-01
2.624877393245697021e-01
2.729789018630981445e-01
2.664071321487426758e-01
4.515207409858703613e-01
1.191523000597953796e-01
8.228584378957748413e-02
1.464397013187408447e-01
2.468762695789337158e-01
3.888776004314422607e-01
2.649269104003906250e-01
4.562424421310424805e-01
3.617548048496246338e-01
2.388830482959747314e-01
3.690896630287170410e-01
2.805477380752563477e-01
3.544197678565979004e-01
2.742844223976135254e-01
4.528949558734893799e-01
2.457450479269027710e-01
5.061947703361511230e-01
2.216114401817321777e-01
2.621466517448425293e-01
2.927700877189636230e-01
3.492104113101959229e-01
3.188694715499877930e-01
2.794897556304931641e-01
2.305436432361602783e-01
4.966742098331451416e-01
1.470150649547576904e-01
1.874154955148696899e-01
6.405614614486694336e-01
3.298795819282531738e-01
2.435317188501358032e-01
1.304055601358413696e-01
1.153303533792495728e-01
1.545235216617584229e-01
4.579367637634277344e-01
3.553810715675354004e-01
3.188624680042266846e-01
1.663104593753814697e-01
3.098921179771423340e-01
5.254816412925720215e-01
1.612519919872283936e-01
3.165932893753051758e-01
2.347255349159240723e-01
3.128307461738586426e-01
3.262656927108764648e-01
3.144953250885009766e-01
3.168290257453918457e-01
1.154965460300445557e-01
4.148826301097869873e-01
3.297695815563201904e-01
1.450121104717254639e-01
2.295782864093780518e-01
4.731299281120300293e-01
1.556966602802276611e-01
1.659712046384811401e-01
4.390953481197357178e-01
3.391160964965820312e-01
1.433896422386169434e-01
4.494579434394836426e-01
2.033320963382720947e-01
2.586347758769989014e-01
4.054512679576873779e-01
3.552869558334350586e-01
2.039203345775604248e-01
1.948363780975341797e-01
3.965152800083160400e-01
2.461730241775512695e-01
2.458070516586303711e-01
2.771590948104858398e-01
2.344197332859039307e-01
1.103419214487075806e-01
3.519167006015777588e-01
3.199500441551208496e-01
1.860175728797912598e-01
5.151004791259765625e-01
1.268186122179031372e-01
1.686346381902694702e-01
2.364820539951324463e-01
3.261315822601318359e-01
1.825371235609054565e-01
4.184624850749969482e-01
3.502089381217956543e-01
3.294880390167236328e-01
2.955315411090850830e-01
4.656280875205993652e-01
2.070261389017105103e-01
4.210433363914489746e-01
3.305964767932891846e-01
2.882435917854309082e-01
3.310444355010986328e-01
3.632250428199768066e-01
3.156245946884155273e-01
4.292103946208953857e-01
3.041150569915771484e-01
4.614422321319580078e-01
1.964812278747558594e-01
3.305725455284118652e-01
1.668938696384429932e-01
2.770404815673828125e-01
1.519114971160888672e-01
1.570142954587936401e-01
2.680079340934753418e-01
1.619525253772735596e-01
3.162068724632263184e-01
2.082526981830596924e-01
3.172128796577453613e-01
4.159497320652008057e-01
4.942881762981414795e-01
4.177911281585693359e-01
5.019315481185913086e-01
2.753053307533264160e-01
5.104687213897705078e-01
3.594124913215637207e-01
2.141710668802261353e-01
3.323758840560913086e-01
2.756024003028869629e-01
3.936342000961303711e-01
3.674156665802001953e-01
4.306473433971405029e-01
3.014230728149414062e-01
3.676348328590393066e-01
3.493709564208984375e-01
2.555629312992095947e-01
3.839528560638427734e-01
3.020780086517333984e-01
3.945850133895874023e-01
4.141391217708587646e-01
4.557872414588928223e-01
3.285658657550811768e-01
3.383618891239166260e-01
1.712481826543807983e-01
5.310612916946411133e-01
3.796902298927307129e-01
3.224821984767913818e-01
2.424893677234649658e-01
2.558882236480712891e-01
8.981847763061523438e-01
4.117916226387023926e-01
1.606590002775192261e-01
1.032058224081993103e-01
2.519977986812591553e-01
2.739425301551818848e-01
2.064323425292968750e-01
5.462278723716735840e-01
3.326027393341064453e-01
2.200148254632949829e-01
2.227767556905746460e-01
1.662011146545410156e-01
1.580541133880615234e-01
2.520404756069183350e-01
2.129205465316772461e-01
4.162611663341522217e-01
3.579005002975463867e-01
1.789971441030502319e-01
4.164386987686157227e-01
2.603898644447326660e-01
3.394463062286376953e-01
3.519091308116912842e-01
2.834948897361755371e-01
3.248095512390136719e-01
2.652878463268280029e-01
4.955756366252899170e-01
1.716575324535369873e-01
4.057414531707763672e-01
1.460608094930648804e-01
3.660305142402648926e-01
3.524671196937561035e-01
2.787404060363769531e-01
2.014140039682388306e-01
4.789614677429199219e-01
1.984234750270843506e-01
2.226213216781616211e-01
2.967651188373565674e-01
4.065663218498229980e-01
2.224749028682708740e-01
2.142240852117538452e-01
1.523309499025344849e-01
1.444090455770492554e-01
4.458692371845245361e-01
2.429038435220718384e-01
2.336062490940093994e-01
4.368830025196075439e-01
4.824901223182678223e-01
1.611418575048446655e-01
5.388869047164916992e-01
4.246774315834045410e-01
3.492697775363922119e-01
1.734537482261657715e-01
1.760256141424179077e-01
3.983048796653747559e-01
2.220852524042129517e-01
2.772538065910339355e-01
1.720817983150482178e-01
2.663966715335845947e-01
3.157134056091308594e-01
2.669474482536315918e-01
2.516664862632751465e-01
2.056640088558197021e-01
1.280370503664016724e-01
3.703947663307189941e-01
2.172573506832122803e-01
3.794555664062500000e-01
2.510050833225250244e-01
2.429720610380172729e-01
2.895387709140777588e-01
4.142289161682128906e-01
5.026524066925048828e-01
2.520331442356109619e-01
2.029785662889480591e-01
3.131943345069885254e-01
2.478397786617279053e-01
3.332998156547546387e-01
2.964768409729003906e-01
3.630981147289276123e-01
3.444456160068511963e-01
3.471578061580657959e-01
3.528903424739837646e-01
3.120665550231933594e-01
4.053091406822204590e-01
2.556403279304504395e-01
3.599969744682312012e-01
3.601818978786468506e-01
1.613103151321411133e-01
3.009431064128875732e-01
2.676608562469482422e-01
1.936063617467880249e-01
3.049375414848327637e-01
1.706511229276657104e-01
3.819591403007507324e-01
2.925188541412353516e-01
3.635433316230773926e-01
1.806223988533020020e-01
3.851927220821380615e-01
5.309357643127441406e-01
2.218519896268844604e-01
2.716949880123138428e-01
4.907633960247039795e-01
2.711635828018188477e-01
2.337751537561416626e-01
2.470552623271942139e-01
2.342542111873626709e-01
2.773313224315643311e-01
2.939464747905731201e-01
2.361018955707550049e-01
2.984262108802795410e-01
4.373694956302642822e-01
3.897228538990020752e-01
1.419777721166610718e-01
3.131168782711029053e-01
2.842200696468353271e-01
3.268443644046783447e-01
5.740513205528259277e-01
2.319591641426086426e-01
3.687686622142791748e-01
1.196351200342178345e-01
1.541625708341598511e-01
2.571738958358764648e-01
4.354241490364074707e-01
1.120985001325607300e-01
2.368922084569931030e-01
2.738113105297088623e-01
2.678560018539428711e-01
2.355692237615585327e-01
3.848719000816345215e-01
2.037959694862365723e-01
2.691380977630615234e-01
3.043732941150665283e-01
4.627459049224853516e-01
4.177305102348327637e-01
3.399818539619445801e-01
2.859804332256317139e-01
1.822375953197479248e-01
9.988306462764739990e-02
6.080067753791809082e-01
3.898920714855194092e-01
2.575032413005828857e-01
1.908177733421325684e-01
2.162717580795288086e-01
3.854510784149169922e-01
4.752607345581054688e-01
4.488473534584045410e-01
3.059916198253631592e-01
5.734281539916992188e-01
3.449321389198303223e-01
5.559669733047485352e-01
5.210662484169006348e-01
2.808108329772949219e-01
5.087892413139343262e-01
3.026505708694458008e-01
5.208766460418701172e-01
3.594464361667633057e-01
2.441998720169067383e-01
4.302791953086853027e-01
4.234450459480285645e-01
7.559965848922729492e-01
4.618284106254577637e-01
2.197445034980773926e-01
4.389795064926147461e-01
1.029583737254142761e-01
3.228486776351928711e-01
2.490321993827819824e-01
2.543680667877197266e-01
2.217257022857666016e-01
3.127421140670776367e-01
2.698089480400085449e-01
2.138272374868392944e-01
5.022928118705749512e-01
3.298368453979492188e-01
2.036016583442687988e-01
2.376640141010284424e-01
2.143767476081848145e-01
1.583340018987655640e-01
2.953389286994934082e-01
2.448750734329223633e-01
2.198429107666015625e-01
2.717352509498596191e-01
2.088469713926315308e-01
2.997805476188659668e-01
3.558841347694396973e-01
2.681410312652587891e-01
3.385694622993469238e-01
4.835423529148101807e-01
3.927732706069946289e-01
5.036723613739013672e-01
2.438015341758728027e-01
2.981926798820495605e-01
2.186936140060424805e-01
1.625811457633972168e-01
2.885167300701141357e-01
1.924965083599090576e-01
3.482690155506134033e-01
4.182526469230651855e-01
2.160135358572006226e-01
4.136397838592529297e-01
3.997950851917266846e-01
2.486736774444580078e-01
3.204672932624816895e-01
2.380976825952529907e-01
2.821204364299774170e-01
1.684768497943878174e-01
2.796936631202697754e-01
1.763686835765838623e-01
2.776075601577758789e-01
2.990035116672515869e-01
1.644420325756072998e-01
5.098648667335510254e-01
2.447124719619750977e-01
4.676572680473327637e-01
2.207623273134231567e-01
4.018031358718872070e-01
3.046613335609436035e-01
9.003843367099761963e-02
1.234245002269744873e-01
3.757157027721405029e-01
1.538906544446945190e-01
1.982978284358978271e-01
4.121850728988647461e-01
3.339528441429138184e-01
3.097025156021118164e-01
4.276451468467712402e-01
2.558475136756896973e-01
3.014785945415496826e-01
1.926892399787902832e-01
2.316970229148864746e-01
2.355683296918869019e-01
1.888480782508850098e-01
3.342974483966827393e-01
2.588050365447998047e-01
2.639661729335784912e-01
3.325729966163635254e-01
2.027393728494644165e-01
3.900454938411712646e-01
6.221326068043708801e-02
3.035341203212738037e-01
2.448104918003082275e-01
2.292424440383911133e-01
3.254862129688262939e-01
4.048365354537963867e-01
1.736590564250946045e-01
2.111380994319915771e-01
1.495687663555145264e-01
2.798881530761718750e-01
1.996777206659317017e-01
1.564972698688507080e-01
1.282932609319686890e-01
4.797579944133758545e-01
2.744884788990020752e-01
3.164327144622802734e-01
3.245930373668670654e-01
3.831757903099060059e-01
2.267234772443771362e-01
1.663421988487243652e-01
4.460514485836029053e-01
2.991153001785278320e-01
2.468434870243072510e-01
2.181817293167114258e-01
2.719138264656066895e-01
4.764555096626281738e-01
2.490657269954681396e-01
3.610951304435729980e-01
1.468069404363632202e-01
3.336134850978851318e-01
2.020658701658248901e-01
9.011848270893096924e-02
3.061171770095825195e-01
1.998232007026672363e-01
5.312185287475585938e-01
2.611630558967590332e-01
3.150074481964111328e-01
3.570839762687683105e-01
1.702778637409210205e-01
3.048900961875915527e-01
2.652426958084106445e-01
4.360181093215942383e-01
3.126619458198547363e-01
2.411142587661743164e-01
1.881789267063140869e-01
2.285473644733428955e-01
2.673764228820800781e-01
2.377035021781921387e-01
4.257485866546630859e-01
2.888811826705932617e-01
2.215449064970016479e-01
3.217224776744842529e-01
1.853088587522506714e-01
2.509418427944183350e-01
3.698177635669708252e-01
2.505394220352172852e-01
2.048804312944412231e-01
2.789535522460937500e-01
1.414197236299514771e-01
1.551923453807830811e-01
3.297755122184753418e-01
3.547438979148864746e-01
2.215494066476821899e-01
2.048798799514770508e-01
2.701647281646728516e-01
2.563230991363525391e-01
4.605320990085601807e-01
1.397394388914108276e-01
2.448516488075256348e-01
3.420981168746948242e-01
3.805015683174133301e-01
1.567718684673309326e-01
3.978324532508850098e-01
3.646924495697021484e-01
2.320223152637481689e-01
2.617128789424896240e-01
2.535854578018188477e-01
2.584630548954010010e-01
3.010229766368865967e-01
2.279666215181350708e-01
5.284759402275085449e-01
1.969343125820159912e-01
2.047549337148666382e-01
1.643078178167343140e-01
4.170070886611938477e-01
1.316149532794952393e-01
2.218435108661651611e-01
3.351704478263854980e-01
4.387773573398590088e-01
4.190114736557006836e-01
2.058624923229217529e-01
2.722139060497283936e-01
1.110678240656852722e-01
3.729620873928070068e-01
2.474144846200942993e-01
2.047956138849258423e-01
4.105454683303833008e-01
2.088144719600677490e-01
3.082762956619262695e-01
2.659199833869934082e-01
3.973952531814575195e-01
2.451813369989395142e-01
3.966238796710968018e-01
2.542900443077087402e-01
1.815507709980010986e-01
2.430297136306762695e-01
2.928042113780975342e-01
3.796938955783843994e-01
3.751732707023620605e-01
2.054689973592758179e-01
4.747371077537536621e-01
2.209646552801132202e-01
3.294044137001037598e-01
2.732054591178894043e-01
5.283726453781127930e-01
1.137647256255149841e-01
3.087237179279327393e-01
3.725742399692535400e-01
1.043269336223602295e-01
3.634495139122009277e-01
4.269661307334899902e-01
4.292142987251281738e-01
2.640717029571533203e-01
1.342859566211700439e-01
3.466884791851043701e-01
3.278803825378417969e-01
2.485895156860351562e-01
3.462145328521728516e-01
3.336736261844635010e-01
2.086963355541229248e-01
2.767849862575531006e-01
4.240971803665161133e-01
3.451137840747833252e-01
2.910360097885131836e-01
6.191506385803222656e-01
2.483635097742080688e-01
2.925919890403747559e-01
1.343058645725250244e-01
2.215710282325744629e-01
1.855833977460861206e-01
3.474158644676208496e-01
2.549150288105010986e-01
2.441044151782989502e-01
2.119894325733184814e-01
5.060055851936340332e-01
2.615079879760742188e-01
4.610495269298553467e-01
4.544850587844848633e-01
3.022257685661315918e-01
1.949734985828399658e-01
5.166829228401184082e-01
2.191163301467895508e-01
1.304510086774826050e-01
2.200822234153747559e-01
2.776587605476379395e-01
3.198544383049011230e-01
3.167345225811004639e-01
2.840903401374816895e-01
4.063983261585235596e-01
2.077933996915817261e-01
3.803694844245910645e-01
2.518902420997619629e-01
3.347473740577697754e-01
2.208752036094665527e-01
5.122203230857849121e-01
3.404021263122558594e-01
2.960790693759918213e-01
1.645547151565551758e-01
4.427965879440307617e-01
4.638792574405670166e-01
2.690935730934143066e-01
1.527002900838851929e-01
3.196783959865570068e-01
3.685055971145629883e-01
3.474102616310119629e-01
3.481026291847229004e-01
3.110981285572052002e-01
1.329726725816726685e-01
2.469254732131958008e-01
3.032889962196350098e-01
1.279535293579101562e-01
2.447563707828521729e-01
5.150479078292846680e-01
2.974548637866973877e-01
3.689691722393035889e-01
3.969046473503112793e-01
3.941619694232940674e-01
3.540588021278381348e-01
1.943517625331878662e-01
1.481313109397888184e-01
2.727872133255004883e-01
1.810951977968215942e-01
2.622931599617004395e-01
1.626696437597274780e-01
3.160174787044525146e-01
3.843724131584167480e-01
2.495150864124298096e-01
1.917916983366012573e-01
3.566840291023254395e-01
1.487011015415191650e-01
3.511253595352172852e-01
2.489919960498809814e-01
5.056485533714294434e-01
3.438651263713836670e-01
2.275183796882629395e-01
1.339272260665893555e-01
5.170943737030029297e-01
3.897241353988647461e-01
3.079013824462890625e-01
3.302092254161834717e-01
3.819241523742675781e-01
2.364299893379211426e-01
1.568167358636856079e-01
3.055928647518157959e-01
2.425246536731719971e-01
1.970831304788589478e-01
2.641374170780181885e-01
2.512052655220031738e-01
4.583813548088073730e-01
3.482866287231445312e-01
5.113534927368164062e-01
3.870035409927368164e-01
2.451983094215393066e-01
2.867174446582794189e-01
1.391647160053253174e-01
2.424154132604598999e-01
2.762199640274047852e-01
3.520690202713012695e-01
2.409151196479797363e-01
2.949498295783996582e-01
1.161603778600692749e-01
3.535787165164947510e-01
2.992340624332427979e-01
2.345741689205169678e-01
2.286374270915985107e-01
2.729621529579162598e-01
2.640497386455535889e-01
1.854387670755386353e-01
4.492752552032470703e-01
2.818155884742736816e-01
2.231810986995697021e-01
4.179374575614929199e-01
1.690877377986907959e-01
4.172938168048858643e-01
2.922487556934356689e-01
2.687995135784149170e-01
1.829182654619216919e-01
4.001459777355194092e-01
2.601014673709869385e-01
2.546590566635131836e-01
3.458263278007507324e-01
4.378057718276977539e-01
4.347141087055206299e-01
3.672347068786621094e-01
3.565197885036468506e-01
3.634012937545776367e-01
1.828179657459259033e-01
2.351251542568206787e-01
3.951833546161651611e-01
3.957110643386840820e-01
1.877252459526062012e-01
2.607558965682983398e-01
4.697902798652648926e-01
1.303696334362030029e-01
2.243642508983612061e-01
1.988706588745117188e-01
2.970428466796875000e-01
3.452095389366149902e-01
3.440321981906890869e-01
4.018399119377136230e-01
1.490103751420974731e-01
2.669871151447296143e-01
3.114724159240722656e-01
4.279269576072692871e-01
2.072167396545410156e-01
3.095568418502807617e-01
5.419690608978271484e-01
2.820609509944915771e-01
4.522299766540527344e-01
3.699627220630645752e-01
3.551686704158782959e-01
3.956978023052215576e-01
3.355160951614379883e-01
1.088610589504241943e-01
1.397086381912231445e-01
2.163829207420349121e-01
1.555140614509582520e-01
4.549660682678222656e-01
4.570187330245971680e-01
4.710347354412078857e-01
3.949617147445678711e-01
2.029925286769866943e-01
1.957626193761825562e-01
3.559501767158508301e-01
4.992358386516571045e-01
3.426779508590698242e-01
4.689304828643798828e-01
2.474487572908401489e-01
3.226564526557922363e-01
1.165270060300827026e-01
3.081239759922027588e-01
4.417601227760314941e-01
2.769018411636352539e-01
2.756276726722717285e-01
2.430668175220489502e-01
2.800410985946655273e-01
2.192501574754714966e-01
2.292203009128570557e-01
3.087378740310668945e-01
1.898116171360015869e-01
2.629563808441162109e-01
3.055071234703063965e-01
3.488413095474243164e-01
1.928893923759460449e-01
3.757212460041046143e-01
1.839927732944488525e-01
3.241827785968780518e-01
2.237345874309539795e-01
3.076963722705841064e-01
4.559372663497924805e-01
5.197786688804626465e-01
2.775018215179443359e-01
2.885931134223937988e-01
2.515673637390136719e-01
4.666346907615661621e-01
2.290488779544830322e-01
4.255948960781097412e-01
2.453397512435913086e-01
1.781939268112182617e-01
2.686002254486083984e-01
4.379341006278991699e-01
4.425254166126251221e-01
3.080085217952728271e-01
2.504091858863830566e-01
2.473430335521697998e-01
2.443709969520568848e-01
1.363960951566696167e-01
3.102597892284393311e-01
9.628308564424514771e-02
3.918433189392089844e-01
2.771560251712799072e-01
4.420885741710662842e-01
3.140436410903930664e-01
2.685079276561737061e-01
1.624705046415328979e-01
1.806189715862274170e-01
2.793320417404174805e-01
1.647838354110717773e-01
2.900987863540649414e-01
2.074778825044631958e-01
3.416247069835662842e-01
1.490194499492645264e-01
2.031856477260589600e-01
2.221903204917907715e-01
2.880281209945678711e-01
4.279562830924987793e-01
2.044748961925506592e-01
2.413265854120254517e-01
1.175684779882431030e-01
1.768477559089660645e-01
2.786554396152496338e-01
2.870135903358459473e-01
2.014530301094055176e-01
1.275736987590789795e-01
2.848231196403503418e-01
2.493145316839218140e-01
3.002766370773315430e-01
2.973016500473022461e-01
1.620105504989624023e-01
1.580784320831298828e-01
1.181960999965667725e-01
1.286463439464569092e-01
2.182330191135406494e-01
3.846366405487060547e-01
3.836928904056549072e-01
2.775721549987792969e-01
4.323508739471435547e-01
1.746249347925186157e-01
5.070437192916870117e-01
1.124346181750297546e-01
3.735581636428833008e-01
2.343294620513916016e-01
5.633197426795959473e-01
3.815418183803558350e-01
5.474935770034790039e-01
1.609721183776855469e-01
2.472000122070312500e-01
4.814092814922332764e-01
2.336532324552536011e-01
4.236664474010467529e-01
4.104810357093811035e-01
3.187089860439300537e-01
3.391036093235015869e-01
2.702351212501525879e-01
1.169975399971008301e-01
5.326242446899414062e-01
2.301048040390014648e-01
2.933247089385986328e-01
3.064811229705810547e-01
1.418315023183822632e-01
2.177442163228988647e-01
1.764561980962753296e-01
3.534444570541381836e-01
5.438207387924194336e-01
3.826197087764739990e-01
2.798839211463928223e-01
1.978890299797058105e-01
5.496577024459838867e-01
3.211498260498046875e-01
1.111438050866127014e-01
3.871168494224548340e-01
2.078762799501419067e-01
2.204030603170394897e-01
3.300140500068664551e-01
1.856031715869903564e-01
3.486840724945068359e-01
2.496861219406127930e-01
2.014750391244888306e-01
1.935295462608337402e-01
2.787981629371643066e-01
1.833476126194000244e-01
2.393050193786621094e-01
2.100050151348114014e-01
2.174223065376281738e-01
2.029173374176025391e-01
2.767568230628967285e-01
5.041362643241882324e-01
2.984122931957244873e-01
2.732568979263305664e-01
1.750052273273468018e-01
2.416497915983200073e-01
2.348960340023040771e-01
2.902204096317291260e-01
2.976275980472564697e-01
1.857329756021499634e-01
2.023254334926605225e-01
1.867059469223022461e-01
3.936318755149841309e-01
3.410448431968688965e-01
2.731452584266662598e-01
1.947335898876190186e-01
2.686617374420166016e-01
3.069364428520202637e-01
2.839333117008209229e-01
1.578676402568817139e-01
2.644529044628143311e-01
3.474666774272918701e-01
4.018972218036651611e-01
4.046645760536193848e-01
1.768596172332763672e-01
4.365060329437255859e-01
2.886731326580047607e-01
4.098075926303863525e-01
5.297464132308959961e-01
1.513937860727310181e-01
1.808533817529678345e-01
3.351481556892395020e-01
2.688283026218414307e-01
3.266414403915405273e-01
1.208522468805313110e-01
2.678830921649932861e-01
2.430011332035064697e-01
4.093438088893890381e-01
3.715069890022277832e-01
3.973210453987121582e-01
1.939400732517242432e-01
3.785207271575927734e-01
4.781647920608520508e-01
5.451959371566772461e-01
3.187709748744964600e-01
2.170429974794387817e-01
3.568562269210815430e-01
4.030842185020446777e-01
2.697260975837707520e-01
1.442781239748001099e-01
1.902294158935546875e-01
2.088184058666229248e-01
1.338930428028106689e-01
3.933233618736267090e-01
3.347927927970886230e-01
4.776215553283691406e-01
3.259618282318115234e-01
1.322823762893676758e-01
2.912380993366241455e-01
2.109799981117248535e-01
2.947992682456970215e-01
3.348607420921325684e-01
1.702079325914382935e-01
3.887963294982910156e-01
4.168970584869384766e-01
1.781221926212310791e-01
2.295774221420288086e-01
2.520719468593597412e-01
1.794942021369934082e-01
1.860711127519607544e-01
1.925574690103530884e-01
1.659792661666870117e-01
3.390024900436401367e-01
1.310518682003021240e-01
5.882501602172851562e-01
5.156915187835693359e-01
3.380275368690490723e-01
3.987365067005157471e-01
1.795626133680343628e-01
3.716706335544586182e-01
2.368065714836120605e-01
4.681846499443054199e-01
2.210024595260620117e-01
3.754168152809143066e-01
2.699241042137145996e-01
3.007447421550750732e-01
2.354528307914733887e-01
2.177198082208633423e-01
5.630281567573547363e-01
1.486446559429168701e-01
2.830715179443359375e-01
2.663752436637878418e-01
7.562422007322311401e-02
4.388562440872192383e-01
1.475122869014739990e-01
1.245400011539459229e-01
4.034058153629302979e-01
3.181037306785583496e-01
4.129897654056549072e-01
1.187812089920043945e-01
2.778718471527099609e-01
2.633083760738372803e-01
2.220391333103179932e-01
4.996813833713531494e-01
2.914497256278991699e-01
2.605347633361816406e-01
1.805317699909210205e-01
2.856837511062622070e-01
9.490613639354705811e-02
1.842060983180999756e-01
3.295445442199707031e-01
3.267245590686798096e-01
2.732642889022827148e-01
1.170053184032440186e-01
1.313483566045761108e-01
1.695528179407119751e-01
2.145082056522369385e-01
1.744975447654724121e-01
1.438299119472503662e-01
2.867276072502136230e-01
3.996241986751556396e-01
3.620816767215728760e-01
2.038205265998840332e-01
1.438501477241516113e-01
3.315617442131042480e-01
2.656794786453247070e-01
3.758132159709930420e-01
3.103420436382293701e-01
3.840619921684265137e-01
8.403249830007553101e-02
9.871129691600799561e-02
4.001900851726531982e-01
2.472095638513565063e-01
2.321369647979736328e-01
3.079311251640319824e-01
2.271553575992584229e-01
3.371349871158599854e-01
2.356628924608230591e-01
1.852872520685195923e-01
5.339193940162658691e-01
1.900959312915802002e-01
1.807744801044464111e-01
6.669478118419647217e-02
1.799455583095550537e-01
6.158968806266784668e-01
5.042510628700256348e-01
1.930557489395141602e-01
2.604682147502899170e-01
2.722851336002349854e-01
1.127039864659309387e-01
1.802894473075866699e-01
1.459218263626098633e-01
1.200287938117980957e-01
2.617997229099273682e-01
2.190110385417938232e-01
3.895288407802581787e-01
2.781139612197875977e-01
2.761078774929046631e-01
3.728964924812316895e-01
3.077515065670013428e-01
2.104691863059997559e-01
6.437219381332397461e-01
2.928103208541870117e-01
3.755567073822021484e-01
3.470585942268371582e-01
1.766861379146575928e-01
3.038662672042846680e-01
2.289328277111053467e-01
4.372337460517883301e-01
6.709249019622802734e-01
2.567859590053558350e-01
3.554129004478454590e-01
1.228073909878730774e-01
3.379380404949188232e-01
4.479783773422241211e-01
2.634994983673095703e-01
2.802413105964660645e-01
4.634430408477783203e-01
6.345591545104980469e-01
1.878660321235656738e-01
2.373845875263214111e-01
1.860322058200836182e-01
3.482446372509002686e-01
5.846467018127441406e-01
4.543654024600982666e-01
4.271170198917388916e-01
1.435509324073791504e-01
3.409534096717834473e-01
2.284337133169174194e-01
4.102832078933715820e-01
3.560699820518493652e-01
2.635916471481323242e-01
2.411144375801086426e-01
2.150966823101043701e-01
4.072612524032592773e-01
3.696465492248535156e-01
3.262522518634796143e-01
3.149596154689788818e-01
3.447331190109252930e-01
2.066279202699661255e-01
2.722716927528381348e-01
2.291750907897949219e-01
1.672677248716354370e-01
2.690393924713134766e-01
3.271823823451995850e-01
1.946086287498474121e-01
4.444335997104644775e-01
4.140777885913848877e-01
1.445353627204895020e-01
2.884161472320556641e-01
2.963260114192962646e-01
3.260556161403656006e-01
4.545377790927886963e-01
5.301382541656494141e-01
3.417964577674865723e-01
4.558956027030944824e-01
3.163945078849792480e-01
1.972461342811584473e-01
5.703715085983276367e-01
2.561089098453521729e-01
2.134589850902557373e-01
3.712403178215026855e-01
6.380181312561035156e-01
2.841987907886505127e-01
2.700949311256408691e-01
4.969771802425384521e-01
3.351026475429534912e-01
3.503291010856628418e-01
3.344855308532714844e-01
3.475257158279418945e-01
1.263778656721115112e-01
2.389924675226211548e-01
3.602318465709686279e-01
2.102566659450531006e-01
2.910919487476348877e-01
4.405013918876647949e-01
3.292651772499084473e-01
3.655371665954589844e-01
2.540389895439147949e-01
5.893890857696533203e-01
1.284780651330947876e-01
2.594231963157653809e-01
4.464851617813110352e-01
3.348200321197509766e-01
1.787559539079666138e-01
3.269852995872497559e-01
3.197260797023773193e-01
3.115003705024719238e-01
3.234395384788513184e-01
2.300086468458175659e-01
1.344346851110458374e-01
4.587174355983734131e-01
9.726098179817199707e-02
2.378075569868087769e-01
3.731906414031982422e-01
2.533317804336547852e-01
4.755579233169555664e-01
3.986924588680267334e-01
2.119265198707580566e-01
3.981256783008575439e-01
6.998008489608764648e-01
2.451846003532409668e-01
2.362357825040817261e-01
1.228097528219223022e-01
2.740781307220458984e-01
3.749316334724426270e-01
2.575184702873229980e-01
2.399526536464691162e-01
3.170637488365173340e-01
2.716987431049346924e-01
1.369026005268096924e-01
1.625103801488876343e-01
2.573556900024414062e-01
1.649967581033706665e-01
3.107277750968933105e-01
2.991568446159362793e-01
2.228837013244628906e-01
3.178575038909912109e-01
4.630338549613952637e-01
2.590427696704864502e-01
3.640836775302886963e-01
3.306761384010314941e-01
2.050640136003494263e-01
2.361215502023696899e-01
4.874898791313171387e-01
2.658874988555908203e-01
4.935876429080963135e-01
1.931285858154296875e-01
2.230870872735977173e-01
2.188514024019241333e-01
2.235250324010848999e-01
2.601215243339538574e-01
4.569097161293029785e-01
2.525466978549957275e-01
3.735095858573913574e-01
1.701148450374603271e-01
2.140599191188812256e-01
4.477808475494384766e-01
2.976925373077392578e-01
3.552000522613525391e-01
4.357589185237884521e-01
4.173592329025268555e-01
2.463614344596862793e-01
2.380522191524505615e-01
4.446798861026763916e-01
3.051835894584655762e-01
2.269017994403839111e-01
2.859430611133575439e-01
2.070422768592834473e-01
4.679120779037475586e-01
6.096087694168090820e-01
1.456170678138732910e-01
2.778463363647460938e-01
4.930762052536010742e-01
2.942575812339782715e-01
1.270208656787872314e-01
1.185720637440681458e-01
3.644767105579376221e-01
2.056535333395004272e-01
1.248485445976257324e-01
2.189518213272094727e-01
1.234045922756195068e-01
2.378920614719390869e-01
2.260841280221939087e-01
3.158811330795288086e-01
2.240766435861587524e-01
6.177738904953002930e-01
2.177069783210754395e-01
2.991960048675537109e-01
4.228219389915466309e-01
2.210873961448669434e-01
2.789460122585296631e-01
3.813782334327697754e-01
4.873810708522796631e-01
1.506152749061584473e-01
2.226668000221252441e-01
1.658797562122344971e-01
1.528190374374389648e-01
2.769224643707275391e-01
2.192306816577911377e-01
6.625916957855224609e-01
1.475688368082046509e-01
4.400135874748229980e-01
2.566893100738525391e-01
4.598095417022705078e-01
4.087280631065368652e-01
4.687187969684600830e-01
1.372127532958984375e-01
4.315610527992248535e-01
2.059286832809448242e-01
2.096501439809799194e-01
2.453309595584869385e-01
4.329148828983306885e-01
3.616745173931121826e-01
2.704760432243347168e-01
2.470556944608688354e-01
3.310630321502685547e-01
2.380167245864868164e-01
3.023877739906311035e-01
3.266574144363403320e-01
3.680841922760009766e-01
3.221649527549743652e-01
2.936161160469055176e-01
3.180909752845764160e-01
3.823069632053375244e-01
1.929385215044021606e-01
4.134649038314819336e-01
4.350281059741973877e-01
3.223064541816711426e-01
2.401958554983139038e-01
4.615330696105957031e-01
4.201568067073822021e-01
4.439668059349060059e-01
4.216256141662597656e-01
7.256815433502197266e-01
