4.521403610706329346e-01
4.495077431201934814e-01
4.706417918205261230e-01
4.331339895725250244e-01
3.346501588821411133e-01
3.786228895187377930e-01
4.695366919040679932e-01
2.223677337169647217e-01
1.998686194419860840e-01
3.961174190044403076e-01
2.845040559768676758e-01
2.951837778091430664e-01
5.162667036056518555e-01
2.594664692878723145e-01
3.659293651580810547e-01
6.749030947685241699e-01
3.146687746047973633e-01
2.268548011779785156e-01
2.411752641201019287e-01
5.246524810791015625e-01
4.158209562301635742e-01
1.944856196641921997e-01
2.620378732681274414e-01
2.585824728012084961e-01
3.992333114147186279e-01
3.883460462093353271e-01
6.101438999176025391e-01
4.069500565528869629e-01
3.019464612007141113e-01
2.733880579471588135e-01
1.915527284145355225e-01
2.578285932540893555e-01
4.806694388389587402e-01
5.074288845062255859e-01
5.415170192718505859e-01
5.263367891311645508e-01
4.188323915004730225e-01
3.309897184371948242e-01
1.325560212135314941e-01
3.525483012199401855e-01
5.422859191894531250e-01
1.952815055847167969e-01
4.396141469478607178e-01
3.458950519561767578e-01
1.953672766685485840e-01
3.760668039321899414e-01
2.075392603874206543e-01
3.203501105308532715e-01
3.595107197761535645e-01
6.652783155441284180e-01
3.038807511329650879e-01
5.795986652374267578e-01
1.328510046005249023e-01
5.602288842201232910e-01
1.842811554670333862e-01
5.458278656005859375e-01
3.143851161003112793e-01
2.306541204452514648e-01
2.184643745422363281e-01
2.793849706649780273e-01
1.907236576080322266e-01
3.751372694969177246e-01
5.274884700775146484e-01
3.311693072319030762e-01
3.935725688934326172e-01
5.303413271903991699e-01
1.986756026744842529e-01
3.727893233299255371e-01
5.830861330032348633e-01
4.047062993049621582e-01
5.118479728698730469e-01
2.053635120391845703e-01
3.891542851924896240e-01
4.283280372619628906e-01
4.263644814491271973e-01
5.304102897644042969e-01
4.711388349533081055e-01
2.278396934270858765e-01
2.987387180328369141e-01
2.307165116071701050e-01
1.661926060914993286e-01
3.856475353240966797e-01
4.400162696838378906e-01
5.256298780441284180e-01
3.308753967285156250e-01
2.862952947616577148e-01
5.776193141937255859e-01
3.094671368598937988e-01
4.040671885013580322e-01
3.681047260761260986e-01
4.737951159477233887e-01
1.713596880435943604e-01
2.640305757522583008e-01
3.614051640033721924e-01
2.825435400009155273e-01
5.386757254600524902e-01
4.697310030460357666e-01
6.418366432189941406e-01
3.552914857864379883e-01
4.020641148090362549e-01
2.367476373910903931e-01
3.979991674423217773e-01
4.287511706352233887e-01
4.157221913337707520e-01
3.906499147415161133e-01
3.022851347923278809e-01
2.809990346431732178e-01
3.280405402183532715e-01
5.129026174545288086e-01
4.119114279747009277e-01
2.073969691991806030e-01
3.921375870704650879e-01
3.320514261722564697e-01
3.158343434333801270e-01
3.839215636253356934e-01
5.528489351272583008e-01
5.501922369003295898e-01
3.068807125091552734e-01
6.103566884994506836e-01
2.984062135219573975e-01
3.689701557159423828e-01
4.065167605876922607e-01
3.018481731414794922e-01
8.458223938941955566e-01
5.131670236587524414e-01
5.535345077514648438e-01
3.457956910133361816e-01
7.796587944030761719e-01
5.367733836174011230e-01
2.896123528480529785e-01
5.541104674339294434e-01
3.929545283317565918e-01
4.712341427803039551e-01
5.057746171951293945e-01
2.245734333992004395e-01
3.032679855823516846e-01
2.681415081024169922e-01
3.190663754940032959e-01
5.727591514587402344e-01
3.872668445110321045e-01
3.744604587554931641e-01
3.161987066268920898e-01
4.435098469257354736e-01
4.488035440444946289e-01
2.904416918754577637e-01
2.190344184637069702e-01
3.802535235881805420e-01
3.299663662910461426e-01
3.070280551910400391e-01
2.957547605037689209e-01
2.508324086666107178e-01
4.860358238220214844e-01
1.691473722457885742e-01
1.827538609504699707e-01
2.927055656909942627e-01
2.846725285053253174e-01
2.484955191612243652e-01
2.184301912784576416e-01
5.126239657402038574e-01
3.124989271163940430e-01
3.216263055801391602e-01
4.022431075572967529e-01
2.369513213634490967e-01
3.098979592323303223e-01
2.096521556377410889e-01
3.136425018310546875e-01
2.847086787223815918e-01
4.860013723373413086e-01
3.908224701881408691e-01
2.960017323493957520e-01
7.976189851760864258e-01
4.140127897262573242e-01
3.728885054588317871e-01
1.766712069511413574e-01
2.468081712722778320e-01
5.262590646743774414e-01
2.616116702556610107e-01
2.081013321876525879e-01
2.049930095672607422e-01
6.180168390274047852e-01
2.553757727146148682e-01
2.478513866662979126e-01
1.842791140079498291e-01
5.656546354293823242e-01
3.307756781578063965e-01
3.193102478981018066e-01
2.502956688404083252e-01
3.689311146736145020e-01
2.176441401243209839e-01
5.487320423126220703e-01
3.005212545394897461e-01
2.048796564340591431e-01
1.895582973957061768e-01
2.988517284393310547e-01
2.568449676036834717e-01
3.022766709327697754e-01
4.210398197174072266e-01
3.205131292343139648e-01
6.548672914505004883e-01
3.671826720237731934e-01
3.808854222297668457e-01
3.561937212944030762e-01
3.854666054248809814e-01
4.212247133255004883e-01
3.528151512145996094e-01
6.536062359809875488e-01
3.890287280082702637e-01
2.538767457008361816e-01
2.702724337577819824e-01
1.720263063907623291e-01
4.210871458053588867e-01
5.672095417976379395e-01
4.443382620811462402e-01
4.352584481239318848e-01
6.481665968894958496e-01
5.000520348548889160e-01
3.467736840248107910e-01
4.087152481079101562e-01
4.617941379547119141e-01
5.651392340660095215e-01
4.382658600807189941e-01
4.395906925201416016e-01
5.009129047393798828e-01
4.035243988037109375e-01
5.124260187149047852e-01
3.832171261310577393e-01
5.829339027404785156e-01
1.884689927101135254e-01
2.858000099658966064e-01
3.260338902473449707e-01
3.114305138587951660e-01
4.596076607704162598e-01
4.935019016265869141e-01
3.778200745582580566e-01
3.529730439186096191e-01
4.306856989860534668e-01
2.584214210510253906e-01
5.203618407249450684e-01
4.341295063495635986e-01
3.494237661361694336e-01
2.730722427368164062e-01
4.997257888317108154e-01
3.288489580154418945e-01
1.517390906810760498e-01
2.775794267654418945e-01
3.334387540817260742e-01
4.600315093994140625e-01
3.590418100357055664e-01
2.158419638872146606e-01
3.661963939666748047e-01
3.681873083114624023e-01
4.008294045925140381e-01
4.419425427913665771e-01
1.727943718433380127e-01
4.973143935203552246e-01
3.114854395389556885e-01
4.522959887981414795e-01
2.889418900012969971e-01
5.239835977554321289e-01
4.934650063514709473e-01
6.139532327651977539e-01
2.489937841892242432e-01
3.304834663867950439e-01
3.094327151775360107e-01
2.238155454397201538e-01
1.294777840375900269e-01
3.068329095840454102e-01
2.512049078941345215e-01
2.365095317363739014e-01
4.743017256259918213e-01
3.921071588993072510e-01
3.903187811374664307e-01
1.999923288822174072e-01
2.749737501144409180e-01
4.659081101417541504e-01
4.271582365036010742e-01
4.076973795890808105e-01
3.738257288932800293e-01
4.125816822052001953e-01
4.892342984676361084e-01
2.832320928573608398e-01
3.895225524902343750e-01
3.094717264175415039e-01
3.128190040588378906e-01
2.692125141620635986e-01
2.298227846622467041e-01
8.984703421592712402e-01
3.357490897178649902e-01
2.644796669483184814e-01
4.356046319007873535e-01
3.149295747280120850e-01
3.597956895828247070e-01
2.607090771198272705e-01
3.055275678634643555e-01
2.151152193546295166e-01
6.140510439872741699e-01
4.100744724273681641e-01
1.677526831626892090e-01
3.053027093410491943e-01
6.277175545692443848e-01
5.890793800354003906e-01
4.007321596145629883e-01
3.758857846260070801e-01
5.361103415489196777e-01
3.809290826320648193e-01
3.015850782394409180e-01
1.092894896864891052e-01
5.431697368621826172e-01
3.885127305984497070e-01
2.290335744619369507e-01
3.232390880584716797e-01
5.915697813034057617e-01
3.148983716964721680e-01
2.936764359474182129e-01
5.066335201263427734e-01
4.401413500308990479e-01
4.053189754486083984e-01
4.030520319938659668e-01
3.860085308551788330e-01
1.930600106716156006e-01
2.598323822021484375e-01
2.809166908264160156e-01
6.020817756652832031e-01
3.966922163963317871e-01
2.716245055198669434e-01
4.118183851242065430e-01
1.986980736255645752e-01
2.632507979869842529e-01
4.523558020591735840e-01
2.773956060409545898e-01
4.077190160751342773e-01
2.491701543331146240e-01
4.652909934520721436e-01
4.638534188270568848e-01
3.971698880195617676e-01
3.921000361442565918e-01
3.069001436233520508e-01
3.210247755050659180e-01
5.295631885528564453e-01
5.096898078918457031e-01
3.890037238597869873e-01
2.417532503604888916e-01
3.099236488342285156e-01
4.550617337226867676e-01
2.992113828659057617e-01
2.573589980602264404e-01
2.864585220813751221e-01
2.477726489305496216e-01
4.057307839393615723e-01
3.263493478298187256e-01
4.825488924980163574e-01
1.492280662059783936e-01
3.851244151592254639e-01
3.819005191326141357e-01
1.961627304553985596e-01
4.902560412883758545e-01
2.041254788637161255e-01
5.130391120910644531e-01
3.379857540130615234e-01
2.320868372917175293e-01
2.901081442832946777e-01
2.169490158557891846e-01
2.831461727619171143e-01
2.681437432765960693e-01
2.990425825119018555e-01
6.129472255706787109e-01
4.395785629749298096e-01
4.951805174350738525e-01
4.002320468425750732e-01
4.584146142005920410e-01
3.519408106803894043e-01
3.666357696056365967e-01
1.887862980365753174e-01
4.927271008491516113e-01
1.519741564989089966e-01
2.962641716003417969e-01
7.664185762405395508e-01
2.189283072948455811e-01
2.982015609741210938e-01
3.696767091751098633e-01
4.177388548851013184e-01
3.785989284515380859e-01
2.827197015285491943e-01
3.166899681091308594e-01
3.132682442665100098e-01
3.513824045658111572e-01
5.524499416351318359e-01
1.986224353313446045e-01
1.566496044397354126e-01
2.039051055908203125e-01
3.943953514099121094e-01
3.362919688224792480e-01
4.479991197586059570e-01
2.688995301723480225e-01
3.605351746082305908e-01
2.506285309791564941e-01
4.445281624794006348e-01
3.818895518779754639e-01
5.290889739990234375e-01
2.684658169746398926e-01
5.972186923027038574e-01
3.831510841846466064e-01
2.075069099664688110e-01
4.847937524318695068e-01
3.212029039859771729e-01
3.590012192726135254e-01
5.018219947814941406e-01
2.778265476226806641e-01
2.653840482234954834e-01
2.801841795444488525e-01
3.963609635829925537e-01
2.665646374225616455e-01
2.081767171621322632e-01
1.858236342668533325e-01
9.991282224655151367e-02
2.625256776809692383e-01
5.449097156524658203e-01
2.746480703353881836e-01
3.686464428901672363e-01
3.938390612602233887e-01
4.474387168884277344e-01
2.921990156173706055e-01
4.166254401206970215e-01
2.697447538375854492e-01
5.107374191284179688e-01
3.395589590072631836e-01
2.228087335824966431e-01
6.101019978523254395e-01
2.748804688453674316e-01
2.026446163654327393e-01
2.132909148931503296e-01
3.158204853534698486e-01
4.208022058010101318e-01
7.895020842552185059e-01
1.890840232372283936e-01
5.062935948371887207e-01
6.473194360733032227e-01
3.693393468856811523e-01
4.061181545257568359e-01
2.773886322975158691e-01
2.450728416442871094e-01
3.943334221839904785e-01
1.455211639404296875e-01
3.835624158382415771e-01
3.166962862014770508e-01
2.661153674125671387e-01
4.224093556404113770e-01
5.472260713577270508e-01
3.129794001579284668e-01
3.113746047019958496e-01
1.778318583965301514e-01
5.229225754737854004e-01
3.440083265304565430e-01
6.744134426116943359e-01
3.215161561965942383e-01
1.410770416259765625e-01
1.491139531135559082e-01
2.679219841957092285e-01
3.375598788261413574e-01
3.456268310546875000e-01
3.111138939857482910e-01
4.441818594932556152e-01
2.504655122756958008e-01
4.507783651351928711e-01
3.867440521717071533e-01
2.156069129705429077e-01
2.495072484016418457e-01
3.638771474361419678e-01
2.106647640466690063e-01
3.583480715751647949e-01
3.210912048816680908e-01
4.535713195800781250e-01
3.363827466964721680e-01
4.606778025627136230e-01
4.412232935428619385e-01
3.644826114177703857e-01
1.093506813049316406e-01
3.065907657146453857e-01
2.188938409090042114e-01
2.959552109241485596e-01
5.499797463417053223e-01
4.311718940734863281e-01
2.220898270606994629e-01
3.689826130867004395e-01
3.892026543617248535e-01
5.574974417686462402e-01
6.491943597793579102e-01
1.466609835624694824e-01
2.965870499610900879e-01
2.850760221481323242e-01
1.920719146728515625e-01
2.486113309860229492e-01
3.944345116615295410e-01
2.472264319658279419e-01
4.022592306137084961e-01
3.794277310371398926e-01
2.729851603507995605e-01
5.336295366287231445e-01
1.984834969043731689e-01
6.515431404113769531e-01
3.579745292663574219e-01
2.248282283544540405e-01
4.394458234310150146e-01
2.602395713329315186e-01
3.813159465789794922e-01
2.007154077291488647e-01
2.925040721893310547e-01
2.621839046478271484e-01
3.948780298233032227e-01
3.577408790588378906e-01
3.238037228584289551e-01
2.357806861400604248e-01
4.852240085601806641e-01
4.972292780876159668e-01
2.459083348512649536e-01
3.385161161422729492e-01
4.572623372077941895e-01
3.771384954452514648e-01
1.472811102867126465e-01
3.086117506027221680e-01
2.700932025909423828e-01
4.583939909934997559e-01
2.994807958602905273e-01
2.052427828311920166e-01
4.843029975891113281e-01
2.947244048118591309e-01
3.823829889297485352e-01
2.091858088970184326e-01
3.990380167961120605e-01
2.642511427402496338e-01
2.815024852752685547e-01
3.898367285728454590e-01
4.803079664707183838e-01
4.240898489952087402e-01
3.459194302558898926e-01
3.094196915626525879e-01
3.080409765243530273e-01
3.893752098083496094e-01
2.284649014472961426e-01
2.995593249797821045e-01
3.440411984920501709e-01
3.433167934417724609e-01
4.280171394348144531e-01
3.439064621925354004e-01
3.068812191486358643e-01
3.494321107864379883e-01
5.148819684982299805e-01
1.932410299777984619e-01
4.699940383434295654e-01
2.516770064830780029e-01
3.581717908382415771e-01
5.882490277290344238e-01
4.494467377662658691e-01
2.803752720355987549e-01
2.580807507038116455e-01
4.061377048492431641e-01
2.094505727291107178e-01
2.708823680877685547e-01
1.990009546279907227e-01
1.990301311016082764e-01
3.867664337158203125e-01
1.336675435304641724e-01
2.224422246217727661e-01
5.724965929985046387e-01
3.604277968406677246e-01
4.086093902587890625e-01
3.686715364456176758e-01
4.101612865924835205e-01
2.304089069366455078e-01
3.093656301498413086e-01
2.391183823347091675e-01
2.579209506511688232e-01
2.531844973564147949e-01
2.297398298978805542e-01
4.834772050380706787e-01
4.282931089401245117e-01
2.302292883396148682e-01
3.029653429985046387e-01
2.923021912574768066e-01
2.967954277992248535e-01
2.702971100807189941e-01
2.293478399515151978e-01
2.414684295654296875e-01
2.985394001007080078e-01
3.947318196296691895e-01
4.328164458274841309e-01
5.366159677505493164e-01
3.158648908138275146e-01
2.490855902433395386e-01
2.306018471717834473e-01
3.299347162246704102e-01
5.109043121337890625e-01
4.341315925121307373e-01
2.736688852310180664e-01
4.173569679260253906e-01
3.475521206855773926e-01
3.776123225688934326e-01
3.229774534702301025e-01
1.952551603317260742e-01
1.407955139875411987e-01
4.462932348251342773e-01
9.322018921375274658e-02
2.912670969963073730e-01
3.121182620525360107e-01
4.397158026695251465e-01
3.238130211830139160e-01
4.546263515949249268e-01
2.271723151206970215e-01
3.744200468063354492e-01
3.581908047199249268e-01
6.124539375305175781e-01
6.538172960281372070e-01
1.589161753654479980e-01
3.827369511127471924e-01
3.398125171661376953e-01
3.460090160369873047e-01
4.489319324493408203e-01
4.363016486167907715e-01
1.554090678691864014e-01
2.374339550733566284e-01
4.675163328647613525e-01
3.482905924320220947e-01
1.110136657953262329e-01
2.039208561182022095e-01
3.572677969932556152e-01
2.527444958686828613e-01
5.292261242866516113e-01
3.704275190830230713e-01
5.920558571815490723e-01
3.694379925727844238e-01
2.360018193721771240e-01
3.175574541091918945e-01
2.831461727619171143e-01
3.841679990291595459e-01
3.336755633354187012e-01
3.924276232719421387e-01
2.880415320396423340e-01
3.352654278278350830e-01
2.029637992382049561e-01
5.144156217575073242e-01
4.784011542797088623e-01
2.961879372596740723e-01
5.015289783477783203e-01
4.909313321113586426e-01
4.121052026748657227e-01
3.374488949775695801e-01
3.045463263988494873e-01
6.070441603660583496e-01
3.392470479011535645e-01
3.991500735282897949e-01
4.093967676162719727e-01
1.494567543268203735e-01
2.728855609893798828e-01
1.681737750768661499e-01
3.081342577934265137e-01
4.014555215835571289e-01
3.783448338508605957e-01
3.611264824867248535e-01
3.777205944061279297e-01
2.861753702163696289e-01
3.342764377593994141e-01
3.459352850914001465e-01
3.977075815200805664e-01
4.267506003379821777e-01
3.826535642147064209e-01
2.164184153079986572e-01
3.809940516948699951e-01
4.624139666557312012e-01
3.617186546325683594e-01
6.165034174919128418e-01
4.925463795661926270e-01
1.977050006389617920e-01
2.271660864353179932e-01
2.612012028694152832e-01
1.595184653997421265e-01
2.503028512001037598e-01
2.653051018714904785e-01
4.313142895698547363e-01
2.585859596729278564e-01
6.055360436439514160e-01
4.620231986045837402e-01
5.677690505981445312e-01
4.953363239765167236e-01
4.156132042407989502e-01
4.121292233467102051e-01
2.367867827415466309e-01
3.921178579330444336e-01
3.960023522377014160e-01
1.477123945951461792e-01
3.203699588775634766e-01
2.582981586456298828e-01
2.407168149948120117e-01
4.636392891407012939e-01
4.319551289081573486e-01
2.493250221014022827e-01
2.090207040309906006e-01
3.121666312217712402e-01
3.336550593376159668e-01
3.328649997711181641e-01
5.243479013442993164e-01
5.051344633102416992e-01
3.771117329597473145e-01
1.695894747972488403e-01
4.662860631942749023e-01
3.540294468402862549e-01
2.378902137279510498e-01
2.571977078914642334e-01
2.766255140304565430e-01
3.615290820598602295e-01
3.338686823844909668e-01
3.525604009628295898e-01
3.538007736206054688e-01
5.240346789360046387e-01
4.604763984680175781e-01
2.485075294971466064e-01
3.954546451568603516e-01
2.568318247795104980e-01
1.490727514028549194e-01
4.310875236988067627e-01
5.114474296569824219e-01
3.201584815979003906e-01
1.840085834264755249e-01
7.897626161575317383e-01
3.712837696075439453e-01
4.672785699367523193e-01
2.247103005647659302e-01
2.630405426025390625e-01
2.908668220043182373e-01
3.507267236709594727e-01
5.338666439056396484e-01
3.672614991664886475e-01
4.193653464317321777e-01
3.689458668231964111e-01
3.073251545429229736e-01
4.950734674930572510e-01
4.968623518943786621e-01
4.088419377803802490e-01
3.006619215011596680e-01
2.098910361528396606e-01
3.086074590682983398e-01
3.443269133567810059e-01
1.842742413282394409e-01
3.783493638038635254e-01
3.157322704792022705e-01
2.820883095264434814e-01
2.491790354251861572e-01
2.357601225376129150e-01
2.246728837490081787e-01
4.424921274185180664e-01
1.632850617170333862e-01
1.983520984649658203e-01
3.045604825019836426e-01
3.003472387790679932e-01
4.236084818840026855e-01
2.688511013984680176e-01
2.554478645324707031e-01
3.469592332839965820e-01
2.617526352405548096e-01
3.524736762046813965e-01
3.628365695476531982e-01
5.429251790046691895e-01
3.872227966785430908e-01
4.719995260238647461e-01
5.789591073989868164e-01
3.301980793476104736e-01
7.481996417045593262e-01
3.432725965976715088e-01
2.021775990724563599e-01
2.417315840721130371e-01
4.267015457153320312e-01
6.803109645843505859e-01
4.570994675159454346e-01
4.054737687110900879e-01
2.267154157161712646e-01
2.594311535358428955e-01
3.654238283634185791e-01
3.386959433555603027e-01
2.973779439926147461e-01
5.251454114913940430e-01
5.008012652397155762e-01
5.952914953231811523e-01
2.383386492729187012e-01
4.789932966232299805e-01
3.578311204910278320e-01
2.765349149703979492e-01
4.757663607597351074e-01
3.070076107978820801e-01
3.112625181674957275e-01
4.884952008724212646e-01
4.892852902412414551e-01
2.100020945072174072e-01
2.500578761100769043e-01
4.342412054538726807e-01
2.540572285652160645e-01
2.019557803869247437e-01
3.557115197181701660e-01
9.569443762302398682e-02
3.102850914001464844e-01
4.087942838668823242e-01
1.416946053504943848e-01
5.140087604522705078e-01
3.985681831836700439e-01
3.383460342884063721e-01
3.835688829421997070e-01
3.266744315624237061e-01
4.300390779972076416e-01
4.310784935951232910e-01
3.530583381652832031e-01
4.069698750972747803e-01
2.963453531265258789e-01
2.561632990837097168e-01
1.996524482965469360e-01
4.583598077297210693e-01
4.252319633960723877e-01
2.914502322673797607e-01
3.967971801757812500e-01
2.597180306911468506e-01
2.433810830116271973e-01
3.535758852958679199e-01
3.732510209083557129e-01
5.023421049118041992e-01
3.462851941585540771e-01
2.977417111396789551e-01
3.941081762313842773e-01
4.341498315334320068e-01
2.374808192253112793e-01
4.131541550159454346e-01
3.276966214179992676e-01
3.648719191551208496e-01
4.915736317634582520e-01
4.057558774948120117e-01
4.019837379455566406e-01
3.796913027763366699e-01
3.121345043182373047e-01
3.444814085960388184e-01
3.683071136474609375e-01
2.518944442272186279e-01
2.740868330001831055e-01
2.893804907798767090e-01
3.036595880985260010e-01
2.749969363212585449e-01
2.441413402557373047e-01
4.440544247627258301e-01
5.733014345169067383e-01
3.988993763923645020e-01
5.952364802360534668e-01
6.690772175788879395e-01
3.765758275985717773e-01
3.531274199485778809e-01
2.469368726015090942e-01
3.453483283519744873e-01
4.325675368309020996e-01
4.356704652309417725e-01
2.869153022766113281e-01
3.905053138732910156e-01
1.340020895004272461e-01
4.672144055366516113e-01
1.059009730815887451e-01
2.678946256637573242e-01
3.564952015876770020e-01
3.573222160339355469e-01
3.217411637306213379e-01
2.620721757411956787e-01
3.582406044006347656e-01
3.506587743759155273e-01
3.355015814304351807e-01
3.422641158103942871e-01
4.287132918834686279e-01
4.321360290050506592e-01
2.375978827476501465e-01
4.798082709312438965e-01
1.997461020946502686e-01
2.923938632011413574e-01
2.659979462623596191e-01
4.056943655014038086e-01
2.765911817550659180e-01
4.877315759658813477e-01
4.680751562118530273e-01
6.156331300735473633e-01
1.939000487327575684e-01
2.203149944543838501e-01
3.285472095012664795e-01
3.757442235946655273e-01
3.638590872287750244e-01
1.927297711372375488e-01
7.727662324905395508e-01
4.873164296150207520e-01
2.410809993743896484e-01
2.538105547428131104e-01
3.916428983211517334e-01
4.065421223640441895e-01
5.252044796943664551e-01
3.377564549446105957e-01
1.787042021751403809e-01
4.360092282295227051e-01
4.163242578506469727e-01
2.994224727153778076e-01
1.294348537921905518e-01
3.185473382472991943e-01
3.385211825370788574e-01
3.236240148544311523e-01
2.157918214797973633e-01
1.699145883321762085e-01
2.588849067687988281e-01
4.745369255542755127e-01
3.304982781410217285e-01
3.727174401283264160e-01
3.015741407871246338e-01
2.531407773494720459e-01
6.085423231124877930e-01
3.435658216476440430e-01
2.869742512702941895e-01
4.159026443958282471e-01
2.151802480220794678e-01
1.884295344352722168e-01
3.671832382678985596e-01
2.739795148372650146e-01
3.699373602867126465e-01
1.994910240173339844e-01
4.348470568656921387e-01
3.199589848518371582e-01
9.613026380538940430e-01
2.783478796482086182e-01
4.638183712959289551e-01
5.228831768035888672e-01
3.179412186145782471e-01
4.260216355323791504e-01
3.081865310668945312e-01
2.982931435108184814e-01
5.369172096252441406e-01
3.679442703723907471e-01
2.662988901138305664e-01
4.106546640396118164e-01
3.362656831741333008e-01
2.643631100654602051e-01
3.705863952636718750e-01
3.272841572761535645e-01
4.606058597564697266e-01
4.216399192810058594e-01
4.042645096778869629e-01
3.649142980575561523e-01
2.633715569972991943e-01
2.811326682567596436e-01
2.990199923515319824e-01
3.080833554267883301e-01
5.894523262977600098e-01
3.395285010337829590e-01
3.757331371307373047e-01
3.160279095172882080e-01
3.393177986145019531e-01
2.573506832122802734e-01
4.523864090442657471e-01
3.763323724269866943e-01
4.000134468078613281e-01
4.250459074974060059e-01
5.042254924774169922e-01
3.788298666477203369e-01
4.100837111473083496e-01
2.437596917152404785e-01
1.748797297477722168e-01
3.767503798007965088e-01
4.774279892444610596e-01
5.081642866134643555e-01
4.371612071990966797e-01
2.638650238513946533e-01
3.768237829208374023e-01
2.463241666555404663e-01
1.590084731578826904e-01
2.085694223642349243e-01
4.368057250976562500e-01
3.121721148490905762e-01
3.350685834884643555e-01
4.880569875240325928e-01
2.924909591674804688e-01
6.345554590225219727e-01
1.632143259048461914e-01
3.791792690753936768e-01
2.859452068805694580e-01
3.188057541847229004e-01
4.194366335868835449e-01
5.249998569488525391e-01
3.004152774810791016e-01
3.412899971008300781e-01
1.867376863956451416e-01
3.308882117271423340e-01
5.122042894363403320e-01
3.065389394760131836e-01
2.510892450809478760e-01
6.298788785934448242e-01
4.829193651676177979e-01
3.915235996246337891e-01
4.805853962898254395e-01
2.663041353225708008e-01
2.893825173377990723e-01
3.050075173377990723e-01
1.545105129480361938e-01
5.327151417732238770e-01
3.811355531215667725e-01
4.071486294269561768e-01
2.422449439764022827e-01
2.944471240043640137e-01
6.509826183319091797e-01
3.157906532287597656e-01
4.295298457145690918e-01
3.145025372505187988e-01
3.937271833419799805e-01
5.194439888000488281e-01
4.531378448009490967e-01
3.201731443405151367e-01
3.145654797554016113e-01
4.249897003173828125e-01
4.939693808555603027e-01
4.952479600906372070e-01
1.622311174869537354e-01
4.218018054962158203e-01
3.520555496215820312e-01
4.257022142410278320e-01
4.151135087013244629e-01
2.300166338682174683e-01
1.931216418743133545e-01
4.284096360206604004e-01
2.115263789892196655e-01
4.951336681842803955e-01
2.459654211997985840e-01
7.034405469894409180e-01
4.088028669357299805e-01
4.163517355918884277e-01
2.266784310340881348e-01
3.843604326248168945e-01
5.126082301139831543e-01
2.802760303020477295e-01
2.951587140560150146e-01
6.395065784454345703e-01
5.241811275482177734e-01
3.707630932331085205e-01
4.908934831619262695e-01
3.070378303527832031e-01
2.628031373023986816e-01
2.859321236610412598e-01
2.389699220657348633e-01
4.468461871147155762e-01
2.781660556793212891e-01
1.737979054450988770e-01
2.503954172134399414e-01
2.604565620422363281e-01
2.151751071214675903e-01
3.786870837211608887e-01
3.499261736869812012e-01
2.590337991714477539e-01
2.935078144073486328e-01
6.012157797813415527e-01
3.369592130184173584e-01
3.037179112434387207e-01
3.472511470317840576e-01
5.468631982803344727e-01
4.842270016670227051e-01
3.963612318038940430e-01
4.768211245536804199e-01
3.029924035072326660e-01
3.610996901988983154e-01
2.677967250347137451e-01
3.404614329338073730e-01
5.871127247810363770e-01
5.852153897285461426e-01
5.247855186462402344e-01
2.783685922622680664e-01
2.445632964372634888e-01
3.352904319763183594e-01
4.210463762283325195e-01
3.333760499954223633e-01
1.117352098226547241e-01
5.792998671531677246e-01
3.725134432315826416e-01
3.090865910053253174e-01
6.402496695518493652e-01
3.186080753803253174e-01
2.659722566604614258e-01
2.920685112476348877e-01
4.991704225540161133e-01
1.979217827320098877e-01
3.122332096099853516e-01
3.004126250743865967e-01
2.634708881378173828e-01
2.160546779632568359e-01
2.316273599863052368e-01
3.270772695541381836e-01
5.185101032257080078e-01
4.790161252021789551e-01
3.134386539459228516e-01
4.925941526889801025e-01
2.647919356822967529e-01
3.415745198726654053e-01
3.864353299140930176e-01
4.467816948890686035e-01
3.158631026744842529e-01
2.392925620079040527e-01
2.832692563533782959e-01
3.192370831966400146e-01
3.448156118392944336e-01
2.937380075454711914e-01
3.512907922267913818e-01
2.854207158088684082e-01
3.958219289779663086e-01
1.763231456279754639e-01
3.875157833099365234e-01
4.600050747394561768e-01
1.488725543022155762e-01
4.591013193130493164e-01
3.694035708904266357e-01
4.241431951522827148e-01
3.496288061141967773e-01
2.605846524238586426e-01
3.530918061733245850e-01
2.286343425512313843e-01
2.698495388031005859e-01
2.694260478019714355e-01
3.782222867012023926e-01
2.974565029144287109e-01
2.072707116603851318e-01
5.386717319488525391e-01
4.692624211311340332e-01
5.546569824218750000e-01
3.912124335765838623e-01
3.369806408882141113e-01
4.086080491542816162e-01
3.178665041923522949e-01
3.785061240196228027e-01
2.074404358863830566e-01
4.562180638313293457e-01
1.393736600875854492e-01
3.321823775768280029e-01
2.945591211318969727e-01
4.551884531974792480e-01
2.954001128673553467e-01
4.242806434631347656e-01
4.711449742317199707e-01
2.935490608215332031e-01
1.072175726294517517e-01
4.350395798683166504e-01
1.195587739348411560e-01
4.333325028419494629e-01
2.070124447345733643e-01
2.613568305969238281e-01
2.458967566490173340e-01
2.553511857986450195e-01
1.939752995967864990e-01
4.258695244789123535e-01
4.114708900451660156e-01
4.958535730838775635e-01
2.829019427299499512e-01
3.578438460826873779e-01
5.010443925857543945e-01
4.406890869140625000e-01
3.752436339855194092e-01
2.967835664749145508e-01
6.007773876190185547e-01
3.416925966739654541e-01
4.094328284263610840e-01
3.147764205932617188e-01
2.788675129413604736e-01
5.986067056655883789e-01
5.086310505867004395e-01
3.289119899272918701e-01
3.119329810142517090e-01
2.433931529521942139e-01
2.481713145971298218e-01
2.741231620311737061e-01
4.892902970314025879e-01
2.192227840423583984e-01
4.451126754283905029e-01
3.025726675987243652e-01
3.372156023979187012e-01
3.120639026165008545e-01
3.686521053314208984e-01
3.860511183738708496e-01
1.991122961044311523e-01
3.290674686431884766e-01
3.534656465053558350e-01
1.506233960390090942e-01
2.352377176284790039e-01
3.933272957801818848e-01
2.857005894184112549e-01
3.751223087310791016e-01
3.041171431541442871e-01
2.780424356460571289e-01
4.108377099037170410e-01
1.197148561477661133e-01
2.555047869682312012e-01
3.569618165493011475e-01
4.280780851840972900e-01
2.893975675106048584e-01
3.197002112865447998e-01
1.851635873317718506e-01
3.535577952861785889e-01
2.309503406286239624e-01
3.624376058578491211e-01
2.865945100784301758e-01
3.681433200836181641e-01
2.397781312465667725e-01
2.935404777526855469e-01
2.460126280784606934e-01
2.638810276985168457e-01
2.205552607774734497e-01
4.360568523406982422e-01
4.462152719497680664e-01
2.790620625019073486e-01
3.074442744255065918e-01
3.368201255798339844e-01
4.618627429008483887e-01
3.292939364910125732e-01
3.215154409408569336e-01
3.152586221694946289e-01
2.862546741962432861e-01
3.758254051208496094e-01
1.935201287269592285e-01
3.540731966495513916e-01
3.971296548843383789e-01
3.722303509712219238e-01
5.686629414558410645e-01
4.525606632232666016e-01
3.166456818580627441e-01
3.407417535781860352e-01
1.077454537153244019e-01
4.567578136920928955e-01
5.096591711044311523e-01
4.956654608249664307e-01
3.525679409503936768e-01
3.858079910278320312e-01
2.546956837177276611e-01
6.402373909950256348e-01
4.908880293369293213e-01
2.082961946725845337e-01
5.805528759956359863e-01
5.158083438873291016e-01
4.866221547126770020e-01
2.384267151355743408e-01
3.660265207290649414e-01
2.504681944847106934e-01
2.206958830356597900e-01
1.392360627651214600e-01
2.940253317356109619e-01
3.901849687099456787e-01
4.048500359058380127e-01
1.966221034526824951e-01
4.115611910820007324e-01
1.182009696960449219e+00
