7.699158787727355957e-02
2.750011980533599854e-01
4.172738492488861084e-01
1.122298538684844971e-01
1.768349707126617432e-01
2.164749503135681152e-01
2.849119305610656738e-01
1.915944367647171021e-01
1.541095077991485596e-01
1.161829456686973572e-01
1.153539940714836121e-01
8.142938464879989624e-02
2.291700243949890137e-01
2.322694510221481323e-01
1.916794776916503906e-01
2.163103669881820679e-01
6.389199197292327881e-02
2.098478972911834717e-01
1.538417935371398926e-01
9.245862811803817749e-02
4.030362516641616821e-02
1.758622676134109497e-01
1.509647965431213379e-01
2.900421321392059326e-01
3.353128582239151001e-02
1.258461028337478638e-01
4.333172366023063660e-02
2.466656118631362915e-01
1.448682695627212524e-01
9.985914081335067749e-02
4.255753383040428162e-02
6.293991953134536743e-02
2.496529668569564819e-01
9.814801067113876343e-02
2.370764613151550293e-01
1.260279864072799683e-01
1.052954420447349548e-01
1.728735566139221191e-01
1.779347658157348633e-01
5.563963204622268677e-02
1.794655621051788330e-01
1.997045576572418213e-01
2.178683578968048096e-01
6.556448340415954590e-02
3.682788461446762085e-02
9.757529199123382568e-02
1.903742402791976929e-01
1.183995082974433899e-01
1.109364405274391174e-01
3.200707733631134033e-01
1.327168494462966919e-01
6.380841135978698730e-02
3.950393572449684143e-02
2.325399219989776611e-02
3.129702433943748474e-02
2.806009054183959961e-01
1.552958488464355469e-01
1.089243441820144653e-01
1.209871917963027954e-01
2.014951407909393311e-01
3.933500498533248901e-02
5.944342538714408875e-02
1.784228980541229248e-01
1.111808270215988159e-01
1.670874506235122681e-01
3.048720657825469971e-01
2.700156569480895996e-01
1.612035483121871948e-01
2.377297580242156982e-01
4.229982942342758179e-02
6.810919195413589478e-02
2.749287709593772888e-02
3.117776513099670410e-01
3.779003396630287170e-02
1.245476305484771729e-01
5.389229059219360352e-01
5.501900911331176758e-01
2.564417421817779541e-01
1.661199629306793213e-01
1.138587892055511475e-01
1.827471405267715454e-01
3.315560817718505859e-01
1.254306137561798096e-01
1.115320473909378052e-01
4.075115174055099487e-02
4.113572239875793457e-01
6.309176981449127197e-02
2.786682546138763428e-01
3.431119322776794434e-01
2.135658562183380127e-01
3.286688327789306641e-01
1.712057590484619141e-01
6.507096439599990845e-02
7.572857290506362915e-02
7.608455419540405273e-02
3.390398323535919189e-01
1.910613477230072021e-01
9.234397858381271362e-02
1.033310443162918091e-01
1.237003654241561890e-01
1.248542368412017822e-01
2.499401420354843140e-01
1.453820317983627319e-01
2.561982274055480957e-01
2.226723730564117432e-01
1.506397724151611328e-01
3.054935336112976074e-01
1.683594137430191040e-01
1.348531991243362427e-01
1.595837771892547607e-01
1.402812004089355469e-01
1.463596969842910767e-01
1.313960552215576172e-01
8.180822432041168213e-02
1.866523921489715576e-01
1.755301058292388916e-01
3.091691136360168457e-01
1.046038269996643066e-01
3.656439483165740967e-01
2.832507193088531494e-01
2.617912292480468750e-01
6.889297068119049072e-02
1.534613072872161865e-01
4.378134012222290039e-02
1.713852882385253906e-01
2.547134757041931152e-01
7.373786717653274536e-02
3.595544099807739258e-01
5.142727494239807129e-02
2.001842707395553589e-01
1.274207830429077148e-01
5.003171414136886597e-02
1.050384491682052612e-01
4.083153605461120605e-02
1.656632274389266968e-01
1.905888319015502930e-01
3.067556619644165039e-01
1.325826942920684814e-01
2.504326775670051575e-02
1.447980701923370361e-01
1.296052038669586182e-01
2.609861195087432861e-01
2.757346928119659424e-01
3.049074411392211914e-01
1.929434835910797119e-01
3.913399875164031982e-01
2.124275565147399902e-01
8.632144331932067871e-02
2.192108929157257080e-01
7.923029363155364990e-02
9.019309282302856445e-02
1.823746860027313232e-01
2.280930280685424805e-01
2.312216162681579590e-01
1.890776455402374268e-01
1.346374154090881348e-01
7.037658989429473877e-02
4.528585076332092285e-02
4.870648682117462158e-02
6.967569887638092041e-02
2.531639635562896729e-01
9.157799184322357178e-02
8.170046657323837280e-02
1.065219938755035400e-01
7.590042799711227417e-02
2.098533213138580322e-01
2.563742697238922119e-01
5.892516300082206726e-02
5.242929458618164062e-01
7.897344976663589478e-02
3.453411757946014404e-01
1.241485998034477234e-01
1.325536817312240601e-01
2.224118560552597046e-01
1.421587169170379639e-01
1.646795272827148438e-01
2.904127836227416992e-01
2.630146145820617676e-01
2.129163146018981934e-01
2.040818929672241211e-01
1.804482340812683105e-01
3.288643956184387207e-01
2.631062269210815430e-01
2.659102082252502441e-01
3.647927641868591309e-01
5.725935101509094238e-02
1.314457058906555176e-01
3.985439985990524292e-02
3.035533726215362549e-01
5.123709142208099365e-02
7.205408066511154175e-02
1.271621882915496826e-01
2.018530368804931641e-01
1.502678692340850830e-01
4.523367062211036682e-02
3.076015710830688477e-01
5.800714343786239624e-02
1.336378008127212524e-01
6.940709054470062256e-02
1.159474998712539673e-01
1.115385144948959351e-01
4.114457368850708008e-01
3.017602562904357910e-01
9.238356351852416992e-02
3.288795053958892822e-01
4.048291966319084167e-02
1.816800087690353394e-01
4.139550626277923584e-01
2.524196505546569824e-01
4.922249913215637207e-02
8.075342327356338501e-02
6.000411510467529297e-02
2.707525789737701416e-01
1.345139890909194946e-01
2.339652776718139648e-01
1.160764098167419434e-01
9.427581727504730225e-02
1.365084946155548096e-01
1.857108771800994873e-01
1.120501980185508728e-01
2.259807288646697998e-02
1.548860967159271240e-01
3.620164841413497925e-02
5.353450402617454529e-02
1.422789990901947021e-01
8.681596815586090088e-02
1.004088073968887329e-01
1.508835852146148682e-01
6.891946494579315186e-02
1.678367108106613159e-01
2.200731262564659119e-02
1.278370618820190430e-01
1.517611145973205566e-01
9.697852283716201782e-02
2.356341034173965454e-01
5.275488644838333130e-02
9.662845730781555176e-02
2.843183875083923340e-01
6.804436445236206055e-02
1.042413413524627686e-01
1.585508733987808228e-01
2.128639221191406250e-01
5.547669529914855957e-02
6.556656956672668457e-02
2.550067305564880371e-01
1.692879572510719299e-02
3.371759355068206787e-01
2.182429283857345581e-01
2.287861704826354980e-01
9.567495435476303101e-02
7.230099290609359741e-02
5.456061288714408875e-02
9.548784792423248291e-02
2.640518546104431152e-01
4.667303711175918579e-02
1.724357455968856812e-01
7.131035625934600830e-02
2.570021748542785645e-01
4.750835523009300232e-02
5.318579077720642090e-02
1.680767834186553955e-01
6.345608830451965332e-02
3.265456855297088623e-01
7.406595349311828613e-02
2.759264707565307617e-01
1.271793097257614136e-01
6.388649344444274902e-02
8.548416197299957275e-02
2.660363018512725830e-01
2.503256797790527344e-01
1.813777387142181396e-01
1.091644465923309326e-01
1.309230625629425049e-01
3.538810014724731445e-01
2.408330291509628296e-01
7.759605348110198975e-02
2.501458525657653809e-01
2.173759788274765015e-01
1.364191621541976929e-01
1.324812471866607666e-01
1.032979786396026611e-01
2.245046198368072510e-01
1.683414876461029053e-01
1.361628323793411255e-01
6.617569923400878906e-02
1.055715382099151611e-01
1.129408553242683411e-01
2.050225734710693359e-01
6.093270331621170044e-02
9.812958538532257080e-02
1.048852726817131042e-01
1.208713203668594360e-01
8.545503765344619751e-02
8.661996573209762573e-02
4.192282259464263916e-02
3.063427209854125977e-01
7.702159136533737183e-02
1.345442980527877808e-01
2.572135031223297119e-01
1.194066032767295837e-01
1.937369257211685181e-01
3.570619821548461914e-01
1.584059000015258789e-01
2.019263803958892822e-01
1.123922169208526611e-01
3.403450176119804382e-02
4.213390946388244629e-01
2.035356163978576660e-01
1.585583686828613281e-01
6.450353562831878662e-02
9.886418282985687256e-02
8.388602733612060547e-02
5.450142920017242432e-02
4.517440497875213623e-02
2.816496491432189941e-01
2.993542551994323730e-01
1.813812553882598877e-01
1.197202131152153015e-01
1.409042477607727051e-01
3.431339859962463379e-01
1.308096498250961304e-01
1.256470531225204468e-01
7.098816335201263428e-02
4.533857107162475586e-02
1.077854484319686890e-01
2.232524901628494263e-01
6.472872942686080933e-02
2.332975119352340698e-01
1.271918118000030518e-01
1.838969886302947998e-01
1.662351787090301514e-01
4.725506529211997986e-02
2.058272659778594971e-01
1.525365114212036133e-01
1.179315969347953796e-01
8.800674229860305786e-02
6.519797444343566895e-02
1.467515975236892700e-01
2.340050488710403442e-01
4.895875602960586548e-02
1.851567327976226807e-01
1.587445437908172607e-01
1.614892780780792236e-01
1.510230004787445068e-01
2.026011943817138672e-01
4.764756858348846436e-01
9.996780753135681152e-02
6.521248817443847656e-02
1.895112544298171997e-01
9.945950657129287720e-02
9.481919556856155396e-02
1.458345204591751099e-01
4.542379975318908691e-01
1.639651060104370117e-01
1.383544504642486572e-01
7.914709299802780151e-02
1.587517708539962769e-01
1.211996823549270630e-01
1.597228497266769409e-01
8.059938997030258179e-02
1.620106846094131470e-01
1.807116866111755371e-01
9.982484579086303711e-02
6.403677165508270264e-02
1.859099566936492920e-01
3.847460821270942688e-02
1.044845283031463623e-01
8.448214083909988403e-02
2.895502448081970215e-01
4.262349009513854980e-01
3.130184859037399292e-02
2.268246710300445557e-01
3.318862020969390869e-01
7.218032330274581909e-02
1.168529465794563293e-01
1.285392045974731445e-01
2.690654397010803223e-01
1.362937390804290771e-01
1.449791640043258667e-01
2.577404379844665527e-01
2.929897904396057129e-01
1.019216477870941162e-01
1.972869187593460083e-01
2.130024880170822144e-01
2.250155247747898102e-02
9.261539578437805176e-02
2.267171442508697510e-01
2.120661735534667969e-01
7.985225319862365723e-02
8.868826925754547119e-02
3.204950690269470215e-01
9.497474133968353271e-02
1.980763673782348633e-01
3.057920336723327637e-01
1.888696104288101196e-01
3.124163746833801270e-01
2.220465242862701416e-01
4.430903196334838867e-01
2.222130596637725830e-01
1.328431814908981323e-01
1.356734037399291992e-01
8.443483710289001465e-02
3.226885944604873657e-02
1.359538137912750244e-01
6.846223771572113037e-02
1.517854332923889160e-01
1.198389828205108643e-01
3.074015676975250244e-01
1.556228846311569214e-01
7.740926742553710938e-02
1.824244111776351929e-01
2.318775206804275513e-01
1.113675907254219055e-01
6.207974627614021301e-02
2.391330599784851074e-01
7.858152687549591064e-02
1.152657642960548401e-01
1.040673404932022095e-01
7.456474751234054565e-02
9.873989969491958618e-02
4.204638004302978516e-01
1.870485246181488037e-01
2.835764288902282715e-01
1.640571504831314087e-01
4.953775554895401001e-02
5.362447723746299744e-02
1.053724959492683411e-01
3.185700178146362305e-01
1.195819899439811707e-01
1.846135109663009644e-01
8.847644925117492676e-02
1.233735829591751099e-01
6.963127851486206055e-02
3.037418797612190247e-02
2.384174913167953491e-01
1.125310137867927551e-01
2.712938785552978516e-01
4.380767047405242920e-02
7.454894483089447021e-02
3.485993295907974243e-02
9.623444080352783203e-02
6.894712150096893311e-02
9.773926436901092529e-02
1.496941447257995605e-01
3.746415674686431885e-02
3.155849575996398926e-01
5.863157659769058228e-02
1.454410701990127563e-01
1.591685712337493896e-01
1.485408097505569458e-01
1.856889277696609497e-01
2.857996225357055664e-01
3.869454264640808105e-01
1.644243299961090088e-01
1.229089945554733276e-01
1.048376113176345825e-01
3.556441515684127808e-02
1.189825758337974548e-01
1.408171802759170532e-01
1.114308536052703857e-01
3.075945973396301270e-01
3.431697189807891846e-02
1.762260794639587402e-01
1.177198812365531921e-01
9.401512145996093750e-02
4.852870479226112366e-02
7.523034512996673584e-02
3.190389275550842285e-01
1.656769514083862305e-01
1.313125789165496826e-01
2.886597812175750732e-01
1.392839699983596802e-01
1.151141971349716187e-01
2.981819510459899902e-01
2.531763911247253418e-01
1.112598329782485962e-01
1.328382194042205811e-01
1.341138631105422974e-01
2.394607476890087128e-02
6.863976716995239258e-01
9.884873777627944946e-02
2.276841998100280762e-01
9.339375793933868408e-02
1.967329382896423340e-01
6.940604746341705322e-02
3.035412430763244629e-01
9.137278795242309570e-02
2.294972985982894897e-01
2.718092799186706543e-01
2.156686186790466309e-01
7.438088953495025635e-02
1.127396076917648315e-01
1.192568466067314148e-01
1.651971936225891113e-01
1.166272535920143127e-01
1.237962692975997925e-01
4.759012907743453979e-02
2.896850705146789551e-01
1.016670018434524536e-01
8.599686622619628906e-02
2.031157314777374268e-01
5.539046972990036011e-02
2.543889284133911133e-01
3.697352409362792969e-01
1.868993341922760010e-01
1.449585258960723877e-01
3.642797768115997314e-01
3.363867700099945068e-01
3.131463527679443359e-01
9.891325235366821289e-02
3.411792516708374023e-01
8.673582226037979126e-02
2.978430390357971191e-01
6.146636605262756348e-02
3.079836368560791016e-01
2.161823809146881104e-01
2.835811972618103027e-01
7.949585467576980591e-02
2.651667594909667969e-01
2.781357988715171814e-02
1.320965588092803955e-01
2.683933079242706299e-01
1.261390298604965210e-01
5.525304749608039856e-02
1.200708672404289246e-01
1.131647303700447083e-01
3.071640729904174805e-01
1.075684577226638794e-01
1.160184070467948914e-01
2.050752937793731689e-01
5.235729366540908813e-02
3.794985711574554443e-01
1.116352081298828125e-01
1.253057122230529785e-01
1.063392832875251770e-01
4.198810458183288574e-01
9.909547865390777588e-02
3.910750895738601685e-02
2.305829226970672607e-01
5.306042730808258057e-02
1.355584859848022461e-01
4.311099946498870850e-01
1.423676460981369019e-01
8.469484746456146240e-02
1.930453628301620483e-01
1.507884860038757324e-01
1.486209034919738770e-01
1.392055749893188477e-01
2.501205503940582275e-01
5.806823372840881348e-01
1.261784434318542480e-01
1.338987499475479126e-01
1.352706104516983032e-01
2.388207167387008667e-01
9.498094767332077026e-02
9.487700462341308594e-02
1.564798951148986816e-01
6.705401092767715454e-02
1.907830834388732910e-01
1.193255335092544556e-01
1.356724798679351807e-01
7.381284236907958984e-02
1.845967471599578857e-01
2.081657499074935913e-01
3.520844876766204834e-01
2.969050966203212738e-02
1.291793584823608398e-01
1.696251034736633301e-01
1.629003584384918213e-01
2.528952360153198242e-01
3.397422432899475098e-01
8.649015426635742188e-02
5.343999266624450684e-01
2.497684210538864136e-01
2.639934718608856201e-01
1.538325101137161255e-01
2.121653854846954346e-01
2.314750701189041138e-01
6.521929055452346802e-02
7.458199560642242432e-02
1.718640625476837158e-01
1.370574831962585449e-01
7.690766453742980957e-02
5.537704229354858398e-01
1.616880744695663452e-01
6.125022470951080322e-02
1.189980134367942810e-01
1.474873870611190796e-01
1.292317807674407959e-01
7.165972888469696045e-02
2.492426931858062744e-01
2.082600295543670654e-01
1.842951029539108276e-01
1.853052973747253418e-01
2.134256064891815186e-01
1.139812618494033813e-01
1.417690962553024292e-01
2.173847854137420654e-01
2.550138831138610840e-01
1.227089241147041321e-01
1.869373470544815063e-01
1.186172366142272949e-01
1.230936348438262939e-01
1.756719797849655151e-01
1.503122448921203613e-01
3.056141361594200134e-02
2.357653081417083740e-01
5.868034809827804565e-02
9.095297008752822876e-02
1.202285736799240112e-01
3.784580826759338379e-01
6.972362101078033447e-02
4.806429892778396606e-02
3.515774905681610107e-01
3.292140066623687744e-01
2.652282416820526123e-01
1.250889003276824951e-01
1.766329109668731689e-01
6.880434602499008179e-02
5.341658741235733032e-02
1.056347191333770752e-01
2.308567166328430176e-01
1.566808968782424927e-01
1.140637397766113281e-01
6.532119214534759521e-02
8.634224534034729004e-01
2.527457289397716522e-02
2.288138568401336670e-01
2.394851744174957275e-01
2.460591048002243042e-01
1.714488267898559570e-01
1.794193536043167114e-01
2.194701284170150757e-01
1.010567545890808105e-01
1.777972877025604248e-01
5.318933129310607910e-01
1.212400794029235840e-01
1.603408753871917725e-01
6.099923700094223022e-02
1.624654382467269897e-01
1.946796178817749023e-01
1.811216026544570923e-01
9.316558390855789185e-02
3.276696801185607910e-02
2.720305919647216797e-01
1.530043780803680420e-01
1.253902614116668701e-01
2.897741794586181641e-01
1.899958848953247070e-01
9.727320075035095215e-02
9.676846116781234741e-02
4.914505779743194580e-02
5.121500790119171143e-02
6.721977889537811279e-02
2.400811016559600830e-01
1.317034959793090820e-01
1.188119500875473022e-01
3.341380357742309570e-01
5.918970704078674316e-02
2.488509118556976318e-01
3.150424361228942871e-02
2.323115766048431396e-01
4.105143994092941284e-02
2.869161367416381836e-01
1.585320383310317993e-01
6.883463263511657715e-02
1.077462509274482727e-01
1.112723499536514282e-01
7.275699824094772339e-02
6.185685470700263977e-02
1.631529629230499268e-01
9.932769834995269775e-02
1.435422897338867188e-01
1.698790192604064941e-01
1.441390216350555420e-01
1.048349961638450623e-01
2.580360770225524902e-01
1.125950962305068970e-01
3.326142728328704834e-01
1.417292803525924683e-01
1.361303925514221191e-01
4.165520668029785156e-01
5.897162109613418579e-02
1.536520421504974365e-01
2.315670549869537354e-01
2.205857485532760620e-01
1.056510806083679199e-01
1.943618804216384888e-01
4.828375577926635742e-01
1.040561869740486145e-01
1.550063043832778931e-01
9.344492852687835693e-02
1.607720255851745605e-01
1.203957796096801758e-01
2.521604597568511963e-01
1.559967696666717529e-01
1.186134666204452515e-01
1.342981755733489990e-01
2.275798916816711426e-01
4.807469993829727173e-02
2.682872116565704346e-01
2.146673500537872314e-01
3.832479417324066162e-01
6.814126670360565186e-02
3.942153602838516235e-02
2.842105366289615631e-02
1.082822605967521667e-01
9.369437396526336670e-02
1.850295662879943848e-01
2.547856569290161133e-01
2.327090799808502197e-01
2.016331255435943604e-01
5.534203350543975830e-02
5.149561911821365356e-02
4.546963423490524292e-02
2.409474253654479980e-01
2.376061379909515381e-01
1.872383952140808105e-01
1.084781438112258911e-01
1.017814353108406067e-01
8.175612986087799072e-02
1.972714066505432129e-01
2.051280289888381958e-01
1.077471077442169189e-01
4.712140932679176331e-02
2.254367619752883911e-01
3.191685304045677185e-02
1.998468935489654541e-01
1.221845448017120361e-01
1.472754776477813721e-01
1.596612483263015747e-01
4.541649669408798218e-02
8.971125632524490356e-02
3.213990479707717896e-02
2.581765353679656982e-01
4.524648562073707581e-02
7.951101660728454590e-02
2.062941491603851318e-01
1.577772349119186401e-01
9.089191257953643799e-02
2.559551298618316650e-01
1.580732762813568115e-01
1.683870553970336914e-01
3.074882030487060547e-01
1.915190666913986206e-01
1.275270879268646240e-01
2.794430255889892578e-01
3.189629316329956055e-01
4.431360960006713867e-01
1.503884941339492798e-01
3.779315948486328125e-01
1.945432126522064209e-01
1.746325194835662842e-01
1.068169623613357544e-01
3.614748716354370117e-01
3.173170685768127441e-01
8.360484242439270020e-02
2.285893261432647705e-01
1.589314937591552734e-01
4.737557768821716309e-01
1.463643014430999756e-01
2.554107606410980225e-01
1.342636197805404663e-01
2.949170768260955811e-01
3.657705187797546387e-01
3.653882443904876709e-01
1.941530704498291016e-01
3.965502083301544189e-01
1.013714596629142761e-01
3.189802765846252441e-01
1.180231571197509766e-01
1.568581759929656982e-01
2.260510623455047607e-01
1.960995495319366455e-01
1.331223845481872559e-01
1.486590951681137085e-01
1.297363191843032837e-01
2.129963040351867676e-01
1.253041774034500122e-01
1.205264404416084290e-01
8.814512193202972412e-02
1.945496499538421631e-01
2.404033243656158447e-01
3.831654191017150879e-01
2.454179525375366211e-01
1.346718221902847290e-01
1.657561659812927246e-01
2.929648458957672119e-01
1.190847605466842651e-01
1.777925044298171997e-01
2.720717191696166992e-01
4.524996578693389893e-01
5.529984235763549805e-01
5.032654106616973877e-02
1.817576438188552856e-01
9.186376631259918213e-02
1.284236311912536621e-01
3.156315684318542480e-01
3.970612883567810059e-01
1.347589790821075439e-01
1.061132624745368958e-01
8.911152184009552002e-02
1.915920525789260864e-01
1.600659191608428955e-01
3.458013534545898438e-01
4.814612567424774170e-01
1.293013095855712891e-01
1.266030073165893555e-01
1.272085607051849365e-01
2.576116323471069336e-01
7.840756326913833618e-02
1.262052655220031738e-01
1.102331727743148804e-01
1.515482068061828613e-01
1.542183309793472290e-01
2.180143445730209351e-01
1.831243634223937988e-01
4.278264194726943970e-02
2.196349054574966431e-01
1.103787720203399658e-01
1.403897255659103394e-01
1.624165475368499756e-01
1.858044266700744629e-01
1.785200983285903931e-01
2.984889969229698181e-02
1.093205660581588745e-01
2.244644016027450562e-01
3.300539255142211914e-01
3.890058994293212891e-01
1.621577739715576172e-01
9.831984341144561768e-02
1.193786785006523132e-01
1.557230800390243530e-01
8.386351168155670166e-02
2.357638776302337646e-01
2.507729828357696533e-01
2.879400849342346191e-01
1.143025457859039307e-01
1.387444138526916504e-01
9.361898154020309448e-02
2.484879940748214722e-01
1.120874881744384766e-01
5.329027771949768066e-02
6.230500340461730957e-02
1.703281551599502563e-01
1.076044589281082153e-01
1.079511716961860657e-01
2.216721028089523315e-01
5.476636439561843872e-02
6.669539958238601685e-02
5.781953036785125732e-02
9.782601892948150635e-02
1.854206323623657227e-01
6.655098199844360352e-01
1.471725106239318848e-01
2.721924483776092529e-01
1.167445778846740723e-01
9.058022499084472656e-02
1.869371533393859863e-01
2.560456395149230957e-01
2.828533053398132324e-01
1.425782442092895508e-01
1.771002262830734253e-01
1.418620944023132324e-01
6.260102987289428711e-02
1.543033868074417114e-01
5.053138136863708496e-01
2.081507742404937744e-01
3.565855026245117188e-01
3.687234818935394287e-01
1.566902101039886475e-01
8.376245200634002686e-02
1.992215514183044434e-01
3.777837008237838745e-02
2.028401792049407959e-01
2.499482929706573486e-01
6.432623416185379028e-02
2.190618515014648438e-01
9.454877674579620361e-02
1.636419445276260376e-01
2.791904807090759277e-01
4.224414005875587463e-02
5.815235525369644165e-02
1.396813988685607910e-01
1.445810496807098389e-01
1.520120799541473389e-01
3.315348923206329346e-01
3.298149108886718750e-01
6.198283284902572632e-02
5.314325913786888123e-02
1.785477399826049805e-01
6.059441342949867249e-02
1.378265321254730225e-01
7.322406768798828125e-02
2.484528124332427979e-01
7.185243070125579834e-02
1.574891507625579834e-01
9.101270884275436401e-02
2.504586279392242432e-01
3.058702051639556885e-01
4.185668826103210449e-01
2.052220702171325684e-01
1.926114559173583984e-01
1.279378682374954224e-01
1.030528321862220764e-01
1.265624612569808960e-01
4.204114526510238647e-02
3.627798333764076233e-02
2.024381905794143677e-01
1.845901310443878174e-01
3.308666348457336426e-01
1.187825947999954224e-01
1.659343987703323364e-01
2.215889990329742432e-01
1.734881997108459473e-01
2.746072411537170410e-01
7.629949599504470825e-02
1.103854179382324219e-01
1.508174836635589600e-01
7.744757831096649170e-02
1.283735632896423340e-01
1.837059408426284790e-01
7.306369394063949585e-02
8.853638172149658203e-02
1.767106205224990845e-01
7.940728962421417236e-02
2.158247381448745728e-01
1.785067170858383179e-01
1.552352607250213623e-01
1.853299289941787720e-01
1.182737872004508972e-01
2.707032263278961182e-01
1.590064167976379395e-01
4.298585280776023865e-02
1.045855283737182617e-01
3.032462298870086670e-01
2.008970826864242554e-01
2.909830808639526367e-01
9.632588922977447510e-02
2.701703608036041260e-01
8.421650528907775879e-02
1.530275046825408936e-01
2.212066352367401123e-01
2.046303153038024902e-01
2.261697314679622650e-02
1.554499268531799316e-01
1.107193455100059509e-01
4.585903137922286987e-02
3.904165327548980713e-01
5.790225043892860413e-02
7.997934520244598389e-02
2.755118310451507568e-01
4.601004719734191895e-01
1.324422061443328857e-01
8.943840116262435913e-02
1.825625449419021606e-01
4.649506509304046631e-02
2.151734828948974609e-01
1.033989489078521729e-01
7.606673240661621094e-02
1.264044046401977539e-01
8.603988587856292725e-02
9.643130749464035034e-02
1.166292950510978699e-01
6.983263045549392700e-02
2.414172440767288208e-01
7.349365949630737305e-02
2.785876393318176270e-01
2.185443490743637085e-01
1.726901978254318237e-01
1.061356142163276672e-01
1.939842402935028076e-01
1.526484638452529907e-01
6.308786571025848389e-02
2.326468974351882935e-01
5.183582305908203125e-01
2.427017986774444580e-01
2.127671539783477783e-01
2.190466672182083130e-01
1.286576688289642334e-01
3.720559477806091309e-01
1.315301060676574707e-01
2.357352375984191895e-01
1.795261204242706299e-01
4.810681343078613281e-01
2.328180670738220215e-01
1.019625365734100342e-01
4.607369899749755859e-01
4.229450225830078125e-01
1.630358099937438965e-01
1.368237137794494629e-01
9.755341708660125732e-02
1.447323709726333618e-01
3.049635291099548340e-01
1.276186257600784302e-01
2.484153807163238525e-01
2.600607275962829590e-01
2.210000157356262207e-01
1.378970444202423096e-01
6.932087242603302002e-02
1.950272917747497559e-01
1.988177299499511719e-01
1.330201923847198486e-01
1.302827298641204834e-01
9.652359783649444580e-02
4.438351839780807495e-02
2.118750363588333130e-01
1.010694056749343872e-01
4.617448449134826660e-01
3.134492635726928711e-01
1.899585872888565063e-01
7.651942968368530273e-02
1.840069293975830078e-01
1.212199255824089050e-01
4.209595918655395508e-02
2.130614519119262695e-01
9.668819606304168701e-02
1.572631299495697021e-01
3.039783835411071777e-01
1.323465704917907715e-01
1.171874329447746277e-01
2.414213567972183228e-01
1.635573357343673706e-01
1.313650608062744141e-01
1.305101364850997925e-01
1.663897633552551270e-01
2.011647224426269531e-01
2.048593014478683472e-01
8.782155811786651611e-02
9.494797885417938232e-02
7.484985142946243286e-02
2.605444565415382385e-02
5.770558863878250122e-02
7.492823898792266846e-02
1.367243230342864990e-01
4.441572725772857666e-01
1.680091619491577148e-01
1.386721730232238770e-01
3.205235600471496582e-01
2.241833209991455078e-01
2.842670083045959473e-01
1.540505290031433105e-01
1.013022810220718384e-01
5.730496346950531006e-02
7.969540357589721680e-02
1.869871616363525391e-01
3.588530793786048889e-02
9.261666238307952881e-02
1.172756031155586243e-01
3.277336359024047852e-01
3.130443096160888672e-01
7.611182332038879395e-02
2.996972501277923584e-01
2.876877784729003906e-01
1.109368801116943359e-01
1.730538159608840942e-01
3.236227333545684814e-01
1.035920530557632446e-01
1.488987058401107788e-01
1.322298198938369751e-01
1.229626089334487915e-01
7.806390523910522461e-02
1.342277973890304565e-01
1.268406063318252563e-01
5.337462574243545532e-02
1.154964864253997803e-01
7.991768419742584229e-02
3.464184999465942383e-01
3.046757876873016357e-01
9.131363779306411743e-02
1.847099214792251587e-01
1.396721601486206055e-01
6.907497346401214600e-02
6.477520614862442017e-02
7.244436442852020264e-02
1.907957643270492554e-01
7.256896048784255981e-02
2.199106514453887939e-01
2.132464945316314697e-01
2.507405281066894531e-01
1.328872293233871460e-01
2.767169177532196045e-01
7.232693433761596680e-01
2.868468165397644043e-01
1.561106145381927490e-01
1.025351285934448242e-01
1.278766095638275146e-01
2.126169055700302124e-01
1.425362080335617065e-01
8.310604840517044067e-02
1.178522482514381409e-01
1.242345646023750305e-01
1.278084814548492432e-01
4.230581521987915039e-01
8.248078078031539917e-02
3.313648104667663574e-01
1.578774452209472656e-01
2.090134620666503906e-01
1.246221065521240234e-01
6.509087234735488892e-02
3.607888817787170410e-01
2.940450906753540039e-01
5.780971050262451172e-02
2.200779616832733154e-01
1.148050427436828613e-01
1.896857023239135742e-01
1.112087070941925049e-01
9.602682292461395264e-02
1.031396612524986267e-01
3.083413541316986084e-01
5.799113586544990540e-02
5.551456660032272339e-02
8.336716890335083008e-02
6.612754613161087036e-02
1.156073138117790222e-01
2.695317864418029785e-01
1.572339236736297607e-01
5.671848729252815247e-02
3.278288245201110840e-01
1.559945940971374512e-02
2.122020125389099121e-01
1.985420882701873779e-01
1.767374873161315918e-01
7.011169940233230591e-02
7.056995481252670288e-02
2.599112391471862793e-01
1.140385717153549194e-01
1.579698771238327026e-01
1.153576225042343140e-01
3.202187418937683105e-01
1.776256859302520752e-01
3.154060244560241699e-01
1.205732673406600952e-01
6.566764414310455322e-02
3.830214589834213257e-02
8.805394172668457031e-02
1.378098279237747192e-01
1.925051808357238770e-01
1.515175700187683105e-01
8.594453334808349609e-02
1.102777719497680664e-01
3.529023528099060059e-01
1.696346998214721680e-01
1.337532103061676025e-01
2.784474492073059082e-01
2.736180424690246582e-01
1.859693825244903564e-01
8.221505582332611084e-02
8.578922599554061890e-02
1.524343937635421753e-01
1.314448863267898560e-01
1.480102241039276123e-01
2.413334846496582031e-01
2.514555156230926514e-01
1.489430665969848633e-01
1.958550959825515747e-01
1.534031927585601807e-01
1.106397286057472229e-01
1.223942041397094727e-01
7.976157963275909424e-02
8.387444913387298584e-02
2.590528726577758789e-01
5.967132374644279480e-02
4.528192430734634399e-02
1.983113586902618408e-01
2.736660838127136230e-01
4.935330897569656372e-02
3.025055304169654846e-02
3.709033131599426270e-01
2.277285158634185791e-01
3.151373267173767090e-01
2.546730041503906250e-01
1.199894919991493225e-01
1.059521436691284180e-01
2.190077304840087891e-01
1.278605163097381592e-01
1.555402725934982300e-01
4.210478812456130981e-02
9.712167829275131226e-02
8.411665260791778564e-02
1.143035888671875000e-01
2.916274964809417725e-01
1.464004665613174438e-01
2.706975638866424561e-01
6.685912609100341797e-02
9.050945192575454712e-02
1.820125132799148560e-01
2.020570635795593262e-01
1.784327626228332520e-01
1.351388096809387207e-01
1.123122274875640869e-01
3.135502338409423828e-02
2.212900519371032715e-01
1.758644431829452515e-01
2.904356122016906738e-01
1.717115193605422974e-01
1.336094588041305542e-01
4.861782491207122803e-02
3.726339936256408691e-01
3.089066743850708008e-01
1.063885241746902466e-01
1.536614298820495605e-01
2.342927902936935425e-01
2.690687477588653564e-01
1.885005533695220947e-01
9.056976437568664551e-02
1.967029422521591187e-01
5.257686227560043335e-02
2.402071356773376465e-01
1.790855228900909424e-01
9.432949125766754150e-02
8.106185495853424072e-02
1.065939217805862427e-01
1.274365782737731934e-01
1.472155451774597168e-01
1.925463229417800903e-01
2.651778981089591980e-02
4.386207461357116699e-01
1.044346168637275696e-01
1.814604103565216064e-01
5.491054803133010864e-02
7.341564446687698364e-02
7.947476953268051147e-02
2.099550366401672363e-01
2.806770801544189453e-01
1.567744910717010498e-01
6.770910322666168213e-02
1.856209188699722290e-01
1.265745908021926880e-01
5.221419781446456909e-02
1.945951282978057861e-01
2.640969753265380859e-01
2.124642133712768555e-01
5.225680395960807800e-02
2.487871646881103516e-01
2.103651762008666992e-01
1.677686572074890137e-01
3.616762906312942505e-02
4.362848773598670959e-02
4.251684620976448059e-02
6.575129181146621704e-02
2.688766717910766602e-01
7.135856151580810547e-02
5.581140890717506409e-02
4.385379701852798462e-02
4.142003133893013000e-02
