3.733584284782409668e-01
2.166443467140197754e-01
2.156747579574584961e-01
2.669416368007659912e-01
3.964905738830566406e-01
1.290785670280456543e-01
3.942567706108093262e-01
2.844466269016265869e-01
2.279926538467407227e-01
1.470610946416854858e-01
2.043889164924621582e-01
1.647888123989105225e-01
1.782978326082229614e-01
2.673743665218353271e-01
2.563677430152893066e-01
7.554404139518737793e-01
1.558307558298110962e-01
2.973169982433319092e-01
2.114049941301345825e-01
2.492727935314178467e-01
4.928793609142303467e-01
2.095837295055389404e-01
3.798021674156188965e-01
3.714246749877929688e-01
1.709375083446502686e-01
3.771717548370361328e-01
1.559717357158660889e-01
3.391476273536682129e-01
4.122168123722076416e-01
3.810212910175323486e-01
2.696496844291687012e-01
1.922240704298019409e-01
5.169160366058349609e-01
3.260113894939422607e-01
3.260864913463592529e-01
4.716709554195404053e-01
4.193682074546813965e-01
1.753368973731994629e-01
2.799618244171142578e-01
2.437555640935897827e-01
2.884020805358886719e-01
3.161980509757995605e-01
2.331230342388153076e-01
1.723780930042266846e-01
1.788164377212524414e-01
4.621034562587738037e-01
2.057171016931533813e-01
3.507997691631317139e-01
2.281881272792816162e-01
1.386562585830688477e-01
3.505771160125732422e-01
4.441477656364440918e-01
2.786203622817993164e-01
4.957245588302612305e-01
2.425042688846588135e-01
1.701070815324783325e-01
1.688463687896728516e-01
2.772901058197021484e-01
6.322108507156372070e-01
2.523134648799896240e-01
1.014590859413146973e-01
2.025990188121795654e-01
4.458930492401123047e-01
2.464262843132019043e-01
1.933678537607192993e-01
1.478788703680038452e-01
2.675003111362457275e-01
1.958682388067245483e-01
1.755816936492919922e-01
2.167319655418395996e-01
4.154772758483886719e-01
1.857557594776153564e-01
3.702974319458007812e-01
3.058734536170959473e-01
4.350350201129913330e-01
3.492675721645355225e-01
5.106028318405151367e-01
2.217223346233367920e-01
4.333120584487915039e-01
2.966510653495788574e-01
4.434679746627807617e-01
4.299826323986053467e-01
1.820094734430313110e-01
3.490950167179107666e-01
1.606782823801040649e-01
3.351075649261474609e-01
1.977126896381378174e-01
3.411571979522705078e-01
2.249724268913269043e-01
3.458705246448516846e-01
1.973132491111755371e-01
3.173162341117858887e-01
2.165666222572326660e-01
1.789505481719970703e-01
2.894439101219177246e-01
3.034599423408508301e-01
2.565706968307495117e-01
3.159846961498260498e-01
2.142940014600753784e-01
2.947688698768615723e-01
1.655786484479904175e-01
3.731122910976409912e-01
2.934975028038024902e-01
2.106526792049407959e-01
1.966903656721115112e-01
2.198092937469482422e-01
3.994876146316528320e-01
2.983239293098449707e-01
2.108423411846160889e-01
3.445349335670471191e-01
1.528233587741851807e-01
1.472155153751373291e-01
2.103698998689651489e-01
4.324955940246582031e-01
1.154617220163345337e-01
1.672263145446777344e-01
4.341518282890319824e-01
1.810753494501113892e-01
4.809205532073974609e-01
2.603798210620880127e-01
1.286649405956268311e-01
1.517482995986938477e-01
2.795217037200927734e-01
2.268943190574645996e-01
2.620603442192077637e-01
2.806980311870574951e-01
1.081721931695938110e-01
2.996152937412261963e-01
2.281398922204971313e-01
3.526207804679870605e-01
3.417270183563232422e-01
8.413723111152648926e-02
6.077275276184082031e-01
2.266786396503448486e-01
2.127114832401275635e-01
4.135787487030029297e-01
3.316242098808288574e-01
1.255655139684677124e-01
7.468974590301513672e-02
4.842193126678466797e-01
1.763000041246414185e-01
3.865039944648742676e-01
2.765046358108520508e-01
2.214980423450469971e-01
1.877585053443908691e-01
1.323430091142654419e-01
3.402177095413208008e-01
2.801449894905090332e-01
1.852315366268157959e-01
2.870388925075531006e-01
4.468158781528472900e-01
5.183756351470947266e-01
3.626754879951477051e-01
7.810718566179275513e-02
1.740863323211669922e-01
2.400282472372055054e-01
1.849570870399475098e-01
2.924328446388244629e-01
2.014594972133636475e-01
2.024813294410705566e-01
2.371338605880737305e-01
5.814187973737716675e-02
1.696892380714416504e-01
1.474700272083282471e-01
2.223277688026428223e-01
4.846075773239135742e-01
2.183147966861724854e-01
1.545395255088806152e-01
3.629576861858367920e-01
4.111383855342864990e-01
4.353665709495544434e-01
2.932733297348022461e-01
4.005890488624572754e-01
2.195929735898971558e-01
1.636744439601898193e-01
3.474279344081878662e-01
1.870759129524230957e-01
3.305423259735107422e-01
2.389953881502151489e-01
2.578617632389068604e-01
2.543590664863586426e-01
1.530468016862869263e-01
2.895784974098205566e-01
8.279874920845031738e-02
3.835921883583068848e-01
2.760615646839141846e-01
2.335119098424911499e-01
1.953013539314270020e-01
2.936565876007080078e-01
1.627777069807052612e-01
2.552397549152374268e-01
3.192263245582580566e-01
1.997190415859222412e-01
1.906734406948089600e-01
2.693868279457092285e-01
2.034779787063598633e-01
2.289057821035385132e-01
1.948614418506622314e-01
2.621670365333557129e-01
3.868704438209533691e-01
2.325312346220016479e-01
1.863524317741394043e-01
1.768844425678253174e-01
4.569972753524780273e-01
1.690909415483474731e-01
2.451415061950683594e-01
3.139446079730987549e-01
1.980233788490295410e-01
2.037035673856735229e-01
1.304996609687805176e-01
3.278702795505523682e-01
4.556584954261779785e-01
7.871318608522415161e-02
4.851604402065277100e-01
3.260552883148193359e-01
1.917305290699005127e-01
3.233007490634918213e-01
1.492094993591308594e-01
2.760153412818908691e-01
1.510986983776092529e-01
1.640181243419647217e-01
4.601032137870788574e-01
2.105490863323211670e-01
2.967808544635772705e-01
1.553347408771514893e-01
1.509801894426345825e-01
1.981743872165679932e-01
2.892055511474609375e-01
3.436072170734405518e-01
2.828363776206970215e-01
3.361987173557281494e-01
1.602983623743057251e-01
2.501446306705474854e-01
1.297057271003723145e-01
2.042662799358367920e-01
9.356428682804107666e-02
2.868698239326477051e-01
5.043079853057861328e-01
2.358546555042266846e-01
1.652437448501586914e-01
2.051019668579101562e-01
4.268275201320648193e-02
3.686331212520599365e-01
3.861975073814392090e-01
4.196057021617889404e-01
2.963909804821014404e-01
1.329181045293807983e-01
2.751813530921936035e-01
2.306846976280212402e-01
2.511925995349884033e-01
2.630555629730224609e-01
1.086465269327163696e-01
1.517968028783798218e-01
1.949321031570434570e-01
1.692296266555786133e-01
1.662513911724090576e-01
4.067765176296234131e-01
3.612832725048065186e-01
1.550064384937286377e-01
3.294249176979064941e-01
2.165601849555969238e-01
2.160585969686508179e-01
4.567811191082000732e-01
7.722294330596923828e-02
1.084576025605201721e-01
3.418862223625183105e-01
2.712063789367675781e-01
3.796861767768859863e-01
2.097777426242828369e-01
4.020442962646484375e-01
1.046230792999267578e-01
4.278008341789245605e-01
5.270922780036926270e-01
1.592400670051574707e-01
3.234956562519073486e-01
1.124370545148849487e-01
3.368015289306640625e-01
2.272377908229827881e-01
4.260711669921875000e-01
2.332267612218856812e-01
2.026725411415100098e-01
3.358260989189147949e-01
9.293497353792190552e-02
2.562727928161621094e-01
3.078897893428802490e-01
2.967530786991119385e-01
2.470633089542388916e-01
2.104164958000183105e-01
3.730168044567108154e-01
4.716584086418151855e-01
9.185591340065002441e-02
2.542782425880432129e-01
8.315051347017288208e-02
8.820185065269470215e-02
2.418487966060638428e-01
1.935015320777893066e-01
1.131251156330108643e-01
1.654981970787048340e-01
3.041817545890808105e-01
3.787830471992492676e-01
2.476147115230560303e-01
2.220160812139511108e-01
2.322934418916702271e-01
1.464596390724182129e-01
3.938472867012023926e-01
1.520912200212478638e-01
2.330005764961242676e-01
2.871458828449249268e-01
4.306007921695709229e-01
1.557987481355667114e-01
1.959751248359680176e-01
4.120427966117858887e-01
2.169737517833709717e-01
3.607044219970703125e-01
3.242156207561492920e-01
3.105790019035339355e-01
2.295534908771514893e-01
1.591798812150955200e-01
2.793408632278442383e-01
3.265298604965209961e-01
1.929602324962615967e-01
2.417692989110946655e-01
1.023573502898216248e-01
1.917797774076461792e-01
1.386468410491943359e-01
1.894527375698089600e-01
2.165042459964752197e-01
8.437757939100265503e-02
2.127293050289154053e-01
3.527095615863800049e-01
1.731885969638824463e-01
2.939957380294799805e-01
4.452058970928192139e-01
3.720786571502685547e-01
1.405275017023086548e-01
4.857687950134277344e-01
3.152753114700317383e-01
2.616966962814331055e-01
3.184055089950561523e-01
2.247869968414306641e-01
1.933032423257827759e-01
4.144953489303588867e-01
2.450442016124725342e-01
3.197036981582641602e-01
2.297164797782897949e-01
2.978122532367706299e-01
4.471065402030944824e-01
1.927379369735717773e-01
2.813693284988403320e-01
2.612768709659576416e-01
4.229779541492462158e-01
3.206691145896911621e-01
1.656169146299362183e-01
4.067222476005554199e-01
3.135332465171813965e-01
3.491054177284240723e-01
2.648745477199554443e-01
1.616522967815399170e-01
2.119265496730804443e-01
3.261175155639648438e-01
1.626402884721755981e-01
1.796023696660995483e-01
3.255790472030639648e-01
4.500620067119598389e-01
2.694144248962402344e-01
2.917799353599548340e-01
1.671197116374969482e-01
2.879429757595062256e-01
1.680806875228881836e-01
2.982347607612609863e-01
3.248916268348693848e-01
3.061728179454803467e-01
5.330215692520141602e-01
2.495501339435577393e-01
3.871045112609863281e-01
4.553403854370117188e-01
2.617530822753906250e-01
2.885412573814392090e-01
3.783763051033020020e-01
1.574360132217407227e-01
2.432588934898376465e-01
2.867629230022430420e-01
1.566672176122665405e-01
4.212393760681152344e-01
2.591756582260131836e-01
2.721671462059020996e-01
3.152706623077392578e-01
4.644785523414611816e-01
2.989068925380706787e-01
1.767306029796600342e-01
2.189658582210540771e-01
7.003563642501831055e-01
4.641366004943847656e-01
1.913123875856399536e-01
2.286584675312042236e-01
3.033342063426971436e-01
2.977508902549743652e-01
4.641344249248504639e-01
2.665782570838928223e-01
2.736097574234008789e-01
3.188990950584411621e-01
9.991289675235748291e-02
3.385112881660461426e-01
2.586793601512908936e-01
3.311608731746673584e-01
1.769009828567504883e-01
4.321823120117187500e-01
2.857861518859863281e-01
4.120406508445739746e-01
2.511657178401947021e-01
2.017659246921539307e-01
1.679381728172302246e-01
8.405674248933792114e-02
2.832605242729187012e-01
1.690645217895507812e-01
2.631051540374755859e-01
1.788050532341003418e-01
4.830740094184875488e-01
2.845254540443420410e-01
2.045990228652954102e-01
3.431355655193328857e-01
3.306377530097961426e-01
3.429470658302307129e-01
2.194916754961013794e-01
2.299991250038146973e-01
1.913453489542007446e-01
2.175536006689071655e-01
1.996331512928009033e-01
3.685738742351531982e-01
8.768254518508911133e-02
3.454992473125457764e-01
1.899877190589904785e-01
1.973745673894882202e-01
3.072735667228698730e-01
2.332417666912078857e-01
4.068491458892822266e-01
4.051783680915832520e-01
1.570244133472442627e-01
2.452712059020996094e-01
4.647805988788604736e-01
8.036569505929946899e-02
3.134118318557739258e-01
3.189818263053894043e-01
1.594931334257125854e-01
4.907272160053253174e-01
2.806121408939361572e-01
3.277134895324707031e-01
3.831275701522827148e-01
3.211606740951538086e-01
4.459367096424102783e-01
2.084027081727981567e-01
1.119938194751739502e-01
1.807353943586349487e-01
1.163706481456756592e-01
2.357054650783538818e-01
1.703587472438812256e-01
2.572088539600372314e-01
1.966634094715118408e-01
1.987680494785308838e-01
1.218889653682708740e-01
3.089384734630584717e-01
3.813362419605255127e-01
2.235667407512664795e-01
3.463205099105834961e-01
3.016939163208007812e-01
2.820095419883728027e-01
2.130665779113769531e-01
2.460698187351226807e-01
1.863411068916320801e-01
2.230054140090942383e-01
3.801288604736328125e-01
4.408693909645080566e-01
2.535577118396759033e-01
1.630270481109619141e-01
3.142219185829162598e-01
3.282639682292938232e-01
2.903656959533691406e-01
1.902990341186523438e-01
2.443802356719970703e-01
5.545400381088256836e-01
1.491606086492538452e-01
3.225955665111541748e-01
3.866264522075653076e-01
1.556285023689270020e-01
4.131142497062683105e-01
1.582638025283813477e-01
2.733116149902343750e-01
3.026855587959289551e-01
2.727132141590118408e-01
3.141930997371673584e-01
9.315430372953414917e-02
3.517021536827087402e-01
5.415092110633850098e-01
3.275384902954101562e-01
9.806094318628311157e-02
1.496324390172958374e-01
1.776381134986877441e-01
4.105314016342163086e-01
3.585897088050842285e-01
4.138860106468200684e-01
2.326921969652175903e-01
3.369972705841064453e-01
2.102729380130767822e-01
1.513807624578475952e-01
3.621606826782226562e-01
2.033424079418182373e-01
3.694052994251251221e-01
3.039069473743438721e-01
3.209270238876342773e-01
2.070035040378570557e-01
2.661703824996948242e-01
1.268651485443115234e-01
4.270655512809753418e-01
1.055191457271575928e-01
1.351318508386611938e-01
1.755193173885345459e-01
9.828042984008789062e-02
9.554320573806762695e-02
1.265115737915039062e-01
3.391960859298706055e-01
3.527738451957702637e-01
3.763411343097686768e-01
3.797145783901214600e-01
5.822934508323669434e-01
1.957019865512847900e-01
2.360961735248565674e-01
2.457213401794433594e-01
4.260746240615844727e-01
2.817682027816772461e-01
2.911740243434906006e-01
4.445642828941345215e-01
3.016804456710815430e-01
4.504753947257995605e-01
1.440695226192474365e-01
2.136397361755371094e-01
1.934565901756286621e-01
2.494083046913146973e-01
2.152679860591888428e-01
2.047910541296005249e-01
5.039349198341369629e-01
3.146345615386962891e-01
2.808330953121185303e-01
1.544279456138610840e-01
2.852283418178558350e-01
3.417070806026458740e-01
5.015376210212707520e-01
2.356983870267868042e-01
3.484123945236206055e-01
1.368056535720825195e-01
2.893796861171722412e-01
2.907888889312744141e-01
2.395114600658416748e-01
2.352514714002609253e-01
2.434469759464263916e-01
2.934414744377136230e-01
3.477919697761535645e-01
3.385974764823913574e-01
2.863611578941345215e-01
3.204537630081176758e-01
2.083798944950103760e-01
2.031751275062561035e-01
1.996909081935882568e-01
2.784622311592102051e-01
2.632386982440948486e-01
2.564942538738250732e-01
2.771657407283782959e-01
1.564813405275344849e-01
1.979007869958877563e-01
2.532536387443542480e-01
4.486289024353027344e-01
2.181607633829116821e-01
3.102209568023681641e-01
2.142975628376007080e-01
3.144707977771759033e-01
1.226520314812660217e-01
1.342397630214691162e-01
9.966698288917541504e-02
2.938280403614044189e-01
2.043673843145370483e-01
3.292292356491088867e-01
1.722320318222045898e-01
2.453106641769409180e-01
2.596010565757751465e-01
1.519857048988342285e-01
1.293653994798660278e-01
3.016032576560974121e-01
5.995196849107742310e-02
1.353427618741989136e-01
2.116667330265045166e-01
3.687219023704528809e-01
2.426275759935379028e-01
1.478795111179351807e-01
1.789750158786773682e-01
3.072377145290374756e-01
2.266627997159957886e-01
3.019667267799377441e-01
2.542796730995178223e-01
1.626043915748596191e-01
2.275668084621429443e-01
2.589989900588989258e-01
3.664069771766662598e-01
6.009132042527198792e-02
3.352661132812500000e-01
2.675631046295166016e-01
3.110949099063873291e-01
5.291321277618408203e-01
1.385607719421386719e-01
1.112907081842422485e-01
2.171628475189208984e-01
2.170862555503845215e-01
2.395371496677398682e-01
1.642360389232635498e-01
3.077169656753540039e-01
1.216623038053512573e-01
2.612108290195465088e-01
2.133543491363525391e-01
3.225276768207550049e-01
2.245227992534637451e-01
1.616875231266021729e-01
2.253076732158660889e-01
3.631018102169036865e-01
2.266093492507934570e-01
2.035440206527709961e-01
3.751113414764404297e-01
1.755519807338714600e-01
1.073316633701324463e-01
3.790604174137115479e-01
1.593501567840576172e-01
1.882648319005966187e-01
1.864645779132843018e-01
1.661200821399688721e-01
3.147407472133636475e-01
1.337808966636657715e-01
1.289452016353607178e-01
3.583768308162689209e-01
1.139632537961006165e-01
2.031332850456237793e-01
2.892922759056091309e-01
2.949897050857543945e-01
2.043372392654418945e-01
2.640748023986816406e-01
3.231973052024841309e-01
1.667277961969375610e-01
2.556755244731903076e-01
3.186374008655548096e-01
1.513482630252838135e-01
3.895915150642395020e-01
2.451243549585342407e-01
7.297094911336898804e-02
1.396413296461105347e-01
5.027569532394409180e-01
4.315856099128723145e-01
2.308560013771057129e-01
4.754045605659484863e-01
2.497054934501647949e-01
1.412921845912933350e-01
4.371060132980346680e-01
4.664398133754730225e-01
2.840145230293273926e-01
2.871494889259338379e-01
4.488832354545593262e-01
2.182954400777816772e-01
2.687886953353881836e-01
1.185160577297210693e-01
2.372539043426513672e-01
2.439297139644622803e-01
3.516556024551391602e-01
4.012497663497924805e-01
3.039973974227905273e-01
2.698978781700134277e-01
2.050668001174926758e-01
1.670659333467483521e-01
3.354462385177612305e-01
4.203084111213684082e-01
4.457676410675048828e-01
1.552474796772003174e-01
2.195967882871627808e-01
4.607210457324981689e-01
2.363657057285308838e-01
3.055143356323242188e-01
2.369466274976730347e-01
3.290202617645263672e-01
1.670289933681488037e-01
5.056806802749633789e-01
2.204100340604782104e-01
3.124054670333862305e-01
1.279458999633789062e-01
2.751645743846893311e-01
1.489282250404357910e-01
1.198298633098602295e-01
2.018862366676330566e-01
1.879535019397735596e-01
3.310603499412536621e-01
1.122168451547622681e-01
6.798324733972549438e-02
5.839585661888122559e-01
1.981011778116226196e-01
9.756775945425033569e-02
4.220341145992279053e-01
4.612588882446289062e-01
9.684768319129943848e-02
6.987684220075607300e-02
1.870900094509124756e-01
3.963891267776489258e-01
2.359292805194854736e-01
1.691986769437789917e-01
1.994652450084686279e-01
1.187317073345184326e-01
2.035180330276489258e-01
1.764125674962997437e-01
1.241427212953567505e-01
2.915934026241302490e-01
1.904570609331130981e-01
3.741062283515930176e-01
2.984279990196228027e-01
3.535003960132598877e-01
3.261039853096008301e-01
2.027692794799804688e-01
2.349103093147277832e-01
1.596740782260894775e-01
3.535987436771392822e-01
3.489957749843597412e-01
2.392863035202026367e-01
1.776572167873382568e-01
1.706503629684448242e-01
3.510126471519470215e-01
5.534851551055908203e-01
1.444689035415649414e-01
2.093415260314941406e-01
3.351438045501708984e-01
3.319424986839294434e-01
2.441658228635787964e-01
3.312515318393707275e-01
4.965521991252899170e-01
2.890390753746032715e-01
1.918436586856842041e-01
3.168400824069976807e-01
6.112352013587951660e-01
3.113510310649871826e-01
2.657469511032104492e-01
2.625321447849273682e-01
1.428002864122390747e-01
2.632617652416229248e-01
5.795258879661560059e-01
3.850432038307189941e-01
5.122764110565185547e-01
1.250785589218139648e-01
5.610166788101196289e-01
2.132422477006912231e-01
3.379529118537902832e-01
1.714964807033538818e-01
3.543157577514648438e-01
3.139258027076721191e-01
3.102388978004455566e-01
1.688808798789978027e-01
5.135171413421630859e-01
2.295566797256469727e-01
2.630361020565032959e-01
2.693719267845153809e-01
2.183517068624496460e-01
1.143948808312416077e-01
2.280181944370269775e-01
2.149799764156341553e-01
1.527276039123535156e-01
3.085204660892486572e-01
3.200741112232208252e-01
5.285739153623580933e-02
1.983404159545898438e-01
1.117696613073348999e-01
4.381890892982482910e-01
2.471804320812225342e-01
9.439797699451446533e-02
3.527870774269104004e-01
1.289849728345870972e-01
3.910434842109680176e-01
2.463901937007904053e-01
4.111471772193908691e-01
4.184172749519348145e-01
3.310505747795104980e-01
1.311175972223281860e-01
1.997918188571929932e-01
3.210775852203369141e-01
5.475000143051147461e-01
3.483601212501525879e-01
1.080753058195114136e-01
1.785204410552978516e-01
2.918056845664978027e-01
2.450031042098999023e-01
3.154551386833190918e-01
2.440610378980636597e-01
2.628135383129119873e-01
2.504608333110809326e-01
1.695397049188613892e-01
2.811950445175170898e-01
1.855586320161819458e-01
3.418482840061187744e-01
1.707752346992492676e-01
1.916258782148361206e-01
1.959862112998962402e-01
2.636216282844543457e-01
2.383159995079040527e-01
2.033489346504211426e-01
2.020493596792221069e-01
2.904790043830871582e-01
1.439430266618728638e-01
2.625435888767242432e-01
2.593400478363037109e-01
4.490010142326354980e-01
2.178706973791122437e-01
2.094764560461044312e-01
1.842828094959259033e-01
4.060001969337463379e-01
4.258590638637542725e-01
1.518489867448806763e-01
1.521974503993988037e-01
3.298860192298889160e-01
2.440154403448104858e-01
3.558377027511596680e-01
3.017399013042449951e-01
1.516013741493225098e-01
3.612898886203765869e-01
2.145632952451705933e-01
2.812908887863159180e-01
2.724879086017608643e-01
1.549854874610900879e-01
1.693025678396224976e-01
2.496427297592163086e-01
2.049745470285415649e-01
3.374795913696289062e-01
1.624626070261001587e-01
1.573722213506698608e-01
2.441043108701705933e-01
1.428023278713226318e-01
1.534419059753417969e-01
9.088440239429473877e-02
1.129907295107841492e-01
2.724207639694213867e-01
2.497287392616271973e-01
2.569121122360229492e-01
3.849951326847076416e-01
3.980244696140289307e-01
2.488487958908081055e-01
1.995572298765182495e-01
1.392555981874465942e-01
2.954747676849365234e-01
4.237021207809448242e-01
2.256721258163452148e-01
2.800407409667968750e-01
2.726092934608459473e-01
9.058818221092224121e-02
2.011767774820327759e-01
3.036230504512786865e-01
1.527810394763946533e-01
3.263630867004394531e-01
4.032198190689086914e-01
4.797134101390838623e-01
1.871414333581924438e-01
2.453733831644058228e-01
6.397002935409545898e-02
3.345480263233184814e-01
2.869760096073150635e-01
5.578003525733947754e-01
2.820891141891479492e-01
2.568139433860778809e-01
3.441120982170104980e-01
2.205513715744018555e-01
2.316694855690002441e-01
2.209694236516952515e-01
1.540988385677337646e-01
2.885954976081848145e-01
2.181166410446166992e-01
2.747567892074584961e-01
2.615742087364196777e-01
1.291387975215911865e-01
2.991981804370880127e-01
3.282445073127746582e-01
2.861093878746032715e-01
2.261166125535964966e-01
2.588376700878143311e-01
1.901171803474426270e-01
2.974711656570434570e-01
1.045847237110137939e-01
1.865574568510055542e-01
7.671583443880081177e-02
4.026463329792022705e-01
6.197260618209838867e-01
1.492703855037689209e-01
5.013136863708496094e-01
5.134506225585937500e-01
1.920031011104583740e-01
1.472824215888977051e-01
2.495402395725250244e-01
9.581260383129119873e-02
2.947698831558227539e-01
3.950331360101699829e-02
1.559973210096359253e-01
1.614802181720733643e-01
2.244341224431991577e-01
3.440290689468383789e-01
2.209853827953338623e-01
2.316804677248001099e-01
9.616137295961380005e-02
3.708417415618896484e-01
2.459828555583953857e-01
2.016286849975585938e-01
2.647227048873901367e-01
2.712213695049285889e-01
2.478783577680587769e-01
2.155314534902572632e-01
2.170152366161346436e-01
4.907260537147521973e-01
1.992409080266952515e-01
1.175809726119041443e-01
2.174442857503890991e-01
3.061518073081970215e-01
2.778418064117431641e-01
1.523651480674743652e-01
4.066798985004425049e-01
1.566115170717239380e-01
2.011350691318511963e-01
2.580838501453399658e-01
3.539586365222930908e-01
3.701359629631042480e-01
3.116692602634429932e-01
1.957399696111679077e-01
3.450714647769927979e-01
1.054334640502929688e-01
2.261358201503753662e-01
3.697623610496520996e-01
2.625507414340972900e-01
3.889562189579010010e-01
3.638428449630737305e-01
2.389091849327087402e-01
4.748775362968444824e-01
3.618025481700897217e-01
2.582365572452545166e-01
2.722957134246826172e-01
2.235997766256332397e-01
5.183331370353698730e-01
2.742049396038055420e-01
2.500460147857666016e-01
6.703095883131027222e-02
4.319792985916137695e-01
2.975728213787078857e-01
2.305732965469360352e-01
2.286148369312286377e-01
1.522043347358703613e-01
2.191067039966583252e-01
1.819520741701126099e-01
3.235265314579010010e-01
3.498215079307556152e-01
3.216848969459533691e-01
2.721768617630004883e-01
2.155218124389648438e-01
3.313052952289581299e-01
3.010242879390716553e-01
3.830092549324035645e-01
1.463535130023956299e-01
3.079191148281097412e-01
3.860762119293212891e-01
8.163949251174926758e-01
2.327713668346405029e-01
2.183641791343688965e-01
2.729102373123168945e-01
2.326634973287582397e-01
1.001997292041778564e-01
4.470500946044921875e-01
3.283317685127258301e-01
2.570463120937347412e-01
2.349136918783187866e-01
2.481850087642669678e-01
2.627333104610443115e-01
5.917928218841552734e-01
5.518527030944824219e-01
2.635034620761871338e-01
5.169335603713989258e-01
3.521501421928405762e-01
4.431996345520019531e-01
3.548483848571777344e-01
1.067359000444412231e-01
2.005511373281478882e-01
1.745306700468063354e-01
2.187061309814453125e-01
1.477918028831481934e-01
1.694626063108444214e-01
3.577646911144256592e-01
5.144257545471191406e-01
4.043278098106384277e-01
8.021631240844726562e-01
1.720516234636306763e-01
4.703439474105834961e-01
2.852365672588348389e-01
2.192456424236297607e-01
4.687616527080535889e-01
1.544876396656036377e-01
3.023967146873474121e-01
2.076978832483291626e-01
4.124685823917388916e-01
3.730216026306152344e-01
3.471427559852600098e-01
2.254477590322494507e-01
1.476121544837951660e-01
3.404067456722259521e-01
1.684037744998931885e-01
2.822460532188415527e-01
2.484005391597747803e-01
3.163960576057434082e-01
3.630362749099731445e-01
1.807983666658401489e-01
4.084975123405456543e-01
4.971102178096771240e-01
1.435876190662384033e-01
2.224314957857131958e-01
2.848082780838012695e-01
3.384039402008056641e-01
1.668908894062042236e-01
1.260563880205154419e-01
1.220355331897735596e-01
4.383759796619415283e-01
3.094788789749145508e-01
2.877787649631500244e-01
2.434792965650558472e-01
1.690976470708847046e-01
1.784918755292892456e-01
3.448090553283691406e-01
2.059931904077529907e-01
3.634071946144104004e-01
3.950246572494506836e-01
2.510765492916107178e-01
1.907428801059722900e-01
4.114114642143249512e-01
3.067338466644287109e-01
4.349972009658813477e-01
1.689988374710083008e-01
2.476736754179000854e-01
1.246764957904815674e-01
2.476087510585784912e-01
2.415555417537689209e-01
1.986581236124038696e-01
2.526464462280273438e-01
2.409712374210357666e-01
2.827276289463043213e-01
1.089099645614624023e-01
3.976480364799499512e-01
3.416551053524017334e-01
1.576131582260131836e-01
1.759098768234252930e-01
2.911643385887145996e-01
4.888437986373901367e-01
2.467169761657714844e-01
2.523877024650573730e-01
2.346469461917877197e-01
2.416467666625976562e-01
9.941011667251586914e-02
3.511418998241424561e-01
9.501937776803970337e-02
4.012740254402160645e-01
3.050640821456909180e-01
7.293787598609924316e-02
2.167782187461853027e-01
5.162314772605895996e-01
9.362702816724777222e-02
2.680013179779052734e-01
1.173829212784767151e-01
3.138270974159240723e-01
4.716930389404296875e-01
2.553075850009918213e-01
3.260397315025329590e-01
2.587633728981018066e-01
4.387064576148986816e-01
2.830122113227844238e-01
3.342781662940979004e-01
2.465446144342422485e-01
1.653329282999038696e-01
4.690268635749816895e-01
2.207535654306411743e-01
2.546935975551605225e-01
2.320199310779571533e-01
3.898379504680633545e-01
2.525831162929534912e-01
3.421821296215057373e-01
3.650881052017211914e-01
1.544555276632308960e-01
2.388244569301605225e-01
2.459526658058166504e-01
2.919535338878631592e-01
4.733843803405761719e-01
2.646687626838684082e-01
4.362196326255798340e-01
3.970670402050018311e-01
1.762270033359527588e-01
1.930494606494903564e-01
3.052811026573181152e-01
2.689486145973205566e-01
3.808787465095520020e-01
3.561698198318481445e-01
3.671611547470092773e-01
2.592516839504241943e-01
4.556033611297607422e-01
3.468887209892272949e-01
1.395326256752014160e-01
3.289027214050292969e-01
3.328076601028442383e-01
1.042411029338836670e-01
2.455555945634841919e-01
3.268027305603027344e-01
2.952221333980560303e-01
2.109179794788360596e-01
1.222330406308174133e-01
2.321960479021072388e-01
3.807586431503295898e-01
2.344632893800735474e-01
1.150731071829795837e-01
1.692595928907394409e-01
2.534838318824768066e-01
4.313889741897583008e-01
3.209570646286010742e-01
4.215428829193115234e-01
2.506419420242309570e-01
2.628058493137359619e-01
3.868231773376464844e-01
2.972742319107055664e-01
1.452654898166656494e-01
3.316769599914550781e-01
3.132141530513763428e-01
2.116207480430603027e-01
2.095801085233688354e-01
4.892964065074920654e-01
1.097382754087448120e-01
2.696246206760406494e-01
2.538479566574096680e-01
5.010762810707092285e-01
5.094468593597412109e-01
2.287944406270980835e-01
5.396364331245422363e-01
3.707414865493774414e-01
3.165148496627807617e-01
6.065373420715332031e-01
2.937190234661102295e-01
2.083267271518707275e-01
2.205359637737274170e-01
2.053336054086685181e-01
2.226740121841430664e-01
3.686162233352661133e-01
1.472015976905822754e-01
1.287690103054046631e-01
3.383167386054992676e-01
3.484489321708679199e-01
3.392394483089447021e-01
1.066412776708602905e-01
1.928824931383132935e-01
1.218981072306632996e-01
4.017048180103302002e-01
2.780562341213226318e-01
4.843661785125732422e-01
2.036266773939132690e-01
2.922064661979675293e-01
1.553886234760284424e-01
2.537049651145935059e-01
1.369523406028747559e-01
1.259435117244720459e-01
2.103867381811141968e-01
5.564873814582824707e-01
1.780031770467758179e-01
3.017929196357727051e-01
1.965070962905883789e-01
2.673181593418121338e-01
3.942425847053527832e-01
3.412396311759948730e-01
2.357738912105560303e-01
3.450031876564025879e-01
3.791016936302185059e-01
1.643862128257751465e-01
2.925458252429962158e-01
1.912019550800323486e-01
1.910584568977355957e-01
3.655407428741455078e-01
3.288616538047790527e-01
3.451342582702636719e-01
2.491828352212905884e-01
3.495482504367828369e-01
2.857059240341186523e-01
2.987737059593200684e-01
3.152938783168792725e-01
3.113793432712554932e-01
4.579782485961914062e-01
2.042277455329895020e-01
5.498796105384826660e-01
2.425422966480255127e-01
2.977901399135589600e-01
1.346025764942169189e-01
3.575267791748046875e-01
1.704133749008178711e-01
3.590241670608520508e-01
1.348954141139984131e-01
1.198318004608154297e-01
1.411213725805282593e-01
2.391258329153060913e-01
2.498830258846282959e-01
3.461241424083709717e-01
2.303157448768615723e-01
1.576413065195083618e-01
3.398260474205017090e-01
2.977073192596435547e-01
4.752985239028930664e-01
3.512957692146301270e-01
1.808041781187057495e-01
1.359415948390960693e-01
1.982086598873138428e-01
2.857952117919921875e-01
9.618198871612548828e-02
2.819712758064270020e-01
2.679204344749450684e-01
1.866050958633422852e-01
2.654629945755004883e-01
3.263351917266845703e-01
4.179488718509674072e-01
5.309220552444458008e-01
3.774185180664062500e-01
3.972055613994598389e-01
9.303792566061019897e-02
3.960221409797668457e-01
2.561173439025878906e-01
4.256595075130462646e-01
2.943061590194702148e-01
4.902164340019226074e-01
1.877571046352386475e-01
2.468290627002716064e-01
3.310510218143463135e-01
1.687514334917068481e-01
1.766682416200637817e-01
4.230585098266601562e-01
1.443885266780853271e-01
2.288052290678024292e-01
8.362977206707000732e-02
4.330031275749206543e-01
3.701590895652770996e-01
1.791661083698272705e-01
2.142462432384490967e-01
3.452085554599761963e-01
4.006711244583129883e-01
3.692088425159454346e-01
2.526673674583435059e-01
3.385640978813171387e-01
4.863919019699096680e-01
9.034794569015502930e-02
