4.172739982604980469e-01
4.941226541996002197e-01
2.647453248500823975e-01
5.384759902954101562e-01
4.100239872932434082e-01
2.518937885761260986e-01
5.192216634750366211e-01
4.112934470176696777e-01
7.824503183364868164e-01
4.464269280433654785e-01
4.336341023445129395e-01
5.243434906005859375e-01
5.849708318710327148e-01
2.791301608085632324e-01
3.287444114685058594e-01
3.129398524761199951e-01
3.107094168663024902e-01
2.270371317863464355e-01
3.160622715950012207e-01
4.355876743793487549e-01
3.656546771526336670e-01
3.644428849220275879e-01
2.979631423950195312e-01
2.323425114154815674e-01
4.955072999000549316e-01
4.241302907466888428e-01
4.016669392585754395e-01
3.436644077301025391e-01
2.957030534744262695e-01
4.506474137306213379e-01
4.311299026012420654e-01
4.302411377429962158e-01
5.188347101211547852e-01
2.337625175714492798e-01
4.284256994724273682e-01
2.679552435874938965e-01
4.409290552139282227e-01
3.741067647933959961e-01
5.678780674934387207e-01
3.884830772876739502e-01
2.904997766017913818e-01
2.863948345184326172e-01
3.856313228607177734e-01
4.694931209087371826e-01
4.697778522968292236e-01
8.359978199005126953e-01
2.887038588523864746e-01
3.988978862762451172e-01
4.878535866737365723e-01
4.146938323974609375e-01
4.345940351486206055e-01
3.066213428974151611e-01
4.678587913513183594e-01
4.166375696659088135e-01
1.735713183879852295e-01
3.263526260852813721e-01
2.763972878456115723e-01
2.508819997310638428e-01
4.456133842468261719e-01
4.548485577106475830e-01
2.246621251106262207e-01
2.177520245313644409e-01
3.409866392612457275e-01
3.465376198291778564e-01
5.028446316719055176e-01
3.596476912498474121e-01
2.677335441112518311e-01
1.690492928028106689e-01
3.705204725265502930e-01
1.921683549880981445e-01
4.097984433174133301e-01
2.314281910657882690e-01
3.863402605056762695e-01
5.052686333656311035e-01
1.615841835737228394e-01
2.269939184188842773e-01
2.312072664499282837e-01
5.695975422859191895e-01
4.662799239158630371e-01
5.813359618186950684e-01
7.235762476921081543e-01
3.201197385787963867e-01
4.817177951335906982e-01
2.205238342285156250e-01
2.717877626419067383e-01
4.101766347885131836e-01
6.400036811828613281e-01
3.439716696739196777e-01
2.960232496261596680e-01
3.381455838680267334e-01
5.024423599243164062e-01
2.376410067081451416e-01
3.114748001098632812e-01
2.690426707267761230e-01
3.494027554988861084e-01
4.165550470352172852e-01
3.552441596984863281e-01
3.791856765747070312e-01
5.738073587417602539e-01
4.129720628261566162e-01
4.194869995117187500e-01
3.903385996818542480e-01
3.999225497245788574e-01
2.510259747505187988e-01
3.252162337303161621e-01
2.920728325843811035e-01
7.406495809555053711e-01
3.543582856655120850e-01
1.997042000293731689e-01
2.848847210407257080e-01
5.153515338897705078e-01
2.281175106763839722e-01
4.496960639953613281e-01
4.061756432056427002e-01
1.676678359508514404e-01
2.467163354158401489e-01
3.440550267696380615e-01
5.057414770126342773e-01
4.830654263496398926e-01
4.384767711162567139e-01
2.850942909717559814e-01
4.014244377613067627e-01
6.016792654991149902e-01
4.749543964862823486e-01
3.255116641521453857e-01
3.709648251533508301e-01
4.584016501903533936e-01
3.734110891819000244e-01
2.598096132278442383e-01
2.633724808692932129e-01
3.208542168140411377e-01
4.546098113059997559e-01
5.189086794853210449e-01
3.483952879905700684e-01
4.245457053184509277e-01
3.962533473968505859e-01
3.689270913600921631e-01
4.877385497093200684e-01
4.101322889328002930e-01
3.955281376838684082e-01
1.015908047556877136e-01
2.800004184246063232e-01
2.348180115222930908e-01
4.550701081752777100e-01
3.154472708702087402e-01
1.958935856819152832e-01
4.881902635097503662e-01
3.370780348777770996e-01
4.194897413253784180e-01
1.619379520416259766e-01
5.614289045333862305e-01
5.625879764556884766e-01
4.576733112335205078e-01
4.391346275806427002e-01
1.922523379325866699e-01
2.700102329254150391e-01
2.021062076091766357e-01
3.546327054500579834e-01
4.420455396175384521e-01
5.110076069831848145e-01
5.277634263038635254e-01
3.979643583297729492e-01
5.114947557449340820e-01
3.665727376937866211e-01
7.697491645812988281e-01
2.516435980796813965e-01
5.500447750091552734e-01
3.043695986270904541e-01
3.771651983261108398e-01
3.606362342834472656e-01
2.984408140182495117e-01
4.572554826736450195e-01
3.302799463272094727e-01
3.477170467376708984e-01
2.218260616064071655e-01
4.014050066471099854e-01
3.455168604850769043e-01
3.999120891094207764e-01
5.405724644660949707e-01
3.834124207496643066e-01
1.606228351593017578e-01
4.183353781700134277e-01
3.695061206817626953e-01
4.923821985721588135e-01
3.349871635437011719e-01
2.065274864435195923e-01
4.632294774055480957e-01
3.082545995712280273e-01
3.484734296798706055e-01
2.505575418472290039e-01
2.394496798515319824e-01
3.637349307537078857e-01
1.945243477821350098e-01
4.040753245353698730e-01
4.213255047798156738e-01
3.580178320407867432e-01
4.772192239761352539e-01
4.822485446929931641e-01
2.824751734733581543e-01
1.946543157100677490e-01
3.994907140731811523e-01
2.887004017829895020e-01
3.857443034648895264e-01
1.779062747955322266e-01
2.340066730976104736e-01
3.134147524833679199e-01
2.793607711791992188e-01
4.669090509414672852e-01
3.075377941131591797e-01
3.502121865749359131e-01
3.757982254028320312e-01
3.735906481742858887e-01
2.887091040611267090e-01
3.290829658508300781e-01
4.691565036773681641e-01
1.453531682491302490e-01
2.126408070325851440e-01
3.578818440437316895e-01
3.891971111297607422e-01
8.272740244865417480e-01
2.004895806312561035e-01
6.566793918609619141e-01
4.317984580993652344e-01
3.562936186790466309e-01
3.326427638530731201e-01
3.013572096824645996e-01
3.063460588455200195e-01
3.185598850250244141e-01
5.721520185470581055e-01
4.634481668472290039e-01
3.646939694881439209e-01
3.341159820556640625e-01
4.021430015563964844e-01
3.918096721172332764e-01
5.697475075721740723e-01
5.467249155044555664e-01
4.093043506145477295e-01
2.889156341552734375e-01
2.548732459545135498e-01
3.123822510242462158e-01
3.862680792808532715e-01
3.016014695167541504e-01
3.478527665138244629e-01
8.009328842163085938e-01
3.779322504997253418e-01
6.453248858451843262e-01
3.266598582267761230e-01
2.746068537235260010e-01
4.420551955699920654e-01
4.000472426414489746e-01
2.972257137298583984e-01
4.486104846000671387e-01
1.768298745155334473e-01
2.821075320243835449e-01
2.370504736900329590e-01
5.029758214950561523e-01
9.644389748573303223e-01
3.123725354671478271e-01
4.217772781848907471e-01
2.507947087287902832e-01
4.203028976917266846e-01
3.956733345985412598e-01
4.547633528709411621e-01
8.359226584434509277e-01
2.310599386692047119e-01
3.806906342506408691e-01
3.830617368221282959e-01
4.559418261051177979e-01
5.492832660675048828e-01
4.631966650485992432e-01
2.809544801712036133e-01
3.592886924743652344e-01
6.339591741561889648e-01
2.621692419052124023e-01
5.078797936439514160e-01
5.659500360488891602e-01
3.994832634925842285e-01
5.107473134994506836e-01
2.900308668613433838e-01
2.715341150760650635e-01
4.611675739288330078e-01
6.566594243049621582e-01
2.393298894166946411e-01
3.342176079750061035e-01
3.373989462852478027e-01
3.331257402896881104e-01
2.279955893754959106e-01
1.358401030302047729e-01
4.178084135055541992e-01
8.290305137634277344e-01
4.786086678504943848e-01
4.171765446662902832e-01
4.643268287181854248e-01
8.270550370216369629e-01
6.343975067138671875e-01
4.397630691528320312e-01
5.660077333450317383e-01
5.838901996612548828e-01
5.161095857620239258e-01
5.586193799972534180e-01
3.609219491481781006e-01
3.291307687759399414e-01
4.297878146171569824e-01
1.718014180660247803e-01
4.321488142013549805e-01
4.550659060478210449e-01
2.268227785825729370e-01
2.329300045967102051e-01
6.433894038200378418e-01
3.722811937332153320e-01
4.296136200428009033e-01
4.866561889648437500e-01
5.943343639373779297e-01
4.100791811943054199e-01
5.693695545196533203e-01
4.787918627262115479e-01
3.872708976268768311e-01
3.648434877395629883e-01
4.003513455390930176e-01
3.220544457435607910e-01
6.202163696289062500e-01
2.171818464994430542e-01
2.620016336441040039e-01
2.650409638881683350e-01
2.397250533103942871e-01
4.241497218608856201e-01
3.101839423179626465e-01
2.405354827642440796e-01
6.976322531700134277e-01
2.380677163600921631e-01
3.358635008335113525e-01
2.739459276199340820e-01
3.713968396186828613e-01
3.518914878368377686e-01
7.021636962890625000e-01
4.909976124763488770e-01
2.067355215549468994e-01
2.308935523033142090e-01
3.911982178688049316e-01
2.114382386207580566e-01
5.473598241806030273e-01
3.981945514678955078e-01
2.126467525959014893e-01
2.381528317928314209e-01
5.780962705612182617e-01
3.026120066642761230e-01
6.521252393722534180e-01
2.558528184890747070e-01
2.807697951793670654e-01
4.389582276344299316e-01
7.377089262008666992e-01
5.429453849792480469e-01
2.247862517833709717e-01
6.835833787918090820e-01
3.189651668071746826e-01
1.165028661489486694e-01
3.218473792076110840e-01
2.643279433250427246e-01
2.580763101577758789e-01
4.740404486656188965e-01
5.428960323333740234e-01
4.952978193759918213e-01
3.744406402111053467e-01
4.530860781669616699e-01
4.541408419609069824e-01
2.498509287834167480e-01
5.913619399070739746e-01
1.966099739074707031e-01
1.787858307361602783e-01
2.384930849075317383e-01
5.948920249938964844e-01
2.436102479696273804e-01
2.194465994834899902e-01
1.769630759954452515e-01
2.162342369556427002e-01
2.050182521343231201e-01
3.579434156417846680e-01
4.299355149269104004e-01
3.490594029426574707e-01
5.309709310531616211e-01
6.037247180938720703e-01
6.872771978378295898e-01
6.350461840629577637e-01
4.847541749477386475e-01
4.481485486030578613e-01
1.905026882886886597e-01
4.212009608745574951e-01
3.197471499443054199e-01
4.403389692306518555e-01
3.531257510185241699e-01
5.440526008605957031e-01
1.907588243484497070e-01
1.861763745546340942e-01
3.941650390625000000e-01
2.709706425666809082e-01
4.121371209621429443e-01
4.740959703922271729e-01
4.667899608612060547e-01
4.441461563110351562e-01
3.553833365440368652e-01
6.036116480827331543e-01
3.523490428924560547e-01
6.268413066864013672e-01
5.840848684310913086e-01
4.345690011978149414e-01
4.943177700042724609e-01
2.783295214176177979e-01
4.182929396629333496e-01
5.923407077789306641e-01
3.482861816883087158e-01
4.444296360015869141e-01
4.769780039787292480e-01
3.736619651317596436e-01
4.273141622543334961e-01
1.713775694370269775e-01
4.547052979469299316e-01
4.782413244247436523e-01
1.740750372409820557e-01
4.271443486213684082e-01
2.925149798393249512e-01
3.188447952270507812e-01
5.838117599487304688e-01
1.742837131023406982e-01
3.259089291095733643e-01
5.581635236740112305e-01
3.619927167892456055e-01
3.703410029411315918e-01
5.425144433975219727e-01
5.320295691490173340e-01
6.009149551391601562e-01
9.710754156112670898e-01
2.656160593032836914e-01
3.021883368492126465e-01
4.173123538494110107e-01
7.034554481506347656e-01
3.098915219306945801e-01
2.922268509864807129e-01
3.357810378074645996e-01
3.724552690982818604e-01
4.041410684585571289e-01
3.828255832195281982e-01
2.011885493993759155e-01
1.773834824562072754e-01
5.941279530525207520e-01
5.486747026443481445e-01
2.188999652862548828e-01
3.438410758972167969e-01
3.011268973350524902e-01
1.523350328207015991e-01
5.838850140571594238e-01
2.573809027671813965e-01
2.419136762619018555e-01
3.186970055103302002e-01
2.334629148244857788e-01
6.052541136741638184e-01
3.697463870048522949e-01
3.786579668521881104e-01
2.121422588825225830e-01
2.952810525894165039e-01
4.299558401107788086e-01
4.316645860671997070e-01
1.346703171730041504e-01
2.182768583297729492e-01
4.183506965637207031e-01
2.877388596534729004e-01
2.672219872474670410e-01
2.027207463979721069e-01
2.330658286809921265e-01
3.388742208480834961e-01
4.515590667724609375e-01
3.643584847450256348e-01
4.246028661727905273e-01
3.226626217365264893e-01
3.716569244861602783e-01
2.714581489562988281e-01
3.341984748840332031e-01
3.122108578681945801e-01
3.042755126953125000e-01
2.527378499507904053e-01
5.874450206756591797e-01
2.423148155212402344e-01
6.582240462303161621e-01
4.501301944255828857e-01
4.383078515529632568e-01
4.703533649444580078e-01
4.722020328044891357e-01
2.608464956283569336e-01
2.209395170211791992e-01
4.051077365875244141e-01
3.021843433380126953e-01
2.233422398567199707e-01
4.320102334022521973e-01
4.196147620677947998e-01
2.253037244081497192e-01
3.795457184314727783e-01
1.548623591661453247e-01
4.884511828422546387e-01
1.823220700025558472e-01
4.540082216262817383e-01
2.151289284229278564e-01
2.087763547897338867e-01
5.400130748748779297e-01
3.504484891891479492e-01
2.648080885410308838e-01
2.905872464179992676e-01
5.566364526748657227e-01
3.198998272418975830e-01
7.425614595413208008e-01
3.718098402023315430e-01
1.576114892959594727e-01
6.944414973258972168e-01
3.963279128074645996e-01
3.912127614021301270e-01
4.131003618240356445e-01
2.520359158515930176e-01
4.684273302555084229e-01
3.621549606323242188e-01
4.557767212390899658e-01
2.767269611358642578e-01
6.592357158660888672e-01
3.352209329605102539e-01
2.280329912900924683e-01
2.013233304023742676e-01
5.376936197280883789e-01
3.326333165168762207e-01
5.324590206146240234e-01
2.268764823675155640e-01
4.980942606925964355e-01
4.774326384067535400e-01
2.636084258556365967e-01
5.716219544410705566e-01
3.177756369113922119e-01
4.530450701713562012e-01
4.347410202026367188e-01
3.545765280723571777e-01
4.535691738128662109e-01
2.565460503101348877e-01
2.600651979446411133e-01
3.534178733825683594e-01
3.127535879611968994e-01
3.867414593696594238e-01
3.049946427345275879e-01
3.844747841358184814e-01
4.115705192089080811e-01
6.316303610801696777e-01
3.928647041320800781e-01
5.374583601951599121e-01
2.606695890426635742e-01
3.018674254417419434e-01
2.776943743228912354e-01
1.720789372920989990e-01
3.758984804153442383e-01
3.544991016387939453e-01
3.500440120697021484e-01
3.809221386909484863e-01
5.394336581230163574e-01
5.713782906532287598e-01
3.549230396747589111e-01
2.811106443405151367e-01
4.841518402099609375e-01
2.968758940696716309e-01
2.919161319732666016e-01
7.622611522674560547e-01
3.417228162288665771e-01
5.422908067703247070e-01
7.796290516853332520e-01
4.331132173538208008e-01
4.546709954738616943e-01
6.442271471023559570e-01
5.742415189743041992e-01
4.027889966964721680e-01
4.302260577678680420e-01
3.052792847156524658e-01
1.600740402936935425e-01
3.990095257759094238e-01
4.156545996665954590e-01
5.732811093330383301e-01
8.347698450088500977e-01
6.055521368980407715e-01
4.483896791934967041e-01
3.423210382461547852e-01
2.256634235382080078e-01
3.690065741539001465e-01
2.737800478935241699e-01
3.613204360008239746e-01
2.174205780029296875e-01
3.540753424167633057e-01
3.249510526657104492e-01
5.806892514228820801e-01
2.760890722274780273e-01
3.734666705131530762e-01
2.814266383647918701e-01
2.737681567668914795e-01
2.257280647754669189e-01
5.242081880569458008e-01
4.237763285636901855e-01
3.184297084808349609e-01
2.624405026435852051e-01
6.628088355064392090e-01
4.289355576038360596e-01
4.676824212074279785e-01
2.778127491474151611e-01
3.823879063129425049e-01
3.078403472900390625e-01
5.583292245864868164e-01
4.760481715202331543e-01
2.747971415519714355e-01
1.438033729791641235e-01
4.714630842208862305e-01
3.399900794029235840e-01
5.334510803222656250e-01
5.572536587715148926e-01
3.895466625690460205e-01
4.551371037960052490e-01
4.531165659427642822e-01
2.475098073482513428e-01
3.694803118705749512e-01
3.275540769100189209e-01
5.879030227661132812e-01
4.066792726516723633e-01
4.974683523178100586e-01
3.021153211593627930e-01
3.256964981555938721e-01
6.007601618766784668e-01
3.311067223548889160e-01
4.158013164997100830e-01
2.339772731065750122e-01
3.196583986282348633e-01
3.798120915889739990e-01
4.719457328319549561e-01
2.357605248689651489e-01
3.685851097106933594e-01
4.619887471199035645e-01
2.715229988098144531e-01
4.450275301933288574e-01
2.820063531398773193e-01
5.082057714462280273e-01
3.935886025428771973e-01
4.822436869144439697e-01
3.139960765838623047e-01
3.367091417312622070e-01
3.469310700893402100e-01
1.686086952686309814e-01
4.511663317680358887e-01
3.711624145507812500e-01
5.260299444198608398e-01
3.014696240425109863e-01
4.116048216819763184e-01
3.092226386070251465e-01
5.720388889312744141e-01
5.569394826889038086e-01
2.958599627017974854e-01
2.491838783025741577e-01
4.387071728706359863e-01
2.565816938877105713e-01
3.222289979457855225e-01
2.579720318317413330e-01
6.308358907699584961e-01
4.179097414016723633e-01
2.911361157894134521e-01
3.256576657295227051e-01
4.390532374382019043e-01
5.279812812805175781e-01
3.689177632331848145e-01
1.981108188629150391e-01
3.596282899379730225e-01
3.002555370330810547e-01
4.276872575283050537e-01
3.552188873291015625e-01
3.995546400547027588e-01
3.450148105621337891e-01
3.481964468955993652e-01
4.115782678127288818e-01
3.712233006954193115e-01
1.978783011436462402e-01
2.853526175022125244e-01
5.930657982826232910e-01
1.780264973640441895e-01
4.314850568771362305e-01
3.374270200729370117e-01
3.434459865093231201e-01
6.009221673011779785e-01
2.188350260257720947e-01
3.629705905914306641e-01
3.126146197319030762e-01
5.579431056976318359e-01
4.626065492630004883e-01
2.135808467864990234e-01
4.528754353523254395e-01
3.087853789329528809e-01
4.523188471794128418e-01
2.208713144063949585e-01
4.893009066581726074e-01
2.821416258811950684e-01
1.658853143453598022e-01
4.292586445808410645e-01
1.729902327060699463e-01
7.733026742935180664e-01
3.902315795421600342e-01
3.875920176506042480e-01
5.930070877075195312e-01
2.358435988426208496e-01
3.178854584693908691e-01
6.982210278511047363e-01
1.826952099800109863e-01
4.071865081787109375e-01
3.227813839912414551e-01
4.514482617378234863e-01
4.383225440979003906e-01
3.844469487667083740e-01
2.577755749225616455e-01
4.567306637763977051e-01
4.849154949188232422e-01
3.685580193996429443e-01
5.975844264030456543e-01
4.322333633899688721e-01
5.436794757843017578e-01
5.804500579833984375e-01
4.803388714790344238e-01
1.856831312179565430e-01
4.997991919517517090e-01
5.174162983894348145e-01
2.515923380851745605e-01
3.727400302886962891e-01
5.184592008590698242e-01
1.492885798215866089e-01
5.363215804100036621e-01
1.841913014650344849e-01
2.905504107475280762e-01
3.033078908920288086e-01
4.370848834514617920e-01
4.456949830055236816e-01
3.469726443290710449e-01
3.057486712932586670e-01
2.653526365756988525e-01
3.486899137496948242e-01
3.256389498710632324e-01
1.996357291936874390e-01
2.837088704109191895e-01
4.192648828029632568e-01
3.499190807342529297e-01
5.066081285476684570e-01
3.333198726177215576e-01
3.878425061702728271e-01
3.693261146545410156e-01
3.118088543415069580e-01
4.554729461669921875e-01
2.385939359664916992e-01
3.846207261085510254e-01
3.788520395755767822e-01
2.761917412281036377e-01
4.059364199638366699e-01
4.574152231216430664e-01
3.359122872352600098e-01
3.773744702339172363e-01
7.484881281852722168e-01
2.737947106361389160e-01
2.246475666761398315e-01
4.037586152553558350e-01
2.448700070381164551e-01
4.426369071006774902e-01
2.343575805425643921e-01
5.015245676040649414e-01
5.309629440307617188e-01
6.028865575790405273e-01
3.451169729232788086e-01
6.202800273895263672e-01
2.206880450248718262e-01
6.329856514930725098e-01
2.404721975326538086e-01
6.537916660308837891e-01
6.841892004013061523e-01
5.511760115623474121e-01
3.081535100936889648e-01
3.624359667301177979e-01
5.348837971687316895e-01
5.056451559066772461e-01
4.199130535125732422e-01
2.244526892900466919e-01
3.242712914943695068e-01
3.469306826591491699e-01
3.717522323131561279e-01
3.659862577915191650e-01
4.593258500099182129e-01
4.499694108963012695e-01
3.781240582466125488e-01
2.873612642288208008e-01
8.339353203773498535e-01
2.344552427530288696e-01
5.452912449836730957e-01
4.653956294059753418e-01
4.406949281692504883e-01
5.516108274459838867e-01
5.489164590835571289e-01
2.236343771219253540e-01
4.604293107986450195e-01
2.891215085983276367e-01
2.506780326366424561e-01
3.038945198059082031e-01
3.336362838745117188e-01
3.783091008663177490e-01
5.331185460090637207e-01
6.183809638023376465e-01
3.974997401237487793e-01
3.366997838020324707e-01
3.027401864528656006e-01
3.009419441223144531e-01
5.349993705749511719e-01
3.578101098537445068e-01
2.767353653907775879e-01
3.231708407402038574e-01
3.146575689315795898e-01
3.272290229797363281e-01
2.971177697181701660e-01
1.012198552489280701e-01
5.746736526489257812e-01
3.544941246509552002e-01
4.665127098560333252e-01
6.674759387969970703e-01
3.724610507488250732e-01
5.347450971603393555e-01
4.940125048160552979e-01
2.466135621070861816e-01
5.272725820541381836e-01
1.798726320266723633e-01
4.354359507560729980e-01
1.814314126968383789e-01
3.866341114044189453e-01
5.153013467788696289e-01
5.724083185195922852e-01
1.849610358476638794e-01
4.002186655998229980e-01
4.391420483589172363e-01
1.702647656202316284e-01
6.803051233291625977e-01
3.754671216011047363e-01
2.572461068630218506e-01
3.859053552150726318e-01
4.836294054985046387e-01
3.961702585220336914e-01
2.042926251888275146e-01
5.039223432540893555e-01
3.893083333969116211e-01
3.788147568702697754e-01
4.688207805156707764e-01
1.613153964281082153e-01
3.306889832019805908e-01
2.528579235076904297e-01
2.869915366172790527e-01
2.341035157442092896e-01
4.056261777877807617e-01
2.569006085395812988e-01
4.677466154098510742e-01
3.798511028289794922e-01
2.371728271245956421e-01
3.339496850967407227e-01
1.749656647443771362e-01
5.084590911865234375e-01
3.850478529930114746e-01
2.264494895935058594e-01
3.866684138774871826e-01
6.252816319465637207e-01
4.391631782054901123e-01
5.134215950965881348e-01
3.067378997802734375e-01
4.207847416400909424e-01
1.909064352512359619e-01
4.287640750408172607e-01
5.449348688125610352e-01
3.911246061325073242e-01
4.603614211082458496e-01
3.600333034992218018e-01
3.706074059009552002e-01
4.194309413433074951e-01
4.891431629657745361e-01
2.598154246807098389e-01
5.596567392349243164e-01
4.483236074447631836e-01
4.479690790176391602e-01
6.356019377708435059e-01
3.036196827888488770e-01
6.394550204277038574e-01
3.176332116127014160e-01
4.825254082679748535e-01
1.574319005012512207e-01
3.806706070899963379e-01
3.816703855991363525e-01
3.486765027046203613e-01
5.037221312522888184e-01
2.260959148406982422e-01
2.432945072650909424e-01
2.027675509452819824e-01
3.439677059650421143e-01
4.910638332366943359e-01
3.397344350814819336e-01
3.736967146396636963e-01
1.260930001735687256e-01
4.099761545658111572e-01
2.987490892410278320e-01
4.950202107429504395e-01
3.341877162456512451e-01
3.346110582351684570e-01
1.492777168750762939e-01
2.662959992885589600e-01
4.090133309364318848e-01
3.187575638294219971e-01
3.165344893932342529e-01
3.138051331043243408e-01
4.328289926052093506e-01
2.096267789602279663e-01
5.286520719528198242e-01
3.307126164436340332e-01
6.320687532424926758e-01
4.871528446674346924e-01
4.182037711143493652e-01
3.402134776115417480e-01
5.545724034309387207e-01
1.216590106487274170e-01
4.361794888973236084e-01
5.466622710227966309e-01
2.528610527515411377e-01
2.957118153572082520e-01
2.860348522663116455e-01
3.441717922687530518e-01
4.736688137054443359e-01
2.434078752994537354e-01
5.373432636260986328e-01
2.783347368240356445e-01
1.927725076675415039e-01
9.860315918922424316e-02
5.736345052719116211e-01
2.962977886199951172e-01
2.996314465999603271e-01
3.854058086872100830e-01
3.281050920486450195e-01
6.263366937637329102e-01
3.985471129417419434e-01
4.306671023368835449e-01
3.946325182914733887e-01
2.522723972797393799e-01
5.034260749816894531e-01
2.490994632244110107e-01
9.501823186874389648e-01
3.210363388061523438e-01
2.201958298683166504e-01
1.807935386896133423e-01
2.482416331768035889e-01
3.429477214813232422e-01
5.039376020431518555e-01
3.309953808784484863e-01
4.929747283458709717e-01
4.198160171508789062e-01
4.044796824455261230e-01
3.671152591705322266e-01
4.379238486289978027e-01
3.675565719604492188e-01
5.401057600975036621e-01
1.980493366718292236e-01
3.428150713443756104e-01
2.407745122909545898e-01
5.718287229537963867e-01
5.052770376205444336e-01
4.096026718616485596e-01
2.791637182235717773e-01
4.133636951446533203e-01
5.563294887542724609e-01
3.390607833862304688e-01
3.399126529693603516e-01
2.901236116886138916e-01
1.954323053359985352e-01
5.078797340393066406e-01
4.806876182556152344e-01
2.332715392112731934e-01
5.751941204071044922e-01
3.462107479572296143e-01
2.443772852420806885e-01
2.943594157695770264e-01
3.293296694755554199e-01
3.415912389755249023e-01
6.658142805099487305e-01
3.961258530616760254e-01
2.462882548570632935e-01
1.383140087127685547e-01
5.153088569641113281e-01
4.760319888591766357e-01
3.776880502700805664e-01
4.876453578472137451e-01
5.264417529106140137e-01
3.738875389099121094e-01
5.289548039436340332e-01
3.100017011165618896e-01
5.533851385116577148e-01
3.085090219974517822e-01
4.936388134956359863e-01
6.924035549163818359e-01
5.338944792747497559e-01
8.979564905166625977e-01
2.813891172409057617e-01
5.765213966369628906e-01
3.617623150348663330e-01
5.004426240921020508e-01
3.478263020515441895e-01
2.504908442497253418e-01
3.767113685607910156e-01
3.468492627143859863e-01
5.523752570152282715e-01
2.157850414514541626e-01
4.111956357955932617e-01
3.438233435153961182e-01
5.823758840560913086e-01
1.986504793167114258e-01
2.594645321369171143e-01
2.601076364517211914e-01
4.250295162200927734e-01
3.016528487205505371e-01
5.170279741287231445e-01
5.857199430465698242e-01
4.068904221057891846e-01
4.931034445762634277e-01
5.616680383682250977e-01
2.947588562965393066e-01
2.764265537261962891e-01
4.117498993873596191e-01
3.582454323768615723e-01
3.509434461593627930e-01
4.757013022899627686e-01
6.174929141998291016e-01
4.017029702663421631e-01
3.651751875877380371e-01
3.032849431037902832e-01
4.329116344451904297e-01
4.156200885772705078e-01
4.283476769924163818e-01
5.027896165847778320e-01
7.176918387413024902e-01
7.812039256095886230e-01
1.946777552366256714e-01
5.473504662513732910e-01
2.612441778182983398e-01
7.093079090118408203e-01
4.436883032321929932e-01
3.724561929702758789e-01
3.732784688472747803e-01
2.024457454681396484e-01
3.625206053256988525e-01
5.461222529411315918e-01
3.429508805274963379e-01
6.617218852043151855e-01
2.967068552970886230e-01
4.489614367485046387e-01
3.699529767036437988e-01
4.333963394165039062e-01
2.919447422027587891e-01
1.697466373443603516e-01
2.897387742996215820e-01
2.073918431997299194e-01
3.177099823951721191e-01
2.836660146713256836e-01
3.301744759082794189e-01
4.507683515548706055e-01
2.093148231506347656e-01
4.389675557613372803e-01
3.513978421688079834e-01
1.832976788282394409e-01
1.789017021656036377e-01
4.443376064300537109e-01
4.940732419490814209e-01
4.763404130935668945e-01
1.736927777528762817e-01
3.425284028053283691e-01
4.395521879196166992e-01
2.677324116230010986e-01
2.261582612991333008e-01
2.855116128921508789e-01
7.417954206466674805e-01
5.029662847518920898e-01
3.288229703903198242e-01
3.704210221767425537e-01
4.010840654373168945e-01
1.807046532630920410e-01
7.739185094833374023e-01
4.113629162311553955e-01
2.937707602977752686e-01
2.658395171165466309e-01
4.471182525157928467e-01
3.172256052494049072e-01
3.933500051498413086e-01
2.114349752664566040e-01
2.679227292537689209e-01
2.069455385208129883e-01
4.120931625366210938e-01
5.153258442878723145e-01
1.969790160655975342e-01
2.292162179946899414e-01
4.575306177139282227e-01
3.534827530384063721e-01
1.933764219284057617e-01
4.159544706344604492e-01
5.144603252410888672e-01
3.539546132087707520e-01
1.409614384174346924e-01
4.004808664321899414e-01
1.351757198572158813e-01
2.996523082256317139e-01
7.112871408462524414e-01
5.057573914527893066e-01
3.421500325202941895e-01
5.320960879325866699e-01
3.012992739677429199e-01
6.254681348800659180e-01
4.926622509956359863e-01
4.356872737407684326e-01
4.926655888557434082e-01
4.383885264396667480e-01
4.759250879287719727e-01
6.094235181808471680e-01
3.215199410915374756e-01
3.574083447456359863e-01
3.503054380416870117e-01
5.236122608184814453e-01
2.150811254978179932e-01
3.474533259868621826e-01
3.213931620121002197e-01
3.152464032173156738e-01
7.231286764144897461e-01
4.932765364646911621e-01
3.599363565444946289e-01
3.202165365219116211e-01
4.366336166858673096e-01
2.873700261116027832e-01
1.618179976940155029e-01
2.721852958202362061e-01
4.623647928237915039e-01
4.995971918106079102e-01
7.823804616928100586e-01
8.223540782928466797e-01
2.772492468357086182e-01
3.842452168464660645e-01
3.693051636219024658e-01
2.838906347751617432e-01
3.747472465038299561e-01
3.085129261016845703e-01
3.121881484985351562e-01
4.750047922134399414e-01
4.066632986068725586e-01
4.375911355018615723e-01
7.135777473449707031e-01
4.539054036140441895e-01
4.403342902660369873e-01
3.864735960960388184e-01
5.179114341735839844e-01
4.010989665985107422e-01
6.000673770904541016e-01
2.562656402587890625e-01
1.819597184658050537e-01
4.684025645256042480e-01
4.077965617179870605e-01
4.211488962173461914e-01
4.477468132972717285e-01
2.483530938625335693e-01
2.475939095020294189e-01
2.490967363119125366e-01
4.746065735816955566e-01
5.141193866729736328e-01
4.968309998512268066e-01
2.938178181648254395e-01
4.337875247001647949e-01
3.846399188041687012e-01
2.933562994003295898e-01
4.431518018245697021e-01
2.762118875980377197e-01
4.625707864761352539e-01
4.246709346771240234e-01
3.621935248374938965e-01
2.246247231960296631e-01
3.275330960750579834e-01
2.903804183006286621e-01
4.570687711238861084e-01
1.706552207469940186e-01
4.708340764045715332e-01
4.280916452407836914e-01
5.684000253677368164e-01
4.644045829772949219e-01
4.149602055549621582e-01
3.115950822830200195e-01
3.070592284202575684e-01
2.319066673517227173e-01
2.822089791297912598e-01
2.618087530136108398e-01
4.694250822067260742e-01
3.194840848445892334e-01
5.819599628448486328e-01
3.111669123172760010e-01
5.164174437522888184e-01
2.200612574815750122e-01
3.453033566474914551e-01
1.208608373999595642e-01
2.515452802181243896e-01
2.153948843479156494e-01
3.839773237705230713e-01
3.914689123630523682e-01
4.298479855060577393e-01
3.153282403945922852e-01
4.288594722747802734e-01
1.768563091754913330e-01
2.532576322555541992e-01
3.395168185234069824e-01
2.881799936294555664e-01
8.871933817863464355e-01
2.349018603563308716e-01
5.170170068740844727e-01
4.304221868515014648e-01
7.309321165084838867e-01
3.239295482635498047e-01
4.838318824768066406e-01
3.154817819595336914e-01
4.626068472862243652e-01
3.711753189563751221e-01
2.316442131996154785e-01
5.363919734954833984e-01
5.787330865859985352e-01
5.036869049072265625e-01
1.730307638645172119e-01
4.073715209960937500e-01
3.564603626728057861e-01
4.665416479110717773e-01
4.232050776481628418e-01
4.288572669029235840e-01
4.475957155227661133e-01
4.306203722953796387e-01
5.732049942016601562e-01
3.738286495208740234e-01
5.358539223670959473e-01
2.942529022693634033e-01
6.542568802833557129e-01
6.504328250885009766e-01
2.728950977325439453e-01
1.568949669599533081e-01
3.856759667396545410e-01
5.017291903495788574e-01
5.404809117317199707e-01
5.913490056991577148e-01
5.696883797645568848e-01
3.501953482627868652e-01
2.741076648235321045e-01
1.479573696851730347e-01
