2.919070720672607422e-01
1.512650698423385620e-01
1.119303107261657715e-01
4.638202488422393799e-02
2.136256098747253418e-01
1.053834483027458191e-01
1.659867912530899048e-01
2.169271111488342285e-01
1.516002416610717773e-01
1.821322441101074219e-01
3.230594694614410400e-01
9.527383744716644287e-02
2.638845145702362061e-01
2.040923535823822021e-01
3.823560476303100586e-01
3.608324378728866577e-02
4.505837336182594299e-02
3.778562545776367188e-01
2.847473621368408203e-01
6.547086238861083984e-01
2.908464372158050537e-01
1.556769758462905884e-01
1.984312385320663452e-01
1.045332551002502441e-01
2.219952493906021118e-01
1.252360343933105469e-01
8.438463509082794189e-02
1.779454648494720459e-01
2.020256221294403076e-01
3.232306838035583496e-01
1.274782419204711914e-01
1.473132073879241943e-01
1.652471870183944702e-01
2.311938405036926270e-01
6.828203797340393066e-02
1.771637797355651855e-01
7.599615305662155151e-02
4.462973475456237793e-01
2.129442989826202393e-01
2.556537389755249023e-01
1.123823449015617371e-01
3.198316693305969238e-01
3.021765649318695068e-01
1.653999388217926025e-01
4.029391407966613770e-01
7.276125997304916382e-02
8.830514550209045410e-02
1.247486174106597900e-01
2.234686017036437988e-01
1.188760101795196533e-01
1.155003607273101807e-01
6.015730649232864380e-02
6.604858487844467163e-02
4.788482934236526489e-02
1.991622745990753174e-01
2.042329907417297363e-01
3.937469422817230225e-01
3.453744351863861084e-01
5.791202187538146973e-02
2.466457635164260864e-01
2.361996024847030640e-01
3.009296655654907227e-01
1.043365150690078735e-01
2.297719120979309082e-01
1.692050695419311523e-01
6.173666939139366150e-02
1.456920057535171509e-01
3.369595482945442200e-02
3.122289292514324188e-02
1.872959733009338379e-01
2.596278488636016846e-01
1.379009187221527100e-01
6.951126456260681152e-02
3.366785496473312378e-02
1.871446073055267334e-01
1.163140088319778442e-01
1.145121604204177856e-01
7.178632169961929321e-02
7.094047218561172485e-02
1.244689002633094788e-01
1.167864799499511719e-01
2.201346904039382935e-01
2.530376911163330078e-01
1.151409000158309937e-01
3.725602626800537109e-01
4.395675361156463623e-01
3.032869994640350342e-01
3.819712251424789429e-02
1.706280261278152466e-01
3.338036537170410156e-01
5.084092915058135986e-02
3.635417222976684570e-01
2.082023918628692627e-01
1.991645991802215576e-01
8.755302429199218750e-02
3.739397823810577393e-01
4.732740521430969238e-01
2.718259990215301514e-01
1.602519750595092773e-01
1.694602072238922119e-01
7.209362089633941650e-02
5.133333802223205566e-02
1.690706908702850342e-01
1.976165622472763062e-01
2.638932466506958008e-01
1.159014701843261719e-01
2.042893618345260620e-01
9.393337368965148926e-02
1.782573610544204712e-01
5.694568902254104614e-02
1.544509828090667725e-01
7.358381897211074829e-02
3.047901988029479980e-01
7.263515889644622803e-02
7.658343017101287842e-02
9.954089671373367310e-02
2.989750802516937256e-01
2.627000212669372559e-01
1.566890776157379150e-01
6.830616295337677002e-02
2.649085521697998047e-01
3.252108767628669739e-02
1.190944612026214600e-01
1.979983299970626831e-01
1.042296737432479858e-01
1.463304013013839722e-01
1.736781299114227295e-01
1.666548848152160645e-01
3.270303010940551758e-01
3.813645243644714355e-01
1.285886168479919434e-01
1.811527609825134277e-01
1.923048198223114014e-01
1.453394889831542969e-01
9.019027650356292725e-02
7.102321088314056396e-02
1.845347434282302856e-01
1.092414930462837219e-01
7.381942868232727051e-02
2.464026212692260742e-01
1.630023568868637085e-01
8.603257685899734497e-02
3.160683512687683105e-01
5.297327786684036255e-02
4.631385207176208496e-02
2.785585820674896240e-01
2.391613125801086426e-01
2.130203545093536377e-01
3.814860805869102478e-02
9.445329010486602783e-02
2.812205553054809570e-01
2.488158047199249268e-01
8.458897471427917480e-02
1.065982282161712646e-01
7.767370343208312988e-02
1.613897830247879028e-01
2.753183841705322266e-01
1.247394680976867676e-01
2.445610910654067993e-01
8.888622373342514038e-02
2.020952105522155762e-01
1.551508456468582153e-01
1.439023017883300781e-01
1.476317197084426880e-01
2.235582768917083740e-01
1.317185163497924805e-01
1.562049984931945801e-01
2.377783060073852539e-01
9.975333511829376221e-02
7.716216146945953369e-02
1.255533397197723389e-01
1.620102971792221069e-01
3.827045857906341553e-02
4.648533090949058533e-02
1.588484197854995728e-01
1.265607327222824097e-01
1.048721298575401306e-01
1.616207510232925415e-01
2.787053287029266357e-01
3.420361876487731934e-01
2.884941697120666504e-01
2.336882948875427246e-01
9.879554063081741333e-02
4.782829806208610535e-02
7.107666134834289551e-02
2.038219273090362549e-01
2.025856971740722656e-01
1.475689113140106201e-01
4.807201623916625977e-01
3.138314932584762573e-02
5.153841525316238403e-02
1.276139914989471436e-01
2.092227339744567871e-01
9.725357592105865479e-02
2.672980725765228271e-01
1.725343763828277588e-01
1.257697343826293945e-01
1.615446209907531738e-01
8.296709507703781128e-02
1.247785240411758423e-01
1.200557202100753784e-01
5.311745777726173401e-02
8.067451417446136475e-02
6.574664264917373657e-02
1.358930170536041260e-01
4.755754396319389343e-02
2.660050429403781891e-02
1.556101739406585693e-01
3.800793737173080444e-02
8.170545101165771484e-02
1.445237100124359131e-01
2.174996286630630493e-01
8.383116871118545532e-02
8.807532787322998047e-01
6.660507619380950928e-02
1.599512994289398193e-01
1.373482644557952881e-01
1.570822596549987793e-01
9.760634601116180420e-02
7.973542064428329468e-02
1.361871659755706787e-01
4.666801914572715759e-02
5.627457797527313232e-02
1.227797120809555054e-01
1.163152307271957397e-01
8.840966969728469849e-02
1.538952589035034180e-01
6.739348918199539185e-02
6.033584475517272949e-02
3.010656237602233887e-01
1.407127231359481812e-01
2.924349009990692139e-01
3.347523212432861328e-01
8.516255766153335571e-02
1.299946904182434082e-01
7.539927959442138672e-02
3.300323784351348877e-01
8.465749770402908325e-02
1.059722080826759338e-01
1.116141229867935181e-01
2.386368215084075928e-01
1.367973834276199341e-01
9.554994851350784302e-02
1.888405084609985352e-01
3.018152341246604919e-02
1.397138386964797974e-01
6.171789169311523438e-01
1.677306294441223145e-01
3.574460744857788086e-01
1.278391331434249878e-01
1.882388442754745483e-01
8.308182656764984131e-02
2.809856534004211426e-01
4.823680594563484192e-02
1.298066824674606323e-01
2.786837518215179443e-01
1.630672514438629150e-01
2.663574218750000000e-01
4.097200632095336914e-01
9.956452250480651855e-02
2.026784718036651611e-01
1.582228541374206543e-01
2.327423244714736938e-01
1.412393301725387573e-01
1.740717291831970215e-01
9.107442200183868408e-02
3.515046834945678711e-01
1.276236772537231445e-01
1.551413834095001221e-01
1.448032706975936890e-01
2.494505047798156738e-01
1.154379248619079590e-01
2.167761027812957764e-01
2.027115523815155029e-01
1.187298297882080078e-01
3.651340901851654053e-01
9.155927598476409912e-02
2.158839255571365356e-01
1.329817473888397217e-01
4.607442915439605713e-01
1.539075076580047607e-01
1.951625794172286987e-01
1.145904660224914551e-01
1.495854556560516357e-01
8.975433558225631714e-02
1.326721906661987305e-01
3.367030918598175049e-01
1.603878885507583618e-01
1.670169383287429810e-01
3.795145824551582336e-02
1.717759072780609131e-01
3.708851337432861328e-01
1.186911761760711670e-01
2.793882191181182861e-01
1.907616853713989258e-01
2.044970691204071045e-01
8.889561891555786133e-02
1.150701344013214111e-01
1.918531358242034912e-01
5.855389311909675598e-02
1.557563543319702148e-01
1.952424496412277222e-01
8.324329555034637451e-02
2.891306877136230469e-01
1.504211425781250000e-01
4.079842567443847656e-01
7.791779935359954834e-02
2.341959476470947266e-01
3.285286724567413330e-01
1.330061107873916626e-01
5.908934026956558228e-02
7.493415474891662598e-02
5.399801731109619141e-01
3.535507619380950928e-01
8.450398594141006470e-02
3.220849037170410156e-01
1.351669132709503174e-01
1.012504026293754578e-01
1.022688448429107666e-01
7.343836873769760132e-02
1.371704190969467163e-01
1.546384990215301514e-01
4.405404627323150635e-02
3.237448260188102722e-02
1.948611587285995483e-01
2.306102216243743896e-02
7.761052250862121582e-02
1.031826436519622803e-01
4.650244116783142090e-02
4.272347316145896912e-02
2.627430856227874756e-01
6.107887625694274902e-01
1.342077553272247314e-01
1.890296936035156250e-01
1.454279422760009766e-01
9.669502824544906616e-02
4.141668081283569336e-01
2.102369368076324463e-01
1.217652261257171631e-01
2.482766211032867432e-01
1.985566914081573486e-01
4.436336159706115723e-01
1.869594454765319824e-01
1.868307888507843018e-01
2.436614483594894409e-01
4.229856431484222412e-01
1.288267970085144043e-01
2.084527313709259033e-01
2.418352365493774414e-01
1.029943823814392090e-01
2.544880211353302002e-01
1.336537450551986694e-01
2.644855976104736328e-01
2.135542333126068115e-01
1.833637505769729614e-01
2.040362358093261719e-01
1.068615764379501343e-01
2.460063397884368896e-01
8.730645477771759033e-02
1.527650207281112671e-01
1.534917950630187988e-01
2.464290410280227661e-01
1.213678121566772461e-01
2.556193470954895020e-01
1.762611269950866699e-01
1.829795092344284058e-01
4.756971076130867004e-02
1.321047097444534302e-01
1.713251918554306030e-01
2.023890167474746704e-01
2.703466415405273438e-01
1.833843737840652466e-01
3.163364529609680176e-02
2.859624028205871582e-01
1.986451745033264160e-01
1.947643905878067017e-01
8.666329085826873779e-02
5.745294690132141113e-02
2.131310105323791504e-01
3.473335877060890198e-02
2.487949430942535400e-01
2.275705635547637939e-01
3.122287392616271973e-01
9.846098721027374268e-02
2.658115327358245850e-01
3.198940753936767578e-01
5.087419226765632629e-02
2.534127235412597656e-01
1.312917917966842651e-01
4.359971582889556885e-01
1.497282981872558594e-01
6.007879972457885742e-02
1.852666437625885010e-01
3.463804125785827637e-01
5.757200717926025391e-02
7.606111466884613037e-02
2.791622877120971680e-01
1.952903121709823608e-01
2.489127516746520996e-01
3.736156597733497620e-02
1.067465096712112427e-01
5.563574656844139099e-02
2.615868747234344482e-01
2.402365505695343018e-01
1.067992225289344788e-01
8.326839655637741089e-02
1.676867604255676270e-01
2.054672092199325562e-01
6.330445408821105957e-02
1.680000275373458862e-01
1.058488860726356506e-01
1.709361523389816284e-01
4.630202800035476685e-02
1.016158163547515869e-01
1.741037815809249878e-01
5.619665980339050293e-02
7.117412239313125610e-02
3.380311131477355957e-01
2.144632786512374878e-01
2.241570949554443359e-01
1.242174655199050903e-01
1.135962158441543579e-01
1.940878927707672119e-01
4.950056970119476318e-02
6.693565845489501953e-02
2.206527292728424072e-01
4.649920165538787842e-01
4.696319997310638428e-02
7.750660926103591919e-02
6.515553593635559082e-02
9.780572354793548584e-02
1.186874508857727051e-01
1.517062038183212280e-01
7.810643315315246582e-02
6.564877927303314209e-02
1.607622951269149780e-01
6.655885279178619385e-02
1.276719570159912109e-01
3.805180639028549194e-02
1.089231893420219421e-01
1.997104734182357788e-01
4.194118827581405640e-02
3.289570212364196777e-01
1.917092055082321167e-01
4.341223835945129395e-01
1.358982622623443604e-01
1.568287014961242676e-01
1.897474825382232666e-01
7.337197661399841309e-02
2.328885160386562347e-02
4.543614387512207031e-01
1.871935874223709106e-01
1.114359349012374878e-01
2.595047056674957275e-01
9.257502853870391846e-02
3.346481323242187500e-01
5.676280707120895386e-02
1.511051654815673828e-01
4.673919826745986938e-02
2.387733906507492065e-01
2.154096662998199463e-01
1.222656965255737305e-01
6.473440527915954590e-01
3.306538760662078857e-01
2.701767981052398682e-01
2.913422882556915283e-01
1.837432533502578735e-01
1.598418951034545898e-01
1.950230896472930908e-01
8.054906129837036133e-02
2.633609771728515625e-01
1.707287430763244629e-01
3.388723134994506836e-01
1.311903819441795349e-02
1.139596998691558838e-01
3.607084155082702637e-01
2.327194251120090485e-02
2.303281128406524658e-01
7.871292531490325928e-02
4.537216946482658386e-02
5.954083800315856934e-02
2.755941450595855713e-01
2.190094441175460815e-01
1.850964128971099854e-01
3.363979756832122803e-01
4.505918920040130615e-02
1.297898441553115845e-01
1.377709507942199707e-01
4.018283188343048096e-01
1.268313080072402954e-01
1.765448600053787231e-01
3.887492418289184570e-01
2.588720321655273438e-01
2.188497036695480347e-01
1.073179543018341064e-01
5.713429674506187439e-02
1.221391409635543823e-01
1.644380539655685425e-01
5.153216719627380371e-01
1.293923556804656982e-01
1.410641372203826904e-01
1.623468250036239624e-01
2.739366888999938965e-01
3.390840291976928711e-01
1.736582368612289429e-01
1.875837296247482300e-01
8.269306272268295288e-02
9.515571594238281250e-02
1.370289027690887451e-01
7.687453925609588623e-02
8.945521712303161621e-02
2.117822468280792236e-01
1.206383630633354187e-01
2.269965857267379761e-01
1.653864830732345581e-01
2.621112763881683350e-01
1.937770545482635498e-01
1.736024022102355957e-01
5.032710731029510498e-02
8.322122693061828613e-02
9.288469702005386353e-02
2.625775933265686035e-01
1.594436913728713989e-01
1.495030820369720459e-01
8.949810266494750977e-02
1.709302514791488647e-01
1.794440746307373047e-01
1.386987268924713135e-01
2.954974770545959473e-01
5.978865176439285278e-02
9.415818005800247192e-02
1.521291881799697876e-01
1.033305972814559937e-01
1.242719441652297974e-01
3.765537738800048828e-01
3.527360409498214722e-02
1.314013004302978516e-01
3.844490945339202881e-01
3.455858230590820312e-01
1.595877856016159058e-01
2.759415507316589355e-01
2.999430000782012939e-01
3.661743700504302979e-01
1.301980614662170410e-01
1.679411530494689941e-01
4.109893739223480225e-01
1.813922226428985596e-01
3.214965760707855225e-01
2.026133090257644653e-01
1.764847934246063232e-01
8.396105468273162842e-02
1.428568810224533081e-01
3.738687187433242798e-02
1.612496078014373779e-01
1.343489289283752441e-01
2.311105877161026001e-01
1.178613454103469849e-01
9.524024277925491333e-02
1.685681045055389404e-01
1.648068428039550781e-01
2.799874916672706604e-02
1.924471706151962280e-01
1.457647979259490967e-01
1.107174903154373169e-01
1.440460085868835449e-01
2.784936428070068359e-01
1.696920096874237061e-01
7.434843480587005615e-02
1.549771130084991455e-01
1.266212463378906250e-01
1.491337120532989502e-01
1.363992393016815186e-01
2.894836068153381348e-01
9.862217307090759277e-02
6.626302003860473633e-02
6.575818359851837158e-02
1.095190271735191345e-01
2.218665927648544312e-02
8.294181525707244873e-02
1.466793715953826904e-01
3.856831043958663940e-02
2.850377857685089111e-01
8.540322631597518921e-02
9.499757736921310425e-02
3.001753985881805420e-02
9.750985354185104370e-02
7.362094521522521973e-02
4.016723632812500000e-01
1.102700456976890564e-01
1.701475977897644043e-01
1.738322675228118896e-01
3.377453684806823730e-01
1.897255778312683105e-01
1.062176749110221863e-01
9.560713171958923340e-02
1.175710856914520264e-01
2.276590615510940552e-01
3.245815932750701904e-01
1.376215368509292603e-01
1.188278719782829285e-01
1.151466667652130127e-01
2.519744932651519775e-01
2.774586081504821777e-01
1.213237047195434570e-01
5.698596686124801636e-02
9.950962662696838379e-02
2.883213758468627930e-01
7.112643122673034668e-02
1.685278862714767456e-01
3.099285960197448730e-01
1.263130307197570801e-01
2.309662550687789917e-01
1.453310251235961914e-01
1.006312295794487000e-01
9.183030575513839722e-02
1.971603780984878540e-01
2.250936031341552734e-01
5.012995749711990356e-02
4.134076088666915894e-02
6.532001495361328125e-02
2.679689526557922363e-01
1.059234738349914551e-01
1.707686781883239746e-01
1.596165448427200317e-01
6.255993247032165527e-02
2.443169951438903809e-01
2.131887078285217285e-01
1.363421529531478882e-01
2.198573350906372070e-01
1.915015578269958496e-01
5.139407888054847717e-02
1.348835527896881104e-01
1.804860383272171021e-01
1.508879959583282471e-01
1.854758113622665405e-01
2.140685617923736572e-01
1.540120691061019897e-01
3.516450524330139160e-02
9.495408087968826294e-02
1.443274021148681641e-01
2.344342172145843506e-01
1.922575831413269043e-01
1.743373572826385498e-01
6.837691366672515869e-02
1.400668323040008545e-01
3.061163127422332764e-01
3.923819214105606079e-02
1.838078200817108154e-01
1.683745235204696655e-01
2.503259778022766113e-01
3.558595478534698486e-01
3.060430288314819336e-01
3.602967262268066406e-01
1.115968599915504456e-01
1.995403766632080078e-01
2.127110362052917480e-01
3.905141055583953857e-01
2.982488274574279785e-01
6.550984084606170654e-02
2.460523545742034912e-01
2.360722422599792480e-01
1.797772794961929321e-01
1.509228795766830444e-01
1.440429985523223877e-01
1.063219159841537476e-01
2.884354591369628906e-01
3.247353136539459229e-01
1.992271244525909424e-01
4.242676496505737305e-02
2.484365403652191162e-01
9.868906438350677490e-02
1.792354732751846313e-01
3.794509470462799072e-01
1.375697255134582520e-01
8.569192886352539062e-02
2.000314444303512573e-01
1.874613389372825623e-02
3.103048801422119141e-01
2.122148871421813965e-01
1.053096354007720947e-01
8.301398158073425293e-02
1.244608908891677856e-01
9.695684909820556641e-02
1.156390532851219177e-01
1.953887641429901123e-01
4.582384228706359863e-01
7.843609899282455444e-02
1.181634441018104553e-01
1.157270222902297974e-01
1.180868595838546753e-01
1.749539673328399658e-01
2.219326496124267578e-01
1.761891879141330719e-02
1.714036166667938232e-01
2.488902509212493896e-01
2.894562482833862305e-01
3.876516968011856079e-02
1.278318166732788086e-01
2.314964830875396729e-01
6.551483273506164551e-02
1.486764699220657349e-01
9.290698915719985962e-02
2.172923386096954346e-01
1.986204236745834351e-01
1.561489403247833252e-01
1.114536002278327942e-01
8.580742031335830688e-02
9.690880030393600464e-02
1.180890277028083801e-01
2.529481649398803711e-01
1.367970257997512817e-01
2.422708868980407715e-01
2.112564444541931152e-01
1.017757654190063477e-01
1.289469003677368164e-01
2.705510556697845459e-01
2.460659742355346680e-01
2.036653459072113037e-01
2.557768523693084717e-01
1.118487268686294556e-01
1.334088891744613647e-01
3.472326695919036865e-01
3.275701999664306641e-01
1.581298112869262695e-01
7.597743719816207886e-02
5.565050244331359863e-02
1.138610094785690308e-01
2.044314444065093994e-01
1.628355681896209717e-01
1.718037426471710205e-01
2.679607570171356201e-01
2.003287076950073242e-01
2.033372521400451660e-01
9.390103071928024292e-02
1.559082716703414917e-01
2.487774789333343506e-01
1.947922557592391968e-01
1.080102324485778809e-01
1.736012697219848633e-01
8.302299678325653076e-02
1.784094423055648804e-01
1.406911611557006836e-01
2.380545735359191895e-01
6.984478980302810669e-02
2.002491205930709839e-01
1.476188004016876221e-01
1.950438320636749268e-01
2.528633549809455872e-02
5.237645655870437622e-02
2.349083721637725830e-01
2.412318289279937744e-01
4.985993355512619019e-02
1.750830560922622681e-02
6.233545020222663879e-02
1.689560115337371826e-01
2.001558244228363037e-01
3.080605566501617432e-01
1.054953336715698242e-01
9.243123978376388550e-02
1.983687579631805420e-01
2.462884485721588135e-01
1.400460600852966309e-01
3.358275815844535828e-02
1.626975089311599731e-02
1.962759792804718018e-01
1.476025283336639404e-01
1.234139055013656616e-01
1.472925841808319092e-01
3.070813119411468506e-01
9.932717680931091309e-02
3.179463744163513184e-01
2.914260029792785645e-01
7.180669903755187988e-02
3.429230451583862305e-01
1.892398893833160400e-01
8.633272349834442139e-02
2.876568436622619629e-01
5.578815564513206482e-02
2.030328810214996338e-01
2.405501902103424072e-01
1.646637916564941406e-01
2.856564223766326904e-01
9.001468867063522339e-02
2.117509841918945312e-01
1.364033520221710205e-01
1.281074136495590210e-01
3.243381977081298828e-01
1.037149950861930847e-01
1.921485364437103271e-01
1.898463070392608643e-01
1.227313876152038574e-01
5.332229658961296082e-02
2.806077897548675537e-01
2.229826152324676514e-01
2.262353003025054932e-01
1.559043526649475098e-01
3.549123406410217285e-01
4.169231653213500977e-01
1.433494091033935547e-01
5.295605659484863281e-01
1.930876970291137695e-01
2.947591245174407959e-01
1.780840009450912476e-01
1.433950364589691162e-01
1.793228983879089355e-01
3.778862208127975464e-02
1.935357749462127686e-01
1.553366780281066895e-01
2.010561823844909668e-01
3.282443881034851074e-01
2.885561585426330566e-01
2.138895839452743530e-01
1.319558024406433105e-01
6.741055846214294434e-02
1.609717458486557007e-01
1.971487402915954590e-01
8.739571273326873779e-02
4.615684598684310913e-02
3.024198412895202637e-01
1.580538749694824219e-01
8.603215962648391724e-02
3.656711578369140625e-01
1.491757035255432129e-01
1.174248605966567993e-01
2.942175865173339844e-01
2.018102407455444336e-01
1.751464158296585083e-01
1.275109648704528809e-01
1.846659481525421143e-01
2.832562923431396484e-01
1.557396352291107178e-01
9.644488990306854248e-02
2.463682554662227631e-02
2.341172844171524048e-01
8.962693065404891968e-02
4.025641828775405884e-02
7.236557453870773315e-02
9.105303138494491577e-02
3.657823204994201660e-01
1.532585769891738892e-01
1.465432941913604736e-01
8.030837029218673706e-02
3.573955222964286804e-02
4.168333411216735840e-01
2.498617619276046753e-01
6.381732225418090820e-02
7.013763487339019775e-02
1.938351392745971680e-01
8.176019787788391113e-02
4.738816991448402405e-02
1.706618219614028931e-01
2.510618865489959717e-01
4.444359987974166870e-02
1.346033215522766113e-01
2.285801172256469727e-01
1.672897934913635254e-01
5.675281584262847900e-02
1.452992707490921021e-01
8.285427093505859375e-02
6.310355663299560547e-02
1.746762990951538086e-01
1.585288345813751221e-01
1.555265039205551147e-01
8.621436357498168945e-02
2.516292035579681396e-01
1.923458874225616455e-01
6.483104079961776733e-02
9.133471548557281494e-02
1.709322035312652588e-01
9.867346286773681641e-02
4.243635535240173340e-01
5.283258110284805298e-02
2.388673573732376099e-01
2.734240144491195679e-02
6.907650083303451538e-02
1.063046753406524658e-01
3.118288218975067139e-01
8.990100026130676270e-02
1.212402582168579102e-01
3.969253227114677429e-02
2.898672521114349365e-01
1.493838131427764893e-01
1.665533483028411865e-01
5.711170434951782227e-01
2.527886629104614258e-01
7.806877791881561279e-02
5.174896121025085449e-02
6.853158026933670044e-02
9.267768263816833496e-02
2.504328191280364990e-01
5.115588009357452393e-02
1.893399953842163086e-01
1.316799819469451904e-01
2.472030818462371826e-01
1.003200560808181763e-01
1.041309610009193420e-01
1.205008327960968018e-01
2.356785088777542114e-01
1.839324831962585449e-01
1.326485574245452881e-01
1.763904392719268799e-01
1.227712631225585938e-01
2.331562042236328125e-01
1.189501583576202393e-01
1.858268976211547852e-01
2.161467224359512329e-01
1.153481900691986084e-01
1.836524605751037598e-01
2.170969545841217041e-01
2.783076167106628418e-01
5.044938623905181885e-02
1.956101655960083008e-01
1.071319878101348877e-01
1.218609511852264404e-01
2.431807518005371094e-01
1.266395896673202515e-01
3.668612614274024963e-02
1.091620177030563354e-01
1.495000720024108887e-01
1.961107850074768066e-01
3.432468473911285400e-01
1.100339293479919434e-01
1.554583907127380371e-01
1.107136309146881104e-01
1.271741688251495361e-01
2.495467513799667358e-01
1.304570585489273071e-01
1.808524727821350098e-01
2.931700348854064941e-01
2.703553140163421631e-01
1.380522549152374268e-01
1.913680136203765869e-01
2.927187681198120117e-01
2.721741497516632080e-01
1.061687767505645752e-01
1.306128352880477905e-01
2.881014645099639893e-01
1.869606673717498779e-01
9.987255930900573730e-02
2.952409386634826660e-01
2.965953350067138672e-01
2.238761186599731445e-01
1.866045892238616943e-01
1.822846233844757080e-01
1.607536226511001587e-01
3.529160618782043457e-01
3.573710918426513672e-01
1.598448753356933594e-01
2.067930400371551514e-01
3.737818077206611633e-02
3.485814929008483887e-01
8.728007227182388306e-02
3.145756423473358154e-01
5.904232710599899292e-02
1.795127987861633301e-01
2.570660710334777832e-01
1.373446583747863770e-01
1.491040438413619995e-01
1.093557551503181458e-01
1.285691410303115845e-01
3.006774187088012695e-01
1.166908591985702515e-01
1.454233229160308838e-01
1.812500357627868652e-01
2.161446660757064819e-01
2.466450333595275879e-01
2.377118617296218872e-01
1.507297009229660034e-01
6.756973266601562500e-02
3.368066549301147461e-01
2.299866527318954468e-01
9.644955396652221680e-02
2.091948390007019043e-01
2.129709422588348389e-01
3.391430377960205078e-01
2.683785557746887207e-01
2.093828320503234863e-01
1.166004836559295654e-01
2.388807982206344604e-01
3.936111927032470703e-02
4.814795404672622681e-02
1.210239529609680176e-01
5.268598347902297974e-02
1.655319929122924805e-01
3.998507857322692871e-01
1.713498234748840332e-01
3.018513023853302002e-01
1.793166249990463257e-01
2.235207557678222656e-01
1.096224114298820496e-01
4.883112311363220215e-01
2.015000283718109131e-01
1.195765286684036255e-01
2.431340217590332031e-01
2.184247225522994995e-01
2.588063776493072510e-01
2.234859764575958252e-01
3.497624024748802185e-02
4.253967404365539551e-01
4.456249624490737915e-02
3.633457124233245850e-01
1.595530807971954346e-01
1.936605870723724365e-01
2.652026414871215820e-01
1.552907973527908325e-01
1.177117079496383667e-01
1.294764578342437744e-01
5.263276025652885437e-02
1.197393387556076050e-01
1.978990882635116577e-01
9.769181907176971436e-02
1.729513555765151978e-01
1.116586923599243164e-01
2.136409133672714233e-01
1.681526005268096924e-01
6.713727116584777832e-02
1.445994228124618530e-01
1.564479768276214600e-01
1.842745691537857056e-01
1.578335762023925781e-01
2.057486176490783691e-01
6.440605968236923218e-02
1.941975653171539307e-01
1.307121217250823975e-01
2.214104235172271729e-01
1.175425723195075989e-01
9.331774711608886719e-02
2.018140703439712524e-01
1.873480379581451416e-01
3.189547657966613770e-01
1.207182705402374268e-01
1.876446604728698730e-01
2.733341455459594727e-01
2.324702143669128418e-01
3.991244435310363770e-01
2.946137785911560059e-01
2.764770686626434326e-01
1.552845835685729980e-01
6.582940369844436646e-02
1.587392985820770264e-01
4.660904034972190857e-02
7.839643210172653198e-02
6.098309904336929321e-02
9.718070924282073975e-02
1.486420929431915283e-01
1.551810503005981445e-01
1.034769415855407715e-01
1.623430252075195312e-01
1.047720164060592651e-01
2.075007259845733643e-01
6.621509790420532227e-02
2.326828390359878540e-01
7.925952970981597900e-02
1.305877864360809326e-01
3.524667024612426758e-01
1.648878604173660278e-01
1.671421974897384644e-01
7.268041372299194336e-02
1.055014804005622864e-01
1.599283516407012939e-01
1.236641407012939453e-01
2.626224756240844727e-01
5.721884965896606445e-02
4.937343597412109375e-01
2.721464037895202637e-01
1.034287437796592712e-01
4.167252406477928162e-02
3.537295162677764893e-01
3.824947178363800049e-01
3.288344740867614746e-01
1.784290820360183716e-01
1.387419402599334717e-01
1.559782326221466064e-01
1.444928050041198730e-01
1.664223372936248779e-01
2.410003542900085449e-01
2.658042311668395996e-01
3.251756131649017334e-01
1.265891194343566895e-01
1.529771089553833008e-01
2.981802821159362793e-01
2.543182671070098877e-01
5.384567379951477051e-01
1.873126924037933350e-01
1.061801165342330933e-01
2.340236008167266846e-01
2.695574462413787842e-01
2.257817536592483521e-01
2.536370456218719482e-01
1.910511851310729980e-01
1.397279649972915649e-01
1.607974171638488770e-01
2.038559913635253906e-01
3.231105208396911621e-02
9.878514707088470459e-02
8.260191977024078369e-02
2.079531848430633545e-01
2.362405657768249512e-01
1.322065442800521851e-01
7.318343222141265869e-02
2.418206483125686646e-01
9.913818538188934326e-02
1.350311040878295898e-01
5.833664536476135254e-02
1.101585626602172852e-01
4.086547344923019409e-02
1.551067829132080078e-01
4.200273007154464722e-02
1.175856739282608032e-01
5.391514301300048828e-02
7.276240587234497070e-01
9.141670912504196167e-02
1.285200566053390503e-01
3.439636528491973877e-02
7.755099236965179443e-02
2.256293296813964844e-01
2.403273880481719971e-01
5.474765226244926453e-02
3.592530190944671631e-01
2.026842236518859863e-01
1.202703416347503662e-01
1.985895335674285889e-01
4.258139431476593018e-02
8.754667639732360840e-02
2.259095609188079834e-01
1.349551677703857422e-01
1.357664465904235840e-01
1.731615960597991943e-01
8.284767717123031616e-02
1.032636016607284546e-01
1.079453825950622559e-01
6.616394221782684326e-02
1.984404623508453369e-01
1.606664955615997314e-01
9.243699908256530762e-02
4.447244852781295776e-02
1.122794225811958313e-01
1.091797351837158203e-01
8.944343030452728271e-02
3.862775266170501709e-01
1.644986867904663086e-01
1.314687877893447876e-01
1.788871437311172485e-01
3.100259006023406982e-01
8.717533946037292480e-02
7.218928635120391846e-02
1.603140383958816528e-01
1.252706199884414673e-01
2.140419185161590576e-01
6.401024758815765381e-02
1.111396700143814087e-01
1.216705664992332458e-01
4.229564964771270752e-02
2.024806886911392212e-01
8.093523979187011719e-02
5.249632894992828369e-02
1.728800833225250244e-01
2.124052494764328003e-01
1.283984333276748657e-01
2.399374544620513916e-01
2.138980329036712646e-01
1.180213764309883118e-01
1.218220070004463196e-01
1.423558890819549561e-01
1.158672645688056946e-01
2.495066821575164795e-01
2.408268302679061890e-01
1.111482903361320496e-01
1.312593519687652588e-01
2.027591168880462646e-01
4.852538108825683594e-01
1.464198380708694458e-01
3.251173496246337891e-01
2.278463244438171387e-01
2.204552590847015381e-01
4.339733123779296875e-01
1.029098629951477051e-01
2.434738352894783020e-02
4.946094751358032227e-01
4.237630665302276611e-01
6.008478254079818726e-02
3.119063973426818848e-01
1.093488335609436035e-01
3.853059411048889160e-01
1.913639158010482788e-01
1.619614809751510620e-01
3.044958114624023438e-01
6.871916353702545166e-02
4.252819716930389404e-02
2.041392326354980469e-01
3.006011247634887695e-01
1.288004368543624878e-01
1.289333701133728027e-01
2.893546223640441895e-01
7.823484390974044800e-02
7.468927651643753052e-02
6.420566141605377197e-02
1.758094429969787598e-01
4.223251342773437500e-01
5.992063879966735840e-01
2.805079817771911621e-01
1.369201987981796265e-01
1.767001450061798096e-01
8.031366765499114990e-02
1.011368185281753540e-01
8.717671036720275879e-02
2.048970907926559448e-01
9.577830135822296143e-02
2.297348082065582275e-01
1.056159138679504395e-01
4.837207123637199402e-02
9.171304106712341309e-02
9.113422781229019165e-02
1.760795563459396362e-01
1.571889817714691162e-01
1.719059199094772339e-01
2.716098725795745850e-01
1.443555057048797607e-01
2.671703100204467773e-01
5.640516281127929688e-01
3.415377736091613770e-01
1.359313130378723145e-01
1.699039638042449951e-01
1.562576591968536377e-01
1.851982325315475464e-01
1.439884006977081299e-01
3.180957436561584473e-01
1.588624715805053711e-01
3.289143145084381104e-01
2.636606991291046143e-01
2.166653126478195190e-01
1.103779301047325134e-01
2.566269040107727051e-01
2.582534551620483398e-01
3.509564399719238281e-01
1.959027051925659180e-01
1.433112025260925293e-01
3.527911901473999023e-01
5.656073614954948425e-02
2.083767652511596680e-01
6.894464790821075439e-02
7.413510978221893311e-02
1.100897789001464844e-01
2.109711021184921265e-01
2.333751469850540161e-01
5.155608803033828735e-02
