2.855078876018524170e-01
8.362652361392974854e-02
3.021879196166992188e-01
3.757174015045166016e-01
1.408526301383972168e-01
3.184459209442138672e-01
2.140118181705474854e-01
1.596127450466156006e-01
3.087338805198669434e-01
1.223652809858322144e-01
1.758256554603576660e-01
1.802063435316085815e-01
2.977057099342346191e-01
4.013631939888000488e-01
1.048037111759185791e-01
2.644442319869995117e-01
2.852158546447753906e-01
1.193527281284332275e-01
1.610211133956909180e-01
4.713933169841766357e-01
2.175139635801315308e-01
1.586188822984695435e-01
2.116272598505020142e-01
2.479260861873626709e-01
3.941910564899444580e-01
1.166894212365150452e-01
5.786224603652954102e-01
2.159052491188049316e-01
1.650271117687225342e-01
2.012193650007247925e-01
2.585158646106719971e-01
2.980524301528930664e-01
1.111819148063659668e-01
1.580831408500671387e-01
1.518558412790298462e-01
3.026919364929199219e-01
3.607388436794281006e-01
1.566419005393981934e-01
2.232856750488281250e-01
8.852373063564300537e-02
1.768925637006759644e-01
2.258540391921997070e-01
3.130191266536712646e-01
2.091841101646423340e-01
3.392472863197326660e-01
1.936522722244262695e-01
1.894636154174804688e-01
2.630563974380493164e-01
3.377205133438110352e-01
6.792353838682174683e-02
2.838194668292999268e-01
3.985471725463867188e-01
4.919626712799072266e-01
4.450724422931671143e-01
2.773886620998382568e-01
6.402059793472290039e-01
3.381248712539672852e-01
1.769973635673522949e-01
9.803931415081024170e-02
6.974856853485107422e-01
2.529103159904479980e-01
3.346564769744873047e-01
4.124027490615844727e-01
1.667627841234207153e-01
3.633065223693847656e-01
3.281197547912597656e-01
4.348486363887786865e-01
2.541961073875427246e-01
5.105726122856140137e-01
3.197787702083587646e-01
2.767134904861450195e-01
2.660735547542572021e-01
1.692111194133758545e-01
3.091693818569183350e-01
1.545767784118652344e-01
6.995777040719985962e-02
2.219825983047485352e-01
1.847086399793624878e-01
2.666832506656646729e-01
4.444394111633300781e-01
4.104117304086685181e-02
3.763743042945861816e-01
1.706919372081756592e-01
2.535170316696166992e-01
1.462306678295135498e-01
9.363114088773727417e-02
2.325633764266967773e-01
1.275506466627120972e-01
2.801584005355834961e-01
1.253141313791275024e-01
2.417761534452438354e-01
1.969802826642990112e-01
7.907958328723907471e-02
2.343897521495819092e-01
2.983731925487518311e-01
2.407333850860595703e-01
8.948619663715362549e-02
1.265614330768585205e-01
2.179476767778396606e-01
2.648022174835205078e-01
2.168319970369338989e-01
2.541742026805877686e-01
1.444188952445983887e-01
1.049311608076095581e-01
1.532437801361083984e-01
2.590872645378112793e-01
1.841831505298614502e-01
4.701439440250396729e-01
1.597591340541839600e-01
8.718373626470565796e-02
1.923831254243850708e-01
1.851424127817153931e-01
1.967099905014038086e-01
2.111290693283081055e-01
1.793008893728256226e-01
3.760992288589477539e-01
1.900407373905181885e-01
2.928203046321868896e-01
8.225957304239273071e-02
1.892294734716415405e-01
3.539563417434692383e-01
2.344148159027099609e-01
1.199241355061531067e-01
2.321035563945770264e-01
1.895034462213516235e-01
3.214176297187805176e-01
1.899510622024536133e-01
2.106659114360809326e-01
4.100088775157928467e-01
3.637103140354156494e-01
3.823600113391876221e-01
1.310463249683380127e-01
1.056805700063705444e-01
1.749967485666275024e-01
8.160346746444702148e-02
4.537819027900695801e-01
1.820098459720611572e-01
3.404943645000457764e-01
2.789507508277893066e-01
2.376687377691268921e-01
4.399638772010803223e-01
2.792832255363464355e-01
1.275134831666946411e-01
2.540245950222015381e-01
2.710479199886322021e-01
1.506046652793884277e-01
2.130884230136871338e-01
1.806239485740661621e-01
2.246487885713577271e-01
2.191683202981948853e-01
2.866306602954864502e-01
1.513575166463851929e-01
3.344391286373138428e-01
2.077499330043792725e-01
3.320357799530029297e-01
3.029333949089050293e-01
1.456366181373596191e-01
2.839380800724029541e-01
1.899030357599258423e-01
1.402306258678436279e-01
3.946325182914733887e-01
3.533552289009094238e-01
1.862353980541229248e-01
2.558562755584716797e-01
1.788028478622436523e-01
1.959515362977981567e-01
1.536172032356262207e-01
1.274502128362655640e-01
2.577664256095886230e-01
2.009977102279663086e-01
2.507388591766357422e-01
4.158021211624145508e-01
1.746093183755874634e-01
1.846886724233627319e-01
2.181815654039382935e-01
2.567437291145324707e-01
1.419956386089324951e-01
1.867386996746063232e-01
1.490652710199356079e-01
1.172433495521545410e-01
2.196472585201263428e-01
2.819901704788208008e-01
4.138557314872741699e-01
2.845001220703125000e-01
1.793158203363418579e-01
3.303372859954833984e-01
9.390060603618621826e-02
2.185402214527130127e-01
2.255851626396179199e-01
2.292261421680450439e-01
2.079605609178543091e-01
1.316022574901580811e-01
3.089516758918762207e-01
2.199701666831970215e-01
6.919690966606140137e-02
2.528980970382690430e-01
2.050666213035583496e-01
2.819216847419738770e-01
3.272294402122497559e-01
1.630778908729553223e-01
1.876785010099411011e-01
2.865733504295349121e-01
1.142485737800598145e-01
1.326289325952529907e-01
1.590255796909332275e-01
2.858025729656219482e-01
2.784708738327026367e-01
2.726434469223022461e-01
4.536070823669433594e-01
1.161357909440994263e-01
2.419578880071640015e-01
2.575339078903198242e-01
3.583616018295288086e-01
3.579660356044769287e-01
3.647561371326446533e-01
4.166490733623504639e-01
3.202360272407531738e-01
1.819276511669158936e-01
2.137448936700820923e-01
3.119598329067230225e-01
5.394639968872070312e-01
2.573570907115936279e-01
4.260794520378112793e-01
1.432854682207107544e-01
2.310591042041778564e-01
2.830363512039184570e-01
2.949748635292053223e-01
1.212179809808731079e-01
3.197047710418701172e-01
2.386286854743957520e-01
2.668327987194061279e-01
3.451448082923889160e-01
2.739700376987457275e-01
3.070330619812011719e-01
1.789898872375488281e-01
1.673586368560791016e-01
3.703508675098419189e-01
2.210982739925384521e-01
1.085412353277206421e-01
3.491439223289489746e-01
2.862425148487091064e-01
2.384703010320663452e-01
2.586744129657745361e-01
1.865099370479583740e-01
2.364443242549896240e-01
3.010108172893524170e-01
1.716162264347076416e-01
2.446386963129043579e-01
3.521057665348052979e-01
2.006393671035766602e-01
2.123172134160995483e-01
4.345534443855285645e-01
1.312483549118041992e-01
1.863342523574829102e-01
2.427513003349304199e-01
2.507326602935791016e-01
2.685905396938323975e-01
2.564266622066497803e-01
3.259185850620269775e-01
2.146752476692199707e-01
2.913708090782165527e-01
1.231407001614570618e-01
2.234467267990112305e-01
1.754399538040161133e-01
1.443287283182144165e-01
2.843523621559143066e-01
1.723521351814270020e-01
1.112607717514038086e-01
4.251869916915893555e-01
4.703807234764099121e-01
1.292542368173599243e-01
4.198222756385803223e-01
3.592931926250457764e-01
2.017711699008941650e-01
1.864421069622039795e-01
2.762337923049926758e-01
2.333358228206634521e-01
1.721565127372741699e-01
2.020162045955657959e-01
2.318639159202575684e-01
5.055854916572570801e-01
4.045640230178833008e-01
2.260439246892929077e-01
3.048366010189056396e-01
1.500031799077987671e-01
1.995193660259246826e-01
1.890943646430969238e-01
1.579501926898956299e-01
3.282615840435028076e-01
3.529033064842224121e-01
1.808082163333892822e-01
9.514570236206054688e-02
1.916522234678268433e-01
2.351784408092498779e-01
3.983325362205505371e-01
1.308216750621795654e-01
1.499891281127929688e-01
1.650138050317764282e-01
1.900790631771087646e-01
3.543855547904968262e-01
2.917846143245697021e-01
8.226989954710006714e-02
1.890801489353179932e-01
3.806271553039550781e-01
3.167792260646820068e-01
1.273729503154754639e-01
4.106320738792419434e-01
1.363707780838012695e-01
7.808792591094970703e-02
1.588302552700042725e-01
3.992829918861389160e-01
1.320768296718597412e-01
1.574301719665527344e-01
4.400891065597534180e-01
2.254171073436737061e-01
5.453755706548690796e-02
2.646798491477966309e-01
2.094328403472900391e-01
1.545940637588500977e-01
3.880161046981811523e-01
4.612030982971191406e-01
1.190569996833801270e-01
1.901803910732269287e-01
1.817813515663146973e-01
3.122369945049285889e-01
1.369277536869049072e-01
1.610669940710067749e-01
2.305121421813964844e-01
1.306781917810440063e-01
2.812017500400543213e-01
2.040233910083770752e-01
1.129770725965499878e-01
2.549658417701721191e-01
2.313496768474578857e-01
2.480024844408035278e-01
2.374319434165954590e-01
4.359487295150756836e-01
8.024194836616516113e-02
1.504230350255966187e-01
1.878139525651931763e-01
3.308931291103363037e-01
2.040345519781112671e-01
1.837815940380096436e-01
2.578813135623931885e-01
1.748958826065063477e-01
4.018321931362152100e-01
1.319000571966171265e-01
2.624468207359313965e-01
1.416793316602706909e-01
2.126684486865997314e-01
4.549446403980255127e-01
2.143483757972717285e-01
5.434065461158752441e-01
3.276437520980834961e-01
2.023856490850448608e-01
2.259688973426818848e-01
1.499488055706024170e-01
1.280180811882019043e-01
1.448236405849456787e-01
2.385421991348266602e-01
1.091344207525253296e-01
1.164070814847946167e-01
1.821105182170867920e-01
2.753925323486328125e-01
2.144181728363037109e-01
1.768098473548889160e-01
2.169730961322784424e-01
4.844709113240242004e-02
1.524745076894760132e-01
7.333339452743530273e-01
3.908759951591491699e-01
2.471546530723571777e-01
2.191712558269500732e-01
1.517219543457031250e-01
2.018954753875732422e-01
3.780698776245117188e-01
1.599772572517395020e-01
3.366117477416992188e-01
2.841747701168060303e-01
1.137441992759704590e-01
3.176300227642059326e-01
3.017698228359222412e-01
2.966835796833038330e-01
1.463620662689208984e-01
5.132251977920532227e-01
3.576554358005523682e-01
2.958818674087524414e-01
2.874283194541931152e-01
2.306972891092300415e-01
4.201822280883789062e-01
1.743977665901184082e-01
3.276265263557434082e-01
2.238772809505462646e-01
1.518883258104324341e-01
2.550535202026367188e-01
3.237262368202209473e-01
6.547017097473144531e-01
9.828209877014160156e-02
5.695406794548034668e-01
5.895576477050781250e-01
3.526639342308044434e-01
2.613412737846374512e-01
4.526021480560302734e-01
3.274213671684265137e-01
2.478746622800827026e-01
7.578181475400924683e-02
1.365483403205871582e-01
2.681309580802917480e-01
1.753541976213455200e-01
2.252531349658966064e-01
2.022231221199035645e-01
2.448453307151794434e-01
7.315328717231750488e-02
1.331969201564788818e-01
3.143578767776489258e-01
2.445003688335418701e-01
1.629792004823684692e-01
3.529945909976959229e-01
2.480831146240234375e-01
2.064352035522460938e-01
1.137169897556304932e-01
1.407336294651031494e-01
2.839781045913696289e-01
1.154806390404701233e-01
3.280993998050689697e-01
1.457438766956329346e-01
1.370528042316436768e-01
2.861685454845428467e-01
2.191680669784545898e-01
3.377899527549743652e-01
1.560476720333099365e-01
2.451053857803344727e-01
4.662245512008666992e-01
1.316784769296646118e-01
1.248591318726539612e-01
2.537238299846649170e-01
1.861969381570816040e-01
3.096956014633178711e-01
2.779155373573303223e-01
3.442276716232299805e-01
3.355106413364410400e-01
1.330570578575134277e-01
3.047150075435638428e-01
1.789072304964065552e-01
2.999117374420166016e-01
1.649005413055419922e-01
3.910062611103057861e-01
7.090812176465988159e-02
2.387650310993194580e-01
1.389814913272857666e-01
4.741052687168121338e-01
2.104051113128662109e-01
4.180451929569244385e-01
1.715117841958999634e-01
4.600298404693603516e-01
2.237517982721328735e-01
3.687044978141784668e-01
2.619518935680389404e-01
2.656789720058441162e-01
5.276207327842712402e-01
4.034947156906127930e-01
1.192129328846931458e-01
3.312334418296813965e-01
1.696520298719406128e-01
8.768600225448608398e-02
4.351141750812530518e-01
1.334793120622634888e-01
3.540902733802795410e-01
4.949204623699188232e-01
1.574154496192932129e-01
3.610533475875854492e-01
4.523881971836090088e-01
2.883270084857940674e-01
3.855209946632385254e-01
3.877983689308166504e-01
2.726767063140869141e-01
2.179868519306182861e-01
1.021449491381645203e-01
1.786879450082778931e-01
2.853694260120391846e-01
1.705285310745239258e-01
3.072919547557830811e-01
2.540933489799499512e-01
2.334307283163070679e-01
1.785328686237335205e-01
1.427020281553268433e-01
1.236615031957626343e-01
2.460898458957672119e-01
3.400941193103790283e-01
1.578518748283386230e-01
1.058492809534072876e-01
2.120700180530548096e-01
1.504002958536148071e-01
2.056972384452819824e-01
2.014827430248260498e-01
1.561037898063659668e-01
4.524202644824981689e-01
1.856187283992767334e-01
3.620712757110595703e-01
3.422838747501373291e-01
2.122896015644073486e-01
2.730822563171386719e-01
3.219810724258422852e-01
1.535371840000152588e-01
9.968797862529754639e-02
2.264530211687088013e-01
3.599362373352050781e-01
1.112061887979507446e-01
8.561684191226959229e-02
2.622323930263519287e-01
2.506806850433349609e-01
3.025031089782714844e-01
3.276648819446563721e-01
1.097130775451660156e-01
3.527590036392211914e-01
1.986327767372131348e-01
3.265144228935241699e-01
9.242195636034011841e-02
9.533791244029998779e-02
4.286092519760131836e-01
5.287483334541320801e-01
3.690514266490936279e-01
2.171697616577148438e-01
4.211941063404083252e-01
1.850950121879577637e-01
3.381592035293579102e-01
3.518391251564025879e-01
3.206076920032501221e-01
1.868084669113159180e-01
1.836005896329879761e-01
1.476071625947952271e-01
2.043530046939849854e-01
2.491491734981536865e-01
4.823538064956665039e-01
1.519091874361038208e-01
2.248240411281585693e-01
1.841403096914291382e-01
2.151673436164855957e-01
1.515184491872787476e-01
2.744153738021850586e-01
2.112783193588256836e-01
2.941773533821105957e-01
1.655572056770324707e-01
2.006181478500366211e-01
1.377024352550506592e-01
2.708065807819366455e-01
1.474815309047698975e-01
5.069047212600708008e-01
3.004128932952880859e-01
1.457446366548538208e-01
1.527629196643829346e-01
2.177813947200775146e-01
4.583044350147247314e-01
2.016972303390502930e-01
2.180535495281219482e-01
2.477055191993713379e-01
1.800360381603240967e-01
1.486920714378356934e-01
2.793884277343750000e-01
2.429251670837402344e-01
4.709465503692626953e-01
1.012888029217720032e-01
2.015898227691650391e-01
4.584898650646209717e-01
2.633597850799560547e-01
4.710949063301086426e-01
1.906009912490844727e-01
3.173082172870635986e-01
4.928393363952636719e-01
4.010635912418365479e-01
2.519213855266571045e-01
7.540292739868164062e-01
2.280647456645965576e-01
4.662688672542572021e-01
1.717445552349090576e-01
3.049723505973815918e-01
1.463809758424758911e-01
2.381621599197387695e-01
3.062582612037658691e-01
1.194089204072952271e-01
3.010184168815612793e-01
3.504653275012969971e-01
1.157709509134292603e-01
1.421534121036529541e-01
2.341924011707305908e-01
2.011532932519912720e-01
3.933605551719665527e-01
1.132331863045692444e-01
2.369425892829895020e-01
2.541397213935852051e-01
2.967439591884613037e-01
1.474772393703460693e-01
5.990781635046005249e-02
2.741297483444213867e-01
1.958263516426086426e-01
3.000059425830841064e-01
3.338723778724670410e-01
1.775300651788711548e-01
2.599657177925109863e-01
4.655370414257049561e-01
2.846710383892059326e-01
2.076674401760101318e-01
4.974716007709503174e-01
1.343463957309722900e-01
8.559390902519226074e-02
1.111183390021324158e-01
5.136753916740417480e-01
2.897926568984985352e-01
1.288008093833923340e-01
3.224777281284332275e-01
7.777304947376251221e-02
1.031138822436332703e-01
2.823141217231750488e-01
1.865676939487457275e-01
2.315443754196166992e-01
3.536098003387451172e-01
2.060615122318267822e-01
2.636769115924835205e-01
2.171552777290344238e-01
1.778535395860671997e-01
2.533754408359527588e-01
2.500471174716949463e-01
4.276595711708068848e-01
2.252730131149291992e-01
2.217473983764648438e-01
3.794809579849243164e-01
8.036601543426513672e-02
1.012603640556335449e-01
2.170668840408325195e-01
7.193040847778320312e-02
2.822442054748535156e-01
3.542835712432861328e-01
2.214343845844268799e-01
1.179525405168533325e-01
3.727989196777343750e-01
1.906576007604598999e-01
1.975692212581634521e-01
3.041128516197204590e-01
2.515394687652587891e-01
2.235679924488067627e-01
2.160296589136123657e-01
3.594464063644409180e-01
2.708376348018646240e-01
2.236602902412414551e-01
9.738122671842575073e-02
2.124914824962615967e-01
8.267287909984588623e-02
3.392336964607238770e-01
3.400942385196685791e-01
1.692415773868560791e-01
2.903797626495361328e-01
1.194251403212547302e-01
2.043349444866180420e-01
8.408796042203903198e-02
1.743017733097076416e-01
3.656819462776184082e-01
2.154142558574676514e-01
1.006774455308914185e-01
1.284615844488143921e-01
4.030732512474060059e-01
2.496293783187866211e-01
2.908540070056915283e-01
2.986284494400024414e-01
2.903937697410583496e-01
2.463872730731964111e-01
3.418807089328765869e-01
2.132611274719238281e-01
1.468692868947982788e-01
1.622079908847808838e-01
3.084894418716430664e-01
8.451197296380996704e-02
3.299648761749267578e-01
1.316928714513778687e-01
3.647274971008300781e-01
2.828111052513122559e-01
2.590522766113281250e-01
3.410400748252868652e-01
1.493756324052810669e-01
3.101024627685546875e-01
1.595479995012283325e-01
3.739919066429138184e-01
3.021774291992187500e-01
1.015658080577850342e-01
2.790407538414001465e-01
1.904101669788360596e-01
3.159305155277252197e-01
3.688924014568328857e-01
4.213742613792419434e-01
1.303856372833251953e-01
5.260151624679565430e-01
2.603099942207336426e-01
1.390764564275741577e-01
3.496668338775634766e-01
2.355645298957824707e-01
1.257684677839279175e-01
2.826241850852966309e-01
3.815765976905822754e-01
2.460241466760635376e-01
3.314462900161743164e-01
3.492795825004577637e-01
3.685403466224670410e-01
1.193072199821472168e-01
4.559348225593566895e-01
2.875257730484008789e-01
4.877675771713256836e-01
3.094746172428131104e-01
4.551066756248474121e-01
4.255467355251312256e-01
2.533477544784545898e-01
2.259535044431686401e-01
3.359681963920593262e-01
2.271917164325714111e-01
3.128761053085327148e-01
2.954905629158020020e-01
3.652184605598449707e-01
2.075264453887939453e-01
3.215281069278717041e-01
3.615685701370239258e-01
3.144555687904357910e-01
3.413776755332946777e-01
4.442119598388671875e-01
4.309308826923370361e-01
4.280106127262115479e-01
2.283175885677337646e-01
1.764666140079498291e-01
2.554660737514495850e-01
4.385472536087036133e-01
3.770478963851928711e-01
5.234754085540771484e-01
2.378444671630859375e-01
2.395244240760803223e-01
4.295655488967895508e-01
2.201026678085327148e-01
2.147696167230606079e-01
3.180457055568695068e-01
3.164174556732177734e-01
1.539898812770843506e-01
2.630164623260498047e-01
1.033985465764999390e-01
2.868245840072631836e-01
1.701676845550537109e-01
2.400053739547729492e-01
3.658164441585540771e-01
1.942489594221115112e-01
2.028875648975372314e-01
3.008471429347991943e-01
2.547111213207244873e-01
2.140023410320281982e-01
2.321320027112960815e-01
2.146243155002593994e-01
3.774921894073486328e-01
1.639239490032196045e-01
2.153475284576416016e-01
1.705630570650100708e-01
2.650323510169982910e-01
2.208797931671142578e-01
2.965406477451324463e-01
3.828871846199035645e-01
1.653110682964324951e-01
2.225761115550994873e-01
3.011625707149505615e-01
2.086575627326965332e-01
4.199947416782379150e-01
3.006325066089630127e-01
1.808057874441146851e-01
3.023689687252044678e-01
2.741983532905578613e-01
1.400856673717498779e-01
1.691066622734069824e-01
5.419505834579467773e-01
3.027183711528778076e-01
3.493657112121582031e-01
2.988726198673248291e-01
3.029018640518188477e-01
2.236815094947814941e-01
3.753544390201568604e-01
4.299815893173217773e-01
5.274558067321777344e-01
1.034831106662750244e-01
1.511163115501403809e-01
8.183142542839050293e-02
2.024678140878677368e-01
6.150395870208740234e-01
1.907491832971572876e-01
9.843524545431137085e-02
2.503479123115539551e-01
3.009620308876037598e-01
3.454311192035675049e-01
3.419287204742431641e-01
1.638236641883850098e-01
2.280396819114685059e-01
2.353165596723556519e-01
3.183493316173553467e-01
1.540038883686065674e-01
9.111094474792480469e-02
3.908825814723968506e-01
2.002420127391815186e-01
1.212119311094284058e-01
7.102867215871810913e-02
3.593938946723937988e-01
1.970592439174652100e-01
2.472398877143859863e-01
2.420926392078399658e-01
2.124769389629364014e-01
1.339961886405944824e-01
2.541956305503845215e-01
1.806094348430633545e-01
6.022216677665710449e-01
3.304610848426818848e-01
1.903073042631149292e-01
2.682868838310241699e-01
1.756710708141326904e-01
1.664126664400100708e-01
1.682763397693634033e-01
3.077884912490844727e-01
4.366197586059570312e-01
1.954700499773025513e-01
1.776914745569229126e-01
2.134183794260025024e-01
1.301093995571136475e-01
1.699689477682113647e-01
2.364881634712219238e-01
9.925623983144760132e-02
2.695700228214263916e-01
2.358245849609375000e-01
3.222721517086029053e-01
1.672682762145996094e-01
3.211529552936553955e-01
3.321171998977661133e-01
2.288170009851455688e-01
4.575177729129791260e-01
3.653666973114013672e-01
2.603195309638977051e-01
2.527967095375061035e-01
1.938000917434692383e-01
1.151552125811576843e-01
1.422565281391143799e-01
2.079548835754394531e-01
2.299887239933013916e-01
3.492722809314727783e-01
2.925202548503875732e-01
1.763096153736114502e-01
8.041095733642578125e-02
3.029576539993286133e-01
3.888953328132629395e-01
2.083658277988433838e-01
2.575679421424865723e-01
1.533654630184173584e-01
2.077025473117828369e-01
2.353903651237487793e-01
2.675190567970275879e-01
2.242018133401870728e-01
2.871944308280944824e-01
3.165296018123626709e-01
3.054839074611663818e-01
3.345437049865722656e-01
1.329281330108642578e-01
1.243025809526443481e-01
1.274465769529342651e-01
2.325547039508819580e-01
2.068315446376800537e-01
2.579794228076934814e-01
1.017315015196800232e-01
1.273610144853591919e-01
1.832842528820037842e-01
2.844921648502349854e-01
1.409598141908645630e-01
3.710229396820068359e-01
3.944021165370941162e-01
1.220860555768013000e-01
2.403980195522308350e-01
1.332757472991943359e-01
1.346290856599807739e-01
7.494788169860839844e-01
2.214255928993225098e-01
3.821501731872558594e-01
1.496785134077072144e-01
3.017366826534271240e-01
4.378514587879180908e-01
8.689564466476440430e-02
5.627942085266113281e-01
9.504674375057220459e-02
1.742153316736221313e-01
3.424575924873352051e-01
3.039038777351379395e-01
2.249900400638580322e-01
2.388408482074737549e-01
2.451320588588714600e-01
3.701663613319396973e-01
4.168212711811065674e-01
2.727553248405456543e-01
2.074467241764068604e-01
1.779624223709106445e-01
7.918132841587066650e-02
1.522354781627655029e-01
2.514169216156005859e-01
2.959790825843811035e-01
1.482834964990615845e-01
2.174016684293746948e-01
3.183557987213134766e-01
4.695060849189758301e-02
1.608834266662597656e-01
1.720032840967178345e-01
4.785886406898498535e-01
1.889301836490631104e-01
2.521332502365112305e-01
1.593872904777526855e-01
1.701445877552032471e-01
2.289721667766571045e-01
1.509322226047515869e-01
1.896958202123641968e-01
1.210714727640151978e-01
1.596947163343429565e-01
1.501371562480926514e-01
3.058887422084808350e-01
2.563725113868713379e-01
2.541691958904266357e-01
1.943230777978897095e-01
7.561547756195068359e-01
2.080853432416915894e-01
1.853514611721038818e-01
1.602304428815841675e-01
2.158482670783996582e-01
1.846190094947814941e-01
2.320471853017807007e-01
1.825860887765884399e-01
1.288078129291534424e-01
4.940381348133087158e-01
1.159875988960266113e-01
2.429289817810058594e-01
1.705137789249420166e-01
1.395983546972274780e-01
2.979393005371093750e-01
1.857049763202667236e-01
1.886923015117645264e-01
5.018928647041320801e-01
2.250664085149765015e-01
2.474964261054992676e-01
2.285366505384445190e-01
3.319644331932067871e-01
1.125800386071205139e-01
2.100508213043212891e-01
3.070085048675537109e-01
2.011654973030090332e-01
7.763212919235229492e-02
2.382703125476837158e-01
3.160758316516876221e-01
1.509445905685424805e-01
4.111112654209136963e-01
1.725277155637741089e-01
6.428116559982299805e-02
3.244004845619201660e-01
2.588493525981903076e-01
3.489590585231781006e-01
1.971861869096755981e-01
2.733341455459594727e-01
1.769775152206420898e-01
2.681193053722381592e-01
1.256082057952880859e-01
1.462960541248321533e-01
1.498440802097320557e-01
1.266199797391891479e-01
1.001614928245544434e-01
3.269830942153930664e-01
2.985863685607910156e-01
2.623010575771331787e-01
1.182207614183425903e-01
1.757473200559616089e-01
2.139838933944702148e-01
1.110955029726028442e-01
6.522664427757263184e-01
2.691840529441833496e-01
1.786280572414398193e-01
1.703323125839233398e-01
2.224049866199493408e-01
1.556825935840606689e-01
2.256664484739303589e-01
2.302939593791961670e-01
1.712985187768936157e-01
1.160633713006973267e-01
3.669903278350830078e-01
2.905903160572052002e-01
2.534599900245666504e-01
2.780287563800811768e-01
1.866182088851928711e-01
2.611339688301086426e-01
2.257032245397567749e-01
3.596403598785400391e-01
3.830790817737579346e-01
4.659304618835449219e-01
1.823109388351440430e-01
1.906255185604095459e-01
1.655156016349792480e-01
3.061423301696777344e-01
1.903287917375564575e-01
1.809958964586257935e-01
2.857080399990081787e-01
2.053957134485244751e-01
4.830967485904693604e-01
2.098710238933563232e-01
8.860440552234649658e-02
2.732950448989868164e-01
1.568288058042526245e-01
2.831850647926330566e-01
8.673836290836334229e-02
2.430031001567840576e-01
2.041503489017486572e-01
1.076634675264358521e-01
2.339428663253784180e-01
4.172433912754058838e-01
2.027925550937652588e-01
1.850700080394744873e-01
3.398446440696716309e-01
2.780717611312866211e-01
4.444102346897125244e-01
1.763252019882202148e-01
1.684955060482025146e-01
1.417112648487091064e-01
2.642300426959991455e-01
2.477918267250061035e-01
3.869665861129760742e-01
3.296366333961486816e-01
3.748812973499298096e-01
1.962082237005233765e-01
4.714716672897338867e-01
2.663196325302124023e-01
3.141282200813293457e-01
2.292483747005462646e-01
3.924327492713928223e-01
2.304368913173675537e-01
2.376869022846221924e-01
2.044832706451416016e-01
1.815756857395172119e-01
2.261711061000823975e-01
2.359687387943267822e-01
2.965124845504760742e-01
9.283158183097839355e-02
3.827595114707946777e-01
3.042660951614379883e-01
5.257289409637451172e-01
2.954079210758209229e-01
4.069060087203979492e-01
2.588657438755035400e-01
3.060793876647949219e-01
2.381278127431869507e-01
2.224168479442596436e-01
3.856027126312255859e-01
2.480378895998001099e-01
4.964692592620849609e-01
2.634305357933044434e-01
3.664921224117279053e-01
2.004447728395462036e-01
2.966160476207733154e-01
8.860731869935989380e-02
4.236064553260803223e-01
1.697721779346466064e-01
1.505158841609954834e-01
3.097950220108032227e-01
7.394699752330780029e-02
8.265718817710876465e-02
2.997878789901733398e-01
1.030468642711639404e-01
1.679699271917343140e-01
5.944738388061523438e-01
1.727254092693328857e-01
3.710493743419647217e-01
2.353444993495941162e-01
1.898625493049621582e-01
2.551751136779785156e-01
2.803709506988525391e-01
2.528372108936309814e-01
1.672286689281463623e-01
1.757035255432128906e-01
2.486939281225204468e-01
1.176453083753585815e-01
2.877246141433715820e-01
1.773560345172882080e-01
2.410585284233093262e-01
1.146233230829238892e-01
2.978987395763397217e-01
2.595809996128082275e-01
2.514953017234802246e-01
1.930745095014572144e-01
2.062225639820098877e-01
1.804725527763366699e-01
1.850341856479644775e-01
2.342605590820312500e-01
1.687222570180892944e-01
2.355573922395706177e-01
3.433257341384887695e-01
1.824226975440979004e-01
7.330897450447082520e-02
8.641138672828674316e-02
1.559665054082870483e-01
2.874431908130645752e-01
2.680998444557189941e-01
2.438385933637619019e-01
2.098179757595062256e-01
2.933068871498107910e-01
3.512177169322967529e-01
1.853826493024826050e-01
3.291016817092895508e-01
3.136808872222900391e-01
2.556479275226593018e-01
4.883239567279815674e-01
2.080107033252716064e-01
3.097814917564392090e-01
2.019038200378417969e-01
2.785125970840454102e-01
3.411068618297576904e-01
2.167096436023712158e-01
2.657057642936706543e-01
1.653431951999664307e-01
1.735103279352188110e-01
1.366433799266815186e-01
1.772409975528717041e-01
1.000745892524719238e-01
2.825186550617218018e-01
2.736814320087432861e-01
2.381139397621154785e-01
2.381412535905838013e-01
1.966869384050369263e-01
1.982236504554748535e-01
1.200873106718063354e-01
2.444593310356140137e-01
2.361685037612915039e-01
1.913302689790725708e-01
2.073459029197692871e-01
1.773529648780822754e-01
2.825989723205566406e-01
4.939112812280654907e-02
2.971062064170837402e-01
2.751599550247192383e-01
2.733555436134338379e-01
1.636907011270523071e-01
2.257121503353118896e-01
2.456923723220825195e-01
2.562105953693389893e-01
8.499341458082199097e-02
2.335662990808486938e-01
9.756901860237121582e-02
5.033699274063110352e-01
2.854507565498352051e-01
3.262552022933959961e-01
2.713656425476074219e-01
3.572206199169158936e-01
2.495170831680297852e-01
4.881255030632019043e-01
2.001756131649017334e-01
3.029988408088684082e-01
2.078061401844024658e-01
3.066202104091644287e-01
2.853153944015502930e-01
2.789615988731384277e-01
2.841103374958038330e-01
3.074499070644378662e-01
8.872586488723754883e-02
1.431140005588531494e-01
2.235527336597442627e-01
5.852687954902648926e-01
2.132077813148498535e-01
8.815945684909820557e-02
4.307588934898376465e-01
4.733262658119201660e-01
2.197556197643280029e-01
2.282720208168029785e-01
3.621867895126342773e-01
3.553950190544128418e-01
3.341199457645416260e-01
2.088932245969772339e-01
2.076356709003448486e-01
3.417948484420776367e-01
5.157366394996643066e-01
2.675821185111999512e-01
1.571432948112487793e-01
1.786025464534759521e-01
2.787834703922271729e-01
1.387875974178314209e-01
1.744895577430725098e-01
2.741496562957763672e-01
1.727039813995361328e-01
1.612017899751663208e-01
2.410009801387786865e-01
3.571321964263916016e-01
1.959023028612136841e-01
2.285892367362976074e-01
4.689253568649291992e-01
3.830235898494720459e-01
1.663221418857574463e-01
2.802699804306030273e-01
2.668879628181457520e-01
8.079152554273605347e-02
3.106036782264709473e-01
6.046887114644050598e-02
2.519807219505310059e-01
2.551049888134002686e-01
4.124191105365753174e-01
1.475783884525299072e-01
2.577683627605438232e-01
2.575422227382659912e-01
4.801719486713409424e-01
1.714334338903427124e-01
1.324246376752853394e-01
3.910499215126037598e-01
3.495570123195648193e-01
3.861945271492004395e-01
2.390341460704803467e-01
2.918686866760253906e-01
3.132211863994598389e-01
2.063047736883163452e-01
5.081300437450408936e-02
3.529358506202697754e-01
5.558943748474121094e-01
3.284941911697387695e-01
3.412384092807769775e-01
1.807944029569625854e-01
1.305332928895950317e-01
3.327686190605163574e-01
1.454666256904602051e-01
9.314636886119842529e-02
1.558289229869842529e-01
2.946218848228454590e-01
1.559108942747116089e-01
1.345405876636505127e-01
1.155973002314567566e-01
1.335963308811187744e-01
1.718840450048446655e-01
5.141678452491760254e-01
2.640318870544433594e-01
2.850815057754516602e-01
1.578096151351928711e-01
3.046607673168182373e-01
1.713355183601379395e-01
4.890471994876861572e-01
2.696041166782379150e-01
3.612449467182159424e-01
3.241828083992004395e-01
1.043811887502670288e-01
2.831577062606811523e-01
8.465266227722167969e-02
2.468955814838409424e-01
1.673889458179473877e-01
1.601534783840179443e-01
1.894498616456985474e-01
4.338756501674652100e-01
3.721900656819343567e-02
