2.987018227577209473e-01
2.267058342695236206e-01
1.168800070881843567e-01
6.112870201468467712e-02
1.755868047475814819e-01
3.126930892467498779e-01
1.218918561935424805e-01
2.710306048393249512e-01
2.281371057033538818e-01
1.973386406898498535e-01
2.881228923797607422e-01
1.140596270561218262e-01
1.139352023601531982e-01
1.041182503104209900e-01
1.438131481409072876e-01
1.010368093848228455e-01
2.291543185710906982e-01
3.357224464416503906e-01
3.126694560050964355e-01
6.151398643851280212e-02
2.163819968700408936e-01
3.450825810432434082e-01
1.866565197706222534e-01
1.161390542984008789e-01
3.118323683738708496e-01
1.940209865570068359e-01
4.109574556350708008e-01
2.055372297763824463e-01
1.179065406322479248e-01
2.453379631042480469e-01
1.959609836339950562e-01
1.738709509372711182e-01
8.525571227073669434e-02
1.133204326033592224e-01
3.657180666923522949e-01
3.341400921344757080e-01
1.599487960338592529e-01
1.014548093080520630e-01
2.116460949182510376e-01
8.790244162082672119e-02
7.148770987987518311e-02
3.015936017036437988e-01
1.247979104518890381e-01
2.343418300151824951e-01
3.462937101721763611e-02
2.801209986209869385e-01
4.591072350740432739e-02
4.156885296106338501e-02
2.994551956653594971e-01
5.407099425792694092e-02
4.633671045303344727e-02
1.344625949859619141e-01
2.444050014019012451e-01
1.347568929195404053e-01
2.516843080520629883e-01
1.577987968921661377e-01
1.370028108358383179e-01
5.551387369632720947e-02
5.901286005973815918e-02
2.723116576671600342e-01
7.243534922599792480e-02
2.570033669471740723e-01
1.035891771316528320e-01
2.564197182655334473e-01
1.094802767038345337e-01
1.231050491333007812e-01
3.197062015533447266e-01
3.123219013214111328e-01
6.647428870201110840e-02
1.210881993174552917e-01
1.700048148632049561e-01
1.888833045959472656e-01
7.800382375717163086e-02
2.175123095512390137e-01
4.599081352353096008e-02
7.456005364656448364e-02
1.789844632148742676e-01
2.316524535417556763e-01
1.812926381826400757e-01
9.733605384826660156e-02
1.346027553081512451e-01
1.341096162796020508e-01
2.348897233605384827e-02
1.492278724908828735e-01
1.882095336914062500e-01
1.206850782036781311e-01
1.318345963954925537e-01
1.226928234100341797e-01
1.143104359507560730e-01
4.140426963567733765e-02
3.435525298118591309e-01
1.349574327468872070e-01
3.270901441574096680e-01
1.487128734588623047e-01
1.369272768497467041e-01
1.973825395107269287e-01
2.592116892337799072e-01
2.653497755527496338e-01
1.858431547880172729e-01
1.106463968753814697e-01
2.432198822498321533e-01
1.852252632379531860e-01
2.419568300247192383e-01
2.130468040704727173e-01
1.146593093872070312e-01
2.396785765886306763e-01
1.847057938575744629e-01
2.203190922737121582e-01
3.309043645858764648e-01
4.350377023220062256e-01
2.854110896587371826e-01
2.829524576663970947e-01
2.007888257503509521e-01
2.687471210956573486e-01
3.412456512451171875e-01
1.521380394697189331e-01
2.359147667884826660e-01
3.396470546722412109e-01
1.898298710584640503e-01
2.496079355478286743e-01
1.534586399793624878e-01
2.153128385543823242e-01
9.064503014087677002e-02
2.069196254014968872e-01
1.545059233903884888e-01
1.151474788784980774e-01
7.547545433044433594e-02
1.479780673980712891e-01
1.427842676639556885e-01
1.475102752447128296e-01
5.645103752613067627e-02
1.291989386081695557e-01
2.048642486333847046e-01
2.539610266685485840e-01
3.463054299354553223e-01
1.554861813783645630e-01
3.370524942874908447e-01
2.977936863899230957e-01
1.078761816024780273e-01
2.771253585815429688e-01
2.880308628082275391e-01
4.074940085411071777e-01
1.578955948352813721e-01
2.325667440891265869e-01
2.152074873447418213e-01
1.603559106588363647e-01
9.375102818012237549e-02
1.097167283296585083e-01
2.056931108236312866e-01
1.197131127119064331e-01
3.540737628936767578e-01
6.509972363710403442e-02
7.933563739061355591e-02
4.354169666767120361e-01
2.180660665035247803e-01
1.841422170400619507e-01
1.356785893440246582e-01
1.684124022722244263e-01
1.081018596887588501e-01
1.972868144512176514e-01
1.555649787187576294e-01
3.927846997976303101e-02
2.816935777664184570e-01
2.211972475051879883e-01
1.527364104986190796e-01
1.834563612937927246e-01
2.170028388500213623e-01
1.311595439910888672e-01
4.128075391054153442e-02
2.525995075702667236e-01
1.714097261428833008e-01
1.614671945571899414e-01
9.675768017768859863e-02
1.425000876188278198e-01
1.212893277406692505e-01
5.264184996485710144e-02
1.471103876829147339e-01
6.475265324115753174e-02
5.002045035362243652e-01
1.548888981342315674e-01
2.991526722908020020e-01
2.618790268898010254e-01
8.764784038066864014e-02
4.032991826534271240e-01
1.643867194652557373e-01
1.815376877784729004e-01
3.787014484405517578e-01
3.062264025211334229e-01
2.189305573701858521e-01
3.995818197727203369e-01
2.507897317409515381e-01
1.056697070598602295e-01
1.659381538629531860e-01
1.786078661680221558e-01
1.625759899616241455e-01
4.803187400102615356e-02
1.779733002185821533e-01
4.171799495816230774e-02
7.271353900432586670e-02
2.439403235912322998e-01
2.381808608770370483e-01
1.329593956470489502e-01
1.429441869258880615e-01
2.607362568378448486e-01
2.296859174966812134e-01
8.317133039236068726e-02
1.276317387819290161e-01
1.740213930606842041e-01
5.081597715616226196e-02
2.874312996864318848e-01
2.207846194505691528e-01
1.567639559507369995e-01
1.052198708057403564e-01
4.828248172998428345e-02
2.324290573596954346e-01
2.198311686515808105e-01
1.946301162242889404e-01
2.223277986049652100e-01
1.984309703111648560e-01
7.488202303647994995e-02
1.999802291393280029e-01
1.932268738746643066e-01
2.619303762912750244e-01
1.328827291727066040e-01
1.938904225826263428e-01
4.860415756702423096e-01
2.596417665481567383e-01
1.408653855323791504e-01
1.591829061508178711e-01
1.381366103887557983e-01
6.936958432197570801e-02
4.425183311104774475e-02
3.906039893627166748e-01
1.938248276710510254e-01
1.362213194370269775e-01
2.631975710391998291e-01
1.855735182762145996e-01
2.118883728981018066e-01
9.401807188987731934e-02
2.882320806384086609e-02
1.842448711395263672e-01
2.989430427551269531e-01
7.958613336086273193e-02
2.586277723312377930e-01
1.742609143257141113e-01
1.641805917024612427e-01
5.191269516944885254e-02
8.838223665952682495e-02
3.776201307773590088e-01
1.274054348468780518e-01
1.957518607378005981e-01
1.503317058086395264e-01
1.390843540430068970e-01
1.711844205856323242e-01
1.056399941444396973e-01
1.331230551004409790e-01
1.293282806873321533e-01
1.658069640398025513e-01
3.211159110069274902e-01
1.844818890094757080e-01
1.359588354825973511e-01
1.826622039079666138e-01
3.248124569654464722e-02
2.923817038536071777e-01
4.433191567659378052e-02
1.924391239881515503e-01
7.273180037736892700e-02
2.027939260005950928e-01
1.668651998043060303e-01
1.714826077222824097e-01
8.357430994510650635e-02
3.094394207000732422e-01
4.227418452501296997e-02
1.939201951026916504e-01
2.116215825080871582e-01
1.293289959430694580e-01
2.444603145122528076e-01
1.847507357597351074e-01
1.494945883750915527e-01
1.694958209991455078e-01
3.463651835918426514e-01
3.261463046073913574e-01
9.289070218801498413e-02
1.270326524972915649e-01
1.747768521308898926e-01
3.279722034931182861e-01
5.454835668206214905e-02
2.761443853378295898e-01
8.376631885766983032e-02
1.371926814317703247e-01
6.470992416143417358e-02
8.907894790172576904e-02
1.404004544019699097e-01
5.343921780586242676e-01
1.084684878587722778e-01
1.571917831897735596e-01
4.431763291358947754e-01
5.816870182752609253e-02
2.719404697418212891e-01
3.386473655700683594e-01
1.248850151896476746e-01
9.005022048950195312e-02
1.719643324613571167e-01
1.473780274391174316e-01
8.772181719541549683e-02
7.486749440431594849e-02
9.502238035202026367e-02
1.518906205892562866e-01
1.347045749425888062e-01
1.205567717552185059e-01
6.265292316675186157e-02
2.950334250926971436e-01
1.153322905302047729e-01
6.871860474348068237e-02
3.267455846071243286e-02
1.975717246532440186e-01
1.688532233238220215e-01
1.555237919092178345e-01
1.399400681257247925e-01
2.059890925884246826e-01
5.730022490024566650e-02
3.379271328449249268e-01
4.569886326789855957e-01
8.211843669414520264e-02
1.059155389666557312e-01
7.137379795312881470e-02
1.386837363243103027e-01
1.829549074172973633e-01
7.899816334247589111e-02
4.980720281600952148e-01
1.015110090374946594e-01
2.752292156219482422e-01
2.566464543342590332e-01
1.923827528953552246e-01
2.450254410505294800e-01
2.478071153163909912e-01
4.740495607256889343e-02
6.607969850301742554e-02
2.298774123191833496e-01
2.187956124544143677e-01
1.166422963142395020e-01
1.661833524703979492e-01
3.666928410530090332e-02
1.271580308675765991e-01
1.440330147743225098e-01
1.370312571525573730e-01
1.715043187141418457e-01
2.041574716567993164e-01
2.170211970806121826e-01
2.414315938949584961e-02
2.078824304044246674e-02
1.133606880903244019e-01
1.534346342086791992e-01
1.665487438440322876e-01
2.394645810127258301e-01
1.542162895202636719e-01
4.363376274704933167e-02
1.880743503570556641e-01
1.506053209304809570e-01
2.923803925514221191e-01
2.349260747432708740e-01
2.365879714488983154e-01
2.453990876674652100e-01
1.495136171579360962e-01
2.266553342342376709e-01
2.677173614501953125e-01
2.230309844017028809e-01
1.966722458600997925e-01
2.510472238063812256e-01
4.014206305146217346e-02
1.567168533802032471e-01
1.574454307556152344e-01
1.013476550579071045e-01
2.805455327033996582e-01
1.899641454219818115e-01
6.120236963033676147e-02
2.410909086465835571e-01
1.521991193294525146e-01
1.447503864765167236e-01
6.026828289031982422e-02
1.720268726348876953e-01
2.801773548126220703e-01
1.746014058589935303e-01
2.141609489917755127e-01
1.595447063446044922e-01
5.331704020500183105e-01
1.180887967348098755e-01
7.072234898805618286e-02
1.926124393939971924e-01
2.598766684532165527e-01
4.336836561560630798e-02
7.538846135139465332e-02
1.203936338424682617e-01
3.701066970825195312e-01
1.491689085960388184e-01
2.592529654502868652e-01
1.705904006958007812e-01
4.551656916737556458e-02
2.139741778373718262e-01
2.651817798614501953e-01
4.418305307626724243e-02
7.563225179910659790e-02
3.177925944328308105e-01
9.266181290149688721e-02
2.128222882747650146e-01
2.337951064109802246e-01
1.251451373100280762e-01
1.410520076751708984e-01
1.004610061645507812e-01
1.159116774797439575e-01
5.736509561538696289e-01
3.229107260704040527e-01
3.543011471629142761e-02
1.201663464307785034e-01
2.296907603740692139e-01
1.313099861145019531e-01
2.231836616992950439e-01
7.657535374164581299e-02
1.119082272052764893e-01
1.221827939152717590e-01
1.777917444705963135e-01
2.008306086063385010e-01
5.253390222787857056e-02
2.696416079998016357e-01
2.256317287683486938e-01
1.601005345582962036e-01
2.848019599914550781e-01
7.325194776058197021e-02
1.556285172700881958e-01
1.472674608230590820e-01
1.084849089384078979e-01
1.629329174757003784e-01
4.259398579597473145e-01
1.211002618074417114e-01
1.626462936401367188e-01
2.911053001880645752e-01
3.213147819042205811e-01
1.243325471878051758e-01
8.413040637969970703e-02
1.280705183744430542e-01
9.139031171798706055e-02
4.873355031013488770e-01
2.949007749557495117e-01
2.258929759263992310e-01
2.687236964702606201e-01
7.739300280809402466e-02
2.055498659610748291e-01
3.189827799797058105e-01
3.033694624900817871e-01
2.136207073926925659e-01
7.149115204811096191e-02
2.904241383075714111e-01
1.391618549823760986e-01
1.145375221967697144e-01
2.241055220365524292e-01
1.622561961412429810e-01
2.943223714828491211e-01
3.129481673240661621e-01
4.495782554149627686e-01
1.143900305032730103e-01
1.080740913748741150e-01
4.792230129241943359e-01
1.446273624897003174e-01
2.672727704048156738e-01
7.686831057071685791e-02
1.961766779422760010e-01
1.232618838548660278e-01
8.581756055355072021e-02
3.489831984043121338e-01
1.607840806245803833e-01
5.923243239521980286e-02
8.319635689258575439e-02
2.361861914396286011e-01
1.524551063776016235e-01
3.073095679283142090e-01
1.027596890926361084e-01
1.339789181947708130e-01
3.823410272598266602e-01
3.382542133331298828e-01
7.163180410861968994e-02
9.812775254249572754e-02
1.269748806953430176e-01
2.272889167070388794e-01
3.866242170333862305e-01
5.356283187866210938e-01
1.714220345020294189e-01
2.603802084922790527e-01
1.865026950836181641e-01
1.043400391936302185e-01
1.239850372076034546e-01
2.467465549707412720e-01
4.950899779796600342e-01
8.366230130195617676e-02
3.617563843727111816e-01
2.657707929611206055e-01
1.014471501111984253e-01
3.275530338287353516e-01
1.123912632465362549e-01
2.987240850925445557e-01
1.288426220417022705e-01
2.861790657043457031e-01
1.075952053070068359e-01
2.539457678794860840e-01
2.425102740526199341e-01
4.206598997116088867e-01
1.070257425308227539e-01
2.151144593954086304e-01
1.790542900562286377e-01
5.550318211317062378e-02
2.366232275962829590e-01
7.356601953506469727e-02
2.123397886753082275e-01
2.034204602241516113e-01
1.127699092030525208e-01
7.885988801717758179e-02
2.322264462709426880e-01
1.529400646686553955e-01
2.787376642227172852e-01
1.818372905254364014e-01
2.450961172580718994e-01
1.404235959053039551e-01
2.459861636161804199e-01
1.880050003528594971e-01
1.090681776404380798e-01
3.446727693080902100e-01
1.106424033641815186e-01
1.811010837554931641e-01
3.176314830780029297e-01
2.012566924095153809e-01
1.763839125633239746e-01
1.774200499057769775e-01
2.549285590648651123e-01
5.453353375196456909e-02
1.835570484399795532e-01
1.789009720087051392e-01
3.511430025100708008e-01
1.237492561340332031e-01
2.285696864128112793e-01
1.903802901506423950e-01
1.945439428091049194e-01
1.310708224773406982e-01
2.502925992012023926e-01
9.817492216825485229e-02
2.362928390502929688e-01
3.088401816785335541e-02
2.427228689193725586e-01
2.697240710258483887e-01
2.448846250772476196e-01
1.912623047828674316e-01
2.985419034957885742e-01
2.642719149589538574e-01
2.673682570457458496e-01
3.475319743156433105e-01
2.532814741134643555e-01
3.200722336769104004e-01
2.014045417308807373e-01
3.470958769321441650e-01
5.569038912653923035e-02
1.260288059711456299e-01
2.455922514200210571e-01
3.791112899780273438e-01
3.770389556884765625e-01
1.498558074235916138e-01
1.415038108825683594e-01
2.110703587532043457e-01
8.153434097766876221e-02
1.219135373830795288e-01
2.806461751461029053e-01
1.947448551654815674e-01
4.957571998238563538e-02
1.212173923850059509e-01
1.064399555325508118e-01
1.790958642959594727e-01
1.008137986063957214e-01
3.295810818672180176e-01
2.133840024471282959e-01
4.995331168174743652e-01
3.055633306503295898e-01
1.802931576967239380e-01
2.164005190134048462e-01
4.757856130599975586e-01
1.370615959167480469e-01
3.079008460044860840e-01
2.816262841224670410e-01
2.649325132369995117e-01
2.135593593120574951e-01
3.119785785675048828e-01
1.509353518486022949e-01
2.186619341373443604e-01
2.274540215730667114e-01
3.916501998901367188e-01
5.261720418930053711e-01
4.418698549270629883e-01
4.831029176712036133e-01
2.048785090446472168e-01
4.729721844196319580e-01
8.308994770050048828e-02
6.660008430480957031e-02
8.145327866077423096e-02
3.097504973411560059e-01
1.954170912504196167e-01
2.097961604595184326e-01
2.718963921070098877e-01
1.527060717344284058e-01
2.250678837299346924e-01
1.838867664337158203e-01
1.036638841032981873e-01
4.027695059776306152e-01
2.289044559001922607e-01
2.209834754467010498e-01
1.793910562992095947e-01
1.529249548912048340e-01
3.803598880767822266e-01
1.496468633413314819e-01
2.828034460544586182e-01
3.439086079597473145e-01
1.460056602954864502e-01
1.409775465726852417e-01
1.547447293996810913e-01
1.867180168628692627e-01
2.851662337779998779e-01
1.095134764909744263e-01
4.910241067409515381e-02
1.872269213199615479e-01
1.884046345949172974e-01
4.806791245937347412e-02
2.602674365043640137e-01
2.945859432220458984e-01
2.936403155326843262e-01
9.509105980396270752e-02
3.139318227767944336e-01
2.992961406707763672e-01
2.691397070884704590e-01
1.504286229610443115e-01
2.058836817741394043e-01
1.563411504030227661e-01
1.939419209957122803e-01
2.396882176399230957e-01
1.166791617870330811e-01
1.548607945442199707e-01
9.567756950855255127e-02
2.394980788230895996e-01
9.243512153625488281e-02
1.036279872059822083e-01
3.731992840766906738e-01
1.606969833374023438e-01
1.797296851873397827e-01
2.327030897140502930e-01
2.469718158245086670e-01
2.204983234405517578e-01
2.989206910133361816e-01
2.581788897514343262e-01
8.800393342971801758e-02
8.239623159170150757e-02
1.114674955606460571e-01
4.077789783477783203e-01
2.739035785198211670e-01
2.497242987155914307e-01
2.363650053739547729e-01
2.288246303796768188e-01
2.207547575235366821e-01
2.657369673252105713e-01
5.798419564962387085e-02
1.251080632209777832e-01
1.190554127097129822e-01
2.284790277481079102e-01
9.142144024372100830e-02
1.343608647584915161e-01
1.232713237404823303e-01
2.360084503889083862e-01
2.887204587459564209e-01
7.485871016979217529e-02
2.126975208520889282e-01
2.243060022592544556e-01
3.852024972438812256e-01
4.892222583293914795e-01
9.834908694028854370e-02
1.135423555970191956e-01
1.651162356138229370e-01
3.572787642478942871e-01
2.240242213010787964e-01
1.034976989030838013e-01
2.561135292053222656e-01
1.513597965240478516e-01
1.024795621633529663e-01
7.189318537712097168e-02
4.099915027618408203e-01
2.571160197257995605e-01
2.016821503639221191e-01
1.479132473468780518e-01
3.614847958087921143e-01
4.327309429645538330e-01
7.421532273292541504e-02
1.931456923484802246e-01
1.208304688334465027e-01
1.596629768610000610e-01
4.198551476001739502e-01
1.542832851409912109e-01
1.230827569961547852e-01
5.392612144351005554e-02
3.099090456962585449e-01
1.004144921898841858e-01
3.419471383094787598e-01
1.546944677829742432e-01
8.577083051204681396e-02
2.704511880874633789e-01
2.114928066730499268e-01
4.560709744691848755e-02
1.519974023103713989e-01
1.721248626708984375e-01
1.899272203445434570e-01
2.371138334274291992e-01
1.222150921821594238e-01
2.024649232625961304e-01
1.662740707397460938e-01
8.735891431570053101e-02
1.789364069700241089e-01
2.454991340637207031e-01
2.331383824348449707e-01
7.664410769939422607e-02
1.110018566250801086e-01
1.905165165662765503e-01
2.313404083251953125e-01
2.238705307245254517e-01
9.411540627479553223e-01
2.298126518726348877e-01
3.911859393119812012e-01
3.339082598686218262e-01
6.663615107536315918e-01
2.339229136705398560e-01
5.162449479103088379e-01
3.479365408420562744e-01
1.881493031978607178e-01
2.262527346611022949e-01
3.700816929340362549e-01
1.477014571428298950e-01
2.151845991611480713e-01
1.369630694389343262e-01
3.267470002174377441e-01
2.102182656526565552e-01
3.170571029186248779e-01
3.370554745197296143e-01
2.123123109340667725e-01
2.898703515529632568e-01
3.366156220436096191e-01
2.832289040088653564e-01
2.743111550807952881e-01
1.704345047473907471e-01
2.152286767959594727e-01
3.754983246326446533e-01
2.163014411926269531e-01
8.035503327846527100e-02
2.446630597114562988e-01
3.298930525779724121e-01
1.686892211437225342e-01
3.568595349788665771e-01
1.567275524139404297e-01
8.145529776811599731e-02
4.050891697406768799e-01
1.556196957826614380e-01
1.629115343093872070e-01
3.756920695304870605e-01
3.138733804225921631e-01
1.952321827411651611e-01
3.308523297309875488e-01
3.337892144918441772e-02
1.279675364494323730e-01
1.112492680549621582e-01
2.742775380611419678e-01
7.239307463169097900e-02
1.394541263580322266e-01
1.311969161033630371e-01
8.932510018348693848e-02
1.277715712785720825e-01
6.008626520633697510e-02
2.984476983547210693e-01
2.946235835552215576e-01
5.843652784824371338e-02
5.830064415931701660e-01
2.955736517906188965e-01
9.589950740337371826e-02
1.119540035724639893e-01
1.079957336187362671e-01
1.416799128055572510e-01
2.797411084175109863e-01
2.139684706926345825e-01
1.217704340815544128e-01
2.264057397842407227e-01
2.081634104251861572e-01
4.690115526318550110e-02
1.204889714717864990e-01
1.203426122665405273e-01
2.267176806926727295e-01
4.966344237327575684e-01
3.052774071693420410e-01
1.914664208889007568e-01
1.375459134578704834e-01
1.533006131649017334e-01
6.341353058815002441e-02
3.817461133003234863e-01
2.101669162511825562e-01
3.286889791488647461e-01
2.530556321144104004e-01
6.897673010826110840e-02
2.631696462631225586e-01
1.065449416637420654e-01
2.545544505119323730e-01
1.227870434522628784e-01
3.303203880786895752e-01
1.230364739894866943e-01
1.871342211961746216e-01
2.179946899414062500e-01
1.831887960433959961e-01
1.367058604955673218e-01
9.434079378843307495e-02
8.906065672636032104e-02
1.984930187463760376e-01
1.643927991390228271e-01
1.591062545776367188e-01
8.095403760671615601e-02
1.483785957098007202e-01
3.274003863334655762e-01
1.493432670831680298e-01
1.316173523664474487e-01
1.964288651943206787e-01
1.528276652097702026e-01
1.137809231877326965e-01
1.319866478443145752e-01
2.213328778743743896e-01
3.169234991073608398e-01
1.731030046939849854e-01
8.606742322444915771e-02
4.059389606118202209e-02
1.374389976263046265e-01
2.922769784927368164e-01
1.359077394008636475e-01
4.525030404329299927e-02
1.887644529342651367e-01
1.774325817823410034e-01
9.371330589056015015e-02
1.564129292964935303e-01
2.473781108856201172e-01
1.504733115434646606e-01
2.249774038791656494e-01
1.713284552097320557e-01
8.293249458074569702e-02
6.020053848624229431e-02
1.106830537319183350e-01
1.990149766206741333e-01
2.793956398963928223e-01
2.240856140851974487e-01
5.553566664457321167e-02
1.547973752021789551e-01
2.313433885574340820e-01
7.056439667940139771e-02
2.098763287067413330e-01
7.722660154104232788e-02
2.761526107788085938e-01
6.601901352405548096e-02
3.562591671943664551e-01
1.572614759206771851e-01
5.176373720169067383e-01
1.362929195165634155e-01
1.603315919637680054e-01
1.967144906520843506e-01
1.148620024323463440e-01
6.812873482704162598e-02
1.578484475612640381e-01
6.543073654174804688e-01
3.873894512653350830e-01
2.485530823469161987e-01
1.569163352251052856e-01
2.602357864379882812e-01
1.142930015921592712e-01
2.442164719104766846e-01
1.999045163393020630e-01
2.572886943817138672e-01
1.650861501693725586e-01
2.640320062637329102e-01
2.832987904548645020e-01
3.799113929271697998e-01
2.922804653644561768e-01
2.784525752067565918e-01
9.505909681320190430e-02
3.019374012947082520e-01
1.322458386421203613e-01
2.850713133811950684e-01
1.163847520947456360e-01
2.901527881622314453e-01
1.537242531776428223e-01
1.616225689649581909e-01
2.042298913002014160e-01
1.441643536090850830e-01
3.365452885627746582e-01
1.719118952751159668e-01
9.886497259140014648e-02
6.235967576503753662e-02
1.726165562868118286e-01
7.375834137201309204e-02
1.477030068635940552e-01
2.244868502020835876e-02
3.473500013351440430e-01
2.879973948001861572e-01
2.846436500549316406e-01
3.386104479432106018e-02
1.070701256394386292e-01
2.104691416025161743e-01
2.774530351161956787e-01
4.299926161766052246e-01
2.128227353096008301e-01
1.221744120121002197e-01
1.455634981393814087e-01
1.357683539390563965e-01
1.696200966835021973e-01
7.589285075664520264e-02
1.251480281352996826e-01
1.536642313003540039e-01
1.022795438766479492e-01
8.128625899553298950e-02
2.829034328460693359e-01
1.890170425176620483e-01
1.976186633110046387e-01
1.102505326271057129e-01
1.840412467718124390e-01
1.555605530738830566e-01
1.496542096138000488e-01
3.233265876770019531e-02
1.820177584886550903e-01
7.129413634538650513e-02
1.710291504859924316e-01
1.300683915615081787e-01
9.243156015872955322e-02
3.132389485836029053e-01
4.370308220386505127e-01
2.510073781013488770e-01
6.990937888622283936e-02
7.437293231487274170e-02
9.906212985515594482e-02
1.170370578765869141e-01
3.688922822475433350e-01
1.880254596471786499e-01
2.097980082035064697e-01
2.343162000179290771e-01
9.982521831989288330e-02
9.102511405944824219e-02
4.731296747922897339e-02
1.793389022350311279e-01
2.651993036270141602e-01
2.292011678218841553e-01
1.328848749399185181e-01
3.821557164192199707e-01
1.522993445396423340e-01
1.171274259686470032e-01
1.719455271959304810e-01
3.252470791339874268e-01
1.009387820959091187e-01
1.558798998594284058e-01
8.269950002431869507e-02
2.390925288200378418e-01
2.530835568904876709e-01
1.529694497585296631e-01
1.775746643543243408e-01
4.221395552158355713e-01
2.425542324781417847e-01
9.869664907455444336e-02
1.870111227035522461e-01
1.745696812868118286e-01
4.377691820263862610e-02
1.313309967517852783e-01
1.770647317171096802e-01
3.218773603439331055e-01
1.226048171520233154e-01
3.102235198020935059e-01
2.970285117626190186e-01
1.642005294561386108e-01
1.082147806882858276e-01
1.940199434757232666e-01
1.437236219644546509e-01
8.276001363992691040e-02
1.519124209880828857e-01
1.844410151243209839e-01
1.972958743572235107e-01
1.405384540557861328e-01
1.428411304950714111e-01
1.181480884552001953e-01
2.265090644359588623e-01
1.441963911056518555e-01
9.710291028022766113e-02
2.494437247514724731e-01
1.234246939420700073e-01
2.347978800535202026e-01
3.704984486103057861e-02
2.388646602630615234e-01
1.140205040574073792e-01
5.844483524560928345e-02
2.523415386676788330e-01
4.152096062898635864e-02
1.923507601022720337e-01
1.247567236423492432e-01
2.416149824857711792e-01
1.794918477535247803e-01
1.142664551734924316e-01
2.134650051593780518e-01
4.265028983354568481e-02
2.069315612316131592e-01
5.500154197216033936e-02
6.940606236457824707e-02
1.985806822776794434e-01
1.918419450521469116e-01
3.244821727275848389e-01
1.080850884318351746e-01
2.407220602035522461e-01
2.396185249090194702e-01
2.318823635578155518e-01
1.969141513109207153e-01
2.460243254899978638e-01
7.519845664501190186e-02
2.282364666461944580e-01
1.265627145767211914e-01
2.672669589519500732e-01
2.434477955102920532e-01
1.796891093254089355e-01
2.740965783596038818e-01
2.022605836391448975e-01
1.921398788690567017e-01
1.750487685203552246e-01
4.435168206691741943e-02
1.145220696926116943e-01
1.299180239439010620e-01
4.688100516796112061e-02
9.876857697963714600e-02
2.877136468887329102e-01
6.086894869804382324e-02
9.120017290115356445e-02
2.692044377326965332e-01
2.477077543735504150e-01
1.338678002357482910e-01
1.844037473201751709e-01
4.944475740194320679e-02
1.370720863342285156e-01
6.035977602005004883e-02
7.882313430309295654e-02
5.864294767379760742e-01
9.078529477119445801e-02
2.027641087770462036e-01
2.391034811735153198e-01
1.672404408454895020e-01
7.388161122798919678e-02
1.169930696487426758e-01
3.029622137546539307e-01
3.454755619168281555e-02
1.599608808755874634e-01
9.288199245929718018e-02
2.223921269178390503e-01
1.087780445814132690e-01
2.317013442516326904e-01
2.286503314971923828e-01
1.757257133722305298e-01
1.681030243635177612e-01
1.281519234180450439e-01
1.666074097156524658e-01
1.163448691368103027e-01
1.558924615383148193e-01
4.936661571264266968e-02
2.531027495861053467e-01
3.390268683433532715e-01
2.802779376506805420e-01
1.342742145061492920e-01
2.297956049442291260e-01
3.123263716697692871e-01
6.547335982322692871e-01
3.462539613246917725e-01
1.306965351104736328e-01
1.678564697504043579e-01
1.344889998435974121e-01
7.450188398361206055e-01
1.811364442110061646e-01
2.634131014347076416e-01
2.703368961811065674e-01
1.358817219734191895e-01
1.603695750236511230e-01
5.833728909492492676e-01
1.976065486669540405e-01
2.115900963544845581e-01
3.741333484649658203e-01
2.880032062530517578e-01
2.666956186294555664e-01
2.510484158992767334e-01
3.289702534675598145e-01
3.221167027950286865e-01
2.189985364675521851e-01
4.078551232814788818e-01
1.779093593358993530e-01
1.774196624755859375e-01
2.943994700908660889e-01
1.499937772750854492e-01
1.081832349300384521e-01
9.408999234437942505e-02
2.230607122182846069e-01
5.250418186187744141e-01
1.810009032487869263e-01
2.665247321128845215e-01
1.257580667734146118e-01
3.831283152103424072e-01
5.240805447101593018e-02
1.396151632070541382e-01
1.270091980695724487e-01
1.870122700929641724e-01
1.559724062681198120e-01
1.666789650917053223e-01
2.736833691596984863e-01
1.767578721046447754e-01
2.535807192325592041e-01
2.711865305900573730e-01
1.920708864927291870e-01
2.666117548942565918e-01
2.652964591979980469e-01
1.801165342330932617e-01
3.649919629096984863e-01
2.356040775775909424e-01
3.132421374320983887e-01
2.278279364109039307e-01
2.628417611122131348e-01
1.018049269914627075e-01
7.430370151996612549e-02
5.117299407720565796e-02
4.672632515430450439e-01
1.649446785449981689e-01
2.209804952144622803e-01
1.536994576454162598e-01
1.146243065595626831e-01
2.731993496417999268e-01
1.783671230077743530e-01
2.113678753376007080e-01
1.888440847396850586e-01
3.773145973682403564e-01
8.492099493741989136e-02
2.602967619895935059e-01
1.207837015390396118e-01
1.617242991924285889e-01
1.420438885688781738e-01
2.712329626083374023e-01
3.438408970832824707e-01
1.686453968286514282e-01
3.136420249938964844e-01
2.806967794895172119e-01
3.057285845279693604e-01
3.099606931209564209e-01
1.540364474058151245e-01
2.096143364906311035e-01
1.940152943134307861e-01
2.511071264743804932e-01
1.709738075733184814e-01
2.023426890373229980e-01
2.062131464481353760e-01
1.824597120285034180e-01
6.762621551752090454e-02
1.987333446741104126e-01
3.451620042324066162e-01
1.760856956243515015e-01
7.446488738059997559e-02
2.276316732168197632e-01
3.448439538478851318e-01
1.139994710683822632e-01
1.839892566204071045e-01
1.947919279336929321e-01
1.193862557411193848e-01
2.045427560806274414e-01
1.321355104446411133e-01
1.661589592695236206e-01
4.593859612941741943e-01
3.850075304508209229e-01
2.909531593322753906e-01
8.180443942546844482e-02
6.633365154266357422e-02
2.934632599353790283e-01
1.425047516822814941e-01
8.500616252422332764e-02
1.434219777584075928e-01
1.175845339894294739e-01
1.723032593727111816e-01
8.473338931798934937e-02
1.035805195569992065e-01
7.878141850233078003e-02
1.572429388761520386e-01
2.376950830221176147e-01
1.674615144729614258e-01
3.592599630355834961e-01
2.625215649604797363e-01
1.205088123679161072e-01
2.043971121311187744e-01
3.796285390853881836e-01
2.273834347724914551e-01
3.231211304664611816e-01
1.934744417667388916e-01
1.680466532707214355e-01
1.282274425029754639e-01
1.642475128173828125e-01
3.254809975624084473e-01
2.306698709726333618e-01
9.661546349525451660e-02
1.834657937288284302e-01
3.712078332901000977e-01
2.055146098136901855e-01
2.101231664419174194e-01
1.431955099105834961e-01
2.143261134624481201e-01
2.062588036060333252e-01
1.532660871744155884e-01
1.384189426898956299e-01
2.325015664100646973e-01
1.404298990964889526e-01
1.082238927483558655e-01
1.709263324737548828e-01
1.165967136621475220e-01
1.661584377288818359e-01
5.047321692109107971e-02
4.844898730516433716e-02
3.034025989472866058e-02
1.400361657142639160e-01
1.731145232915878296e-01
1.241500601172447205e-01
3.820202946662902832e-01
7.942368090152740479e-02
2.747860550880432129e-01
2.485881745815277100e-01
9.804486483335494995e-02
1.841962039470672607e-01
3.007432818412780762e-01
2.240167260169982910e-01
1.099432855844497681e-01
1.591328084468841553e-01
2.271365672349929810e-01
1.879038810729980469e-01
8.286621421575546265e-02
5.625961422920227051e-01
1.032981872558593750e-01
1.297554373741149902e-01
6.811615824699401855e-02
4.799761623144149780e-02
2.162515223026275635e-01
2.752345204353332520e-01
3.977057933807373047e-01
3.110421895980834961e-01
5.068263038992881775e-02
1.684825867414474487e-02
