2.415973246097564697e-01
1.249820888042449951e-01
3.335186243057250977e-01
4.575667381286621094e-01
1.975844800472259521e-01
3.040841519832611084e-01
2.573789954185485840e-01
1.727005988359451294e-01
2.722889184951782227e-01
3.075731396675109863e-01
1.970093846321105957e-01
3.311279118061065674e-01
2.091428786516189575e-01
2.424909770488739014e-01
5.766974762082099915e-02
3.139067888259887695e-01
1.422704607248306274e-01
1.351217925548553467e-01
2.909249365329742432e-01
3.688591122627258301e-01
2.393135428428649902e-01
1.855886280536651611e-01
2.467850744724273682e-01
1.357797831296920776e-01
2.651313841342926025e-01
8.303634822368621826e-02
2.004841268062591553e-01
2.290024161338806152e-01
3.334593474864959717e-01
2.657634317874908447e-01
9.862974286079406738e-02
2.360710948705673218e-01
3.341658711433410645e-01
2.830092012882232666e-01
2.074909806251525879e-01
1.064249500632286072e-01
1.712120771408081055e-01
2.149633467197418213e-01
2.644445896148681641e-01
2.769827842712402344e-01
2.591577470302581787e-01
1.116863787174224854e-01
1.993404328823089600e-01
2.399454861879348755e-01
4.658427834510803223e-01
3.296656310558319092e-01
1.154997497797012329e-01
4.445781111717224121e-01
1.233697235584259033e-01
1.938528716564178467e-01
1.351358443498611450e-01
1.595129072666168213e-01
1.700651943683624268e-01
1.566064059734344482e-01
1.724016964435577393e-01
5.141712427139282227e-01
2.708049416542053223e-01
2.127209603786468506e-01
3.526852130889892578e-01
1.839877516031265259e-01
3.919267058372497559e-01
3.222259581089019775e-01
3.602051138877868652e-01
1.871757656335830688e-01
2.409998178482055664e-01
2.579412460327148438e-01
3.375139236450195312e-01
2.366130650043487549e-01
3.816762268543243408e-01
3.037485182285308838e-01
2.168420702219009399e-01
2.417401671409606934e-01
2.182019948959350586e-01
2.390285134315490723e-01
3.799055814743041992e-01
2.293330729007720947e-01
3.324217200279235840e-01
5.098772048950195312e-01
1.942176371812820435e-01
3.233204185962677002e-01
3.698595166206359863e-01
2.802999615669250488e-01
1.709937155246734619e-01
2.353822588920593262e-01
2.481262683868408203e-01
2.065589129924774170e-01
5.408291816711425781e-01
5.496286749839782715e-01
2.168980538845062256e-01
2.380668818950653076e-01
1.814376115798950195e-01
5.360493659973144531e-01
1.307206153869628906e-01
3.413077592849731445e-01
3.131706714630126953e-01
3.195745050907135010e-01
1.347322314977645874e-01
1.207793951034545898e-01
4.062776565551757812e-01
1.697177588939666748e-01
3.421486616134643555e-01
1.121034622192382812e-01
1.567187458276748657e-01
1.570498347282409668e-01
2.852434813976287842e-01
2.821434140205383301e-01
1.041378080844879150e-01
1.696306616067886353e-01
2.572711110115051270e-01
2.295430451631546021e-01
3.285874128341674805e-01
1.823226660490036011e-01
1.645775139331817627e-01
3.749340474605560303e-01
1.166359782218933105e-01
2.306783199310302734e-01
1.936264038085937500e-01
5.386558175086975098e-01
2.159662544727325439e-01
3.912654221057891846e-01
2.225111126899719238e-01
2.993388175964355469e-01
2.084555923938751221e-01
5.463809967041015625e-01
2.784332633018493652e-01
3.129408061504364014e-01
1.933787465095520020e-01
2.221346199512481689e-01
3.740251064300537109e-01
2.781501412391662598e-01
1.898024082183837891e-01
2.100039720535278320e-01
2.861394882202148438e-01
4.309303760528564453e-01
4.253163337707519531e-01
2.583743929862976074e-01
2.924990952014923096e-01
4.914793968200683594e-01
1.145808398723602295e-01
2.521020174026489258e-01
2.032811194658279419e-01
2.009969055652618408e-01
3.541320860385894775e-01
1.662029772996902466e-01
1.465023458003997803e-01
1.672568023204803467e-01
1.996545642614364624e-01
1.469428539276123047e-01
3.562915623188018799e-01
2.813533544540405273e-01
5.632238388061523438e-01
3.257917165756225586e-01
2.869994640350341797e-01
3.099873960018157959e-01
1.413682252168655396e-01
3.695641458034515381e-01
2.903590202331542969e-01
1.745596826076507568e-01
2.221667021512985229e-01
3.554277420043945312e-01
5.250696539878845215e-01
2.332396805286407471e-01
2.691696286201477051e-01
2.876157760620117188e-01
4.884370565414428711e-01
2.713155746459960938e-01
9.311026334762573242e-02
3.613104224205017090e-01
9.058657884597778320e-01
2.226303815841674805e-01
1.613363325595855713e-01
4.428280293941497803e-01
5.361557006835937500e-01
5.331652760505676270e-01
2.245988398790359497e-01
2.042678892612457275e-01
2.254850566387176514e-01
2.335061430931091309e-01
5.381242036819458008e-01
4.970355033874511719e-01
2.217259407043457031e-01
1.802609413862228394e-01
2.859790921211242676e-01
3.851467669010162354e-01
5.996685028076171875e-01
3.252855837345123291e-01
5.742439031600952148e-01
1.320126354694366455e-01
2.428251057863235474e-01
2.653000056743621826e-01
4.021262824535369873e-01
3.291669487953186035e-01
2.482385784387588501e-01
2.992483377456665039e-01
2.980481386184692383e-01
3.288648128509521484e-01
2.353067696094512939e-01
2.433366030454635620e-01
2.969184219837188721e-01
2.284947931766510010e-01
2.496456801891326904e-01
2.017700672149658203e-01
5.894958972930908203e-01
2.458738386631011963e-01
3.247524499893188477e-01
2.420387566089630127e-01
2.036846876144409180e-01
1.552756130695343018e-01
3.079709112644195557e-01
2.787199020385742188e-01
1.851737052202224731e-01
4.096511304378509521e-01
1.396145075559616089e-01
2.256407290697097778e-01
1.086949855089187622e-01
2.717798352241516113e-01
9.004693478345870972e-02
2.999460101127624512e-01
1.231694221496582031e-01
1.293545216321945190e-01
3.318935930728912354e-01
2.826958298683166504e-01
2.897243797779083252e-01
1.911056041717529297e-01
1.685184240341186523e-01
1.466276049613952637e-01
1.587450355291366577e-01
2.949482202529907227e-01
1.808572560548782349e-01
4.057746529579162598e-01
2.135175019502639771e-01
4.569322466850280762e-01
2.740023136138916016e-01
3.924513459205627441e-01
5.207882523536682129e-01
2.046213448047637939e-01
1.987505406141281128e-01
2.719647884368896484e-01
1.890323460102081299e-01
2.011936753988265991e-01
1.614184379577636719e-01
7.194346189498901367e-01
2.099930197000503540e-01
3.772221207618713379e-01
1.628555655479431152e-01
3.318594694137573242e-01
3.809427022933959961e-01
2.679466009140014648e-01
3.022474646568298340e-01
2.806267142295837402e-01
4.274066686630249023e-01
3.154670000076293945e-01
1.932550370693206787e-01
3.908486366271972656e-01
2.498318105936050415e-01
1.958943158388137817e-01
5.193346142768859863e-01
1.320223659276962280e-01
4.731521010398864746e-01
1.844089031219482422e-01
2.254713475704193115e-01
2.716277539730072021e-01
6.873038411140441895e-02
2.302786111831665039e-01
9.705442190170288086e-02
8.971964567899703979e-02
3.403096199035644531e-01
5.613642334938049316e-01
1.959524452686309814e-01
5.790959596633911133e-01
1.730511635541915894e-01
1.395279020071029663e-01
2.684504985809326172e-01
2.443194240331649780e-01
1.941407620906829834e-01
3.061058521270751953e-01
1.638088822364807129e-01
3.703242540359497070e-01
2.107019722461700439e-01
3.861929178237915039e-01
1.108258813619613647e-01
3.052966892719268799e-01
1.953440904617309570e-01
1.649304032325744629e-01
1.936724632978439331e-01
1.616493463516235352e-01
1.470958739519119263e-01
9.989988058805465698e-02
4.119846820831298828e-01
3.038440644741058350e-01
1.893389672040939331e-01
2.664098143577575684e-01
3.913813233375549316e-01
3.934925794601440430e-01
4.728069305419921875e-01
1.418517082929611206e-01
5.469121932983398438e-01
4.143232703208923340e-01
6.814023256301879883e-01
4.259695708751678467e-01
4.337664246559143066e-01
3.560688495635986328e-01
4.488629698753356934e-01
5.186046361923217773e-01
1.917107552289962769e-01
2.589135169982910156e-01
2.845974564552307129e-01
3.909379541873931885e-01
2.496134191751480103e-01
3.261049687862396240e-01
1.893409788608551025e-01
2.716137766838073730e-01
1.776254177093505859e-01
2.430365383625030518e-01
2.475137710571289062e-01
4.439007341861724854e-01
2.518794536590576172e-01
5.208994150161743164e-01
3.053613305091857910e-01
4.361308217048645020e-01
3.213934898376464844e-01
3.349482417106628418e-01
5.187882184982299805e-01
2.722928225994110107e-01
2.034185379743576050e-01
1.254063844680786133e-01
3.777143955230712891e-01
3.993149101734161377e-01
3.237821459770202637e-01
2.417894601821899414e-01
2.608100175857543945e-01
5.605156421661376953e-01
5.061680674552917480e-01
2.900473475456237793e-01
3.482968807220458984e-01
7.644956558942794800e-02
2.492431700229644775e-01
3.024798035621643066e-01
3.007724285125732422e-01
1.907952129840850830e-01
2.685455083847045898e-01
2.218608856201171875e-01
4.080222547054290771e-01
3.993210792541503906e-01
2.386562228202819824e-01
3.446797132492065430e-01
2.872854471206665039e-01
5.919471979141235352e-01
2.014933824539184570e-01
3.725979924201965332e-01
4.200130701065063477e-01
4.958480000495910645e-01
2.680414319038391113e-01
3.996040225028991699e-01
2.524288892745971680e-01
2.822595834732055664e-01
1.752027720212936401e-01
2.428422570228576660e-01
3.119450509548187256e-01
8.727189153432846069e-02
2.832156419754028320e-01
3.179653882980346680e-01
4.319691359996795654e-01
3.499863743782043457e-01
5.750985145568847656e-01
3.528543412685394287e-01
3.646692633628845215e-01
1.805420964956283569e-01
3.015110492706298828e-01
2.451408505439758301e-01
4.276765286922454834e-01
2.973119020462036133e-01
3.077294826507568359e-01
5.611549615859985352e-01
3.148556053638458252e-01
4.868522882461547852e-01
1.434044092893600464e-01
4.721058905124664307e-01
3.169858157634735107e-01
2.928981781005859375e-01
1.327199339866638184e-01
2.962110042572021484e-01
3.131358027458190918e-01
3.438045680522918701e-01
1.752196252346038818e-01
2.165890038013458252e-01
1.557838320732116699e-01
2.272778004407882690e-01
3.423768877983093262e-01
4.091979265213012695e-01
1.862073391675949097e-01
3.142901062965393066e-01
3.135986328125000000e-01
4.417881369590759277e-01
1.814338564872741699e-01
3.143377304077148438e-01
3.509653806686401367e-01
1.879115998744964600e-01
2.376749515533447266e-01
3.100272417068481445e-01
2.042478024959564209e-01
2.621707618236541748e-01
4.923195540904998779e-01
3.226993680000305176e-01
2.593538761138916016e-01
2.455132454633712769e-01
2.175024896860122681e-01
2.517488002777099609e-01
2.986572086811065674e-01
2.686398625373840332e-01
2.904255986213684082e-01
3.185573220252990723e-01
1.512884944677352905e-01
2.986478805541992188e-01
2.878422737121582031e-01
2.887143194675445557e-01
1.569469869136810303e-01
4.148549735546112061e-01
2.623747587203979492e-01
2.091329991817474365e-01
3.442944586277008057e-01
4.446246325969696045e-01
3.588561415672302246e-01
1.473662555217742920e-01
2.664530277252197266e-01
1.043748408555984497e-01
2.756346464157104492e-01
1.693430095911026001e-01
8.699418604373931885e-02
2.514018714427947998e-01
2.441045790910720825e-01
1.324137598276138306e-01
1.389273703098297119e-01
3.528199195861816406e-01
2.740103304386138916e-01
3.625797033309936523e-01
9.247542172670364380e-02
1.475358307361602783e-01
4.904111027717590332e-01
2.113718390464782715e-01
2.320181131362915039e-01
1.395076364278793335e-01
3.717952370643615723e-01
3.694620728492736816e-01
3.121564686298370361e-01
2.558309137821197510e-01
2.138951420783996582e-01
3.329991400241851807e-01
4.992164969444274902e-01
1.878592222929000854e-01
2.958216965198516846e-01
3.134243488311767578e-01
3.029447197914123535e-01
2.308069467544555664e-01
2.500663399696350098e-01
2.395573854446411133e-01
2.867259681224822998e-01
2.520465552806854248e-01
3.171165585517883301e-01
3.068872690200805664e-01
3.984840810298919678e-01
4.413960874080657959e-01
1.688543558120727539e-01
3.694033324718475342e-01
2.944141626358032227e-01
2.968907058238983154e-01
1.205133944749832153e-01
2.343929708003997803e-01
3.300049602985382080e-01
2.306879758834838867e-01
6.424986124038696289e-01
2.603177726268768311e-01
2.701216340065002441e-01
2.366265952587127686e-01
1.695034205913543701e-01
3.778402805328369141e-01
1.962498873472213745e-01
6.403925418853759766e-01
4.616510272026062012e-01
2.986729741096496582e-01
1.261916309595108032e-01
1.074023246765136719e-01
1.663869619369506836e-01
5.578277111053466797e-01
2.956564426422119141e-01
2.694028317928314209e-01
1.876127868890762329e-01
4.122773110866546631e-01
3.682899475097656250e-01
2.957655191421508789e-01
3.412778675556182861e-01
3.356664478778839111e-01
2.498575896024703979e-01
5.481329560279846191e-01
4.105253219604492188e-01
3.798594474792480469e-01
1.906282901763916016e-01
2.598557472229003906e-01
2.636460959911346436e-01
2.238442897796630859e-01
8.187887072563171387e-02
2.741422653198242188e-01
4.708702564239501953e-01
4.449531733989715576e-01
3.152303099632263184e-01
3.078273832798004150e-01
1.209018677473068237e-01
1.154772490262985229e-01
3.477640450000762939e-01
2.508623600006103516e-01
1.678360104560852051e-01
1.290515214204788208e-01
2.504402101039886475e-01
2.908873558044433594e-01
3.183874785900115967e-01
4.645753502845764160e-01
1.624232679605484009e-01
1.247101053595542908e-01
2.373582422733306885e-01
1.207368597388267517e-01
3.054458200931549072e-01
4.514537155628204346e-01
2.063721120357513428e-01
2.172008007764816284e-01
1.743620336055755615e-01
2.381544709205627441e-01
5.100488066673278809e-01
4.066116511821746826e-01
6.237688660621643066e-01
3.543787598609924316e-01
2.009414583444595337e-01
1.444453299045562744e-01
2.930588424205780029e-01
5.471258163452148438e-01
3.222764134407043457e-01
2.077706456184387207e-01
2.111600637435913086e-01
3.685827553272247314e-01
2.349151670932769775e-01
4.820297360420227051e-01
3.134968578815460205e-01
1.721101105213165283e-01
2.125953733921051025e-01
2.954509854316711426e-01
4.431173205375671387e-01
2.450843900442123413e-01
5.246862173080444336e-01
3.678430616855621338e-01
4.058705568313598633e-01
3.912428021430969238e-01
1.158874928951263428e-01
4.045099020004272461e-01
2.196318805217742920e-01
2.554796934127807617e-01
1.831884980201721191e-01
2.614391446113586426e-01
2.313351184129714966e-01
2.143003940582275391e-01
4.244325160980224609e-01
3.279123306274414062e-01
1.242621317505836487e-01
2.174476981163024902e-01
2.886166274547576904e-01
6.985839605331420898e-01
2.804388701915740967e-01
2.009154707193374634e-01
2.500140666961669922e-01
3.779412806034088135e-01
1.666257828474044800e-01
4.761647880077362061e-01
1.979286521673202515e-01
1.715509146451950073e-01
2.537921965122222900e-01
4.851775765419006348e-01
2.093579173088073730e-01
5.849928855895996094e-01
1.542018204927444458e-01
2.399052232503890991e-01
3.528361618518829346e-01
6.735699772834777832e-01
3.150200843811035156e-01
5.042600631713867188e-01
2.220551967620849609e-01
3.724973797798156738e-01
1.934433132410049438e-01
4.020099937915802002e-01
2.832152247428894043e-01
2.868274450302124023e-01
2.562212944030761719e-01
4.013807773590087891e-01
4.036547839641571045e-01
2.170940637588500977e-01
3.825538754463195801e-01
2.114096283912658691e-01
1.003589704632759094e-01
5.421181321144104004e-01
1.881109923124313354e-01
2.313243895769119263e-01
3.795988261699676514e-01
1.207240968942642212e-01
4.853672385215759277e-01
1.912046968936920166e-01
2.099458575248718262e-01
3.778002262115478516e-01
1.622904241085052490e-01
3.568989336490631104e-01
2.872931361198425293e-01
4.152866601943969727e-01
2.350873053073883057e-01
2.108560353517532349e-01
3.978945016860961914e-01
3.025096952915191650e-01
2.748918533325195312e-01
4.816659390926361084e-01
2.872197628021240234e-01
2.706506252288818359e-01
3.075698018074035645e-01
2.263261675834655762e-01
2.022314518690109253e-01
3.876838386058807373e-01
1.958547532558441162e-01
1.914618611335754395e-01
4.479898512363433838e-01
4.102548658847808838e-01
1.479073911905288696e-01
1.709699779748916626e-01
4.040682315826416016e-01
1.170392483472824097e-01
1.566045731306076050e-01
4.847204685211181641e-01
4.764533340930938721e-01
3.208951652050018311e-01
4.957253932952880859e-01
2.470306754112243652e-01
4.289015233516693115e-01
1.341519653797149658e-01
4.743427634239196777e-01
1.964815855026245117e-01
4.983173906803131104e-01
3.370031714439392090e-01
2.142803519964218140e-01
6.218116283416748047e-01
3.245189189910888672e-01
3.737667500972747803e-01
2.495370507240295410e-01
3.560022711753845215e-01
2.875231802463531494e-01
2.346261888742446899e-01
1.509167850017547607e-01
1.620037704706192017e-01
2.214346975088119507e-01
1.949076354503631592e-01
1.425056308507919312e-01
4.097565114498138428e-01
3.099797666072845459e-01
2.974590063095092773e-01
7.111955285072326660e-01
2.183775603771209717e-01
2.889322042465209961e-01
3.181718289852142334e-01
3.391202986240386963e-01
1.153410822153091431e-01
2.604002356529235840e-01
2.520907521247863770e-01
1.999331712722778320e-01
3.847491741180419922e-01
4.861319065093994141e-01
3.093267977237701416e-01
1.543314456939697266e-01
2.356213182210922241e-01
4.440572857856750488e-01
2.460165172815322876e-01
3.209619522094726562e-01
1.903150975704193115e-01
4.835306107997894287e-01
7.192820906639099121e-01
3.314993083477020264e-01
2.146163284778594971e-01
4.151656627655029297e-01
1.228172034025192261e-01
1.811899691820144653e-01
1.405578851699829102e-01
3.096062541007995605e-01
3.247410058975219727e-01
1.910491734743118286e-01
2.552819550037384033e-01
2.511492967605590820e-01
3.662295341491699219e-01
1.795591562986373901e-01
2.339212000370025635e-01
4.359765946865081787e-01
2.179069370031356812e-01
3.054857254028320312e-01
3.244316577911376953e-01
2.118664979934692383e-01
2.748855948448181152e-01
1.347410082817077637e-01
1.712707579135894775e-01
5.134589672088623047e-01
3.973797559738159180e-01
2.930607199668884277e-01
4.003380537033081055e-01
1.688352674245834351e-01
2.695570588111877441e-01
5.459188818931579590e-01
1.947712600231170654e-01
4.225028753280639648e-01
3.329638242721557617e-01
2.324716001749038696e-01
3.489750027656555176e-01
2.122564911842346191e-01
2.060568183660507202e-01
1.485449969768524170e-01
1.774342656135559082e-01
4.310243129730224609e-01
3.293934464454650879e-01
2.094421535730361938e-01
1.221180185675621033e-01
6.220571994781494141e-01
2.637910842895507812e-01
1.449598819017410278e-01
4.516860246658325195e-01
4.667284786701202393e-01
1.686545312404632568e-01
2.781761288642883301e-01
3.901509195566177368e-02
1.897113770246505737e-01
3.100230395793914795e-01
3.472200036048889160e-01
3.473146557807922363e-01
2.530114650726318359e-01
1.250174343585968018e-01
1.769351363182067871e-01
4.191898107528686523e-01
5.699297189712524414e-01
1.898515969514846802e-01
5.164233446121215820e-01
2.332572638988494873e-01
3.484160900115966797e-01
3.948839306831359863e-01
2.052023410797119141e-01
2.808527350425720215e-01
3.328503370285034180e-01
2.234464734792709351e-01
2.367810904979705811e-01
2.539120614528656006e-01
2.848975658416748047e-01
1.754710674285888672e-01
5.455239415168762207e-01
2.106178998947143555e-01
3.300248682498931885e-01
1.034009531140327454e-01
1.090423390269279480e-01
1.189370825886726379e-01
3.636841773986816406e-01
4.506396651268005371e-01
3.250372409820556641e-01
1.459545493125915527e-01
1.580753028392791748e-01
3.239215612411499023e-01
2.106331139802932739e-01
2.208180129528045654e-01
4.621634781360626221e-01
4.079460203647613525e-01
1.421245187520980835e-01
2.758937478065490723e-01
1.861079782247543335e-01
5.868300050497055054e-02
3.089124560356140137e-01
4.222004115581512451e-01
4.187560677528381348e-01
3.071870207786560059e-01
3.231511414051055908e-01
4.499909877777099609e-01
2.813374400138854980e-01
2.814676165580749512e-01
2.107971310615539551e-01
3.998348712921142578e-01
1.918115019798278809e-01
3.804182112216949463e-01
2.133505642414093018e-01
2.515170872211456299e-01
5.255342125892639160e-01
2.721980214118957520e-01
2.168930768966674805e-01
4.903885722160339355e-01
4.854450821876525879e-01
3.503292798995971680e-01
3.220581412315368652e-01
3.452258110046386719e-01
1.773001849651336670e-01
1.785589754581451416e-01
2.183636724948883057e-01
3.602778315544128418e-01
1.770704388618469238e-01
4.637812376022338867e-01
4.294472932815551758e-01
3.134663701057434082e-01
2.893973588943481445e-01
2.899218499660491943e-01
2.561261355876922607e-01
1.843855530023574829e-01
3.014093935489654541e-01
1.770049631595611572e-01
2.503025531768798828e-01
4.875823855400085449e-01
2.717430591583251953e-01
3.037793636322021484e-01
3.834377825260162354e-01
2.237572073936462402e-01
2.167591452598571777e-01
5.152977705001831055e-01
2.442076206207275391e-01
2.978475987911224365e-01
3.764222860336303711e-01
2.246090769767761230e-01
2.275394201278686523e-01
5.908433198928833008e-01
2.127504646778106689e-01
1.386297047138214111e-01
1.800772100687026978e-01
4.923916459083557129e-01
3.801453709602355957e-01
4.224562048912048340e-01
6.569811105728149414e-01
2.255151122808456421e-01
2.007999122142791748e-01
1.417990326881408691e-01
8.323277235031127930e-01
1.140204817056655884e-01
2.295194715261459351e-01
2.614203393459320068e-01
1.210019364953041077e-01
2.631175518035888672e-01
2.514496445655822754e-01
2.600892186164855957e-01
1.870188117027282715e-01
2.077451646327972412e-01
1.814397871494293213e-01
1.935687810182571411e-01
6.027464866638183594e-01
1.034870818257331848e-01
6.005769968032836914e-01
3.990975618362426758e-01
2.785879969596862793e-01
1.115398854017257690e-01
1.637214422225952148e-01
1.153647154569625854e-01
3.857391476631164551e-01
1.078246980905532837e-01
5.639653205871582031e-01
2.728944420814514160e-01
1.824424117803573608e-01
4.593718647956848145e-01
7.828575372695922852e-01
2.322474271059036255e-01
2.644889354705810547e-01
2.723867297172546387e-01
3.691489100456237793e-01
1.600694954395294189e-01
1.448754370212554932e-01
3.242380023002624512e-01
3.136054873466491699e-01
2.407346665859222412e-01
2.378268241882324219e-01
2.418882846832275391e-01
9.082441031932830811e-02
4.116013646125793457e-01
1.327727138996124268e-01
2.714586257934570312e-01
2.191244065761566162e-01
2.728589773178100586e-01
3.510675132274627686e-01
2.948940396308898926e-01
1.752499938011169434e-01
2.660689353942871094e-01
3.092280030250549316e-01
2.337961345911026001e-01
2.608708441257476807e-01
2.074059545993804932e-01
2.050028443336486816e-01
1.408650279045104980e-01
3.837085068225860596e-01
2.779610753059387207e-01
2.174288630485534668e-01
3.202579319477081299e-01
3.950095772743225098e-01
1.850661337375640869e-01
1.269058436155319214e-01
2.535277605056762695e-01
1.136101782321929932e-01
2.348600625991821289e-01
3.112171888351440430e-01
2.560840845108032227e-01
1.435581743717193604e-01
1.151053607463836670e-01
4.016378521919250488e-01
4.209554195404052734e-01
1.753648519515991211e-01
2.167605161666870117e-01
2.405492663383483887e-01
3.042530417442321777e-01
3.275569081306457520e-01
1.805247664451599121e-01
4.586772024631500244e-01
2.605157792568206787e-01
1.241900324821472168e-01
5.063164234161376953e-01
1.286477595567703247e-01
1.692336797714233398e-01
3.258531987667083740e-01
1.087327301502227783e-01
1.578398942947387695e-01
1.305366456508636475e-01
1.830944865942001343e-01
4.506322145462036133e-01
9.751518815755844116e-02
1.239036172628402710e-01
1.289258450269699097e-01
1.016164869070053101e-01
2.645401954650878906e-01
4.330985248088836670e-01
2.919943928718566895e-01
1.515798568725585938e-01
2.712308168411254883e-01
2.749856114387512207e-01
1.885212808847427368e-01
6.756885349750518799e-02
1.933828741312026978e-01
6.273071765899658203e-01
3.385876417160034180e-01
2.279070317745208740e-01
1.993438005447387695e-01
2.750799953937530518e-01
2.664325833320617676e-01
5.735070109367370605e-01
4.495561122894287109e-01
2.412123978137969971e-01
1.886486113071441650e-01
1.220955550670623779e-01
4.847885668277740479e-01
2.866090536117553711e-01
4.255793988704681396e-01
5.754435062408447266e-01
2.640680968761444092e-01
3.251340985298156738e-01
1.476131081581115723e-01
2.609500885009765625e-01
4.032165706157684326e-01
2.078303545713424683e-01
2.127013504505157471e-01
2.454513609409332275e-01
5.022979974746704102e-01
4.462544918060302734e-01
1.883454322814941406e-01
3.385334014892578125e-01
5.085655450820922852e-01
5.509188771247863770e-01
3.071093261241912842e-01
3.489657044410705566e-01
1.696661710739135742e-01
2.688503563404083252e-01
1.688696742057800293e-01
2.368267178535461426e-01
3.756803870201110840e-01
2.348382771015167236e-01
4.084202647209167480e-01
2.304770052433013916e-01
1.713467985391616821e-01
3.249056637287139893e-01
3.579587042331695557e-01
3.507640957832336426e-01
3.075900375843048096e-01
1.808668822050094604e-01
4.051131010055541992e-01
1.970062404870986938e-01
2.859900891780853271e-01
1.584015935659408569e-01
5.853334665298461914e-01
1.751996278762817383e-01
3.450597822666168213e-01
2.179325520992279053e-01
2.518206238746643066e-01
1.621729433536529541e-01
1.367322206497192383e-01
2.657909989356994629e-01
2.080034315586090088e-01
2.470153570175170898e-01
3.921709656715393066e-01
6.265771389007568359e-02
4.498878419399261475e-01
1.853322982788085938e-01
4.285157620906829834e-01
3.845188021659851074e-01
2.421330660581588745e-01
9.893296658992767334e-02
4.855208992958068848e-01
2.118922024965286255e-01
3.490474522113800049e-01
3.395656943321228027e-01
3.092695474624633789e-01
1.120800971984863281e-01
2.075336873531341553e-01
2.621821165084838867e-01
3.406235277652740479e-01
2.334132492542266846e-01
3.600339293479919434e-01
2.017918378114700317e-01
3.933211266994476318e-01
2.388257384300231934e-01
3.408247828483581543e-01
3.504102826118469238e-01
1.161947920918464661e-01
1.635293066501617432e-01
2.984050214290618896e-01
4.831165075302124023e-01
5.001833438873291016e-01
2.353550046682357788e-01
1.852576434612274170e-01
3.693354129791259766e-01
1.496984958648681641e-01
2.853523492813110352e-01
4.976685047149658203e-01
1.080125793814659119e-01
3.190979957580566406e-01
2.687807083129882812e-01
2.660112380981445312e-01
5.350204706192016602e-01
1.833868622779846191e-01
2.855762839317321777e-01
3.647678196430206299e-01
2.205898910760879517e-01
1.750738024711608887e-01
2.846162319183349609e-01
2.649803459644317627e-01
4.176516830921173096e-01
4.327030777931213379e-01
3.185863494873046875e-01
1.406013816595077515e-01
3.255930542945861816e-01
1.741730868816375732e-01
2.964164018630981445e-01
2.048777490854263306e-01
4.548318386077880859e-01
3.182116746902465820e-01
5.925562381744384766e-01
4.771279692649841309e-01
1.516108512878417969e-01
1.438378095626831055e-01
2.309588044881820679e-01
1.683976352214813232e-01
1.226771175861358643e-01
1.952821165323257446e-01
1.221188977360725403e-01
2.533138990402221680e-01
1.473008543252944946e-01
1.632060408592224121e-01
1.304936408996582031e-01
2.873850464820861816e-01
1.282307654619216919e-01
1.435225009918212891e-01
5.107157826423645020e-01
1.493978947401046753e-01
3.315700888633728027e-01
3.941768407821655273e-01
3.009724020957946777e-01
4.684713184833526611e-01
4.634442329406738281e-01
2.999055385589599609e-01
4.843813776969909668e-01
4.803239703178405762e-01
1.130291149020195007e-01
1.183307319879531860e-01
4.591850936412811279e-01
2.671565711498260498e-01
2.774285972118377686e-01
4.255102872848510742e-01
4.760824441909790039e-01
2.098403871059417725e-01
3.467077612876892090e-01
1.961808949708938599e-01
2.461562156677246094e-01
4.315179884433746338e-01
3.807157278060913086e-01
3.005918860435485840e-01
9.105181694030761719e-02
1.476117670536041260e-01
2.994895577430725098e-01
2.333182543516159058e-01
2.231359034776687622e-01
3.200918138027191162e-01
1.653336286544799805e-01
2.474628239870071411e-01
1.959441602230072021e-01
1.894321888685226440e-01
3.333746492862701416e-01
4.327861070632934570e-01
3.824709653854370117e-01
1.965797543525695801e-01
4.760404825210571289e-01
2.615532279014587402e-01
3.249886333942413330e-01
3.947232663631439209e-01
6.757201999425888062e-02
3.651848435401916504e-01
2.320037484169006348e-01
5.468837022781372070e-01
4.336737394332885742e-01
5.916188955307006836e-01
1.849038749933242798e-01
1.566909998655319214e-01
2.867528200149536133e-01
4.296122789382934570e-01
3.408007919788360596e-01
2.557391226291656494e-01
1.804769933223724365e-01
1.067992150783538818e-01
1.068829596042633057e-01
1.749863326549530029e-01
1.712411791086196899e-01
4.224160909652709961e-01
