2.594129323959350586e+00
2.580046415328979492e+00
2.637282371520996094e+00
2.688454389572143555e+00
2.685371398925781250e+00
2.658906459808349609e+00
2.657962322235107422e+00
2.593695878982543945e+00
2.602584838867187500e+00
2.605718851089477539e+00
2.582400798797607422e+00
2.613324880599975586e+00
2.674440860748291016e+00
2.677059888839721680e+00
2.655107021331787109e+00
2.609938859939575195e+00
2.683146953582763672e+00
2.574116230010986328e+00
2.624428987503051758e+00
2.614372253417968750e+00
2.635648250579833984e+00
2.642248868942260742e+00
2.580571174621582031e+00
2.662480115890502930e+00
2.609156131744384766e+00
2.604504346847534180e+00
2.625255346298217773e+00
2.595248460769653320e+00
2.677391529083251953e+00
2.634379863739013672e+00
2.600976467132568359e+00
2.602526187896728516e+00
2.607682943344116211e+00
2.594935417175292969e+00
2.636005640029907227e+00
2.616444110870361328e+00
2.592708587646484375e+00
2.618161678314208984e+00
2.642682075500488281e+00
2.621068000793457031e+00
2.609121084213256836e+00
2.606239080429077148e+00
2.613721132278442383e+00
2.592692136764526367e+00
2.570486068725585938e+00
2.627595186233520508e+00
2.603657722473144531e+00
2.575600147247314453e+00
2.564151287078857422e+00
2.578417778015136719e+00
2.573401927947998047e+00
2.630052089691162109e+00
2.724065303802490234e+00
2.616866350173950195e+00
2.627749443054199219e+00
2.591658115386962891e+00
2.614434719085693359e+00
2.646604776382446289e+00
2.590873718261718750e+00
2.642798900604248047e+00
2.613234043121337891e+00
2.571050167083740234e+00
2.611279726028442383e+00
2.581944465637207031e+00
2.589954853057861328e+00
2.564526081085205078e+00
2.626901626586914062e+00
2.574848651885986328e+00
2.585415124893188477e+00
2.618956327438354492e+00
2.600693702697753906e+00
2.585288286209106445e+00
2.618950843811035156e+00
2.632887840270996094e+00
2.578150272369384766e+00
2.583386421203613281e+00
2.604240894317626953e+00
2.632548809051513672e+00
2.599813461303710938e+00
2.572847366333007812e+00
2.634797096252441406e+00
2.580575466156005859e+00
2.673724412918090820e+00
2.643783569335937500e+00
2.584108352661132812e+00
2.640591621398925781e+00
2.680962324142456055e+00
2.595429420471191406e+00
2.664539813995361328e+00
2.579194545745849609e+00
2.680286407470703125e+00
2.597441434860229492e+00
2.650671958923339844e+00
2.564797163009643555e+00
2.598517894744873047e+00
2.582562923431396484e+00
2.616166591644287109e+00
2.599348783493041992e+00
2.623340129852294922e+00
2.592963695526123047e+00
2.676841259002685547e+00
2.563738822937011719e+00
2.604413509368896484e+00
2.676776409149169922e+00
2.594757318496704102e+00
2.588320970535278320e+00
2.622924804687500000e+00
2.574350833892822266e+00
2.637956619262695312e+00
2.598021984100341797e+00
2.627235412597656250e+00
2.607588291168212891e+00
2.614051818847656250e+00
2.668887138366699219e+00
2.609714031219482422e+00
2.609896183013916016e+00
2.647544860839843750e+00
2.580336570739746094e+00
2.587589263916015625e+00
2.657306671142578125e+00
2.581154823303222656e+00
2.658875465393066406e+00
2.580641269683837891e+00
2.646861791610717773e+00
2.581462144851684570e+00
2.606677293777465820e+00
2.679154396057128906e+00
2.599391460418701172e+00
2.606939554214477539e+00
2.722178936004638672e+00
2.612848758697509766e+00
2.611343860626220703e+00
2.626312255859375000e+00
2.652506828308105469e+00
2.576056003570556641e+00
2.565516948699951172e+00
2.620705366134643555e+00
2.630955219268798828e+00
2.672831058502197266e+00
2.645377159118652344e+00
2.636497497558593750e+00
2.588472127914428711e+00
2.632466316223144531e+00
2.573155164718627930e+00
2.653985023498535156e+00
2.572465658187866211e+00
2.608839988708496094e+00
2.584106922149658203e+00
2.561889648437500000e+00
2.598587989807128906e+00
2.636541843414306641e+00
2.624868392944335938e+00
2.621857881546020508e+00
2.590263605117797852e+00
2.601065158843994141e+00
2.608312606811523438e+00
2.645369529724121094e+00
2.600862264633178711e+00
2.598101615905761719e+00
2.584100723266601562e+00
2.628985404968261719e+00
2.597596406936645508e+00
2.597460746765136719e+00
2.653353214263916016e+00
2.678898811340332031e+00
2.643771648406982422e+00
2.642118453979492188e+00
2.603002071380615234e+00
2.672445535659790039e+00
2.591271877288818359e+00
2.581420183181762695e+00
2.568506956100463867e+00
2.630369186401367188e+00
2.608770370483398438e+00
2.606248617172241211e+00
2.617822170257568359e+00
2.612418651580810547e+00
2.605362653732299805e+00
2.604691982269287109e+00
2.579067230224609375e+00
2.647920608520507812e+00
2.606381416320800781e+00
2.607664108276367188e+00
2.576192378997802734e+00
2.603239059448242188e+00
2.591056823730468750e+00
2.605681896209716797e+00
2.592072486877441406e+00
2.632454395294189453e+00
2.620188236236572266e+00
2.573775768280029297e+00
2.624608993530273438e+00
2.606139659881591797e+00
2.613322496414184570e+00
2.641699075698852539e+00
2.676548004150390625e+00
2.639931678771972656e+00
2.576213836669921875e+00
2.619103431701660156e+00
2.588932514190673828e+00
2.631982326507568359e+00
2.622943639755249023e+00
2.613623619079589844e+00
2.633735656738281250e+00
2.614312648773193359e+00
2.662263393402099609e+00
2.642024517059326172e+00
2.573742151260375977e+00
2.701409101486206055e+00
2.583929777145385742e+00
2.612643718719482422e+00
2.689012050628662109e+00
2.578739643096923828e+00
2.636164665222167969e+00
2.644224643707275391e+00
2.569329261779785156e+00
2.601366996765136719e+00
2.671471595764160156e+00
2.617273330688476562e+00
2.617614269256591797e+00
2.612776756286621094e+00
2.635916233062744141e+00
2.612982034683227539e+00
2.651248455047607422e+00
2.582118511199951172e+00
2.596143007278442383e+00
2.585374355316162109e+00
2.571427345275878906e+00
2.617885112762451172e+00
2.668134450912475586e+00
2.626883506774902344e+00
2.606439828872680664e+00
2.632218360900878906e+00
2.614401817321777344e+00
2.590790033340454102e+00
2.608393192291259766e+00
2.615945816040039062e+00
2.607651710510253906e+00
2.598613262176513672e+00
2.577960014343261719e+00
2.622296094894409180e+00
2.651078701019287109e+00
2.617804288864135742e+00
2.577181816101074219e+00
2.603721857070922852e+00
2.633483409881591797e+00
2.610116720199584961e+00
2.607598781585693359e+00
2.598732709884643555e+00
2.624501228332519531e+00
2.643889904022216797e+00
2.585825204849243164e+00
2.604712009429931641e+00
2.595437526702880859e+00
2.695551156997680664e+00
2.609395265579223633e+00
2.627347469329833984e+00
2.639686822891235352e+00
2.623923063278198242e+00
2.668630123138427734e+00
2.636114597320556641e+00
2.614952564239501953e+00
2.608044624328613281e+00
2.646301269531250000e+00
2.598937988281250000e+00
2.668055295944213867e+00
2.581365585327148438e+00
2.592903137207031250e+00
2.592156171798706055e+00
2.571773529052734375e+00
2.596389293670654297e+00
2.670423507690429688e+00
2.574975967407226562e+00
2.625132083892822266e+00
2.650693893432617188e+00
2.648526668548583984e+00
2.657485961914062500e+00
2.658059358596801758e+00
2.653186798095703125e+00
2.639508724212646484e+00
2.579198837280273438e+00
2.633787155151367188e+00
2.596316576004028320e+00
2.636476039886474609e+00
2.651507139205932617e+00
2.612265110015869141e+00
2.572736978530883789e+00
2.610814094543457031e+00
2.610895872116088867e+00
2.593387842178344727e+00
2.599153757095336914e+00
2.615549564361572266e+00
2.571540355682373047e+00
2.609247207641601562e+00
2.598626613616943359e+00
2.597155332565307617e+00
2.635898113250732422e+00
2.569277286529541016e+00
2.586394071578979492e+00
2.616105556488037109e+00
2.636670589447021484e+00
2.611746549606323242e+00
2.623991966247558594e+00
2.607117414474487305e+00
2.596395015716552734e+00
2.594178438186645508e+00
2.563541412353515625e+00
2.564695358276367188e+00
2.686911106109619141e+00
2.573336124420166016e+00
2.581252574920654297e+00
2.610184192657470703e+00
2.576060771942138672e+00
2.579282283782958984e+00
2.659344673156738281e+00
2.617490530014038086e+00
2.607619762420654297e+00
2.652872562408447266e+00
2.698202133178710938e+00
2.625833034515380859e+00
2.615321159362792969e+00
2.576143264770507812e+00
2.569060325622558594e+00
2.661031246185302734e+00
2.647473096847534180e+00
2.633263111114501953e+00
2.579763889312744141e+00
2.610112905502319336e+00
2.662829399108886719e+00
2.618314981460571289e+00
2.680355072021484375e+00
2.598589420318603516e+00
2.583045244216918945e+00
2.585311412811279297e+00
2.603786468505859375e+00
2.642146587371826172e+00
2.619643211364746094e+00
2.628203868865966797e+00
2.657527923583984375e+00
2.608106613159179688e+00
2.655420541763305664e+00
2.653396129608154297e+00
2.684444904327392578e+00
2.617272377014160156e+00
2.573393344879150391e+00
2.626258850097656250e+00
2.652838230133056641e+00
2.665486574172973633e+00
2.575472354888916016e+00
2.606571197509765625e+00
2.673608779907226562e+00
2.607163906097412109e+00
2.673262357711791992e+00
2.589149475097656250e+00
2.692622184753417969e+00
2.574243545532226562e+00
2.588070392608642578e+00
2.601277351379394531e+00
2.560614585876464844e+00
2.691668987274169922e+00
2.635429143905639648e+00
2.618871212005615234e+00
2.596427679061889648e+00
2.681082725524902344e+00
2.622339248657226562e+00
2.572430372238159180e+00
2.625140905380249023e+00
2.605790853500366211e+00
2.573331356048583984e+00
2.679762840270996094e+00
2.660528659820556641e+00
2.612653255462646484e+00
2.660320281982421875e+00
2.606260538101196289e+00
2.585779428482055664e+00
2.624584197998046875e+00
2.559652566909790039e+00
2.599611282348632812e+00
2.581880807876586914e+00
2.613157510757446289e+00
2.581640720367431641e+00
2.574577331542968750e+00
2.594651699066162109e+00
2.596934080123901367e+00
2.624233245849609375e+00
2.572086334228515625e+00
2.638936042785644531e+00
2.638509273529052734e+00
2.646582603454589844e+00
2.613083600997924805e+00
2.607170581817626953e+00
2.644430160522460938e+00
2.571234226226806641e+00
2.692422866821289062e+00
2.607911109924316406e+00
2.656502008438110352e+00
2.657672166824340820e+00
2.579690933227539062e+00
2.627370357513427734e+00
2.623073101043701172e+00
2.644193172454833984e+00
2.564696311950683594e+00
2.611360311508178711e+00
2.565754652023315430e+00
2.613674640655517578e+00
2.587448596954345703e+00
2.597288131713867188e+00
2.639509439468383789e+00
2.629399538040161133e+00
2.574477195739746094e+00
2.685630798339843750e+00
2.658702850341796875e+00
2.633921623229980469e+00
2.689262390136718750e+00
2.571805238723754883e+00
2.590925693511962891e+00
2.625784873962402344e+00
2.631108760833740234e+00
2.639352083206176758e+00
2.628471851348876953e+00
2.564970970153808594e+00
2.651367187500000000e+00
2.646517276763916016e+00
2.594722270965576172e+00
2.616887092590332031e+00
2.592701435089111328e+00
2.621649742126464844e+00
2.641299009323120117e+00
2.637232303619384766e+00
2.630711078643798828e+00
2.636710643768310547e+00
2.602692365646362305e+00
2.609822034835815430e+00
2.585794925689697266e+00
2.617621898651123047e+00
2.613544940948486328e+00
2.600799083709716797e+00
2.647588968276977539e+00
2.607296228408813477e+00
2.579016923904418945e+00
2.613317966461181641e+00
2.646594524383544922e+00
2.606942653656005859e+00
2.654308319091796875e+00
2.589752197265625000e+00
2.567392110824584961e+00
2.578888893127441406e+00
2.615437507629394531e+00
2.623717308044433594e+00
2.654908180236816406e+00
2.559942960739135742e+00
2.628722667694091797e+00
2.643808841705322266e+00
2.645273685455322266e+00
2.579648494720458984e+00
2.570844411849975586e+00
2.593620061874389648e+00
2.593507289886474609e+00
2.587181329727172852e+00
2.667681217193603516e+00
2.644391775131225586e+00
2.603777408599853516e+00
2.564192771911621094e+00
2.629937410354614258e+00
2.599661111831665039e+00
2.610612154006958008e+00
2.650294780731201172e+00
2.564011096954345703e+00
2.583097934722900391e+00
2.588239431381225586e+00
2.584865093231201172e+00
2.635746479034423828e+00
2.631427526473999023e+00
2.608056783676147461e+00
2.594641447067260742e+00
2.576724529266357422e+00
2.613943576812744141e+00
2.629537582397460938e+00
2.603039741516113281e+00
2.675863742828369141e+00
2.638026952743530273e+00
2.636012554168701172e+00
2.612524271011352539e+00
2.637775659561157227e+00
2.596743106842041016e+00
2.584608554840087891e+00
2.712478160858154297e+00
2.608004093170166016e+00
2.721924781799316406e+00
2.560462951660156250e+00
2.636768341064453125e+00
2.587868213653564453e+00
2.685745239257812500e+00
2.658353328704833984e+00
2.636191368103027344e+00
2.671595573425292969e+00
2.578647136688232422e+00
2.616400241851806641e+00
2.588927745819091797e+00
2.606358528137207031e+00
2.643307685852050781e+00
2.637629985809326172e+00
2.623724460601806641e+00
2.578960657119750977e+00
2.609336137771606445e+00
2.574748992919921875e+00
2.682035684585571289e+00
2.650769948959350586e+00
2.614448070526123047e+00
2.642201900482177734e+00
2.579137802124023438e+00
2.646070003509521484e+00
2.603678226470947266e+00
2.604027032852172852e+00
2.640563726425170898e+00
2.606420040130615234e+00
2.627831459045410156e+00
2.585500478744506836e+00
2.613316774368286133e+00
2.640027046203613281e+00
2.694655895233154297e+00
2.651260137557983398e+00
2.604236125946044922e+00
2.586312294006347656e+00
2.558048725128173828e+00
2.685698032379150391e+00
2.595206737518310547e+00
2.633771657943725586e+00
2.601844787597656250e+00
2.622025489807128906e+00
2.632996559143066406e+00
2.611887693405151367e+00
2.620071411132812500e+00
2.628155708312988281e+00
2.567578315734863281e+00
2.638219833374023438e+00
2.657729148864746094e+00
2.577032089233398438e+00
2.602016925811767578e+00
2.654170751571655273e+00
2.593870639801025391e+00
2.581166028976440430e+00
2.581637859344482422e+00
2.630243778228759766e+00
2.698902130126953125e+00
2.654908657073974609e+00
2.616801977157592773e+00
2.598077535629272461e+00
2.598637342453002930e+00
2.621799230575561523e+00
2.602726459503173828e+00
2.595458745956420898e+00
2.613794803619384766e+00
2.592417240142822266e+00
2.563619136810302734e+00
2.618561029434204102e+00
2.725134849548339844e+00
2.615054607391357422e+00
2.609141349792480469e+00
2.571005582809448242e+00
2.646125555038452148e+00
2.600587844848632812e+00
2.605409622192382812e+00
2.606229305267333984e+00
2.589738845825195312e+00
2.604179859161376953e+00
2.582568883895874023e+00
2.598849773406982422e+00
2.595243930816650391e+00
2.565693140029907227e+00
2.610836029052734375e+00
2.615467071533203125e+00
2.606707096099853516e+00
2.634452342987060547e+00
2.620619773864746094e+00
2.624314069747924805e+00
2.610633850097656250e+00
2.609365463256835938e+00
2.590829372406005859e+00
2.626714229583740234e+00
2.630143642425537109e+00
2.640060901641845703e+00
2.629184246063232422e+00
2.597878217697143555e+00
2.635236740112304688e+00
2.611597537994384766e+00
2.660626649856567383e+00
2.594404458999633789e+00
2.657611846923828125e+00
2.602709293365478516e+00
2.610605239868164062e+00
2.667743206024169922e+00
2.670817852020263672e+00
2.557316303253173828e+00
2.562276363372802734e+00
2.595270633697509766e+00
2.607063293457031250e+00
2.642705202102661133e+00
2.600809097290039062e+00
2.688741922378540039e+00
2.682439088821411133e+00
2.567457199096679688e+00
2.623108386993408203e+00
2.603518724441528320e+00
2.608666419982910156e+00
2.572117328643798828e+00
2.640412807464599609e+00
2.632347106933593750e+00
2.696578264236450195e+00
2.568421363830566406e+00
2.582354545593261719e+00
2.640624523162841797e+00
2.575523853302001953e+00
2.600828170776367188e+00
2.693052291870117188e+00
2.592497825622558594e+00
2.586738824844360352e+00
2.585264921188354492e+00
2.658265113830566406e+00
2.599904060363769531e+00
2.576721668243408203e+00
2.609325885772705078e+00
2.577920913696289062e+00
2.601139783859252930e+00
2.612597465515136719e+00
2.600816726684570312e+00
2.577811717987060547e+00
2.572065353393554688e+00
2.602921485900878906e+00
2.616333961486816406e+00
2.613965272903442383e+00
2.626060724258422852e+00
2.602178335189819336e+00
2.630902767181396484e+00
2.613086700439453125e+00
2.598864316940307617e+00
2.650689363479614258e+00
2.587137222290039062e+00
2.585843086242675781e+00
2.639475107192993164e+00
2.618218421936035156e+00
2.625455856323242188e+00
2.623263120651245117e+00
2.629415035247802734e+00
2.635935068130493164e+00
2.569133043289184570e+00
2.598431110382080078e+00
2.622919082641601562e+00
2.598175525665283203e+00
2.662738084793090820e+00
2.593058109283447266e+00
2.624370574951171875e+00
2.618601560592651367e+00
2.624464750289916992e+00
2.597281455993652344e+00
2.660561323165893555e+00
2.603644847869873047e+00
2.606761932373046875e+00
2.588746070861816406e+00
2.664549350738525391e+00
2.611974954605102539e+00
2.631756305694580078e+00
2.601585865020751953e+00
2.593039035797119141e+00
2.670037746429443359e+00
2.564036369323730469e+00
2.654046535491943359e+00
2.589863300323486328e+00
2.626746654510498047e+00
2.655189990997314453e+00
2.603624820709228516e+00
2.562470912933349609e+00
2.648455619812011719e+00
2.565011501312255859e+00
2.623723030090332031e+00
2.605923891067504883e+00
2.610863685607910156e+00
2.562539577484130859e+00
2.628385543823242188e+00
2.687105655670166016e+00
2.616561889648437500e+00
2.589729309082031250e+00
2.620130300521850586e+00
2.639030456542968750e+00
2.564562082290649414e+00
2.623680114746093750e+00
2.581110954284667969e+00
2.583119869232177734e+00
2.647427558898925781e+00
2.714489459991455078e+00
2.622668504714965820e+00
2.612274408340454102e+00
2.594897985458374023e+00
2.659677028656005859e+00
2.607981681823730469e+00
2.581943035125732422e+00
2.604849815368652344e+00
2.575136184692382812e+00
2.602549314498901367e+00
2.595270633697509766e+00
2.636952638626098633e+00
2.609532833099365234e+00
2.597847700119018555e+00
2.605101346969604492e+00
2.600567340850830078e+00
2.583670139312744141e+00
2.629316806793212891e+00
2.602009773254394531e+00
2.637469291687011719e+00
2.598657369613647461e+00
2.617606878280639648e+00
2.582777500152587891e+00
2.628140926361083984e+00
2.619629859924316406e+00
2.646342277526855469e+00
2.637626886367797852e+00
2.573390722274780273e+00
2.605613470077514648e+00
2.566642999649047852e+00
2.608256578445434570e+00
2.619084358215332031e+00
2.598363399505615234e+00
2.580135583877563477e+00
2.588723659515380859e+00
2.635071754455566406e+00
2.625402927398681641e+00
2.665347099304199219e+00
2.662116050720214844e+00
2.663827896118164062e+00
2.588722705841064453e+00
2.584164619445800781e+00
2.580353736877441406e+00
2.683370590209960938e+00
2.600170612335205078e+00
2.642827510833740234e+00
2.597982406616210938e+00
2.612143039703369141e+00
2.584268093109130859e+00
2.580318927764892578e+00
2.577847242355346680e+00
2.620042324066162109e+00
2.569833993911743164e+00
2.636027574539184570e+00
2.564803600311279297e+00
2.624720096588134766e+00
2.639932155609130859e+00
2.639750480651855469e+00
2.596735477447509766e+00
2.621207714080810547e+00
2.594268083572387695e+00
2.589478731155395508e+00
2.578739404678344727e+00
2.600718975067138672e+00
2.603127479553222656e+00
2.693595886230468750e+00
2.612507343292236328e+00
2.574067115783691406e+00
2.749413013458251953e+00
2.590914249420166016e+00
2.588207244873046875e+00
2.584461927413940430e+00
2.640343189239501953e+00
2.659423828125000000e+00
2.624903917312622070e+00
2.580187797546386719e+00
2.597199440002441406e+00
2.630039215087890625e+00
2.589020729064941406e+00
2.595495462417602539e+00
2.632718801498413086e+00
2.609585046768188477e+00
2.709491014480590820e+00
2.649952888488769531e+00
2.649505138397216797e+00
2.715922355651855469e+00
2.596096038818359375e+00
2.647922515869140625e+00
2.576374530792236328e+00
2.587244033813476562e+00
2.595649003982543945e+00
2.617555618286132812e+00
2.642724990844726562e+00
2.565304279327392578e+00
2.627194881439208984e+00
2.631203174591064453e+00
2.641056060791015625e+00
2.564234972000122070e+00
2.622924566268920898e+00
2.623651027679443359e+00
2.657457828521728516e+00
2.560917377471923828e+00
2.604856491088867188e+00
2.603056669235229492e+00
2.697531938552856445e+00
2.617713928222656250e+00
2.617957592010498047e+00
2.624411821365356445e+00
2.691115856170654297e+00
2.667797803878784180e+00
2.607609033584594727e+00
2.617875576019287109e+00
2.592921733856201172e+00
2.607001543045043945e+00
2.564274072647094727e+00
2.611203670501708984e+00
2.685811042785644531e+00
2.624573469161987305e+00
2.638166904449462891e+00
2.598500251770019531e+00
2.608172416687011719e+00
2.610724687576293945e+00
2.575623512268066406e+00
2.597405195236206055e+00
2.589589595794677734e+00
2.578959465026855469e+00
2.585705041885375977e+00
2.646656751632690430e+00
2.568323612213134766e+00
2.650854110717773438e+00
2.609656333923339844e+00
2.604918956756591797e+00
2.565795898437500000e+00
2.561036109924316406e+00
2.580471515655517578e+00
2.664867877960205078e+00
2.601243734359741211e+00
2.601965665817260742e+00
2.602390766143798828e+00
2.610251665115356445e+00
2.615729808807373047e+00
2.597821712493896484e+00
2.589756965637207031e+00
2.582089424133300781e+00
2.626713752746582031e+00
2.597022056579589844e+00
2.638884544372558594e+00
2.585071086883544922e+00
2.612958908081054688e+00
2.579605340957641602e+00
2.599930763244628906e+00
2.581480503082275391e+00
2.596429586410522461e+00
2.593975543975830078e+00
2.635921955108642578e+00
2.645746707916259766e+00
2.700763225555419922e+00
2.613230705261230469e+00
2.602210044860839844e+00
2.589303016662597656e+00
2.570235967636108398e+00
2.587635040283203125e+00
2.609417915344238281e+00
2.592268943786621094e+00
2.642117977142333984e+00
2.554060697555541992e+00
2.623767852783203125e+00
2.683353662490844727e+00
2.630151271820068359e+00
2.611299991607666016e+00
2.659321784973144531e+00
2.598495960235595703e+00
2.650287628173828125e+00
2.630630016326904297e+00
2.593453407287597656e+00
2.566723346710205078e+00
2.656439304351806641e+00
2.608172893524169922e+00
2.585915803909301758e+00
2.569649934768676758e+00
2.637815952301025391e+00
2.655745744705200195e+00
2.627614021301269531e+00
2.596810340881347656e+00
2.597084045410156250e+00
2.618564367294311523e+00
2.609379529953002930e+00
2.581779956817626953e+00
2.580386877059936523e+00
2.599961757659912109e+00
2.565129756927490234e+00
2.604224443435668945e+00
2.623987197875976562e+00
2.591361045837402344e+00
2.608320951461791992e+00
2.593892574310302734e+00
2.620070457458496094e+00
2.604732990264892578e+00
2.647302150726318359e+00
2.596971035003662109e+00
2.644555568695068359e+00
2.693292140960693359e+00
2.581611633300781250e+00
2.583232164382934570e+00
2.579770326614379883e+00
2.574718475341796875e+00
2.563030719757080078e+00
2.579919099807739258e+00
2.658452033996582031e+00
2.643934249877929688e+00
2.658426284790039062e+00
2.636118888854980469e+00
2.576293468475341797e+00
2.607212066650390625e+00
2.613220691680908203e+00
2.567043304443359375e+00
2.599056720733642578e+00
2.612020492553710938e+00
2.589992523193359375e+00
2.597795963287353516e+00
2.620313644409179688e+00
2.595081090927124023e+00
2.628431081771850586e+00
2.619328975677490234e+00
2.684483051300048828e+00
2.609152555465698242e+00
2.621384143829345703e+00
2.562720298767089844e+00
2.602315187454223633e+00
2.584421634674072266e+00
2.613536357879638672e+00
2.688738346099853516e+00
2.579946517944335938e+00
2.623119592666625977e+00
2.617585182189941406e+00
2.600326061248779297e+00
2.567692041397094727e+00
2.599009037017822266e+00
2.575535774230957031e+00
2.568588495254516602e+00
2.691454648971557617e+00
2.619839668273925781e+00
2.697626113891601562e+00
2.598359823226928711e+00
2.621606349945068359e+00
2.576304197311401367e+00
2.653305768966674805e+00
2.607029914855957031e+00
2.664141654968261719e+00
2.611474514007568359e+00
2.651532649993896484e+00
2.601243495941162109e+00
2.686367511749267578e+00
2.603579044342041016e+00
2.603848934173583984e+00
2.606147766113281250e+00
2.640127658843994141e+00
2.617310523986816406e+00
2.574742794036865234e+00
2.587408065795898438e+00
2.604668140411376953e+00
2.620943069458007812e+00
2.612149953842163086e+00
2.582018375396728516e+00
2.613018512725830078e+00
2.677746295928955078e+00
2.683485507965087891e+00
2.603642940521240234e+00
2.570858478546142578e+00
2.633862972259521484e+00
2.633423328399658203e+00
2.622889995574951172e+00
2.610208988189697266e+00
2.601291418075561523e+00
2.581390380859375000e+00
2.636886119842529297e+00
2.608933448791503906e+00
2.617109775543212891e+00
2.593619108200073242e+00
2.649280786514282227e+00
2.625840663909912109e+00
2.662752389907836914e+00
2.602893352508544922e+00
2.577367305755615234e+00
2.630926609039306641e+00
2.605740785598754883e+00
2.599046945571899414e+00
2.685034513473510742e+00
2.611935853958129883e+00
2.580790519714355469e+00
2.632929325103759766e+00
2.577773571014404297e+00
2.686241149902343750e+00
2.613535404205322266e+00
2.585147142410278320e+00
2.587915897369384766e+00
2.590193510055541992e+00
2.579649925231933594e+00
2.610610485076904297e+00
2.566751956939697266e+00
2.670228481292724609e+00
2.641163349151611328e+00
2.674429655075073242e+00
2.644851207733154297e+00
2.601005554199218750e+00
2.606198310852050781e+00
2.607407808303833008e+00
2.627285003662109375e+00
2.576511383056640625e+00
2.649010658264160156e+00
2.586721897125244141e+00
2.568135738372802734e+00
2.595217704772949219e+00
2.580542564392089844e+00
2.604940414428710938e+00
2.621263504028320312e+00
2.600617885589599609e+00
2.639261960983276367e+00
2.667674064636230469e+00
2.645594596862792969e+00
2.679014444351196289e+00
2.631478548049926758e+00
2.591251611709594727e+00
2.611181974411010742e+00
2.732779979705810547e+00
2.592314958572387695e+00
2.597011566162109375e+00
2.584998846054077148e+00
2.565692424774169922e+00
2.589858055114746094e+00
2.647438049316406250e+00
2.564603328704833984e+00
2.678786277770996094e+00
2.603939533233642578e+00
2.612668752670288086e+00
2.682358741760253906e+00
2.602526187896728516e+00
2.647705554962158203e+00
2.576650619506835938e+00
2.648254871368408203e+00
2.588854789733886719e+00
2.622808456420898438e+00
2.654402494430541992e+00
2.594097614288330078e+00
2.679486274719238281e+00
2.564044713973999023e+00
2.600900411605834961e+00
2.589811325073242188e+00
2.579750061035156250e+00
2.638756752014160156e+00
2.589746952056884766e+00
2.592543125152587891e+00
2.606805801391601562e+00
2.662229537963867188e+00
2.592950344085693359e+00
2.691020250320434570e+00
2.577897548675537109e+00
2.606749057769775391e+00
2.647786617279052734e+00
2.596935272216796875e+00
2.661063671112060547e+00
2.596354961395263672e+00
2.730015039443969727e+00
2.580980062484741211e+00
2.597148895263671875e+00
2.631722450256347656e+00
2.634113073348999023e+00
2.617467403411865234e+00
2.615066528320312500e+00
2.564850330352783203e+00
2.650706291198730469e+00
2.570585727691650391e+00
2.570675849914550781e+00
2.644043445587158203e+00
2.583195209503173828e+00
2.612502098083496094e+00
2.623332977294921875e+00
2.592091798782348633e+00
2.683324337005615234e+00
2.624810695648193359e+00
2.613937854766845703e+00
2.601979017257690430e+00
2.591961860656738281e+00
2.564792156219482422e+00
2.616804122924804688e+00
2.646062374114990234e+00
2.589498281478881836e+00
2.605735063552856445e+00
2.590949296951293945e+00
2.636574506759643555e+00
2.602414131164550781e+00
2.648901462554931641e+00
2.614854335784912109e+00
2.593248367309570312e+00
2.589941740036010742e+00
2.623312473297119141e+00
2.567200183868408203e+00
2.679390668869018555e+00
2.611780881881713867e+00
2.641484260559082031e+00
2.617449283599853516e+00
2.650048732757568359e+00
2.602512598037719727e+00
2.576621532440185547e+00
2.565503120422363281e+00
2.658075809478759766e+00
2.601935148239135742e+00
2.662301540374755859e+00
2.639137268066406250e+00
2.581591606140136719e+00
2.611325740814208984e+00
2.577954053878784180e+00
2.589298963546752930e+00
2.581462860107421875e+00
2.621708869934082031e+00
2.582382678985595703e+00
2.581615924835205078e+00
2.626653909683227539e+00
2.636391639709472656e+00
2.658016920089721680e+00
2.577836990356445312e+00
2.592946529388427734e+00
2.737858533859252930e+00
2.611181020736694336e+00
2.566879272460937500e+00
2.647089958190917969e+00
2.660167217254638672e+00
2.610715866088867188e+00
2.615907669067382812e+00
2.614074707031250000e+00
2.591292381286621094e+00
2.652191877365112305e+00
