2.790223956108093262e-01
2.404450774192810059e-01
3.367859125137329102e-01
1.404027640819549561e-01
7.920023053884506226e-02
3.611032366752624512e-01
1.700828224420547485e-01
1.531950384378433228e-01
8.139682561159133911e-02
3.256872594356536865e-01
3.680242896080017090e-01
1.760562360286712646e-01
2.007695138454437256e-01
3.020849823951721191e-01
3.257179856300354004e-01
1.790435612201690674e-01
3.025529384613037109e-01
7.285549491643905640e-02
6.410050988197326660e-01
2.144244164228439331e-01
1.790819913148880005e-01
1.369065046310424805e-01
2.358563244342803955e-01
2.617717981338500977e-01
1.745436787605285645e-01
2.706428468227386475e-01
2.213157415390014648e-01
3.604217767715454102e-01
1.653660833835601807e-01
2.310550212860107422e-01
1.299101114273071289e-01
2.998935580253601074e-01
1.097994670271873474e-01
1.872717589139938354e-01
3.294379413127899170e-01
2.960517704486846924e-01
3.046968579292297363e-01
5.166240334510803223e-01
5.858696699142456055e-01
2.878696024417877197e-01
2.199921607971191406e-01
2.094523012638092041e-01
1.441290229558944702e-01
2.540594041347503662e-01
1.379169523715972900e-01
1.761157214641571045e-01
1.511190831661224365e-01
2.865925133228302002e-01
4.161909818649291992e-01
2.206431925296783447e-01
2.089462429285049438e-01
4.430886209011077881e-01
1.677167266607284546e-01
7.629195600748062134e-02
2.041501402854919434e-01
2.433476746082305908e-01
3.239117860794067383e-01
2.145768105983734131e-01
5.078611373901367188e-01
2.528536021709442139e-01
4.048229455947875977e-01
2.734662294387817383e-01
1.527675092220306396e-01
3.395579457283020020e-01
5.237730145454406738e-01
2.734690904617309570e-01
1.482971608638763428e-01
3.222655653953552246e-01
1.832058429718017578e-01
2.288691401481628418e-01
1.732020080089569092e-01
5.019732564687728882e-02
2.049477398395538330e-01
4.050953090190887451e-01
2.423187047243118286e-01
2.609707415103912354e-01
3.314619064331054688e-01
3.637910187244415283e-01
1.388484239578247070e-01
1.862271428108215332e-01
2.066847980022430420e-01
4.953134059906005859e-01
8.219643682241439819e-02
2.261329740285873413e-01
2.698271572589874268e-01
4.122434258460998535e-01
2.149911969900131226e-01
2.490523457527160645e-01
1.394416689872741699e-01
2.693949341773986816e-01
1.490234136581420898e-01
3.261402249336242676e-01
2.516296207904815674e-01
1.193931698799133301e-01
2.720650732517242432e-01
2.693512290716171265e-02
1.932695657014846802e-01
3.637751340866088867e-01
2.984493672847747803e-01
1.729457676410675049e-01
1.914115846157073975e-01
2.442781925201416016e-01
1.704838573932647705e-01
7.913088798522949219e-02
1.634530723094940186e-01
2.593306601047515869e-01
2.581708431243896484e-01
2.133816033601760864e-01
1.084978282451629639e-01
7.251922041177749634e-02
6.504358649253845215e-01
1.928274035453796387e-01
3.471857905387878418e-01
3.583832085132598877e-01
1.351855099201202393e-01
4.006193280220031738e-01
1.337123811244964600e-01
9.507232904434204102e-02
1.878724694252014160e-01
3.268862664699554443e-01
4.791473746299743652e-01
6.603761315345764160e-01
1.409954428672790527e-01
3.410425782203674316e-01
1.399529278278350830e-01
3.330861330032348633e-01
1.891787052154541016e-01
2.610588073730468750e-01
2.790573239326477051e-01
2.804960906505584717e-01
9.120771288871765137e-02
3.642065525054931641e-01
2.332054078578948975e-01
3.519747555255889893e-01
1.847807765007019043e-01
4.452302455902099609e-01
3.129648268222808838e-01
4.003348946571350098e-01
2.972443997859954834e-01
3.653013706207275391e-01
2.308788597583770752e-01
4.144954383373260498e-01
4.704121649265289307e-01
1.812803596258163452e-01
1.020454019308090210e-01
2.714401483535766602e-01
5.928266644477844238e-01
3.680141568183898926e-01
2.536302208900451660e-01
2.515276968479156494e-01
1.713950783014297485e-01
6.602511405944824219e-01
3.807561397552490234e-01
1.822906583547592163e-01
3.670156300067901611e-01
2.664913833141326904e-01
2.806608080863952637e-01
2.455982565879821777e-01
2.351919710636138916e-01
3.128386437892913818e-01
1.041964888572692871e-01
2.137129157781600952e-01
1.801630407571792603e-01
3.554066419601440430e-01
1.705334782600402832e-01
2.227255403995513916e-01
3.500812947750091553e-01
4.135702252388000488e-01
2.685638070106506348e-01
1.793020665645599365e-01
2.069875150918960571e-01
1.511207967996597290e-01
1.336421817541122437e-01
3.477481007575988770e-01
1.762325018644332886e-01
1.241019815206527710e-01
2.173282504081726074e-01
6.656038761138916016e-01
2.401843369007110596e-01
1.135888397693634033e-01
1.731644719839096069e-01
4.560346901416778564e-01
3.680899143218994141e-01
1.870069801807403564e-01
1.111502051353454590e-01
2.421593368053436279e-01
1.023089513182640076e-01
1.689015328884124756e-01
1.516323983669281006e-01
1.522197425365447998e-01
2.598113417625427246e-01
1.578280180692672729e-01
2.658691704273223877e-01
1.260562539100646973e-01
2.363183796405792236e-01
1.218950673937797546e-01
3.138186037540435791e-01
4.229918122291564941e-01
2.906374335289001465e-01
1.234887987375259399e-01
2.032641917467117310e-01
2.555693686008453369e-01
6.502408534288406372e-02
3.672999739646911621e-01
4.324622750282287598e-01
1.138921752572059631e-01
2.776805758476257324e-01
2.049189805984497070e-01
2.503196001052856445e-01
4.178602397441864014e-01
1.419540941715240479e-01
1.878302693367004395e-01
2.024103999137878418e-01
1.317343711853027344e-01
2.228333055973052979e-01
2.610684037208557129e-01
2.069027721881866455e-01
4.521477222442626953e-01
2.654337286949157715e-01
1.585803627967834473e-01
1.241982206702232361e-01
4.928946495056152344e-01
8.121837675571441650e-02
1.401335000991821289e-01
1.995808333158493042e-01
5.439089983701705933e-02
2.621486186981201172e-01
3.062780499458312988e-01
8.697307109832763672e-02
2.121738344430923462e-01
2.363521158695220947e-01
1.252430826425552368e-01
1.153077334165573120e-01
4.197914004325866699e-01
6.341157853603363037e-02
2.658280432224273682e-01
3.999955654144287109e-01
1.180919706821441650e-01
1.630296707153320312e-01
1.749772727489471436e-01
3.159528970718383789e-01
1.244340017437934875e-01
2.767340540885925293e-01
2.035395205020904541e-01
9.699042886495590210e-02
2.526010274887084961e-01
2.651665806770324707e-01
1.577553302049636841e-01
6.559154391288757324e-02
1.512326598167419434e-01
2.184252738952636719e-01
7.131084799766540527e-02
4.053433835506439209e-01
5.244972556829452515e-02
1.602026522159576416e-01
1.715241968631744385e-01
3.983897566795349121e-01
2.841816544532775879e-01
3.597797751426696777e-01
1.067423820495605469e-01
1.230103820562362671e-01
1.817999482154846191e-01
1.507550776004791260e-01
3.203244209289550781e-01
2.116088718175888062e-01
3.336803615093231201e-01
1.672316789627075195e-01
2.652902901172637939e-01
2.380078136920928955e-01
9.857997298240661621e-02
1.228869184851646423e-01
1.651879400014877319e-01
1.455812752246856689e-01
2.543638348579406738e-01
1.061415672302246094e-01
1.442655026912689209e-01
1.771631836891174316e-01
3.565558195114135742e-01
3.633794188499450684e-01
2.874956429004669189e-01
2.284927964210510254e-01
1.502151191234588623e-01
4.920235872268676758e-01
4.351799190044403076e-01
1.283179223537445068e-01
1.725361347198486328e-01
2.735168337821960449e-01
1.152157559990882874e-01
6.714739799499511719e-01
2.966848015785217285e-01
2.785081267356872559e-01
3.049181997776031494e-01
2.835969626903533936e-01
4.849373698234558105e-01
4.415830373764038086e-01
2.759509682655334473e-01
1.404305398464202881e-01
5.044914484024047852e-01
2.072498053312301636e-01
2.093658000230789185e-01
5.414843559265136719e-01
3.468105792999267578e-01
2.595533728599548340e-01
2.830740511417388916e-01
3.940271735191345215e-01
2.129607498645782471e-01
1.991925984621047974e-01
2.782511711120605469e-01
2.408315390348434448e-01
2.459172308444976807e-01
1.508353948593139648e-01
2.424606233835220337e-01
1.555339395999908447e-01
4.114137589931488037e-01
2.467164099216461182e-01
3.760904669761657715e-01
2.918134629726409912e-01
2.701569795608520508e-01
4.931358695030212402e-01
4.099336266517639160e-01
2.140789628028869629e-01
4.813513159751892090e-01
4.053427577018737793e-01
3.445419073104858398e-01
1.531758904457092285e-01
2.304733842611312866e-01
3.460752069950103760e-01
3.102081120014190674e-01
1.674571633338928223e-01
1.429250538349151611e-01
1.377971768379211426e-01
1.999435722827911377e-01
1.726842373609542847e-01
2.607664465904235840e-01
4.301404356956481934e-01
2.185704708099365234e-01
3.240653872489929199e-01
2.843732833862304688e-01
1.606051325798034668e-01
4.271283447742462158e-01
6.271367073059082031e-01
3.420307636260986328e-01
2.170606553554534912e-01
3.513532280921936035e-01
2.339551001787185669e-01
3.519791364669799805e-01
4.676574170589447021e-01
2.951240539550781250e-01
2.493155598640441895e-01
4.945106506347656250e-01
1.556982398033142090e-01
2.879940271377563477e-01
1.949172317981719971e-01
1.683050096035003662e-01
1.810317635536193848e-01
2.838365733623504639e-01
2.400697916746139526e-01
3.239796757698059082e-01
1.485367268323898315e-01
2.218885123729705811e-01
6.183695793151855469e-01
2.263227105140686035e-01
1.133974492549896240e-01
3.754937648773193359e-01
2.046855390071868896e-01
3.809704780578613281e-01
4.229257106781005859e-01
1.323542296886444092e-01
3.129978775978088379e-01
3.158362805843353271e-01
6.050071716308593750e-01
3.105188012123107910e-01
2.870642542839050293e-01
7.346952557563781738e-01
3.822689652442932129e-01
4.009245634078979492e-01
5.117207765579223633e-01
4.893373250961303711e-01
2.956361472606658936e-01
4.724479317665100098e-01
3.388287425041198730e-01
3.007652759552001953e-01
3.652586936950683594e-01
4.605368971824645996e-01
3.750428259372711182e-01
2.661889195442199707e-01
4.476912319660186768e-01
2.583332359790802002e-01
5.602526068687438965e-01
3.620365858078002930e-01
5.110518336296081543e-01
1.312101483345031738e-01
3.437083959579467773e-01
3.955993354320526123e-01
1.570589840412139893e-01
3.038129508495330811e-01
2.769177854061126709e-01
3.123730421066284180e-01
2.691786885261535645e-01
2.694137692451477051e-01
1.967543363571166992e-01
1.454959660768508911e-01
2.387548685073852539e-01
2.878935039043426514e-01
2.662802338600158691e-01
1.117314845323562622e-01
9.975124895572662354e-02
3.364216685295104980e-01
2.323247492313385010e-01
3.260553181171417236e-01
2.720364928245544434e-01
3.081352710723876953e-01
2.003952562808990479e-01
2.611925005912780762e-01
1.495881080627441406e-01
1.730767786502838135e-01
2.347523570060729980e-01
2.155021727085113525e-01
9.887747466564178467e-02
1.842579841613769531e-01
3.237733244895935059e-01
1.188263893127441406e-01
3.306266963481903076e-01
4.330361783504486084e-01
1.987728774547576904e-01
1.641902327537536621e-01
2.869169712066650391e-01
1.990244388580322266e-01
1.501142382621765137e-01
3.422351777553558350e-01
2.418381869792938232e-01
1.717560887336730957e-01
2.049841880798339844e-01
9.956749528646469116e-02
3.063330352306365967e-01
4.411837458610534668e-01
8.724034577608108521e-02
1.882203519344329834e-01
3.289738297462463379e-01
2.253130525350570679e-01
3.183195292949676514e-01
1.723903417587280273e-01
9.795089811086654663e-02
1.482620686292648315e-01
3.835543394088745117e-01
2.297820895910263062e-01
3.693396449089050293e-01
3.351842463016510010e-01
1.792342364788055420e-01
4.999434351921081543e-01
3.344233334064483643e-01
1.428967714309692383e-01
4.196581244468688965e-01
2.062091976404190063e-01
2.564821243286132812e-01
1.594782918691635132e-01
1.122321039438247681e-01
1.832358986139297485e-01
3.991340994834899902e-01
2.281392663717269897e-01
2.735695540904998779e-01
1.458385437726974487e-01
1.628708243370056152e-01
1.874473839998245239e-01
1.399978697299957275e-01
1.866322159767150879e-01
1.740484535694122314e-01
2.815957665443420410e-01
2.212004810571670532e-01
3.543587327003479004e-01
3.177002668380737305e-01
6.544230878353118896e-02
1.848952323198318481e-01
2.804351747035980225e-01
1.233126670122146606e-01
2.264734208583831787e-01
2.843449413776397705e-01
3.199718892574310303e-01
1.900114268064498901e-01
1.716514229774475098e-01
1.908364444971084595e-01
2.257595658302307129e-01
4.651660621166229248e-01
2.866424024105072021e-01
1.450847834348678589e-01
2.385894060134887695e-01
3.073155581951141357e-01
1.896732449531555176e-01
3.442808985710144043e-01
4.726577997207641602e-01
2.435882091522216797e-01
4.992277026176452637e-01
2.396310269832611084e-01
6.374360620975494385e-02
4.366227984428405762e-01
3.336430788040161133e-01
3.491746485233306885e-01
1.347695291042327881e-01
2.850422561168670654e-01
1.545201987028121948e-01
3.163401782512664795e-01
2.459214031696319580e-01
3.537861108779907227e-01
3.546231985092163086e-01
2.315488755702972412e-01
4.777044653892517090e-01
4.576331079006195068e-01
2.185507267713546753e-01
2.135950773954391479e-01
1.788685023784637451e-01
2.207008898258209229e-01
2.310337424278259277e-01
1.985398530960083008e-01
1.093239188194274902e-01
5.638098716735839844e-01
4.345870912075042725e-01
1.410208791494369507e-01
2.078932076692581177e-01
2.917361855506896973e-01
1.549193114042282104e-01
8.794748038053512573e-02
4.093591570854187012e-01
1.562868207693099976e-01
1.251999586820602417e-01
2.341950237751007080e-01
3.796287178993225098e-01
1.594668030738830566e-01
7.494044303894042969e-02
3.967358767986297607e-01
1.390464305877685547e-01
6.204047203063964844e-01
1.777655780315399170e-01
1.686129122972488403e-01
4.484873712062835693e-01
1.526141166687011719e-01
3.870745897293090820e-01
2.703514695167541504e-01
8.403474837541580200e-02
2.529435157775878906e-01
4.138216972351074219e-01
7.873305678367614746e-02
4.268326759338378906e-01
5.503094792366027832e-01
3.519429564476013184e-01
1.828519701957702637e-01
3.784496784210205078e-01
3.712544441223144531e-01
4.112989306449890137e-01
3.271255493164062500e-01
3.638551533222198486e-01
1.141271516680717468e-01
2.646176517009735107e-01
7.989631593227386475e-02
4.458276033401489258e-01
1.967869400978088379e-01
3.842653632164001465e-01
2.497233748435974121e-01
3.801126182079315186e-01
3.224844336509704590e-01
3.978265821933746338e-01
1.398263275623321533e-01
1.397788226604461670e-01
1.499584019184112549e-01
8.144927024841308594e-01
1.573741286993026733e-01
6.574294716119766235e-02
9.970053285360336304e-02
9.820203483104705811e-02
2.860788702964782715e-01
9.864810854196548462e-02
3.857389688491821289e-01
3.415476381778717041e-01
2.575412094593048096e-01
4.656498730182647705e-01
2.250619530677795410e-01
2.510509192943572998e-01
1.448742151260375977e-01
3.784739971160888672e-01
1.625373959541320801e-01
4.466134905815124512e-01
1.384212076663970947e-01
6.527261734008789062e-01
1.948893517255783081e-01
2.775999009609222412e-01
4.026054441928863525e-01
1.140647158026695251e-01
1.501525789499282837e-01
1.863443702459335327e-01
4.156457185745239258e-01
1.543242484331130981e-01
2.520986795425415039e-01
7.986511290073394775e-02
1.782339513301849365e-01
1.164804995059967041e-01
2.673187851905822754e-01
1.816715002059936523e-01
1.937783360481262207e-01
3.546965420246124268e-01
1.730190217494964600e-01
2.914067208766937256e-01
3.490764498710632324e-01
3.053999841213226318e-01
1.241359561681747437e-01
2.538273930549621582e-01
2.508092522621154785e-01
3.839404582977294922e-01
1.348994672298431396e-01
9.090407937765121460e-02
3.666722476482391357e-01
8.196991682052612305e-02
1.670663952827453613e-01
4.206803739070892334e-01
3.502241671085357666e-01
1.038868278264999390e-01
3.500549495220184326e-01
1.606498062610626221e-01
2.494601011276245117e-01
2.743514478206634521e-01
6.016882658004760742e-01
8.565098792314529419e-02
2.092081606388092041e-01
2.699260115623474121e-01
3.151242733001708984e-01
1.288977563381195068e-01
1.774816513061523438e-01
3.016398549079895020e-01
1.016945242881774902e-01
1.562682092189788818e-01
3.666796982288360596e-01
1.495879292488098145e-01
3.693965077400207520e-01
2.746270298957824707e-01
2.009047865867614746e-01
2.153444886207580566e-01
2.012810409069061279e-01
1.917423158884048462e-01
2.523894906044006348e-01
3.324053287506103516e-01
3.071004152297973633e-01
1.876385360956192017e-01
1.997256726026535034e-01
3.948428630828857422e-01
3.031486868858337402e-01
1.873857527971267700e-01
4.298133552074432373e-01
4.212531447410583496e-01
9.897896647453308105e-02
2.383187264204025269e-01
1.378845274448394775e-01
2.887156903743743896e-01
9.158847481012344360e-02
1.875056773424148560e-01
1.260333359241485596e-01
8.624122291803359985e-02
3.807066977024078369e-01
3.384316265583038330e-01
1.969781965017318726e-01
3.698765933513641357e-01
2.494599968194961548e-01
1.988143026828765869e-01
4.661743044853210449e-01
1.078956127166748047e-01
3.543742597103118896e-01
3.578104972839355469e-01
2.137710750102996826e-01
2.433858364820480347e-01
3.262861967086791992e-01
1.361850053071975708e-01
6.781356334686279297e-01
5.106089115142822266e-01
2.109914124011993408e-01
4.191571176052093506e-01
1.197049766778945923e-01
2.184149920940399170e-01
1.741415560245513916e-01
3.844904601573944092e-01
1.890892088413238525e-01
1.462626457214355469e-01
2.835509777069091797e-01
3.869512081146240234e-01
3.308910429477691650e-01
3.064956665039062500e-01
2.657204568386077881e-01
2.471741586923599243e-01
1.795660108327865601e-01
4.442786052823066711e-02
2.028859257698059082e-01
2.369107604026794434e-01
1.343881934881210327e-01
1.075621321797370911e-01
3.453442454338073730e-01
1.682875901460647583e-01
2.178166210651397705e-01
1.193734109401702881e-01
2.778133749961853027e-01
3.161986172199249268e-01
9.597329795360565186e-02
2.106218039989471436e-01
1.277265846729278564e-01
8.896609395742416382e-02
5.646098852157592773e-01
1.222809255123138428e-01
1.671978980302810669e-01
1.408408880233764648e-01
1.987024396657943726e-01
1.131744459271430969e-01
4.560770988464355469e-01
1.891428232192993164e-01
2.143467664718627930e-01
4.589543342590332031e-01
1.820245534181594849e-01
2.444733977317810059e-01
1.175316199660301208e-01
5.547948926687240601e-02
1.807134300470352173e-01
5.338554084300994873e-02
2.795734703540802002e-01
1.892995834350585938e-01
2.870939970016479492e-01
2.463680505752563477e-01
1.895288825035095215e-01
2.972850501537322998e-01
3.964378237724304199e-01
1.298249661922454834e-01
3.200747668743133545e-01
2.694524824619293213e-01
2.921764254570007324e-01
1.371712088584899902e-01
2.283668816089630127e-01
1.816229969263076782e-01
1.133770197629928589e-01
2.571838498115539551e-01
2.754738330841064453e-01
1.793436259031295776e-01
3.755712211132049561e-01
2.442504316568374634e-01
1.155534833669662476e-01
3.048309981822967529e-01
2.276786118745803833e-01
3.347529768943786621e-01
1.712063550949096680e-01
9.449471533298492432e-02
7.935415208339691162e-02
1.504266858100891113e-01
1.663765311241149902e-01
1.205635815858840942e-01
2.160285115242004395e-01
1.936640441417694092e-01
3.328725397586822510e-01
2.293746173381805420e-01
6.593739986419677734e-01
2.392888963222503662e-01
5.392446741461753845e-02
1.200662553310394287e-01
1.556040644645690918e-01
2.229304760694503784e-01
4.959794282913208008e-01
1.296263337135314941e-01
2.665878534317016602e-01
6.096883490681648254e-02
1.238992959260940552e-01
3.385585248470306396e-01
4.789998829364776611e-01
2.010362893342971802e-01
3.502485752105712891e-01
3.041525483131408691e-01
2.916812300682067871e-01
2.795150279998779297e-01
1.559957265853881836e-01
1.169864982366561890e-01
1.051383763551712036e-01
8.998806029558181763e-02
2.344447672367095947e-01
1.894896626472473145e-01
2.921346724033355713e-01
4.508757591247558594e-01
1.783685982227325439e-01
1.173887550830841064e-01
2.053948789834976196e-01
2.373577356338500977e-01
1.439407467842102051e-01
1.932151317596435547e-01
1.601618528366088867e-01
1.485229730606079102e-01
2.767311334609985352e-01
3.426126241683959961e-01
2.975648939609527588e-01
1.308696269989013672e-01
6.197395324707031250e-01
1.374340355396270752e-01
5.554630756378173828e-01
1.968348324298858643e-01
2.001715302467346191e-01
4.520593583583831787e-01
1.536950916051864624e-01
2.104779183864593506e-01
1.605502068996429443e-01
3.105002343654632568e-01
2.775486707687377930e-01
2.586055397987365723e-01
1.394959092140197754e-01
5.923734977841377258e-02
9.242131561040878296e-02
1.972016394138336182e-01
4.275059103965759277e-01
2.732098102569580078e-01
2.239903509616851807e-01
2.833665013313293457e-01
3.119503855705261230e-01
4.368318617343902588e-02
1.418180614709854126e-01
6.107372641563415527e-01
2.050426602363586426e-01
2.829980254173278809e-01
7.513946294784545898e-02
2.217365652322769165e-01
3.801285326480865479e-01
2.635298669338226318e-01
5.439908802509307861e-02
2.912390828132629395e-01
2.749815285205841064e-01
2.990396022796630859e-01
2.033335864543914795e-01
1.432602107524871826e-01
1.619978845119476318e-01
1.772851496934890747e-01
2.192336618900299072e-01
1.300361454486846924e-01
4.160285890102386475e-01
2.125699222087860107e-01
2.416319996118545532e-01
2.828385233879089355e-01
7.834549248218536377e-02
1.006086021661758423e-01
4.134810268878936768e-01
2.474380582571029663e-01
1.443001329898834229e-01
2.837400138378143311e-01
1.354855149984359741e-01
1.988396644592285156e-01
1.156919598579406738e-01
6.163946911692619324e-02
1.272610127925872803e-01
3.367896378040313721e-01
1.665933430194854736e-01
1.728459894657135010e-01
1.441737711429595947e-01
3.295036852359771729e-01
2.248045504093170166e-01
3.434394299983978271e-01
1.001090854406356812e-01
9.932467341423034668e-02
2.542922496795654297e-01
2.948817908763885498e-01
2.744360268115997314e-01
1.933151781558990479e-01
3.289886116981506348e-01
2.688907980918884277e-01
3.828497827053070068e-01
1.840708255767822266e-01
3.543081581592559814e-01
3.937510251998901367e-01
3.879955112934112549e-01
1.087450236082077026e-01
5.111752748489379883e-01
3.113323748111724854e-01
2.421109080314636230e-01
1.500156223773956299e-01
2.507684826850891113e-01
2.160842865705490112e-01
2.060147821903228760e-01
1.223797053098678589e-01
3.568252027034759521e-01
2.709965109825134277e-01
4.614163637161254883e-01
3.412023782730102539e-01
2.640416026115417480e-01
3.103749155998229980e-01
1.930938363075256348e-01
2.264840900897979736e-01
2.266286760568618774e-01
4.031475782394409180e-01
4.181449115276336670e-01
1.986056864261627197e-01
1.704049706459045410e-01
4.969637393951416016e-01
2.740919589996337891e-01
3.523570001125335693e-01
1.824179291725158691e-01
4.899329319596290588e-02
2.170334309339523315e-01
4.377482533454895020e-01
5.675096511840820312e-01
1.201124191284179688e-01
3.834244012832641602e-01
5.470079779624938965e-01
2.488612830638885498e-01
2.391656041145324707e-01
2.414429634809494019e-01
1.916626989841461182e-01
2.684227824211120605e-01
8.282849937677383423e-02
2.372527122497558594e-01
3.427168130874633789e-01
6.089664995670318604e-02
2.915799021720886230e-01
2.557133138179779053e-01
1.302326172590255737e-01
3.021679520606994629e-01
1.471962481737136841e-01
2.122091650962829590e-01
2.060417830944061279e-01
1.903420984745025635e-01
1.712205708026885986e-01
2.512907385826110840e-01
5.786908864974975586e-01
1.143391430377960205e-01
7.974260300397872925e-02
1.675907671451568604e-01
2.801816165447235107e-01
1.379475891590118408e-01
4.718421399593353271e-02
4.895973801612854004e-01
7.423160970211029053e-02
4.430229663848876953e-01
2.030078470706939697e-01
1.824440956115722656e-01
1.794614493846893311e-01
5.335952639579772949e-01
4.069204628467559814e-01
2.831897735595703125e-01
2.812986075878143311e-01
1.851839125156402588e-01
2.238885760307312012e-01
6.811700761318206787e-02
1.471994370222091675e-01
1.367215812206268311e-01
4.268303811550140381e-01
1.210113912820816040e-01
1.705774664878845215e-01
3.310728371143341064e-01
2.002465128898620605e-01
4.811447262763977051e-01
2.416264563798904419e-01
1.833191812038421631e-01
3.413031101226806641e-01
1.295630186796188354e-01
1.936337500810623169e-01
9.786823391914367676e-02
9.991320967674255371e-02
2.298213094472885132e-01
5.359493494033813477e-01
4.143217504024505615e-01
1.861517578363418579e-01
2.781050503253936768e-01
2.728251814842224121e-01
2.500598430633544922e-01
1.647901684045791626e-01
1.593370139598846436e-01
1.077811047434806824e-01
4.538411796092987061e-01
1.542606651782989502e-01
1.374509632587432861e-01
2.950263619422912598e-01
1.833062469959259033e-01
4.922075569629669189e-01
1.812205314636230469e-01
3.213366568088531494e-01
7.939933240413665771e-02
3.661812245845794678e-01
1.410478055477142334e-01
2.524178922176361084e-01
2.816286087036132812e-01
1.351561248302459717e-01
2.876216173171997070e-01
2.087482213973999023e-01
3.715156912803649902e-01
3.441909849643707275e-01
1.453025639057159424e-01
2.667186558246612549e-01
1.590919792652130127e-01
3.959657549858093262e-01
2.288274168968200684e-01
1.730568706989288330e-01
2.237290143966674805e-01
1.862154752016067505e-01
1.519782692193984985e-01
2.889260053634643555e-01
1.667280346155166626e-01
2.116426229476928711e-01
5.057976245880126953e-01
2.885867357254028320e-01
3.957055807113647461e-01
1.259016245603561401e-01
2.953934669494628906e-01
3.526608049869537354e-01
1.674282550811767578e-01
2.612074017524719238e-01
1.638580560684204102e-01
3.081128895282745361e-01
4.967980682849884033e-01
7.677379995584487915e-02
1.910605132579803467e-01
1.484062373638153076e-01
4.184486269950866699e-01
3.755671977996826172e-01
1.707409769296646118e-01
2.428418546915054321e-01
2.936137318611145020e-01
1.669307053089141846e-01
1.602565348148345947e-01
1.743233203887939453e-01
1.814429908990859985e-01
1.632462739944458008e-01
2.334651350975036621e-01
2.628776729106903076e-01
3.092960119247436523e-01
5.740621089935302734e-01
1.533632725477218628e-01
1.635436713695526123e-01
1.076854988932609558e-01
2.377382963895797729e-01
1.866300404071807861e-01
3.476704657077789307e-01
9.867756813764572144e-02
1.678109467029571533e-01
4.058291912078857422e-01
7.812260836362838745e-02
2.646709084510803223e-01
2.548792064189910889e-01
8.917342126369476318e-02
3.250036835670471191e-01
2.238916605710983276e-01
4.146846234798431396e-01
2.141664922237396240e-01
1.981022059917449951e-01
1.445766091346740723e-01
1.385920047760009766e-01
2.170766592025756836e-01
1.956493407487869263e-01
2.555752694606781006e-01
2.562796473503112793e-01
3.190048933029174805e-01
3.605850338935852051e-01
4.478092789649963379e-01
4.875574111938476562e-01
3.269767463207244873e-01
2.353801429271697998e-01
1.437958776950836182e-01
4.375271797180175781e-01
1.785710453987121582e-01
2.168521583080291748e-01
3.869662880897521973e-01
2.275764346122741699e-01
1.077423542737960815e-01
3.376536369323730469e-01
1.899695098400115967e-01
2.655833959579467773e-01
1.388663053512573242e-01
1.322115212678909302e-01
4.898146912455558777e-02
1.826251298189163208e-01
9.882943332195281982e-02
2.851835191249847412e-01
1.731368005275726318e-01
3.187368214130401611e-01
1.828889548778533936e-01
1.258497238159179688e-01
3.603500723838806152e-01
1.158464625477790833e-01
3.355518281459808350e-01
1.299462169408798218e-01
2.082376629114151001e-01
3.615298867225646973e-01
5.577998757362365723e-01
1.728749722242355347e-01
2.535611391067504883e-01
2.251936197280883789e-01
2.500475645065307617e-01
2.215932607650756836e-01
3.837940692901611328e-01
1.972976028919219971e-01
1.566464900970458984e-01
2.667490839958190918e-01
3.767517805099487305e-01
2.425202727317810059e-01
1.128855794668197632e-01
2.061445862054824829e-01
2.129615545272827148e-01
2.641730308532714844e-01
2.866063117980957031e-01
3.214423954486846924e-01
1.339229941368103027e-01
1.792872846126556396e-01
2.848737239837646484e-01
2.229961454868316650e-01
3.132148385047912598e-01
1.301592141389846802e-01
2.661040425300598145e-01
3.725637793540954590e-01
1.442926228046417236e-01
2.304179668426513672e-01
1.788617819547653198e-01
1.068810820579528809e-01
2.804071307182312012e-01
8.129298686981201172e-02
3.114728331565856934e-01
4.166451692581176758e-01
1.282800436019897461e-01
3.735480606555938721e-01
5.285454988479614258e-01
1.772575974464416504e-01
2.873826026916503906e-01
3.343589603900909424e-01
1.964160203933715820e-01
6.757366657257080078e-02
5.242868065834045410e-01
2.428101003170013428e-01
1.040057167410850525e-01
6.523220986127853394e-02
1.986270099878311157e-01
