1.402245461940765381e-01
2.360825538635253906e-01
1.643052250146865845e-01
1.907572150230407715e-01
1.737664788961410522e-01
2.853692770004272461e-01
2.200953513383865356e-01
3.961380422115325928e-01
2.263955473899841309e-01
8.533430099487304688e-02
1.616664230823516846e-01
2.336306422948837280e-01
8.487084507942199707e-02
2.056210488080978394e-01
1.682625710964202881e-01
4.050441384315490723e-01
5.618587881326675415e-02
2.810043692588806152e-01
2.397006750106811523e-01
1.828586459159851074e-01
1.166802272200584412e-01
3.154499828815460205e-01
4.418318271636962891e-01
3.031451106071472168e-01
1.760273724794387817e-01
3.243631422519683838e-01
4.739387631416320801e-01
2.809385657310485840e-01
2.275087684392929077e-01
2.389279007911682129e-01
2.489128708839416504e-01
3.922844529151916504e-01
3.936899304389953613e-01
2.940748929977416992e-01
1.672025620937347412e-01
1.453211009502410889e-01
3.263947963714599609e-01
1.376808881759643555e-01
1.155775114893913269e-01
1.614820063114166260e-01
1.357932388782501221e-01
3.781431019306182861e-01
1.580343842506408691e-01
7.465489208698272705e-02
3.061873316764831543e-01
1.735323369503021240e-01
1.366797387599945068e-01
3.095520734786987305e-01
1.505897641181945801e-01
2.152100652456283569e-01
3.331613540649414062e-01
1.679852157831192017e-01
3.229550719261169434e-01
4.358036518096923828e-01
2.213514149188995361e-01
1.446163207292556763e-01
3.026211559772491455e-01
2.609060406684875488e-01
2.906031608581542969e-01
3.257077038288116455e-01
3.149407505989074707e-01
3.828260600566864014e-01
3.009198904037475586e-01
4.388265609741210938e-01
3.081375956535339355e-01
3.156650066375732422e-01
1.338149309158325195e-01
7.943316549062728882e-02
9.808114171028137207e-02
2.023044824600219727e-01
3.155632615089416504e-01
2.694220542907714844e-01
3.564018607139587402e-01
3.462945818901062012e-01
3.143958449363708496e-01
1.964236348867416382e-01
1.058204323053359985e-01
1.757283508777618408e-01
1.868421137332916260e-01
1.803587526082992554e-01
2.850273847579956055e-01
1.919826567173004150e-01
1.991049796342849731e-01
2.283874303102493286e-01
2.933562397956848145e-01
3.008897900581359863e-01
2.191544324159622192e-01
2.214582264423370361e-01
3.555634319782257080e-01
2.556019127368927002e-01
1.478744596242904663e-01
1.627925932407379150e-01
3.916717767715454102e-01
1.201045289635658264e-01
2.202503979206085205e-01
3.787818551063537598e-01
1.427969634532928467e-01
3.675034344196319580e-01
4.173604249954223633e-01
2.981562018394470215e-01
3.319101631641387939e-01
3.764271140098571777e-01
1.805924177169799805e-01
2.089959233999252319e-01
2.361055016517639160e-01
3.967576026916503906e-01
3.675468564033508301e-01
4.050432145595550537e-01
4.265273213386535645e-01
5.863915383815765381e-02
1.518170386552810669e-01
2.169117927551269531e-01
3.606330156326293945e-01
2.055647373199462891e-01
2.159356474876403809e-01
2.220366001129150391e-01
3.385909497737884521e-01
2.996177077293395996e-01
2.645528018474578857e-01
3.065918087959289551e-01
2.144427597522735596e-01
3.846408426761627197e-01
3.708921670913696289e-01
1.660823971033096313e-01
2.170955091714859009e-01
3.079637587070465088e-01
2.087354660034179688e-01
1.562505811452865601e-01
2.848902940750122070e-01
1.922886371612548828e-01
1.840585768222808838e-01
2.534557282924652100e-01
1.562566012144088745e-01
3.304294943809509277e-01
1.926268637180328369e-01
2.907723784446716309e-01
3.689701557159423828e-01
1.960662305355072021e-01
1.971033811569213867e-01
1.430472284555435181e-01
1.274038851261138916e-01
2.308292388916015625e-01
2.559190690517425537e-01
2.166287899017333984e-01
1.548771858215332031e-01
2.528656721115112305e-01
1.841638982295989990e-01
3.167636990547180176e-01
2.599428892135620117e-01
2.636649310588836670e-01
1.665353178977966309e-01
2.954078614711761475e-01
3.642704784870147705e-01
1.446641385555267334e-01
2.224208116531372070e-01
3.391419351100921631e-01
2.473298162221908569e-01
1.965786218643188477e-01
4.341425299644470215e-01
4.254692792892456055e-01
2.111456692218780518e-01
1.720153689384460449e-01
8.178663253784179688e-02
3.860468864440917969e-01
2.728682756423950195e-01
3.495545983314514160e-01
2.250613868236541748e-01
4.023455977439880371e-01
1.514249593019485474e-01
3.668587803840637207e-01
1.782479584217071533e-01
1.138193309307098389e-01
2.201541364192962646e-01
1.793474256992340088e-01
1.838909238576889038e-01
1.788169443607330322e-01
2.085918337106704712e-01
1.386969834566116333e-01
2.306434363126754761e-01
1.800045967102050781e-01
1.237083226442337036e-01
3.173005580902099609e-01
3.002390265464782715e-01
2.304820120334625244e-01
5.851055681705474854e-02
2.880459725856781006e-01
1.871377527713775635e-01
2.250053882598876953e-01
8.645445853471755981e-02
3.212262392044067383e-01
2.095683217048645020e-01
6.949968338012695312e-01
3.100702166557312012e-01
8.473459631204605103e-02
1.598072052001953125e-01
1.346552968025207520e-01
2.830359935760498047e-01
9.142704308032989502e-02
1.836735904216766357e-01
4.436330795288085938e-01
2.377761900424957275e-01
2.118615210056304932e-01
2.701070904731750488e-01
1.472742557525634766e-01
2.393671721220016479e-01
1.640189886093139648e-01
3.344851732254028320e-01
2.413090169429779053e-01
1.605613380670547485e-01
2.778098583221435547e-01
1.739988476037979126e-01
2.798656225204467773e-01
2.550791203975677490e-01
1.913574784994125366e-01
1.536979675292968750e-01
1.941654980182647705e-01
2.404977530241012573e-01
1.930035054683685303e-01
2.598354220390319824e-01
8.894285559654235840e-02
1.891229301691055298e-01
1.939346790313720703e-01
3.491717576980590820e-01
4.285151362419128418e-01
1.817045956850051880e-01
2.357703447341918945e-01
1.695404797792434692e-01
1.217482462525367737e-01
2.453970015048980713e-01
1.956688463687896729e-01
3.279045820236206055e-01
3.186228573322296143e-01
1.478240936994552612e-01
1.442498862743377686e-01
1.052700132131576538e-01
2.189913094043731689e-01
1.765210628509521484e-01
3.479911684989929199e-01
1.333228647708892822e-01
3.250701427459716797e-01
5.327466130256652832e-01
2.107432782649993896e-01
4.401462078094482422e-01
1.479530185461044312e-01
5.298172235488891602e-01
1.059280484914779663e-01
1.975725293159484863e-01
6.482785940170288086e-02
1.306670606136322021e-01
2.617620229721069336e-01
2.651110291481018066e-01
1.254215836524963379e-01
1.897598505020141602e-01
2.657078802585601807e-01
2.492984533309936523e-01
1.897592246532440186e-01
1.754097342491149902e-01
3.750272095203399658e-01
3.781314790248870850e-01
4.106977880001068115e-01
1.996758580207824707e-01
4.537438154220581055e-01
2.457340955734252930e-01
1.651009470224380493e-01
2.254975736141204834e-01
2.973588407039642334e-01
3.520684838294982910e-01
1.840898692607879639e-01
2.937096059322357178e-01
3.065470457077026367e-01
1.891617476940155029e-01
1.943373084068298340e-01
1.866963207721710205e-01
2.088250517845153809e-01
6.762649118900299072e-02
2.112336754798889160e-01
2.489784955978393555e-01
2.727706432342529297e-01
1.891996562480926514e-01
4.334998726844787598e-01
2.886740863323211670e-01
1.939481496810913086e-01
1.802889704704284668e-01
2.303838431835174561e-01
2.123815119266510010e-01
1.628092825412750244e-01
2.267555892467498779e-01
4.353056550025939941e-01
1.917780339717864990e-01
1.580603420734405518e-01
1.036380827426910400e-01
9.938166290521621704e-02
1.511427015066146851e-01
1.059061437845230103e-01
2.356051355600357056e-01
2.345544397830963135e-01
1.746369004249572754e-01
1.176778674125671387e-01
3.649768233299255371e-01
1.620047837495803833e-01
2.476093918085098267e-01
2.289133518934249878e-01
3.398698568344116211e-01
1.963582634925842285e-01
3.063133955001831055e-01
2.429886162281036377e-01
1.457622647285461426e-01
8.016669005155563354e-02
5.396544188261032104e-02
2.904309034347534180e-01
2.037484347820281982e-01
2.252143025398254395e-01
2.978673577308654785e-01
1.299864202737808228e-01
1.986847817897796631e-01
1.829352080821990967e-01
2.981173694133758545e-01
1.089157164096832275e-01
4.095585346221923828e-01
3.156706690788269043e-01
1.497181057929992676e-01
1.385574191808700562e-01
2.501613497734069824e-01
2.041015625000000000e-01
1.859223246574401855e-01
2.735467255115509033e-01
4.045625627040863037e-01
1.788118779659271240e-01
3.744239807128906250e-01
2.049282789230346680e-01
3.895128667354583740e-01
6.396389007568359375e-01
3.226163685321807861e-01
2.259733080863952637e-01
7.337597012519836426e-02
2.525712847709655762e-01
2.378926724195480347e-01
1.297899782657623291e-01
3.447543978691101074e-01
4.574576318264007568e-01
3.527210354804992676e-01
1.129869073629379272e-01
3.950179517269134521e-01
3.979188799858093262e-01
1.551418900489807129e-01
2.170650959014892578e-01
1.787280440330505371e-01
8.922289311885833740e-02
1.413784176111221313e-01
2.732609510421752930e-01
2.413478791713714600e-01
5.850490331649780273e-01
2.842009663581848145e-01
2.412379086017608643e-01
2.506952285766601562e-01
2.252187430858612061e-01
1.242246180772781372e-01
2.620672881603240967e-01
2.233963906764984131e-01
2.297842502593994141e-01
2.196698188781738281e-01
2.107326090335845947e-01
1.621854305267333984e-01
1.533013433218002319e-01
1.303876340389251709e-01
3.227073550224304199e-01
1.957190632820129395e-01
1.329917758703231812e-01
8.857056498527526855e-01
2.957848906517028809e-01
5.078634023666381836e-01
4.105324149131774902e-01
2.299759238958358765e-01
1.928660422563552856e-01
3.266895711421966553e-01
2.645113766193389893e-01
3.127481937408447266e-01
3.360846042633056641e-01
1.252128928899765015e-01
2.334348112344741821e-01
1.929898262023925781e-01
1.538445502519607544e-01
4.558822512626647949e-01
1.827499270439147949e-01
2.189548313617706299e-01
6.317834854125976562e-01
2.732082903385162354e-01
1.589138209819793701e-01
1.196655184030532837e-01
2.360626459121704102e-01
1.264814883470535278e-01
2.477236390113830566e-01
1.631230562925338745e-01
1.380572468042373657e-01
2.928862571716308594e-01
3.238578438758850098e-01
2.009156346321105957e-01
2.169762849807739258e-01
2.767953574657440186e-01
1.618621498346328735e-01
1.788843423128128052e-01
5.236279964447021484e-01
2.214033901691436768e-01
5.326707363128662109e-01
1.287401020526885986e-01
2.235172986984252930e-01
2.431918978691101074e-01
3.025578856468200684e-01
2.375742197036743164e-01
1.678631603717803955e-01
1.996282339096069336e-01
2.960930168628692627e-01
2.545733749866485596e-01
2.416708469390869141e-01
1.463869214057922363e-01
1.952851116657257080e-01
2.373062968254089355e-01
1.045015454292297363e-01
1.793154180049896240e-01
1.501778364181518555e-01
2.716348767280578613e-01
8.217969536781311035e-02
2.788515686988830566e-01
1.752453148365020752e-01
2.023329436779022217e-01
4.329355359077453613e-01
3.936108350753784180e-01
2.069803774356842041e-01
2.164778113365173340e-01
2.103061974048614502e-01
1.964024901390075684e-01
2.109869569540023804e-01
1.867446601390838623e-01
2.613044977188110352e-01
4.985395669937133789e-01
5.315490812063217163e-02
1.595084816217422485e-01
2.432358711957931519e-01
3.288488388061523438e-01
1.705892384052276611e-01
6.863678246736526489e-02
2.155593037605285645e-01
1.588264405727386475e-01
2.076629698276519775e-01
2.334870100021362305e-01
1.959676444530487061e-01
3.253200054168701172e-01
1.679560840129852295e-01
1.967815905809402466e-01
2.788031399250030518e-01
2.412828505039215088e-01
1.592846810817718506e-01
1.429055333137512207e-01
3.418855369091033936e-01
3.732919692993164062e-01
1.666517853736877441e-01
3.087487220764160156e-01
2.460814565420150757e-01
1.532415151596069336e-01
5.025996565818786621e-01
1.065135523676872253e-01
2.943445146083831787e-01
1.059673577547073364e-01
2.146614193916320801e-01
1.695929318666458130e-01
2.294673323631286621e-01
1.844930946826934814e-01
3.909577727317810059e-01
1.570906043052673340e-01
2.761519551277160645e-01
3.303085863590240479e-01
2.005132734775543213e-01
9.387439489364624023e-02
2.657545804977416992e-01
3.689733147621154785e-01
3.021664023399353027e-01
3.529908657073974609e-01
1.977157294750213623e-01
1.755850613117218018e-01
2.496918290853500366e-01
3.347961306571960449e-01
2.402258813381195068e-01
2.103075981140136719e-01
1.924612820148468018e-01
2.548938691616058350e-01
5.747807025909423828e-01
1.040084660053253174e-01
1.562400162220001221e-01
2.693878710269927979e-01
3.290812373161315918e-01
1.048707813024520874e-01
1.288174241781234741e-01
2.702078819274902344e-01
2.224775999784469604e-01
1.926567852497100830e-01
3.024258613586425781e-01
1.638865023851394653e-01
1.882230043411254883e-01
1.287477761507034302e-01
2.683908045291900635e-01
2.698673307895660400e-01
2.392652332782745361e-01
2.642790973186492920e-01
2.333596795797348022e-01
2.856625318527221680e-01
4.605278968811035156e-01
1.743232011795043945e-01
1.676952689886093140e-01
2.375832200050354004e-01
3.011390566825866699e-01
4.411766231060028076e-01
3.405339121818542480e-01
1.918554157018661499e-01
1.917472183704376221e-01
1.406347453594207764e-01
1.269403249025344849e-01
2.723187506198883057e-01
2.686347961425781250e-01
2.099087834358215332e-01
2.576797902584075928e-01
1.464432030916213989e-01
1.172113120555877686e-01
1.256180405616760254e-01
4.139476716518402100e-01
1.429569125175476074e-01
5.476997494697570801e-01
1.847025752067565918e-01
3.699396550655364990e-01
2.966622114181518555e-01
1.294673532247543335e-01
1.375816464424133301e-01
4.343217015266418457e-01
1.415389627218246460e-01
1.571497321128845215e-01
2.185106128454208374e-01
2.809375226497650146e-01
2.747322618961334229e-01
1.643635332584381104e-01
3.015635609626770020e-01
1.992026865482330322e-01
1.956915259361267090e-01
3.813894987106323242e-01
1.447821557521820068e-01
2.993988096714019775e-01
2.505899369716644287e-01
4.051679968833923340e-01
3.316690325736999512e-01
3.695767521858215332e-01
1.883611381053924561e-01
3.089239001274108887e-01
2.236157208681106567e-01
4.745675325393676758e-01
3.130303919315338135e-01
1.984059810638427734e-01
4.610638022422790527e-01
5.292963236570358276e-02
2.305652201175689697e-01
1.797547340393066406e-01
5.128814578056335449e-01
7.279060781002044678e-02
1.311302334070205688e-01
2.175689190626144409e-01
2.727559208869934082e-01
2.737211585044860840e-01
3.906714022159576416e-01
1.142648458480834961e-01
1.622658073902130127e-01
2.309665083885192871e-01
1.722436845302581787e-01
9.844046086072921753e-02
3.815495967864990234e-01
3.926626145839691162e-01
2.710092067718505859e-01
4.006064236164093018e-01
3.789147734642028809e-01
1.351998150348663330e-01
1.093921065330505371e-01
3.438185453414916992e-01
3.125299215316772461e-01
8.510646224021911621e-02
4.996938109397888184e-01
3.213963508605957031e-01
5.363861918449401855e-01
2.448544502258300781e-01
1.785275340080261230e-01
2.029433548450469971e-01
2.470993697643280029e-01
2.567234039306640625e-01
1.979845464229583740e-01
1.976403892040252686e-01
2.085622698068618774e-01
1.953993439674377441e-01
2.749944627285003662e-01
1.819951832294464111e-01
3.166961669921875000e-01
1.738347113132476807e-01
2.493275254964828491e-01
2.864639759063720703e-01
3.083725273609161377e-01
6.000716686248779297e-01
1.379859447479248047e-01
2.051721811294555664e-01
2.831195890903472900e-01
1.859730482101440430e-01
2.081228196620941162e-01
1.176415681838989258e-01
3.753042817115783691e-01
1.996499896049499512e-01
2.392514348030090332e-01
1.953049600124359131e-01
2.487909048795700073e-01
3.299246728420257568e-01
2.060827910900115967e-01
2.654917836189270020e-01
2.699997425079345703e-01
3.396236002445220947e-01
1.915182769298553467e-01
5.001264810562133789e-01
5.240051746368408203e-01
2.012571096420288086e-01
1.233682334423065186e-01
3.980788886547088623e-01
1.652633994817733765e-01
9.481041133403778076e-02
1.695931553840637207e-01
2.921112179756164551e-01
5.328665971755981445e-01
2.994465231895446777e-01
1.892348974943161011e-01
1.428409367799758911e-01
3.634689748287200928e-01
2.641693055629730225e-01
1.434359848499298096e-01
3.044712245464324951e-01
1.721069812774658203e-01
4.205536246299743652e-01
1.493570804595947266e-01
1.834127306938171387e-01
2.345299124717712402e-01
2.995899915695190430e-01
2.384930402040481567e-01
3.322162926197052002e-01
2.161365747451782227e-01
1.570549607276916504e-01
2.337571978569030762e-01
1.966144144535064697e-01
1.742196977138519287e-01
2.819885611534118652e-01
3.353443145751953125e-01
3.355287909507751465e-01
2.624924182891845703e-01
1.518399864435195923e-01
4.217712879180908203e-01
3.194530010223388672e-01
1.575168967247009277e-01
2.881353497505187988e-01
1.325128823518753052e-01
7.300808429718017578e-01
4.934610724449157715e-01
2.128139138221740723e-01
1.690139472484588623e-01
3.749126195907592773e-01
2.340944409370422363e-01
2.923236787319183350e-01
2.179598212242126465e-01
2.296063154935836792e-01
4.174534082412719727e-01
1.756539195775985718e-01
1.850199550390243530e-01
2.170973718166351318e-01
1.398189067840576172e-01
3.265058398246765137e-01
3.811870813369750977e-01
2.228381931781768799e-01
2.058827131986618042e-01
3.167938590049743652e-01
1.693365275859832764e-01
2.963980436325073242e-01
1.177470907568931580e-01
2.431452572345733643e-01
3.575346469879150391e-01
4.589132964611053467e-01
1.571638137102127075e-01
1.958100199699401855e-01
2.315584719181060791e-01
2.912586033344268799e-01
4.819495677947998047e-01
4.205409884452819824e-01
2.090702056884765625e-01
4.364522695541381836e-01
1.840513646602630615e-01
3.905965983867645264e-01
3.526481389999389648e-01
2.727261185646057129e-01
7.412111014127731323e-02
3.064669668674468994e-01
1.890658438205718994e-01
1.964456140995025635e-01
4.220648407936096191e-01
4.327471256256103516e-01
1.771869361400604248e-01
1.681865006685256958e-01
1.333948969841003418e-01
2.377877831459045410e-01
3.327354788780212402e-01
1.381527781486511230e-01
4.558322131633758545e-01
2.021823972463607788e-01
2.565105557441711426e-01
2.846803069114685059e-01
1.910009086132049561e-01
1.987328976392745972e-01
1.046346276998519897e-01
2.867490053176879883e-01
2.460989654064178467e-01
2.501857280731201172e-01
4.297711253166198730e-01
9.805620461702346802e-02
3.212068378925323486e-01
2.204997241497039795e-01
3.948176503181457520e-01
4.012397825717926025e-01
1.386100351810455322e-01
4.060794711112976074e-01
4.251766204833984375e-01
1.992202699184417725e-01
2.376030832529067993e-01
1.615818589925765991e-01
2.084964811801910400e-01
2.738533020019531250e-01
1.866345256567001343e-01
1.774442344903945923e-01
4.379604458808898926e-01
1.697189509868621826e-01
3.840842545032501221e-01
2.588874697685241699e-01
3.219598233699798584e-01
2.556722164154052734e-01
1.479037106037139893e-01
2.666837573051452637e-01
3.823418617248535156e-01
3.278524577617645264e-01
2.998880743980407715e-01
1.997748017311096191e-01
2.505581676959991455e-01
1.659938991069793701e-01
3.980330228805541992e-01
4.798051118850708008e-01
2.415469288825988770e-01
1.340706944465637207e-01
6.735633313655853271e-02
3.461239933967590332e-01
4.623562097549438477e-01
1.429152041673660278e-01
4.403857886791229248e-01
2.093758881092071533e-01
1.058477386832237244e-01
4.048690795898437500e-01
5.264370515942573547e-02
2.504283189773559570e-01
2.830587327480316162e-01
4.712391793727874756e-01
2.042064815759658813e-01
3.194182813167572021e-01
2.913031578063964844e-01
1.209898293018341064e-01
2.181368172168731689e-01
3.428941369056701660e-01
3.020378351211547852e-01
4.256630241870880127e-01
2.023511826992034912e-01
2.093983292579650879e-01
1.660545617341995239e-01
3.692632913589477539e-01
2.578673958778381348e-01
2.950437664985656738e-01
2.355961501598358154e-01
1.214702576398849487e-01
2.572377622127532959e-01
1.467804014682769775e-01
2.004809677600860596e-01
2.682258486747741699e-01
1.618550419807434082e-01
2.547196149826049805e-01
2.824193239212036133e-01
1.165460944175720215e-01
2.045601904392242432e-01
2.045858353376388550e-01
3.709852695465087891e-01
1.723487526178359985e-01
8.123338222503662109e-02
2.285637706518173218e-01
1.179800704121589661e-01
1.092062741518020630e-01
5.059331059455871582e-01
1.606619060039520264e-01
2.619364261627197266e-01
4.754921793937683105e-01
3.254379332065582275e-01
3.201254606246948242e-01
2.565360069274902344e-01
1.021053493022918701e-01
4.910642802715301514e-01
1.998200416564941406e-01
1.131041273474693298e-01
2.804974913597106934e-01
9.730149805545806885e-02
1.106169149279594421e-01
2.186924517154693604e-01
2.382157295942306519e-01
2.794354856014251709e-01
1.193699985742568970e-01
3.071209788322448730e-01
3.689813613891601562e-01
2.302551716566085815e-01
1.694232523441314697e-01
2.999742627143859863e-01
2.675610780715942383e-01
1.411866843700408936e-01
1.456448882818222046e-01
2.182624042034149170e-01
5.146892070770263672e-01
2.580235004425048828e-01
2.663750052452087402e-01
2.715916037559509277e-01
1.546173989772796631e-01
4.587928056716918945e-01
2.338787019252777100e-01
2.222026586532592773e-01
1.418099403381347656e-01
4.238282740116119385e-01
2.238718271255493164e-01
3.479560613632202148e-01
1.059147641062736511e-01
2.146202474832534790e-01
1.811293661594390869e-01
1.518381386995315552e-01
2.143420875072479248e-01
1.988241821527481079e-01
2.599046826362609863e-01
2.195564806461334229e-01
4.701021909713745117e-01
3.168786764144897461e-01
1.194401830434799194e-01
8.048221468925476074e-02
2.012624442577362061e-01
2.637344598770141602e-01
1.693070232868194580e-01
2.451492547988891602e-01
4.878180325031280518e-01
1.079592257738113403e-01
1.562706530094146729e-01
2.339901328086853027e-01
2.965390086174011230e-01
1.342561095952987671e-01
1.221939772367477417e-01
1.826775372028350830e-01
1.514357179403305054e-01
3.079336285591125488e-01
2.251399606466293335e-01
2.576093077659606934e-01
2.475052028894424438e-01
3.441791534423828125e-01
1.820673048496246338e-01
2.986586689949035645e-01
1.861504614353179932e-01
1.373946070671081543e-01
2.960943281650543213e-01
2.561089396476745605e-01
1.637548208236694336e-01
2.421482503414154053e-01
2.048465013504028320e-01
8.760520070791244507e-02
1.528787910938262939e-01
3.019786775112152100e-01
1.475442200899124146e-01
1.391373276710510254e-01
1.063613891601562500e-01
2.020583003759384155e-01
2.225967049598693848e-01
2.444242984056472778e-01
5.367859005928039551e-01
1.380332410335540771e-01
2.874633669853210449e-01
3.039780557155609131e-01
1.678912341594696045e-01
3.380920886993408203e-01
1.533308774232864380e-01
9.765742719173431396e-02
1.795782595872879028e-01
3.168908953666687012e-01
3.923093676567077637e-01
1.256052553653717041e-01
7.317693531513214111e-02
3.854166269302368164e-01
2.101401388645172119e-01
1.785632371902465820e-01
3.164657354354858398e-01
3.259171247482299805e-01
2.861761152744293213e-01
1.213542893528938293e-01
2.172650694847106934e-01
1.548717916011810303e-01
2.202221155166625977e-01
2.776595354080200195e-01
2.164416611194610596e-01
2.379055768251419067e-01
1.759822368621826172e-01
4.025311768054962158e-01
1.473387777805328369e-01
1.971304118633270264e-01
3.586973249912261963e-01
2.212888151407241821e-01
9.550185501575469971e-02
2.169728875160217285e-01
1.345016956329345703e-01
2.193341255187988281e-01
1.064244285225868225e-01
1.941547095775604248e-01
8.446945995092391968e-02
3.826740384101867676e-01
1.721909940242767334e-01
2.728913724422454834e-01
5.948637798428535461e-02
3.263590931892395020e-01
2.535454332828521729e-01
1.212949454784393311e-01
3.159716725349426270e-01
2.640973031520843506e-01
1.133363693952560425e-01
1.096831113100051880e-01
2.916840314865112305e-01
1.598134189844131470e-01
1.977844238281250000e-01
1.988714635372161865e-01
2.250054180622100830e-01
3.193540871143341064e-01
1.620063632726669312e-01
2.454219013452529907e-01
1.732354611158370972e-01
4.245135560631752014e-02
3.787250518798828125e-01
6.458199024200439453e-02
2.305977344512939453e-01
4.919506907463073730e-01
6.807900965213775635e-02
3.220976591110229492e-01
3.001852631568908691e-01
1.017726138234138489e-01
2.580427229404449463e-01
1.771045476198196411e-01
2.067829966545104980e-01
1.571346521377563477e-01
1.675273627042770386e-01
4.088626801967620850e-01
2.593537569046020508e-01
1.792217046022415161e-01
3.048336207866668701e-01
4.939862340688705444e-02
1.871790885925292969e-01
1.490011662244796753e-01
2.509031891822814941e-01
1.579239219427108765e-01
2.312684059143066406e-01
3.354735970497131348e-01
2.219982296228408813e-01
1.601045429706573486e-01
3.165102005004882812e-01
2.045599818229675293e-01
1.414765417575836182e-01
2.958414256572723389e-01
1.569374203681945801e-01
5.915365219116210938e-01
2.499365806579589844e-01
2.017955482006072998e-01
3.822408616542816162e-01
3.318942785263061523e-01
8.881273865699768066e-02
2.652748525142669678e-01
2.136275470256805420e-01
2.252559512853622437e-01
2.707331180572509766e-01
1.836721003055572510e-01
2.491862773895263672e-01
1.928147822618484497e-01
2.437044382095336914e-01
1.941230893135070801e-01
2.058895230293273926e-01
2.945748269557952881e-01
1.672285646200180054e-01
1.878730654716491699e-01
1.777703464031219482e-01
7.620447129011154175e-02
2.936188280582427979e-01
7.471149414777755737e-02
1.924413144588470459e-01
2.664490342140197754e-01
1.277854144573211670e-01
7.619210332632064819e-02
1.706163585186004639e-01
2.843632996082305908e-01
3.564836680889129639e-01
2.996730804443359375e-01
3.285542726516723633e-01
1.376493275165557861e-01
2.246631681919097900e-01
3.599725663661956787e-01
1.416842341423034668e-01
1.385657340288162231e-01
1.932478249073028564e-01
1.510868668556213379e-01
7.221540063619613647e-02
4.094483256340026855e-01
1.948079764842987061e-01
1.550022959709167480e-01
1.928777992725372314e-01
2.775829434394836426e-01
3.233824968338012695e-01
2.931777238845825195e-01
1.974307298660278320e-01
2.542054951190948486e-01
2.503836154937744141e-01
2.434608638286590576e-01
2.728189527988433838e-01
2.489106953144073486e-01
1.306875646114349365e-01
1.246632188558578491e-01
2.134853303432464600e-01
1.915433406829833984e-01
3.290058076381683350e-01
1.576603949069976807e-01
1.808216422796249390e-01
3.440383076667785645e-01
3.203411400318145752e-01
7.933239638805389404e-02
1.693715155124664307e-01
2.102212160825729370e-01
2.180034071207046509e-01
2.642458081245422363e-01
2.667813897132873535e-01
2.162114232778549194e-01
3.937397897243499756e-01
1.422964781522750854e-01
1.050783246755599976e-01
2.858051955699920654e-01
1.127872765064239502e-01
3.498426079750061035e-01
1.945856213569641113e-01
1.219134628772735596e-01
1.253950744867324829e-01
2.396953701972961426e-01
3.242629766464233398e-01
1.208899170160293579e-01
2.611487507820129395e-01
1.558507978916168213e-01
2.551204562187194824e-01
2.104261964559555054e-01
4.757325649261474609e-01
1.575712561607360840e-01
2.879690825939178467e-01
5.083424970507621765e-02
1.910779774188995361e-01
3.226485848426818848e-01
1.907231807708740234e-01
2.458389699459075928e-01
1.604033112525939941e-01
4.675555527210235596e-01
3.551083207130432129e-01
4.716844260692596436e-01
4.685046374797821045e-01
6.372905373573303223e-01
3.127588629722595215e-01
1.106522232294082642e-01
7.137581706047058105e-02
2.259423434734344482e-01
2.022667974233627319e-01
2.014025151729583740e-01
5.872211456298828125e-01
4.050921201705932617e-01
3.750722706317901611e-01
1.985080242156982422e-01
1.620199978351593018e-01
2.763782739639282227e-01
2.773669362068176270e-01
3.331753909587860107e-01
1.279519051313400269e-01
3.142221570014953613e-01
2.463766634464263916e-01
1.512279659509658813e-01
7.994136214256286621e-02
2.640444338321685791e-01
1.529528200626373291e-01
1.793071329593658447e-01
2.801362276077270508e-01
1.614893078804016113e-01
2.657896876335144043e-01
1.939125955104827881e-01
1.446153372526168823e-01
1.862445473670959473e-01
2.634897232055664062e-01
1.647430658340454102e-01
2.400757521390914917e-01
1.388615071773529053e-01
8.973802626132965088e-02
5.328572988510131836e-01
1.147992238402366638e-01
8.743097633123397827e-02
3.745178282260894775e-01
2.241895496845245361e-01
1.077061668038368225e-01
2.856346964836120605e-01
1.649907529354095459e-01
2.120765447616577148e-01
1.550063341856002808e-01
2.077461779117584229e-01
4.408559501171112061e-01
3.010292649269104004e-01
1.275938451290130615e-01
3.577026426792144775e-01
5.413004755973815918e-02
1.351054757833480835e-01
2.839196920394897461e-01
4.110907912254333496e-01
8.983730524778366089e-02
9.579135477542877197e-02
9.876428544521331787e-02
2.992211580276489258e-01
4.420893639326095581e-02
1.245715022087097168e-01
1.346702873706817627e-01
2.433938980102539062e-01
1.721252501010894775e-01
8.085170388221740723e-02
1.251598745584487915e-01
2.472063302993774414e-01
8.674706518650054932e-02
2.287099063396453857e-01
4.023374319076538086e-01
4.669150412082672119e-01
3.295937180519104004e-01
3.157618343830108643e-01
2.053280025720596313e-01
5.545523762702941895e-01
3.874736726284027100e-01
3.923840075731277466e-02
2.312570214271545410e-01
2.736889719963073730e-01
1.560499072074890137e-01
2.581870555877685547e-01
2.165180742740631104e-01
2.202220857143402100e-01
2.113299071788787842e-01
1.089128553867340088e-01
1.566055715084075928e-01
2.014051675796508789e-01
2.832689881324768066e-01
2.870614528656005859e-01
2.392991185188293457e-01
2.609417438507080078e-01
2.663692235946655273e-01
2.935550212860107422e-01
1.626472473144531250e-01
1.977115571498870850e-01
1.684192717075347900e-01
2.269109487533569336e-01
6.164412572979927063e-02
1.271837800741195679e-01
9.542762488126754761e-02
2.521988749504089355e-01
4.564138650894165039e-01
5.830457806587219238e-02
5.339254736900329590e-01
3.533912003040313721e-01
1.318950057029724121e-01
1.383156329393386841e-01
1.702078282833099365e-01
1.579212397336959839e-01
6.694760918617248535e-02
3.702872097492218018e-01
2.621650695800781250e-01
1.536225378513336182e-01
1.896776854991912842e-01
2.480673640966415405e-01
1.505055278539657593e-01
4.383506178855895996e-01
2.619395852088928223e-01
2.157315015792846680e-01
2.704851627349853516e-01
3.775225877761840820e-01
3.850456476211547852e-01
2.548383474349975586e-01
4.798711538314819336e-01
1.995693147182464600e-01
1.787672638893127441e-01
4.991657137870788574e-01
4.270999431610107422e-01
1.679581403732299805e-01
4.886357188224792480e-01
1.192983090877532959e-01
1.835776865482330322e-01
1.307112276554107666e-01
2.661640346050262451e-01
3.707264661788940430e-01
1.708163619041442871e-01
1.659101396799087524e-01
3.626916110515594482e-01
3.204710185527801514e-01
2.740151882171630859e-01
1.435587257146835327e-01
3.110163807868957520e-01
4.191337227821350098e-01
1.682286709547042847e-01
2.381492108106613159e-01
3.290621042251586914e-01
2.031074613332748413e-01
2.055941522121429443e-01
1.802878379821777344e-01
2.152591645717620850e-01
2.376034706830978394e-01
3.151451647281646729e-01
2.880630493164062500e-01
3.874186575412750244e-01
2.084773033857345581e-01
2.202326059341430664e-01
2.563931345939636230e-01
1.777787208557128906e-01
1.783188730478286743e-01
2.584766447544097900e-01
1.702094823122024536e-01
1.532406508922576904e-01
2.719085216522216797e-01
2.534933388233184814e-01
4.114020466804504395e-01
1.019606068730354309e-01
2.993965744972229004e-01
2.719015479087829590e-01
2.501705586910247803e-01
2.018658518791198730e-01
2.362636774778366089e-01
1.168306469917297363e-01
2.740225195884704590e-01
2.266744077205657959e-01
1.115603595972061157e-01
7.488305121660232544e-02
2.747156023979187012e-01
1.766070425510406494e-01
