3.477447032928466797e-01
1.509991437196731567e-01
1.264316290616989136e-01
2.526764273643493652e-01
1.289290487766265869e-01
1.712504625320434570e-01
2.442003488540649414e-01
3.117408752441406250e-01
3.563595116138458252e-01
1.698560416698455811e-01
2.250958234071731567e-01
1.955209672451019287e-01
2.399056255817413330e-01
2.597710490226745605e-01
1.964075565338134766e-01
1.709192246198654175e-01
5.446445196866989136e-02
1.122328639030456543e-01
2.648016214370727539e-01
1.496890932321548462e-01
1.426693797111511230e-01
2.343101799488067627e-01
3.316308557987213135e-01
2.071634531021118164e-01
1.990903764963150024e-01
2.367341518402099609e-01
2.055385559797286987e-01
1.418255418539047241e-01
2.110297977924346924e-01
1.079665422439575195e-01
2.213250100612640381e-01
2.389285266399383545e-01
2.520080208778381348e-01
1.285342574119567871e-01
2.417984753847122192e-01
2.374245524406433105e-01
9.551514685153961182e-02
1.722123026847839355e-01
7.274200022220611572e-02
1.482668817043304443e-01
1.303078532218933105e-01
8.727467060089111328e-02
8.576978743076324463e-02
2.378509938716888428e-01
4.698435217142105103e-02
2.591478824615478516e-01
3.358082771301269531e-01
2.076473236083984375e-01
4.076648056507110596e-01
3.249328732490539551e-01
2.489846348762512207e-01
2.187484055757522583e-01
2.001065015792846680e-01
6.352769583463668823e-02
5.306897684931755066e-02
1.275429725646972656e-01
2.107506990432739258e-01
3.307716548442840576e-02
1.978365480899810791e-01
1.754668205976486206e-01
3.298807144165039062e-01
9.494689851999282837e-02
1.634766161441802979e-01
2.573832869529724121e-01
2.308940738439559937e-01
1.999038606882095337e-01
1.927568316459655762e-01
6.626053899526596069e-02
1.252445578575134277e-01
4.553304985165596008e-02
1.794860959053039551e-01
2.960823476314544678e-01
1.153326034545898438e-01
2.525901794433593750e-01
1.364020407199859619e-01
1.857806444168090820e-01
7.001508772373199463e-02
1.199367195367813110e-01
1.387564241886138916e-01
1.736304163932800293e-01
2.886665761470794678e-01
6.977403163909912109e-02
8.145833015441894531e-02
7.628840208053588867e-02
1.595423668622970581e-01
1.878924667835235596e-01
3.560342788696289062e-01
6.331282854080200195e-01
6.164951995015144348e-02
2.713301777839660645e-02
4.752540960907936096e-02
4.808361083269119263e-02
5.670205131173133850e-02
4.987457394599914551e-01
1.317902952432632446e-01
1.953701972961425781e-01
2.671968638896942139e-01
2.109279930591583252e-01
1.085057556629180908e-01
9.409154951572418213e-02
4.187127202749252319e-02
1.454038769006729126e-01
2.669133543968200684e-01
1.014559119939804077e-01
1.570027023553848267e-01
1.694249808788299561e-01
2.550494074821472168e-01
1.556062400341033936e-01
1.778609603643417358e-01
1.347385197877883911e-01
1.447862982749938965e-01
1.294433623552322388e-01
2.496801167726516724e-01
1.552571654319763184e-01
2.418900132179260254e-01
1.626670658588409424e-01
1.871915459632873535e-01
9.556288272142410278e-02
2.038587480783462524e-01
7.206609845161437988e-02
7.418309152126312256e-02
9.412272274494171143e-02
6.487859040498733521e-02
1.302982717752456665e-01
1.730360686779022217e-01
2.296619713306427002e-01
3.298722803592681885e-01
5.406535267829895020e-01
1.276873648166656494e-01
1.286074221134185791e-01
7.320122420787811279e-02
6.080664694309234619e-02
1.230795457959175110e-01
2.114346772432327271e-01
1.992987394332885742e-01
3.511670529842376709e-01
4.192705452442169189e-02
8.884833753108978271e-02
1.898692101240158081e-01
6.944745033979415894e-02
2.624055445194244385e-01
1.476837545633316040e-01
1.582689434289932251e-01
2.466425448656082153e-01
4.379633069038391113e-02
1.211321130394935608e-01
2.773476839065551758e-01
5.444879084825515747e-02
2.009530961513519287e-01
2.408358901739120483e-01
2.838783860206604004e-01
2.531380057334899902e-01
5.143405869603157043e-02
2.283299863338470459e-01
4.255932569503784180e-02
5.745254456996917725e-02
1.500877290964126587e-01
1.483165770769119263e-01
1.194105222821235657e-01
1.131442338228225708e-01
1.953355073928833008e-01
1.676823496818542480e-01
1.804881393909454346e-01
1.135821864008903503e-01
2.180342078208923340e-01
7.207231223583221436e-02
8.007767051458358765e-02
1.626030206680297852e-01
6.275661289691925049e-02
1.144789606332778931e-01
1.423975527286529541e-01
4.300168156623840332e-02
1.695969104766845703e-01
1.089248508214950562e-01
1.399004161357879639e-01
5.091244727373123169e-02
4.707378149032592773e-02
3.602308630943298340e-01
1.015165820717811584e-01
1.063227653503417969e-01
9.953349828720092773e-02
2.975126542150974274e-02
4.104874730110168457e-01
1.274830549955368042e-01
8.889214694499969482e-02
1.394712626934051514e-01
9.926674515008926392e-02
2.308750003576278687e-01
1.933821588754653931e-01
1.053290516138076782e-01
1.743088364601135254e-01
2.553642392158508301e-01
3.630213141441345215e-01
2.788414359092712402e-01
1.323796808719635010e-01
2.240634113550186157e-01
6.913383305072784424e-02
2.385500371456146240e-01
7.410523295402526855e-02
3.042973764240741730e-02
2.431624941527843475e-02
8.823016285896301270e-02
1.878769844770431519e-01
8.160675317049026489e-02
1.646708101034164429e-01
3.130541443824768066e-01
4.447703436017036438e-02
2.920755743980407715e-01
2.378922551870346069e-01
8.264429122209548950e-02
3.779107928276062012e-01
3.555091917514801025e-01
8.338795602321624756e-02
1.294572651386260986e-01
1.065067276358604431e-01
1.285126209259033203e-01
2.138512730598449707e-01
4.636697471141815186e-02
1.506407856941223145e-01
1.804312020540237427e-01
3.901971578598022461e-01
1.073845326900482178e-01
2.101377248764038086e-01
1.472221910953521729e-01
8.660077303647994995e-02
1.745088100433349609e-01
1.817525178194046021e-01
1.154404208064079285e-01
2.116592824459075928e-01
2.038773149251937866e-01
4.283050075173377991e-02
1.949023604393005371e-01
2.201371937990188599e-01
3.957489877939224243e-02
9.297710657119750977e-02
5.117093399167060852e-02
2.138611674308776855e-01
3.746536970138549805e-01
2.145315259695053101e-01
1.169912964105606079e-01
1.852380633354187012e-01
5.685269087553024292e-02
3.333041071891784668e-01
1.058569625020027161e-01
7.420042157173156738e-02
9.254520386457443237e-02
5.347872525453567505e-02
8.320048451423645020e-02
4.100250601768493652e-01
2.210919559001922607e-01
3.332754224538803101e-02
8.462402224540710449e-02
8.142068982124328613e-02
2.326045632362365723e-01
1.751461327075958252e-01
4.701127484440803528e-02
1.252901256084442139e-01
1.372358500957489014e-01
2.191868275403976440e-01
1.117445528507232666e-01
2.093895226716995239e-01
2.311455011367797852e-01
1.198948174715042114e-01
6.717294454574584961e-02
1.122403144836425781e-01
1.070486009120941162e-01
2.856455743312835693e-01
1.924402117729187012e-01
5.157677084207534790e-02
1.138428300619125366e-01
1.273359805345535278e-01
6.237192451953887939e-02
3.676137700676918030e-02
2.912954390048980713e-01
1.054745614528656006e-01
9.306536614894866943e-02
5.646371841430664062e-02
3.161126375198364258e-01
2.667140662670135498e-01
7.820059359073638916e-02
5.484750270843505859e-01
6.385308504104614258e-02
1.021742299199104309e-01
1.574465632438659668e-01
2.589606344699859619e-01
2.391079366207122803e-01
4.341838136315345764e-02
3.396192938089370728e-02
1.313730478286743164e-01
2.221792489290237427e-01
6.099770218133926392e-02
1.945659965276718140e-01
6.290422379970550537e-02
1.031483337283134460e-01
6.020110100507736206e-02
1.757129132747650146e-01
1.486285030841827393e-01
3.428725898265838623e-02
1.564297229051589966e-01
2.996396422386169434e-01
1.578565835952758789e-01
2.929030358791351318e-01
3.864184394478797913e-02
1.633705049753189087e-01
1.107972413301467896e-01
3.457037806510925293e-01
6.339888274669647217e-02
1.918747276067733765e-01
1.586693823337554932e-01
1.744474768638610840e-01
5.669470131397247314e-02
2.020788490772247314e-01
2.996553182601928711e-01
1.415416002273559570e-01
6.057490780949592590e-02
6.830847263336181641e-02
2.718346714973449707e-01
1.680288463830947876e-01
1.143488883972167969e-01
1.487612575292587280e-01
6.296738237142562866e-02
1.396858990192413330e-01
1.056069210171699524e-01
1.014370620250701904e-01
2.366807162761688232e-01
3.521196246147155762e-01
2.756893448531627655e-02
2.032831013202667236e-01
1.350845769047737122e-02
6.953861564397811890e-02
2.584249377250671387e-01
2.737182974815368652e-01
1.125160083174705505e-01
1.324053108692169189e-01
2.317259162664413452e-01
7.994924485683441162e-02
2.442181706428527832e-01
3.307674080133438110e-02
8.969854563474655151e-02
1.367022395133972168e-01
2.965012937784194946e-02
1.707680225372314453e-01
2.353030145168304443e-01
1.240607127547264099e-01
2.034905999898910522e-01
1.788159012794494629e-01
7.100547850131988525e-02
1.823842078447341919e-01
2.961570322513580322e-01
7.950962334871292114e-02
7.343083620071411133e-02
9.919586777687072754e-02
1.486351191997528076e-01
6.098651140928268433e-02
2.630496919155120850e-01
7.142943143844604492e-02
1.586583256721496582e-01
1.471003592014312744e-01
2.861236333847045898e-01
2.094321846961975098e-01
2.372132390737533569e-01
1.444929540157318115e-01
1.890358477830886841e-01
1.416543722152709961e-01
1.696767807006835938e-01
1.764439493417739868e-01
7.602741569280624390e-02
2.700313627719879150e-01
2.644822597503662109e-01
9.251399338245391846e-02
3.036804795265197754e-01
1.664368361234664917e-01
1.028299182653427124e-01
2.361322641372680664e-01
3.306022286415100098e-01
3.551952242851257324e-01
3.918302655220031738e-01
2.339953184127807617e-01
9.995938837528228760e-02
7.613073289394378662e-02
3.046143651008605957e-01
6.662350893020629883e-02
1.047619432210922241e-01
5.379407480359077454e-02
2.437018454074859619e-01
1.754277795553207397e-01
1.011963188648223877e-01
5.925440043210983276e-02
2.225602865219116211e-01
2.233002036809921265e-01
1.250761896371841431e-01
3.033130466938018799e-01
1.327356994152069092e-01
3.833066225051879883e-01
1.052230820059776306e-01
6.151327490806579590e-02
5.561812222003936768e-02
2.933412194252014160e-01
1.470487713813781738e-01
1.822990924119949341e-01
1.724336147308349609e-01
1.384108662605285645e-01
2.879126071929931641e-01
4.337894171476364136e-02
1.063533127307891846e-01
8.570592850446701050e-02
6.671717762947082520e-02
4.355990886688232422e-02
4.548953101038932800e-02
4.633592814207077026e-02
1.640529632568359375e-01
6.868854165077209473e-02
1.400943696498870850e-01
6.837538629770278931e-02
1.079033091664314270e-01
3.494536131620407104e-02
7.975984364748001099e-02
3.502916693687438965e-01
2.198497951030731201e-01
8.685361593961715698e-02
1.379564702510833740e-01
4.430698603391647339e-02
9.889296442270278931e-02
2.744781076908111572e-01
1.846967935562133789e-01
1.188359782099723816e-01
2.359192967414855957e-01
3.495419919490814209e-01
2.383899092674255371e-01
1.357429474592208862e-01
2.460953593254089355e-02
5.139453709125518799e-02
1.098538488149642944e-01
1.471973061561584473e-01
6.105108559131622314e-02
1.008448153734207153e-01
9.755113720893859863e-02
9.049405157566070557e-02
1.582952588796615601e-01
3.604057729244232178e-01
2.311722189188003540e-02
8.190996199846267700e-02
4.313147068023681641e-01
2.245986461639404297e-01
5.524540320038795471e-02
2.703342139720916748e-01
1.549749970436096191e-01
2.677656710147857666e-01
5.866151303052902222e-02
4.139908552169799805e-01
2.988959848880767822e-01
1.039147526025772095e-01
1.448315978050231934e-01
5.281875282526016235e-02
2.067249715328216553e-01
1.040480956435203552e-01
1.541258841753005981e-01
8.858843147754669189e-02
1.377798616886138916e-01
2.105479240417480469e-01
8.089540898799896240e-02
1.514241844415664673e-01
3.929893970489501953e-01
9.714944660663604736e-02
2.122411429882049561e-01
2.580523192882537842e-01
1.189795807003974915e-01
1.776983141899108887e-01
5.764443799853324890e-02
2.421036064624786377e-01
3.295468911528587341e-02
1.219328939914703369e-01
1.787189245223999023e-01
6.705623865127563477e-02
2.673624455928802490e-01
2.113810181617736816e-01
2.061600983142852783e-01
7.681441307067871094e-02
4.281501099467277527e-02
1.853726059198379517e-01
2.147633135318756104e-01
2.801823019981384277e-01
9.568941593170166016e-02
3.460035473108291626e-02
2.777105867862701416e-01
1.420357823371887207e-01
3.236669600009918213e-01
2.592279016971588135e-01
9.254185110330581665e-02
2.357783615589141846e-01
8.941903710365295410e-02
2.342974245548248291e-01
3.486226201057434082e-01
1.919246613979339600e-01
2.352884411811828613e-01
1.670457720756530762e-01
2.212623059749603271e-01
1.187053620815277100e-01
1.463330388069152832e-01
2.380562722682952881e-01
1.725508570671081543e-01
9.537445008754730225e-02
1.299885511398315430e-01
4.332557320594787598e-01
8.747790753841400146e-02
2.737465202808380127e-01
4.246085286140441895e-01
2.115272730588912964e-01
2.445095926523208618e-01
2.701228857040405273e-01
1.374109834432601929e-01
6.617489457130432129e-02
2.641549408435821533e-01
4.664787650108337402e-02
1.044783070683479309e-01
1.007111296057701111e-01
2.898499965667724609e-01
3.080755770206451416e-01
4.453096687793731689e-01
1.490681767463684082e-01
1.812082827091217041e-01
1.101371422410011292e-01
9.334973990917205811e-02
1.087405383586883545e-01
2.383322268724441528e-01
1.897540688514709473e-01
2.080597579479217529e-01
1.306338161230087280e-01
1.031942516565322876e-01
4.585728794336318970e-02
1.682325601577758789e-01
9.467294812202453613e-02
1.507858633995056152e-01
1.493651419878005981e-01
1.100790798664093018e-01
2.951155602931976318e-01
5.000523477792739868e-02
4.030001163482666016e-02
3.614026904106140137e-01
1.138568073511123657e-01
1.385435312986373901e-01
1.960249394178390503e-01
2.049948573112487793e-01
3.171834051609039307e-01
3.687036633491516113e-01
2.914899289608001709e-01
1.949198693037033081e-01
1.102742105722427368e-01
2.741497755050659180e-01
1.594848036766052246e-01
1.377817690372467041e-01
9.952971339225769043e-02
4.292087554931640625e-01
3.252106606960296631e-01
9.748288244009017944e-02
3.217419683933258057e-01
1.898593306541442871e-01
6.251667439937591553e-02
5.779162049293518066e-02
2.472537755966186523e-01
1.510979980230331421e-01
3.204083144664764404e-01
2.068234831094741821e-01
2.966818809509277344e-01
1.177410781383514404e-01
2.770901620388031006e-01
4.538209736347198486e-02
1.157904565334320068e-01
4.147697985172271729e-02
1.315193474292755127e-01
9.003475308418273926e-02
1.883976012468338013e-01
8.910380303859710693e-02
1.027335077524185181e-01
4.650188982486724854e-02
1.238063424825668335e-01
1.909804642200469971e-01
1.564834713935852051e-01
5.865116417407989502e-02
7.005100697278976440e-02
5.475752800703048706e-02
7.006123661994934082e-02
1.936625838279724121e-01
4.140047729015350342e-01
1.252060383558273315e-01
1.581402570009231567e-01
2.749670743942260742e-01
1.544344425201416016e-01
4.646726697683334351e-02
1.696321219205856323e-01
1.966088414192199707e-01
6.786589324474334717e-02
8.453600108623504639e-02
2.038736045360565186e-01
2.767395675182342529e-01
1.452940255403518677e-01
8.714995533227920532e-02
2.579270303249359131e-01
1.755008995532989502e-01
7.297355681657791138e-02
4.829643666744232178e-02
2.949363589286804199e-01
2.738365828990936279e-01
3.060873746871948242e-01
5.376749858260154724e-02
1.141004264354705811e-01
1.969906091690063477e-01
1.414781510829925537e-01
4.324783384799957275e-02
1.324117481708526611e-01
1.066143363714218140e-01
1.401627361774444580e-01
1.251459866762161255e-01
1.393804401159286499e-01
2.969951629638671875e-01
1.704193651676177979e-01
1.621877849102020264e-01
1.724553108215332031e-01
1.864998489618301392e-01
1.500550657510757446e-01
3.055007159709930420e-01
5.029702559113502502e-02
1.501148343086242676e-01
8.643521368503570557e-02
1.374563276767730713e-01
1.464329659938812256e-01
7.871699333190917969e-02
1.053826287388801575e-01
1.132674962282180786e-01
1.050311326980590820e-01
1.667950749397277832e-01
2.242558002471923828e-01
1.819912642240524292e-01
2.598400413990020752e-01
1.268320083618164062e-01
9.421289712190628052e-02
1.566402912139892578e-01
3.569119423627853394e-02
2.540889978408813477e-01
2.015416920185089111e-01
5.817889422178268433e-02
2.234711349010467529e-01
3.373084962368011475e-01
1.431318372488021851e-01
1.132669374346733093e-01
8.346197009086608887e-02
6.136118993163108826e-02
6.105311214923858643e-02
1.513774394989013672e-01
1.393612325191497803e-01
1.466836035251617432e-01
2.019351124763488770e-01
9.343898296356201172e-02
1.464149355888366699e-01
4.737014696002006531e-02
1.920421421527862549e-01
8.081374317407608032e-02
1.700631976127624512e-01
1.332372128963470459e-01
5.702670663595199585e-02
1.010795533657073975e-01
5.170715600252151489e-02
1.407092213630676270e-01
2.452073395252227783e-01
2.892215251922607422e-01
7.373411953449249268e-02
7.052052021026611328e-01
7.573200464248657227e-01
2.349289208650588989e-01
2.290187329053878784e-01
2.904689610004425049e-01
2.057261765003204346e-01
9.225542843341827393e-02
2.117855548858642578e-01
1.997912377119064331e-01
1.956876963376998901e-01
5.568921938538551331e-02
7.921715080738067627e-02
6.760508567094802856e-02
3.304026722908020020e-01
2.700369656085968018e-01
2.307556271553039551e-01
1.175078302621841431e-01
6.481517851352691650e-02
1.261132657527923584e-01
1.183719858527183533e-01
3.165159225463867188e-01
2.473742365837097168e-01
1.874185353517532349e-01
1.535312831401824951e-01
1.500616669654846191e-01
1.506825834512710571e-01
4.355474188923835754e-02
2.472995519638061523e-01
2.558622062206268311e-01
1.448739171028137207e-01
3.815623000264167786e-02
4.144716858863830566e-01
2.553556561470031738e-01
4.840014874935150146e-02
1.670137643814086914e-01
1.123088598251342773e-01
4.554327130317687988e-01
1.134619265794754028e-01
1.803044825792312622e-01
1.051197424530982971e-01
1.500549763441085815e-01
1.359857767820358276e-01
1.344826668500900269e-01
2.028125524520874023e-01
7.794346660375595093e-02
2.623963654041290283e-01
2.616056203842163086e-01
2.388692200183868408e-01
5.977477878332138062e-02
1.423551440238952637e-01
1.448006927967071533e-01
4.501634538173675537e-01
4.445405602455139160e-01
1.043351665139198303e-01
2.070147097110748291e-01
1.042132452130317688e-01
1.993647962808609009e-01
2.603874504566192627e-01
8.400411903858184814e-02
2.659831643104553223e-01
1.269601434469223022e-01
1.557146310806274414e-01
4.135928153991699219e-01
1.615203469991683960e-01
1.874138414859771729e-01
5.053138732910156250e-01
2.489184141159057617e-01
2.549568414688110352e-01
9.748499095439910889e-02
9.070932120084762573e-02
2.468535304069519043e-01
1.386643797159194946e-01
7.907797396183013916e-02
1.218375489115715027e-01
3.454389572143554688e-01
1.166932806372642517e-01
1.278775036334991455e-01
5.651399493217468262e-02
2.737467885017395020e-01
8.276569098234176636e-02
1.605948805809020996e-01
9.488575160503387451e-02
2.125925421714782715e-01
1.062827929854393005e-01
7.432229816913604736e-02
1.843846291303634644e-01
3.292492330074310303e-01
1.018929332494735718e-01
2.132089734077453613e-01
1.238095387816429138e-01
3.345685601234436035e-01
7.744150608777999878e-02
1.087101921439170837e-01
1.533104181289672852e-01
1.321099102497100830e-01
3.387794196605682373e-01
2.262576222419738770e-01
3.392916917800903320e-01
2.954947352409362793e-01
1.653587371110916138e-01
2.676272690296173096e-01
2.110517621040344238e-01
1.459464132785797119e-01
7.737796008586883545e-02
1.397104710340499878e-01
2.865334749221801758e-01
6.793899834156036377e-02
1.138094291090965271e-01
2.296140193939208984e-01
1.447074115276336670e-01
1.128809601068496704e-01
1.409559845924377441e-01
1.439758241176605225e-01
1.792538464069366455e-01
5.026965141296386719e-01
3.126595914363861084e-01
2.259414494037628174e-01
1.785701811313629150e-01
3.509851396083831787e-01
1.355101764202117920e-01
1.324756294488906860e-01
1.554443091154098511e-01
7.186892628669738770e-02
9.195576608180999756e-02
5.782210081815719604e-02
5.037506669759750366e-02
1.855908334255218506e-01
2.058760672807693481e-01
1.171868294477462769e-01
1.839399784803390503e-01
2.991874516010284424e-01
9.359691292047500610e-02
1.797085404396057129e-01
6.219001114368438721e-02
6.745178997516632080e-02
1.201011463999748230e-01
1.956821084022521973e-01
4.943522512912750244e-01
2.155074179172515869e-01
2.163849174976348877e-01
7.824365049600601196e-02
1.344605833292007446e-01
1.652715802192687988e-01
5.375146493315696716e-02
1.378596574068069458e-01
8.873380720615386963e-02
5.977821350097656250e-02
2.338320016860961914e-01
1.374376863241195679e-01
3.361360728740692139e-01
1.980496942996978760e-01
1.486420631408691406e-01
1.617873013019561768e-01
1.743795573711395264e-01
2.339257001876831055e-01
1.217976212501525879e-01
3.312579095363616943e-01
3.159692883491516113e-01
4.566155374050140381e-02
2.380382865667343140e-01
3.034685179591178894e-02
8.300723135471343994e-02
7.033397257328033447e-02
4.788793623447418213e-02
2.685369849205017090e-01
7.902132719755172729e-02
1.151978746056556702e-01
1.755632162094116211e-01
2.042801827192306519e-01
1.681093722581863403e-01
2.154983133077621460e-01
2.295041233301162720e-01
2.272209823131561279e-01
3.381926417350769043e-01
6.217480450868606567e-02
2.791012823581695557e-02
1.472194641828536987e-01
2.195507586002349854e-01
1.756370961666107178e-01
2.072037309408187866e-01
1.210747286677360535e-01
1.374995112419128418e-01
2.499520629644393921e-01
4.120643436908721924e-01
1.513187289237976074e-01
1.022154018282890320e-01
4.508257284760475159e-02
1.083723604679107666e-01
2.287209779024124146e-01
7.833135128021240234e-02
1.726899147033691406e-01
1.063355579972267151e-01
1.016245037317276001e-01
2.542878389358520508e-01
3.371972590684890747e-02
1.925840526819229126e-01
1.251918375492095947e-01
4.355122447013854980e-01
2.400108724832534790e-01
2.289079129695892334e-01
9.067881107330322266e-02
6.870454549789428711e-02
3.515025675296783447e-01
1.726061850786209106e-01
1.050837635993957520e-01
7.271014153957366943e-02
8.434681594371795654e-02
1.937905102968215942e-01
7.656902074813842773e-02
3.667771443724632263e-02
9.930486977100372314e-02
2.797491550445556641e-01
2.783588469028472900e-01
2.804594933986663818e-01
5.594524368643760681e-02
2.100775837898254395e-01
1.033341363072395325e-01
1.679458022117614746e-01
3.782725334167480469e-01
3.603130280971527100e-01
1.738757193088531494e-01
4.792454838752746582e-02
1.043235063552856445e-01
1.459257006645202637e-01
2.288001924753189087e-01
1.154481768608093262e-01
3.609269484877586365e-02
1.000532358884811401e-01
1.263349652290344238e-01
2.465506494045257568e-01
2.007426917552947998e-01
8.757610619068145752e-02
1.372022330760955811e-01
9.765592217445373535e-02
7.969696074724197388e-02
6.813243776559829712e-02
3.735194355249404907e-02
1.244641765952110291e-01
4.047762155532836914e-01
1.196221336722373962e-01
1.631174981594085693e-01
2.472644448280334473e-01
1.199773177504539490e-01
2.326480150222778320e-01
2.111929655075073242e-01
1.745126247406005859e-01
2.405250817537307739e-01
8.513066917657852173e-02
1.071217805147171021e-01
2.949258387088775635e-01
3.080892860889434814e-01
3.538983762264251709e-01
1.195166260004043579e-01
1.847384124994277954e-01
1.391155123710632324e-01
4.075015336275100708e-02
2.871652841567993164e-01
1.125150024890899658e-01
2.269455790519714355e-01
1.000494360923767090e-01
2.182381898164749146e-01
1.234835982322692871e-01
8.444529771804809570e-02
3.311956226825714111e-01
3.215089812874794006e-02
2.530251741409301758e-01
1.557106673717498779e-01
9.980623424053192139e-02
9.675222635269165039e-02
1.669320613145828247e-01
5.656103044748306274e-02
5.855587869882583618e-02
1.898142695426940918e-01
9.682582318782806396e-02
1.259425282478332520e-01
2.096476256847381592e-01
1.930038034915924072e-01
3.314358592033386230e-01
6.535187363624572754e-02
3.078683018684387207e-01
2.277051508426666260e-01
1.064199507236480713e-01
1.397798061370849609e-01
1.889513581991195679e-01
1.418869048357009888e-01
2.732967138290405273e-01
7.225839793682098389e-02
1.337646245956420898e-01
1.521662473678588867e-01
1.591617166996002197e-01
6.980483233928680420e-02
6.257906556129455566e-02
1.732935607433319092e-01
1.993340253829956055e-01
3.849717080593109131e-01
2.595633640885353088e-02
2.374924570322036743e-01
1.832623630762100220e-01
2.719013094902038574e-01
1.255356073379516602e-01
4.795561432838439941e-01
1.864313930273056030e-01
1.653700768947601318e-01
9.936831146478652954e-02
3.818318247795104980e-01
1.276319921016693115e-01
1.921730637550354004e-01
7.712857425212860107e-02
1.501808464527130127e-01
1.641699224710464478e-01
2.245082259178161621e-01
9.416227042675018311e-02
2.562850713729858398e-01
1.113134324550628662e-01
1.035619974136352539e-01
7.129374891519546509e-02
2.673741281032562256e-01
2.676838636398315430e-01
2.053086608648300171e-01
1.990872621536254883e-01
2.173975110054016113e-01
3.351929783821105957e-01
1.316794902086257935e-01
8.971118181943893433e-02
2.279417067766189575e-01
5.513093620538711548e-02
1.151265501976013184e-01
4.383942112326622009e-02
3.715994209051132202e-02
3.702508509159088135e-01
2.593975067138671875e-01
1.555917710065841675e-01
7.335343956947326660e-02
1.618501394987106323e-01
2.475293576717376709e-01
1.478171497583389282e-01
1.819316446781158447e-01
3.286410272121429443e-01
3.432297706604003906e-01
3.730549216270446777e-01
2.047414183616638184e-01
1.117317005991935730e-01
2.481751739978790283e-01
1.077789217233657837e-01
1.712990403175354004e-01
1.791387498378753662e-01
3.093118667602539062e-01
1.489237248897552490e-01
2.234401404857635498e-01
2.870969474315643311e-01
7.617786526679992676e-02
6.331014633178710938e-02
1.040684133768081665e-01
3.260180354118347168e-02
2.442699074745178223e-01
1.781371980905532837e-01
2.283064275979995728e-01
1.408378630876541138e-01
2.310163229703903198e-01
1.692787855863571167e-01
4.389497041702270508e-01
3.951138257980346680e-02
1.833156198263168335e-01
7.483667135238647461e-02
1.376718878746032715e-01
1.619963198900222778e-01
7.406180500984191895e-01
1.585777401924133301e-01
2.899087667465209961e-01
3.074626326560974121e-01
3.020391464233398438e-01
1.012794971466064453e-01
1.173969283699989319e-01
1.478179693222045898e-01
2.294439375400543213e-01
3.753223270177841187e-02
4.899800941348075867e-02
3.404656425118446350e-02
3.106817007064819336e-01
1.564008593559265137e-01
1.074123904109001160e-01
9.024269878864288330e-02
9.181735664606094360e-02
2.460728436708450317e-01
5.883635208010673523e-02
8.221139758825302124e-02
2.574849128723144531e-01
2.491857409477233887e-01
5.019676685333251953e-02
2.695745527744293213e-01
3.697034716606140137e-02
1.605858504772186279e-01
2.660221457481384277e-01
1.314424425363540649e-01
1.629340648651123047e-01
4.028098881244659424e-01
1.814479231834411621e-01
1.331081688404083252e-01
1.147370412945747375e-01
1.948699653148651123e-01
1.384024173021316528e-01
1.788234412670135498e-01
1.156038120388984680e-01
1.060971096158027649e-01
5.322124361991882324e-01
1.339843124151229858e-01
1.751592010259628296e-01
2.848728001117706299e-01
1.621296107769012451e-01
5.375131219625473022e-02
1.126273423433303833e-01
1.804683059453964233e-01
1.099993586540222168e-01
1.943265795707702637e-01
4.180044308304786682e-02
9.633914381265640259e-02
1.323934793472290039e-01
5.153070390224456787e-02
2.319235354661941528e-01
1.271480917930603027e-01
6.521179527044296265e-02
1.208622455596923828e-01
2.299078404903411865e-01
3.210191726684570312e-01
7.170821726322174072e-02
2.019731104373931885e-01
4.319841861724853516e-01
1.454173624515533447e-01
1.374367624521255493e-01
1.334307789802551270e-01
2.178533971309661865e-01
8.857472985982894897e-02
1.680394560098648071e-01
5.764880776405334473e-02
2.135238796472549438e-02
1.944831907749176025e-01
8.091558516025543213e-02
5.978912115097045898e-02
6.747737526893615723e-02
1.324734091758728027e-01
2.443438172340393066e-01
8.025658130645751953e-02
1.089639812707901001e-01
4.504171758890151978e-02
1.597023010253906250e-01
2.591025233268737793e-01
1.167995780706405640e-01
6.131776794791221619e-02
1.080531775951385498e-01
2.209304273128509521e-01
4.612689837813377380e-02
1.209372952580451965e-01
1.261977851390838623e-01
7.179993391036987305e-02
1.336812376976013184e-01
4.255971312522888184e-01
1.034638360142707825e-01
1.381737887859344482e-01
1.428751945495605469e-01
1.426918506622314453e-01
2.855561487376689911e-02
1.990969777107238770e-01
2.964011430740356445e-01
3.573567420244216919e-02
2.511752843856811523e-01
6.852462887763977051e-02
1.289042364805936813e-02
1.204532235860824585e-01
2.540774941444396973e-01
2.754814922809600830e-01
8.644101023674011230e-02
1.552930176258087158e-01
2.843769788742065430e-01
1.618695706129074097e-01
8.040950447320938110e-02
1.800334453582763672e-01
5.922225117683410645e-02
2.130468487739562988e-01
2.232944369316101074e-01
2.610453665256500244e-01
1.321961879730224609e-01
1.111196726560592651e-01
3.740904331207275391e-01
6.304051727056503296e-02
7.296605408191680908e-02
5.246070399880409241e-02
1.614851951599121094e-01
2.556233480572700500e-02
3.422680795192718506e-01
1.515980958938598633e-01
2.240441739559173584e-01
2.013247609138488770e-01
1.012974455952644348e-01
1.913230717182159424e-01
2.325135022401809692e-01
1.678781509399414062e-01
8.970485627651214600e-02
4.480828046798706055e-01
1.127997785806655884e-01
3.831490874290466309e-02
7.602629065513610840e-02
2.750587761402130127e-01
1.908257901668548584e-01
1.215846240520477295e-01
7.352239638566970825e-02
2.051534652709960938e-01
1.442496627569198608e-01
1.883039921522140503e-01
2.252317219972610474e-01
2.014512121677398682e-01
5.146025121212005615e-02
1.871016621589660645e-01
1.039909049868583679e-01
4.740169271826744080e-02
1.082496345043182373e-01
3.855648636817932129e-02
4.335451871156692505e-02
1.623090207576751709e-01
5.149368941783905029e-02
2.983104065060615540e-02
3.091637492179870605e-01
1.839360445737838745e-01
2.987962961196899414e-02
1.259676665067672729e-01
2.508208453655242920e-01
5.640552565455436707e-02
1.142389625310897827e-01
8.669632673263549805e-02
2.234953045845031738e-01
4.414632543921470642e-02
1.922928988933563232e-01
1.728331148624420166e-01
7.914291322231292725e-02
2.310238629579544067e-01
1.472509503364562988e-01
1.369656771421432495e-01
2.708347141742706299e-01
1.972527503967285156e-01
1.486988812685012817e-01
3.011197745800018311e-01
9.921823441982269287e-02
1.344731152057647705e-01
1.946817487478256226e-01
1.025842651724815369e-01
4.241522401571273804e-02
4.784349352121353149e-02
6.194199994206428528e-02
1.972152143716812134e-01
5.562225580215454102e-01
1.000939756631851196e-01
1.202678605914115906e-01
2.063735127449035645e-01
3.446688055992126465e-01
3.573478162288665771e-01
5.712689459323883057e-02
1.427127867937088013e-01
3.096525073051452637e-01
1.542237550020217896e-01
4.941522330045700073e-02
1.851165443658828735e-01
5.153245851397514343e-02
2.043463885784149170e-01
1.674335300922393799e-01
1.209335327148437500e-01
1.773584187030792236e-01
9.423448145389556885e-02
2.136435210704803467e-01
4.407131075859069824e-01
9.054837375879287720e-02
5.852577835321426392e-02
8.664792776107788086e-02
1.837434768676757812e-01
1.700949668884277344e-01
5.200602859258651733e-02
1.316522806882858276e-01
9.490574151277542114e-02
2.257340401411056519e-01
2.746966853737831116e-02
2.976778745651245117e-01
1.956322230398654938e-02
