1.368874907493591309e-01
1.388670802116394043e-01
6.009091436862945557e-02
1.636940091848373413e-01
5.891886353492736816e-02
1.481155157089233398e-01
7.359179854393005371e-02
1.513952761888504028e-01
3.847226873040199280e-02
1.931287646293640137e-01
1.226534545421600342e-01
4.906477332115173340e-01
5.447008460760116577e-02
1.534984856843948364e-01
5.114664882421493530e-02
1.319899410009384155e-01
8.994235098361968994e-02
2.733532339334487915e-02
8.164448291063308716e-02
1.380387693643569946e-01
2.622820250689983368e-02
7.276007533073425293e-02
3.377697169780731201e-01
9.466161578893661499e-02
8.544266223907470703e-02
4.704998433589935303e-02
1.074223816394805908e-01
3.874317407608032227e-01
6.672340631484985352e-02
3.453619778156280518e-01
9.867984056472778320e-02
5.540815740823745728e-02
9.595235437154769897e-02
9.492708742618560791e-02
1.434960514307022095e-01
1.383110582828521729e-01
1.367041915655136108e-01
1.672379225492477417e-01
1.988413631916046143e-01
1.367325037717819214e-01
2.117238566279411316e-02
1.891072392463684082e-01
1.894762217998504639e-01
2.399718388915061951e-02
2.580071091651916504e-01
2.880269885063171387e-01
8.902800828218460083e-02
1.708913296461105347e-01
3.362891376018524170e-01
8.406162261962890625e-02
1.899323463439941406e-01
3.352460265159606934e-02
1.640188246965408325e-01
1.193973198533058167e-01
1.783816814422607422e-01
3.247104883193969727e-01
1.653955578804016113e-01
1.339330524206161499e-01
2.019331157207489014e-01
1.220414340496063232e-01
2.292814999818801880e-01
2.016488313674926758e-01
9.970309585332870483e-02
1.359966099262237549e-01
7.580609619617462158e-02
1.084942519664764404e-01
2.408980429172515869e-01
1.062387526035308838e-01
2.596806287765502930e-01
1.644350588321685791e-01
2.068948745727539062e-01
2.387295067310333252e-01
1.631122380495071411e-01
8.945634216070175171e-02
1.644779145717620850e-01
1.390118300914764404e-01
1.716543138027191162e-01
2.260534465312957764e-02
1.451489627361297607e-01
3.679826110601425171e-02
9.420859813690185547e-02
1.736339926719665527e-01
3.605133295059204102e-02
2.575523555278778076e-01
2.982552908360958099e-02
2.576149255037307739e-02
1.496509164571762085e-01
5.178830027580261230e-02
3.216772675514221191e-01
1.756263524293899536e-01
2.688597440719604492e-01
1.598909497261047363e-01
1.111390739679336548e-01
1.413530856370925903e-01
4.929541647434234619e-01
2.355003952980041504e-01
1.573773324489593506e-01
2.071292996406555176e-01
1.644883453845977783e-01
1.676149517297744751e-01
1.074387133121490479e-01
9.765478968620300293e-02
1.440388113260269165e-01
4.172094166278839111e-02
1.246345043182373047e-01
1.698580533266067505e-01
1.903730034828186035e-01
2.655648887157440186e-01
1.224065572023391724e-01
2.303183972835540771e-01
1.356338411569595337e-01
7.440257072448730469e-02
5.629857629537582397e-02
1.913175284862518311e-01
6.254684180021286011e-02
1.063444390892982483e-01
2.866183519363403320e-01
3.873552381992340088e-02
5.618925765156745911e-02
1.220003291964530945e-01
9.280520677566528320e-02
4.010819643735885620e-02
7.638396322727203369e-02
3.347982764244079590e-01
2.020373493432998657e-01
8.253159373998641968e-02
3.130854666233062744e-01
4.652416333556175232e-02
1.150136142969131470e-01
1.288577020168304443e-01
2.003173083066940308e-01
1.819423139095306396e-01
1.732113063335418701e-01
1.541343033313751221e-01
1.566522866487503052e-01
3.020922243595123291e-01
1.513120085000991821e-01
1.939855962991714478e-01
3.123109340667724609e-01
9.028635919094085693e-02
1.661594659090042114e-01
8.645929396152496338e-02
9.906376898288726807e-02
2.362146675586700439e-01
3.659882768988609314e-02
1.211715489625930786e-01
5.322189927101135254e-01
1.868188679218292236e-01
9.125992655754089355e-02
1.843960136175155640e-01
6.718850135803222656e-02
1.135133430361747742e-01
5.169020593166351318e-02
3.852362185716629028e-02
2.268458455801010132e-01
8.947384357452392578e-02
9.977106004953384399e-02
4.540037363767623901e-02
1.470137238502502441e-01
1.395759135484695435e-01
3.644059598445892334e-02
5.136673524975776672e-02
8.023808896541595459e-02
2.463551908731460571e-01
2.556767687201499939e-02
1.175741478800773621e-01
7.203768938779830933e-02
2.144073545932769775e-01
8.751749247312545776e-02
1.711896806955337524e-01
8.623829483985900879e-02
4.066742211580276489e-02
3.705648481845855713e-01
1.114640682935714722e-01
9.993170946836471558e-02
9.988668560981750488e-02
3.438978642225265503e-02
1.706640571355819702e-01
2.458194196224212646e-01
2.853030562400817871e-01
3.323462009429931641e-01
9.322315454483032227e-02
2.119559347629547119e-01
1.079311594367027283e-01
6.833398342132568359e-02
2.412533015012741089e-01
1.414635870605707169e-02
3.349384665489196777e-02
7.963968813419342041e-02
4.580737650394439697e-01
4.203483462333679199e-02
3.448624014854431152e-01
2.112747430801391602e-01
1.472160667181015015e-01
1.420365720987319946e-01
1.163689196109771729e-01
2.741261757910251617e-02
1.661433279514312744e-01
2.639057487249374390e-02
2.407157868146896362e-01
2.413044497370719910e-02
2.246781140565872192e-01
1.406642794609069824e-01
7.090976834297180176e-02
1.024230942130088806e-01
5.577665939927101135e-02
1.473391205072402954e-01
4.035077989101409912e-01
6.142458692193031311e-02
1.293420344591140747e-01
3.227678313851356506e-02
1.442479193210601807e-01
1.388271152973175049e-02
2.449735105037689209e-01
1.040111780166625977e-01
3.268776834011077881e-02
2.152472585439682007e-01
6.311856210231781006e-02
1.248519420623779297e-01
1.248620599508285522e-01
2.525736950337886810e-02
5.837060809135437012e-01
3.219906091690063477e-01
2.338510453701019287e-01
2.769648097455501556e-02
2.413817793130874634e-01
1.474125683307647705e-01
3.714141845703125000e-01
5.873259902000427246e-02
5.956020951271057129e-02
7.695965468883514404e-02
2.278417199850082397e-01
6.966912001371383667e-02
2.663455009460449219e-01
1.371480524539947510e-01
4.454127699136734009e-02
2.090090811252593994e-01
1.052933484315872192e-01
5.739249661564826965e-02
2.090620398521423340e-01
2.073307633399963379e-01
7.404698431491851807e-02
1.048151627182960510e-01
4.390801861882209778e-02
2.150357067584991455e-01
2.387345731258392334e-01
1.056631281971931458e-01
1.105726212263107300e-01
6.795887649059295654e-02
2.427317500114440918e-01
9.140487015247344971e-02
2.061354517936706543e-01
2.290962338447570801e-01
4.091036319732666016e-01
1.383331716060638428e-01
1.681496053934097290e-01
1.716644167900085449e-01
1.019201129674911499e-01
8.519080281257629395e-02
2.593968510627746582e-01
1.934853047132492065e-01
7.991243898868560791e-02
2.055828273296356201e-02
9.877331554889678955e-02
1.185329481959342957e-01
1.217983067035675049e-01
7.681690156459808350e-02
1.372562050819396973e-01
7.380799204111099243e-02
1.965486407279968262e-01
5.187107250094413757e-02
1.718112081289291382e-02
3.635404109954833984e-01
1.520072221755981445e-01
1.146666333079338074e-01
3.954485058784484863e-02
1.158182770013809204e-01
1.677047014236450195e-01
2.058364450931549072e-01
1.017077341675758362e-01
2.408572845160961151e-02
1.222573816776275635e-01
1.641881912946701050e-01
1.304180175065994263e-01
1.143103986978530884e-01
1.164926663041114807e-01
9.500021487474441528e-02
8.415798842906951904e-02
2.492977865040302277e-02
1.256046891212463379e-01
1.804260164499282837e-01
1.681439280509948730e-01
2.550038695335388184e-01
1.194413527846336365e-01
6.665771454572677612e-02
1.837465763092041016e-01
1.135649904608726501e-01
1.539551764726638794e-01
2.688300423324108124e-02
1.233849003911018372e-01
9.887946397066116333e-02
2.035511136054992676e-01
1.221871823072433472e-01
1.066551804542541504e-01
1.359841376543045044e-01
6.700280308723449707e-02
1.295857578516006470e-01
8.428877592086791992e-02
1.456451117992401123e-01
1.026565432548522949e-01
2.917498946189880371e-01
5.378174409270286560e-02
3.586780652403831482e-02
7.860765606164932251e-02
7.947871088981628418e-02
3.666431903839111328e-01
4.622798413038253784e-02
9.974525868892669678e-02
9.950919449329376221e-02
2.866238728165626526e-02
5.414726585149765015e-02
2.680774927139282227e-01
1.220964640378952026e-01
5.297264084219932556e-02
2.048377096652984619e-01
4.066755995154380798e-02
6.596988439559936523e-02
1.985596269369125366e-01
2.713187932968139648e-01
1.023166626691818237e-01
3.206788301467895508e-01
1.043954044580459595e-01
4.150171577930450439e-01
1.175924316048622131e-01
1.887373328208923340e-01
2.410987764596939087e-02
2.490445077419281006e-01
2.481760978698730469e-01
1.938945427536964417e-02
6.690613925457000732e-02
8.906896412372589111e-02
1.356073021888732910e-01
1.599084138870239258e-01
2.401507049798965454e-01
5.416002124547958374e-02
3.567702472209930420e-01
1.055298298597335815e-01
1.759795844554901123e-01
1.337303966283798218e-01
6.421741098165512085e-02
6.132106482982635498e-02
1.112045645713806152e-01
7.218605279922485352e-02
5.943926051259040833e-02
1.342988610267639160e-01
2.356487512588500977e-02
1.820229291915893555e-01
1.028240919113159180e-01
1.851854920387268066e-01
8.029839396476745605e-02
2.046569585800170898e-01
1.930475085973739624e-01
2.802623063325881958e-02
1.454458534717559814e-01
1.398049592971801758e-01
1.390479356050491333e-01
1.065665930509567261e-01
9.949167072772979736e-02
7.164654135704040527e-02
1.582300961017608643e-01
7.329247146844863892e-02
2.052214741706848145e-01
1.352176815271377563e-01
1.131934523582458496e-01
3.336758166551589966e-02
1.241151019930839539e-01
1.359045803546905518e-01
2.939620018005371094e-01
5.920691043138504028e-02
1.084614023566246033e-01
1.039517074823379517e-01
3.375333547592163086e-02
3.722255825996398926e-01
2.184393070638179779e-02
3.059772588312625885e-02
2.087304592132568359e-01
3.164557367563247681e-02
2.836685776710510254e-01
1.783644035458564758e-02
1.723323166370391846e-01
4.073341563344001770e-02
8.642787486314773560e-02
1.169868856668472290e-01
3.590016961097717285e-01
1.028369963169097900e-01
8.376277238130569458e-02
4.760495424270629883e-01
3.788519650697708130e-02
9.819763898849487305e-02
3.496735394001007080e-01
1.653964817523956299e-01
6.017814874649047852e-01
2.545459866523742676e-01
3.068985342979431152e-01
3.062290251255035400e-01
1.135329455137252808e-01
1.012384966015815735e-01
2.203393727540969849e-01
1.862673908472061157e-01
3.912183344364166260e-01
1.502524018287658691e-01
3.313312530517578125e-01
2.476383745670318604e-02
3.430615961551666260e-01
1.373372077941894531e-01
1.302339434623718262e-01
4.929462075233459473e-01
1.928948760032653809e-01
3.400738835334777832e-01
1.815890073776245117e-01
9.348664879798889160e-01
4.206304550170898438e-01
2.869921326637268066e-01
1.211282461881637573e-01
2.741167247295379639e-01
3.273552358150482178e-01
5.335021615028381348e-01
1.993235796689987183e-01
3.241840898990631104e-01
3.772159814834594727e-01
2.677504718303680420e-01
2.142984271049499512e-01
2.502224147319793701e-01
2.456630617380142212e-01
2.563377022743225098e-01
1.667925715446472168e-01
1.832044720649719238e-01
1.881259828805923462e-01
2.251525819301605225e-01
3.791955113410949707e-01
2.537017464637756348e-01
2.633596956729888916e-01
6.654474139213562012e-02
6.644891202449798584e-02
3.793047964572906494e-01
3.879426047205924988e-02
2.729322314262390137e-01
3.522186577320098877e-01
3.679826259613037109e-01
1.907065957784652710e-01
5.404003709554672241e-02
4.043933451175689697e-01
2.304980158805847168e-01
1.709199547767639160e-01
1.696209460496902466e-01
2.697888016700744629e-01
1.315154731273651123e-01
2.059225738048553467e-01
2.201207280158996582e-01
1.677991151809692383e-01
1.295504570007324219e-01
2.487869858741760254e-01
2.066763043403625488e-01
1.923598349094390869e-01
1.723228693008422852e-01
1.054811552166938782e-01
1.489638388156890869e-01
2.954436838626861572e-01
1.664325147867202759e-01
1.871092170476913452e-01
6.292679160833358765e-02
5.351543426513671875e-02
3.613443970680236816e-01
2.745126485824584961e-01
1.548224687576293945e-01
2.344546467065811157e-01
1.925143003463745117e-01
1.130398958921432495e-01
2.203843593597412109e-01
7.812285423278808594e-02
1.350721716880798340e-01
9.459967911243438721e-02
3.201375156641006470e-02
9.120093286037445068e-02
1.293193101882934570e-01
7.208892703056335449e-02
6.432927399873733521e-02
2.734114825725555420e-01
4.149649292230606079e-02
1.325097233057022095e-01
1.026101633906364441e-01
1.148565933108329773e-01
7.951615750789642334e-02
8.352611213922500610e-02
1.511098444461822510e-01
2.687612175941467285e-01
8.396336436271667480e-02
1.222336739301681519e-01
4.111809730529785156e-01
2.162693738937377930e-01
8.548356592655181885e-02
3.787388205528259277e-01
1.033285334706306458e-01
2.111295759677886963e-01
1.148315221071243286e-01
2.099182307720184326e-01
3.843606710433959961e-01
2.564851045608520508e-01
1.632221937179565430e-01
3.958319425582885742e-01
1.218239888548851013e-01
9.520852565765380859e-02
3.071320652961730957e-01
6.865584850311279297e-02
1.969540417194366455e-01
1.839898228645324707e-01
1.252591460943222046e-01
6.760349869728088379e-02
1.066190525889396667e-01
1.045979857444763184e-01
2.216550260782241821e-01
1.483699381351470947e-01
1.249786764383316040e-01
1.069659739732742310e-01
2.320172637701034546e-01
7.324267923831939697e-02
7.724191248416900635e-02
1.155971288681030273e-01
2.003867179155349731e-01
1.309228539466857910e-01
1.561368405818939209e-01
9.577209502458572388e-02
7.182373106479644775e-02
2.151295244693756104e-01
5.104505270719528198e-02
1.019505709409713745e-01
7.001695781946182251e-02
2.412433028221130371e-01
1.277416348457336426e-01
2.756719887256622314e-01
1.371147930622100830e-01
7.486543059349060059e-02
5.667032301425933838e-02
1.876065731048583984e-01
1.410399079322814941e-01
1.466154754161834717e-01
7.200402021408081055e-02
3.659230843186378479e-02
2.283951193094253540e-01
1.153542995452880859e-01
1.517313122749328613e-01
2.110252678394317627e-01
1.132684946060180664e-01
1.918123811483383179e-01
1.701751947402954102e-01
4.600872844457626343e-02
1.727125495672225952e-01
1.705287098884582520e-01
1.196726113557815552e-01
2.598442137241363525e-02
1.174212396144866943e-01
2.636549472808837891e-01
1.070620417594909668e-01
8.804468065500259399e-02
1.769741028547286987e-01
2.921319603919982910e-01
3.139331936836242676e-01
6.250634789466857910e-02
2.411751449108123779e-01
2.662503123283386230e-01
2.152602225542068481e-01
1.511231213808059692e-01
8.031420409679412842e-02
6.947886198759078979e-02
9.652451425790786743e-02
5.841120705008506775e-02
1.510439664125442505e-01
7.942711561918258667e-02
4.931334406137466431e-02
4.070774465799331665e-02
1.079380214214324951e-01
1.877136826515197754e-01
1.399227082729339600e-01
1.941522955894470215e-02
1.878356337547302246e-01
7.675136625766754150e-02
6.279910355806350708e-02
3.965552151203155518e-02
8.479807525873184204e-02
3.419744968414306641e-01
4.451417922973632812e-01
9.841953217983245850e-02
5.724711716175079346e-02
9.361261129379272461e-02
2.213698029518127441e-01
2.461892664432525635e-01
2.017734944820404053e-02
1.050141453742980957e-01
3.536253422498703003e-02
9.678538888692855835e-02
2.333720922470092773e-01
2.458457052707672119e-01
1.500705480575561523e-01
5.063857883214950562e-02
3.445327877998352051e-01
2.833301126956939697e-01
2.332214415073394775e-01
1.878589838743209839e-01
1.956654340028762817e-01
7.012955099344253540e-02
1.422250866889953613e-01
4.437608644366264343e-02
1.786222159862518311e-01
9.966434538364410400e-02
2.250880002975463867e-02
8.119825273752212524e-02
2.402823269367218018e-01
7.790737599134445190e-02
3.380450606346130371e-02
4.691167175769805908e-02
4.715462401509284973e-02
2.319271117448806763e-02
2.787842154502868652e-01
1.374022662639617920e-01
4.494965821504592896e-02
3.061856329441070557e-01
5.620275810360908508e-02
1.055760830640792847e-01
1.928851306438446045e-01
1.433593332767486572e-01
9.118148684501647949e-02
4.019998908042907715e-01
2.263560593128204346e-01
2.072350382804870605e-01
3.540372848510742188e-01
6.761436164379119873e-02
1.054698526859283447e-01
9.907883405685424805e-02
8.899877965450286865e-02
1.139516532421112061e-01
1.704752147197723389e-01
4.150795638561248779e-01
3.177433609962463379e-01
8.696313202381134033e-02
9.520481526851654053e-02
2.995832450687885284e-02
7.683676481246948242e-02
4.872000217437744141e-02
6.285358965396881104e-02
1.085396483540534973e-01
2.793001569807529449e-02
1.750705018639564514e-02
2.379620373249053955e-01
1.567345261573791504e-01
3.204783052206039429e-02
8.762227743864059448e-02
1.061151325702667236e-01
5.097401142120361328e-02
2.084260433912277222e-01
4.041621088981628418e-02
1.289196163415908813e-01
1.774289458990097046e-01
5.402453243732452393e-02
5.851580947637557983e-02
3.682210743427276611e-01
8.965653926134109497e-02
7.212024182081222534e-02
7.583355158567428589e-02
1.860617250204086304e-01
7.345921546220779419e-02
1.951788663864135742e-01
9.643366932868957520e-02
1.155915185809135437e-01
7.865521311759948730e-02
1.358850002288818359e-01
8.146929740905761719e-02
5.995452031493186951e-02
5.128418654203414917e-02
1.262891292572021484e-02
2.567666769027709961e-01
1.234694868326187134e-01
1.117398962378501892e-01
1.340410709381103516e-01
2.832791581749916077e-02
1.204580143094062805e-01
4.011564329266548157e-02
1.666859835386276245e-01
1.119028627872467041e-01
4.593724757432937622e-02
2.841992080211639404e-01
1.706699579954147339e-01
4.961392283439636230e-02
4.584181606769561768e-01
1.525135189294815063e-01
7.623474299907684326e-02
1.607373952865600586e-01
1.604314148426055908e-01
5.072378739714622498e-02
2.118520140647888184e-01
8.734876662492752075e-02
7.848258316516876221e-02
5.538449063897132874e-02
4.746308177709579468e-02
1.037310361862182617e-01
1.917927414178848267e-01
4.459503665566444397e-02
1.155202388763427734e-01
6.136308610439300537e-02
8.627563714981079102e-02
4.595667123794555664e-02
6.093899905681610107e-02
5.274336040019989014e-02
6.699541211128234863e-02
2.233692631125450134e-02
2.897765040397644043e-01
2.838215231895446777e-01
2.064163424074649811e-02
1.095364093780517578e-01
1.632220894098281860e-01
4.178057909011840820e-01
4.255855679512023926e-01
2.644297480583190918e-01
2.633827626705169678e-01
1.171695291996002197e-01
1.695769131183624268e-01
1.116937249898910522e-01
1.506470739841461182e-01
2.648900151252746582e-01
2.271869778633117676e-01
1.857378929853439331e-01
3.621853515505790710e-02
2.629646062850952148e-01
1.658749431371688843e-01
1.613247990608215332e-01
2.192976921796798706e-01
1.407435238361358643e-01
4.862304776906967163e-02
1.853148937225341797e-01
1.532157361507415771e-01
3.633603155612945557e-01
2.196123823523521423e-02
1.446765959262847900e-01
2.276027053594589233e-01
2.018212974071502686e-01
2.881649732589721680e-01
1.733163893222808838e-01
1.610544323921203613e-01
2.000942081212997437e-01
5.004788190126419067e-02
4.067719578742980957e-01
1.135034859180450439e-01
2.185004651546478271e-01
1.076144054532051086e-01
2.089740782976150513e-01
1.081346943974494934e-01
1.926966607570648193e-01
7.758712023496627808e-02
1.194885298609733582e-01
7.233183830976486206e-02
5.932753533124923706e-02
1.138287633657455444e-01
1.771647632122039795e-01
7.797233015298843384e-02
1.172455102205276489e-01
1.466646939516067505e-01
1.229517459869384766e-01
9.137033671140670776e-02
1.162941455841064453e-01
3.662262558937072754e-01
2.888329625129699707e-01
1.764861196279525757e-01
5.075354129076004028e-02
1.544884443283081055e-01
2.085589170455932617e-01
1.355599164962768555e-01
7.903034985065460205e-02
2.185912132263183594e-01
1.730845272541046143e-01
8.810213208198547363e-02
1.678073704242706299e-01
8.133561909198760986e-02
9.275659918785095215e-02
7.169793546199798584e-02
1.280409544706344604e-01
2.031410485506057739e-01
1.745341867208480835e-01
9.124917536973953247e-02
8.238409459590911865e-02
3.761190772056579590e-01
6.221475452184677124e-02
1.269797533750534058e-01
1.977079063653945923e-01
1.082605570554733276e-01
1.227610856294631958e-01
1.699770987033843994e-01
8.107709884643554688e-02
3.979787230491638184e-02
2.379027158021926880e-01
8.138878643512725830e-02
2.144840955734252930e-01
1.007064729928970337e-01
5.464694648981094360e-02
1.346707493066787720e-01
5.806602537631988525e-02
1.086420714855194092e-01
1.231316626071929932e-01
6.727165728807449341e-02
3.788362741470336914e-01
2.105861753225326538e-01
1.369667351245880127e-01
8.901404589414596558e-02
1.581362187862396240e-01
8.424622565507888794e-02
7.987795025110244751e-02
1.265115439891815186e-01
9.839864075183868408e-02
8.317223936319351196e-02
3.504730463027954102e-01
5.925288423895835876e-02
1.676866710186004639e-01
1.533586084842681885e-01
5.614455789327621460e-02
1.259564310312271118e-01
2.707169763743877411e-02
6.467248201370239258e-01
6.072069704532623291e-02
2.080079317092895508e-01
3.190786242485046387e-01
3.960350900888442993e-02
2.919027507305145264e-01
2.006936520338058472e-01
3.439880013465881348e-01
2.866729199886322021e-01
2.366917729377746582e-01
5.571289360523223877e-02
2.525906562805175781e-01
3.828139230608940125e-02
1.692223250865936279e-01
1.300522685050964355e-01
5.208089351654052734e-01
1.730402708053588867e-01
1.657091379165649414e-01
1.183275580406188965e-01
1.511248946189880371e-01
1.201551258563995361e-01
3.275573849678039551e-01
2.390225529670715332e-01
2.073870301246643066e-01
1.962788701057434082e-01
2.452495396137237549e-01
3.371497690677642822e-01
4.081548750400543213e-01
6.122931465506553650e-02
1.011975854635238647e-01
5.172404646873474121e-02
1.558093726634979248e-01
2.542907893657684326e-01
9.899978339672088623e-02
2.107202708721160889e-01
1.677758097648620605e-01
9.198155999183654785e-02
1.614575982093811035e-01
2.115107178688049316e-01
2.045294046401977539e-01
2.385175973176956177e-01
1.009109318256378174e-01
1.498962938785552979e-01
1.082202941179275513e-01
5.217146128416061401e-02
1.084708571434020996e-01
3.306344747543334961e-01
4.957205057144165039e-02
3.321946039795875549e-02
1.235353350639343262e-01
1.989728361368179321e-01
1.740418970584869385e-01
6.724630296230316162e-02
1.825665831565856934e-01
8.023817837238311768e-02
9.371130168437957764e-02
9.419362246990203857e-02
1.805517971515655518e-01
5.483525991439819336e-02
6.799750775098800659e-02
1.090531051158905029e-01
4.074420034885406494e-02
3.802514448761940002e-02
1.611490994691848755e-01
6.873050332069396973e-02
9.371232986450195312e-02
1.766505241394042969e-01
1.641702651977539062e-01
2.166993021965026855e-01
2.476376295089721680e-01
9.057559072971343994e-02
5.397625267505645752e-02
1.397470831871032715e-01
2.294790744781494141e-01
3.245284408330917358e-02
1.078085601329803467e-01
2.653317898511886597e-02
2.677262127399444580e-01
1.739503741264343262e-01
3.974913060665130615e-02
5.145995318889617920e-02
2.249754369258880615e-01
9.612220525741577148e-02
1.461001187562942505e-01
1.305397152900695801e-01
2.374764904379844666e-02
8.681519329547882080e-02
1.485136896371841431e-01
1.099897399544715881e-01
2.736495137214660645e-01
6.037456914782524109e-02
9.072165936231613159e-02
1.342549324035644531e-01
1.791501045227050781e-01
1.268750131130218506e-01
5.218763649463653564e-02
6.951306760311126709e-02
3.162948489189147949e-01
4.882655665278434753e-02
4.374610781669616699e-01
3.908425942063331604e-02
3.965236991643905640e-02
2.011999785900115967e-01
9.637093544006347656e-02
5.657283589243888855e-02
1.134042143821716309e-01
2.264985255897045135e-02
6.292364746332168579e-02
9.914753586053848267e-02
2.127035334706306458e-02
1.899503171443939209e-02
7.883651554584503174e-02
1.351610422134399414e-01
8.776967227458953857e-02
7.613493502140045166e-02
9.918040037155151367e-02
1.950615048408508301e-01
1.499330699443817139e-01
1.045876890420913696e-01
1.899273991584777832e-01
2.646000981330871582e-01
1.002432703971862793e-01
1.331333518028259277e-01
1.966082304716110229e-01
5.204818397760391235e-02
9.075653553009033203e-02
1.531652212142944336e-01
6.117709726095199585e-02
1.086738258600234985e-01
1.516856551170349121e-01
1.581288687884807587e-02
1.257982701063156128e-01
2.581805288791656494e-01
2.021804600954055786e-01
2.728454023599624634e-02
3.714992403984069824e-01
4.383690655231475830e-02
3.008683398365974426e-02
3.911809995770454407e-02
2.023043632507324219e-01
3.584980964660644531e-02
8.752875775098800659e-02
1.015073657035827637e-01
3.713396787643432617e-01
8.652586489915847778e-02
2.037854939699172974e-01
2.319144606590270996e-01
2.136395871639251709e-01
2.929472327232360840e-01
7.506868988275527954e-02
1.443795263767242432e-01
1.647217273712158203e-01
4.514756053686141968e-02
8.333734422922134399e-02
1.535509973764419556e-01
2.346962988376617432e-01
4.426528215408325195e-01
2.418061345815658569e-01
7.723889499902725220e-02
4.146224632859230042e-02
3.090007975697517395e-02
4.546818435192108154e-01
1.210107877850532532e-01
1.905079744756221771e-02
3.151660859584808350e-01
2.579684257507324219e-01
2.226175665855407715e-01
1.960744261741638184e-01
1.239781677722930908e-01
2.500218451023101807e-01
2.378223538398742676e-01
9.655774384737014771e-02
1.370704025030136108e-01
1.508560925722122192e-01
1.836950182914733887e-01
3.136733770370483398e-01
7.603070139884948730e-02
5.310945585370063782e-02
4.688605666160583496e-01
6.686362624168395996e-02
2.077755630016326904e-01
9.670875966548919678e-02
2.026347070932388306e-01
3.745479881763458252e-02
6.905014067888259888e-02
4.626950621604919434e-02
6.195995584130287170e-02
9.874579310417175293e-02
5.585749819874763489e-02
8.470711112022399902e-02
2.048973292112350464e-01
2.270836532115936279e-01
7.592096179723739624e-02
2.065403759479522705e-01
1.599044948816299438e-01
7.140513509511947632e-02
1.426657736301422119e-01
3.971115648746490479e-01
4.473912119865417480e-01
1.634107381105422974e-01
2.676817476749420166e-01
1.624925434589385986e-01
2.285648137331008911e-01
8.238180726766586304e-02
1.201463714241981506e-01
1.186530739068984985e-01
2.876880392432212830e-02
1.305028349161148071e-01
1.586728096008300781e-01
3.074366971850395203e-02
8.047117292881011963e-02
4.248444736003875732e-02
1.893236935138702393e-01
6.848435848951339722e-02
5.726468935608863831e-02
1.174552291631698608e-01
2.568441629409790039e-01
1.906639039516448975e-01
1.420023590326309204e-01
1.420422047376632690e-01
2.580027282238006592e-01
1.703511476516723633e-01
7.686586678028106689e-02
9.418418258428573608e-02
2.052181661128997803e-01
1.697116196155548096e-01
1.507901549339294434e-01
9.444856643676757812e-02
1.550516486167907715e-01
9.048562496900558472e-02
8.504563570022583008e-02
6.663685292005538940e-02
1.457835882902145386e-01
1.637804210186004639e-01
5.866999179124832153e-02
5.341996252536773682e-02
4.169029742479324341e-02
9.684533625841140747e-02
2.773472666740417480e-01
1.349998414516448975e-01
1.940036714076995850e-01
3.691161423921585083e-02
1.155743896961212158e-01
3.728772327303886414e-02
1.731604039669036865e-01
1.449595242738723755e-01
5.907055735588073730e-02
1.926772147417068481e-01
1.531814485788345337e-01
3.446959704160690308e-02
2.050950229167938232e-01
1.153217256069183350e-01
6.491985917091369629e-02
9.606032073497772217e-02
2.152137011289596558e-01
9.696008265018463135e-02
2.768645994365215302e-02
5.643294006586074829e-02
1.413784325122833252e-01
4.971064627170562744e-02
8.815957605838775635e-02
1.671092659235000610e-01
1.306067109107971191e-01
2.704290486872196198e-02
8.383360505104064941e-02
3.758881241083145142e-02
8.041878044605255127e-02
7.267040014266967773e-02
3.841452673077583313e-02
1.893204599618911743e-01
1.551338732242584229e-01
2.468863725662231445e-01
1.149072796106338501e-01
1.590384691953659058e-01
3.456891179084777832e-01
6.439042836427688599e-02
1.250481754541397095e-01
1.710429638624191284e-01
1.116853281855583191e-01
6.293512135744094849e-02
4.857335984706878662e-02
1.588393747806549072e-01
4.835943132638931274e-02
2.525013089179992676e-01
8.203313499689102173e-02
1.070789992809295654e-01
6.989894062280654907e-02
8.801700174808502197e-02
1.011735349893569946e-01
1.999411880970001221e-01
2.016930840909481049e-02
1.283498257398605347e-01
1.412680000066757202e-01
2.502715885639190674e-01
2.391349375247955322e-01
3.725605458021163940e-02
3.042435646057128906e-01
1.424062252044677734e-01
3.116053640842437744e-01
1.267463862895965576e-01
1.115052700042724609e-01
2.279446870088577271e-01
1.810138225555419922e-01
1.593953669071197510e-01
2.699508368968963623e-01
1.739312410354614258e-01
1.594689488410949707e-01
1.167049407958984375e-01
8.581031113862991333e-02
6.511759012937545776e-02
1.547949612140655518e-01
1.146207600831985474e-01
4.019211828708648682e-01
3.484680131077766418e-02
1.438003331422805786e-01
9.312075376510620117e-02
1.029479354619979858e-01
4.340392351150512695e-02
6.324905902147293091e-02
1.410450935363769531e-01
4.262519627809524536e-02
6.619543582201004028e-02
2.547644078731536865e-01
2.568805813789367676e-01
1.785255670547485352e-01
1.358320564031600952e-01
1.140720173716545105e-01
7.410572469234466553e-02
5.661257356405258179e-02
8.089934289455413818e-02
2.316464185714721680e-01
6.107453256845474243e-02
1.997299492359161377e-01
6.672434508800506592e-02
5.718330293893814087e-02
6.921659409999847412e-02
2.126045972108840942e-01
9.878058731555938721e-02
2.188991941511631012e-02
2.067944407463073730e-01
6.687404215335845947e-02
2.507043182849884033e-01
1.778298020362854004e-01
6.632022559642791748e-02
2.083588093519210815e-01
2.149841785430908203e-01
2.071781754493713379e-01
1.789577603340148926e-01
3.100545704364776611e-02
1.971569098532199860e-02
8.014675974845886230e-02
6.224294751882553101e-02
2.489046603441238403e-01
1.423018872737884521e-01
2.498944699764251709e-01
5.170625448226928711e-01
2.636279165744781494e-01
1.459438204765319824e-01
3.103827685117721558e-02
2.726547718048095703e-01
3.424716293811798096e-01
6.711646914482116699e-02
1.244079098105430603e-01
3.557153791189193726e-02
3.194943964481353760e-01
4.930722415447235107e-01
2.512934207916259766e-01
3.430032134056091309e-01
1.484032869338989258e-01
3.368242681026458740e-01
2.353772968053817749e-01
2.242862433195114136e-01
3.726000189781188965e-01
8.977626264095306396e-02
4.829502198845148087e-03
2.973392978310585022e-02
1.842784583568572998e-01
1.686330437660217285e-01
7.105791568756103516e-02
1.319206953048706055e-01
1.547349691390991211e-01
3.945945575833320618e-02
4.277116060256958008e-02
9.554082155227661133e-02
1.967317163944244385e-01
3.586187362670898438e-01
2.016772925853729248e-01
3.605500236153602600e-02
1.367085874080657959e-01
8.188785612583160400e-02
2.705799639225006104e-01
2.068118602037429810e-01
1.902823150157928467e-01
3.346911966800689697e-01
7.575351744890213013e-02
1.305587291717529297e-01
2.803824245929718018e-01
8.682619035243988037e-02
2.678402662277221680e-01
4.699397087097167969e-02
4.828503727912902832e-02
5.893117561936378479e-02
3.086167015135288239e-02
1.150874346494674683e-01
1.117681711912155151e-01
1.035029888153076172e-01
1.771813333034515381e-01
2.461341582238674164e-02
3.991600126028060913e-02
1.248775497078895569e-01
5.719494074583053589e-02
5.924946814775466919e-02
5.669775605201721191e-02
3.863889724016189575e-02
1.377297192811965942e-01
7.528902590274810791e-02
2.118771970272064209e-01
9.020659327507019043e-02
1.935660243034362793e-01
4.047551155090332031e-01
1.701292842626571655e-01
5.066389690000505652e-07
