4.249894618988037109e-02
2.409504652023315430e-01
7.218702137470245361e-02
6.967965513467788696e-02
1.214552223682403564e-01
2.732768654823303223e-01
2.384740561246871948e-01
2.821175158023834229e-01
3.496930375695228577e-02
5.189401656389236450e-02
4.314050823450088501e-02
2.519099116325378418e-01
4.635200649499893188e-02
3.368213027715682983e-02
6.162157654762268066e-02
2.248967289924621582e-01
1.534246802330017090e-01
5.426215007901191711e-02
1.103095710277557373e-01
5.349307507276535034e-02
1.774302721023559570e-01
2.633897066116333008e-01
3.330547511577606201e-01
4.561715126037597656e-01
5.064090713858604431e-02
1.154397949576377869e-01
1.975100338459014893e-01
4.825522750616073608e-02
1.848319023847579956e-01
1.174320429563522339e-01
1.691472530364990234e-01
1.947674155235290527e-01
2.330757379531860352e-01
1.405131965875625610e-01
3.671702742576599121e-02
1.635772287845611572e-01
2.075757086277008057e-01
2.029045671224594116e-01
1.768527925014495850e-01
8.126079291105270386e-02
1.757220029830932617e-01
1.291408538818359375e-01
5.902513489127159119e-02
1.718185991048812866e-01
2.723175287246704102e-01
8.904705941677093506e-02
4.168636351823806763e-02
1.999739259481430054e-01
1.702482700347900391e-01
1.860404610633850098e-01
1.449417769908905029e-01
1.293097138404846191e-01
2.128137052059173584e-01
1.189989298582077026e-01
1.036986410617828369e-01
4.014484211802482605e-02
3.429356217384338379e-02
3.479298204183578491e-02
5.527096241712570190e-02
2.234512567520141602e-02
1.588793098926544189e-01
1.618860289454460144e-02
2.279954031109809875e-02
2.821521647274494171e-02
2.612693309783935547e-01
1.191242486238479614e-01
3.143034875392913818e-02
1.265030205249786377e-01
1.787809580564498901e-01
2.561282739043235779e-02
9.020611643791198730e-02
5.519511178135871887e-02
5.509398505091667175e-02
2.258770354092121124e-02
4.464709386229515076e-02
5.630921572446823120e-02
2.927178144454956055e-01
6.091674044728279114e-02
6.992769986391067505e-02
2.443854957818984985e-01
2.247534394264221191e-01
2.064999639987945557e-01
4.874536022543907166e-02
1.131902188062667847e-01
1.948146075010299683e-01
5.137357488274574280e-02
4.902453720569610596e-02
1.911617517471313477e-01
1.920234858989715576e-01
1.948467493057250977e-01
3.254762291908264160e-01
9.758514165878295898e-02
5.744493007659912109e-02
1.298292279243469238e-01
1.839033961296081543e-01
9.413304924964904785e-02
1.357628703117370605e-01
1.146261394023895264e-01
7.536361366510391235e-02
1.851192414760589600e-01
5.409550666809082031e-02
6.803409755229949951e-02
1.448753029108047485e-01
1.117566376924514771e-01
3.668867945671081543e-01
2.312495559453964233e-01
5.591583624482154846e-02
7.574602216482162476e-02
2.981164492666721344e-02
7.486544549465179443e-02
9.769460558891296387e-02
2.706451714038848877e-02
5.608769506216049194e-02
4.358896613121032715e-02
2.492354437708854675e-02
6.857125461101531982e-02
6.715993583202362061e-02
2.527472004294395447e-02
2.610643804073333740e-01
9.062658250331878662e-02
8.648162335157394409e-02
2.588180899620056152e-01
6.591106951236724854e-02
1.919782720506191254e-02
1.342769414186477661e-01
7.304380089044570923e-02
3.532795310020446777e-01
7.913120090961456299e-02
9.237682819366455078e-02
2.317826449871063232e-02
2.897646129131317139e-01
3.562795743346214294e-02
1.745241880416870117e-01
2.775727584958076477e-02
2.937587201595306396e-01
1.968949884176254272e-01
2.984444797039031982e-02
1.220914497971534729e-01
2.335222661495208740e-01
8.657030761241912842e-02
3.519333526492118835e-02
3.102294206619262695e-01
7.183105498552322388e-02
3.798892349004745483e-02
7.227736711502075195e-02
2.390919625759124756e-02
1.642507612705230713e-01
2.429401278495788574e-01
9.494668990373611450e-02
2.674855589866638184e-01
1.746680960059165955e-02
6.463281810283660889e-02
9.634095430374145508e-02
3.880824148654937744e-02
4.318204522132873535e-02
1.618555933237075806e-01
1.568504124879837036e-01
1.071601808071136475e-01
2.676728963851928711e-01
6.436286866664886475e-02
7.688815891742706299e-02
1.999023854732513428e-01
2.367162704467773438e-02
2.562006562948226929e-02
1.495014727115631104e-01
3.287268429994583130e-02
1.267711222171783447e-01
1.319760829210281372e-01
6.379509717226028442e-02
1.135849654674530029e-01
1.892074942588806152e-01
2.935530245304107666e-01
2.743752300739288330e-01
8.650606870651245117e-02
6.094242259860038757e-02
6.351453065872192383e-02
4.831181094050407410e-02
1.100769639015197754e-01
4.981731995940208435e-02
2.289501391351222992e-02
1.341603398323059082e-01
1.195646226406097412e-01
1.463199257850646973e-01
1.245621591806411743e-01
7.813192903995513916e-02
3.486927747726440430e-01
1.136612221598625183e-01
3.453828394412994385e-02
1.631800234317779541e-01
1.296302527189254761e-01
4.910873174667358398e-01
2.844380773603916168e-02
3.116012178361415863e-02
1.409168243408203125e-01
3.928168416023254395e-01
8.166703581809997559e-02
1.528877168893814087e-01
1.414838731288909912e-01
1.551754772663116455e-01
6.832310557365417480e-02
1.487615704536437988e-01
3.278962373733520508e-01
1.737501919269561768e-01
1.037840917706489563e-01
1.051634550094604492e-01
6.288005411624908447e-02
2.092427760362625122e-01
9.314513206481933594e-02
4.988995939493179321e-02
2.728376351296901703e-02
1.983992755413055420e-01
1.513607949018478394e-01
8.385972678661346436e-02
3.988058865070343018e-02
4.946233332157135010e-02
5.381544679403305054e-02
2.579942159354686737e-02
6.547176837921142578e-02
3.654794767498970032e-02
1.150706857442855835e-01
5.104733258485794067e-02
2.460796013474464417e-02
1.336695551872253418e-01
2.288851514458656311e-02
1.147038638591766357e-01
1.453500092029571533e-01
2.269624769687652588e-01
1.093810275197029114e-01
3.578887507319450378e-02
8.059453219175338745e-02
4.587712511420249939e-02
3.910391032695770264e-02
1.348361819982528687e-01
4.778342694044113159e-02
1.162991598248481750e-01
1.617677509784698486e-01
2.459922879934310913e-01
3.528153523802757263e-02
2.334521338343620300e-02
8.287066221237182617e-02
8.551099151372909546e-02
1.093753892928361893e-02
3.594130277633666992e-01
1.326514035463333130e-02
1.931218504905700684e-01
3.965201973915100098e-02
5.609359219670295715e-02
5.790010839700698853e-02
1.219484955072402954e-01
9.224213659763336182e-02
2.955766022205352783e-02
7.744731754064559937e-02
2.111602276563644409e-01
5.204378068447113037e-02
1.639210730791091919e-01
6.243924796581268311e-02
1.659003198146820068e-01
9.120792150497436523e-02
4.611452668905258179e-02
1.628205180168151855e-01
2.421678602695465088e-01
7.412529736757278442e-02
3.426913917064666748e-02
7.654266804456710815e-02
5.981612950563430786e-02
5.761815980076789856e-02
1.495436429977416992e-01
3.276821225881576538e-02
3.942310512065887451e-01
3.351039066910743713e-02
1.945615261793136597e-01
1.442005038261413574e-01
4.675655066967010498e-01
1.006368100643157959e-01
2.682655677199363708e-02
1.928257644176483154e-01
1.472074240446090698e-01
1.000897586345672607e-01
2.311024367809295654e-01
3.004249334335327148e-01
4.381696134805679321e-02
1.378958821296691895e-01
1.285839080810546875e-01
2.015454173088073730e-01
5.878407508134841919e-02
2.061746865510940552e-01
1.468537151813507080e-01
6.148190796375274658e-02
9.238946437835693359e-02
2.808932065963745117e-01
3.524453639984130859e-01
6.494388729333877563e-02
4.506621137261390686e-02
1.974432021379470825e-01
9.519404917955398560e-02
8.988114446401596069e-02
9.581090509891510010e-02
3.325304388999938965e-02
5.765457078814506531e-02
2.548541128635406494e-02
2.855879664421081543e-01
1.449400633573532104e-01
3.548504114151000977e-01
2.009382098913192749e-01
1.846918165683746338e-01
2.878972887992858887e-01
8.570823073387145996e-02
2.868017554283142090e-02
3.067779354751110077e-02
1.528747975826263428e-01
2.721441686153411865e-01
2.889611721038818359e-01
1.121503785252571106e-01
1.694180071353912354e-01
4.675028473138809204e-02
5.791104584932327271e-02
1.684390902519226074e-01
3.963318467140197754e-02
1.150726079940795898e-01
1.059416458010673523e-01
1.601070612668991089e-01
3.596173599362373352e-02
2.748521566390991211e-01
1.737680882215499878e-01
1.444471441209316254e-02
1.454255133867263794e-01
9.729085862636566162e-02
1.536971628665924072e-01
1.294641196727752686e-01
7.973620295524597168e-02
3.441230952739715576e-02
5.263993144035339355e-02
1.963431835174560547e-01
7.143183052539825439e-02
3.265649080276489258e-01
2.942556515336036682e-02
1.469694674015045166e-01
6.777024269104003906e-02
5.986343696713447571e-02
5.000457912683486938e-02
1.875079050660133362e-02
1.768822520971298218e-01
5.211167037487030029e-02
1.618090718984603882e-01
1.020713299512863159e-01
9.162282943725585938e-02
1.720980703830718994e-01
8.194662630558013916e-02
1.326612830162048340e-01
4.630840420722961426e-01
5.881136655807495117e-02
1.024461761116981506e-01
7.754332572221755981e-02
2.250683307647705078e-01
1.950022727251052856e-01
4.651345685124397278e-02
4.030060395598411560e-02
4.187621921300888062e-02
4.844698309898376465e-01
1.550507694482803345e-01
1.487483531236648560e-01
1.966489851474761963e-01
4.527059197425842285e-02
1.482356041669845581e-01
1.240774989128112793e-01
1.114753782749176025e-01
5.326196551322937012e-02
9.634042531251907349e-02
3.771593570709228516e-01
1.374769955873489380e-01
7.407965511083602905e-02
1.253885626792907715e-01
7.689769566059112549e-02
1.732839792966842651e-01
4.210297763347625732e-02
1.769547909498214722e-01
2.648268342018127441e-01
7.739719003438949585e-02
1.247654035687446594e-01
3.200262188911437988e-01
9.618145972490310669e-02
4.382021725177764893e-02
4.449364915490150452e-02
4.395027086138725281e-02
6.498869508504867554e-02
8.874483406543731689e-02
1.881119236350059509e-02
8.208681643009185791e-02
5.580855160951614380e-02
1.459706574678421021e-01
1.230719164013862610e-01
1.754683256149291992e-01
1.762944757938385010e-01
2.491576671600341797e-01
3.374929130077362061e-01
1.657971739768981934e-01
5.866776779294013977e-02
3.631018400192260742e-01
2.857236266136169434e-01
2.359742671251296997e-02
1.282387971878051758e-02
5.578365176916122437e-02
6.360363960266113281e-02
7.541112601757049561e-02
4.459816813468933105e-01
4.090064018964767456e-02
2.908894419670104980e-02
1.292873024940490723e-01
1.032358109951019287e-01
7.105820626020431519e-02
1.303676366806030273e-01
2.064242810010910034e-01
1.603852957487106323e-01
1.063572019338607788e-01
1.060944199562072754e-01
5.235546082258224487e-02
1.768082976341247559e-01
1.528511047363281250e-01
2.972025610506534576e-02
1.292047053575515747e-01
2.045768499374389648e-01
1.110441535711288452e-01
4.535710811614990234e-02
2.010766267776489258e-01
6.899301707744598389e-02
1.650660037994384766e-01
3.852775320410728455e-02
1.353014111518859863e-01
2.253161966800689697e-01
5.626481771469116211e-02
7.127355039119720459e-02
3.207707107067108154e-01
1.133217141032218933e-01
8.826941996812820435e-02
7.963743060827255249e-02
4.950969293713569641e-02
1.068403199315071106e-01
1.367850601673126221e-01
5.434679239988327026e-02
1.587760150432586670e-01
8.822327107191085815e-02
1.823984682559967041e-01
3.521612286567687988e-02
1.723947227001190186e-01
2.936159446835517883e-02
1.137312501668930054e-01
1.120023578405380249e-01
9.406820684671401978e-02
5.494133010506629944e-02
1.873646080493927002e-01
5.352412909269332886e-02
1.667977422475814819e-01
3.685866296291351318e-02
1.367107629776000977e-01
9.242837131023406982e-02
8.408464491367340088e-02
1.964857280254364014e-01
8.205302804708480835e-02
2.776771187782287598e-01
1.466038525104522705e-01
3.943813145160675049e-01
1.418413966894149780e-01
5.401678383350372314e-02
2.612756565213203430e-02
1.977767050266265869e-01
7.584868371486663818e-02
6.385362148284912109e-02
2.013458311557769775e-02
3.262415528297424316e-01
1.834618002176284790e-01
7.839070260524749756e-02
2.953949868679046631e-01
3.021478950977325439e-01
2.391980588436126709e-01
1.508799046277999878e-01
2.090677320957183838e-01
1.407304108142852783e-01
2.821531593799591064e-01
1.456843316555023193e-01
4.017325490713119507e-02
1.359734237194061279e-01
4.302620142698287964e-02
6.794150173664093018e-02
8.896444737911224365e-02
1.719363182783126831e-01
6.291724741458892822e-02
6.271639466285705566e-02
1.275793761014938354e-01
9.039255976676940918e-02
2.389322817325592041e-01
1.597697287797927856e-01
7.595054060220718384e-02
8.745464682579040527e-02
2.461431473493576050e-01
1.815059930086135864e-01
1.901457905769348145e-01
1.750644892454147339e-01
1.185063049197196960e-01
2.292781472206115723e-01
1.115495413541793823e-01
1.348415464162826538e-01
9.883081912994384766e-02
1.961318552494049072e-01
9.931948781013488770e-02
2.235210388898849487e-01
2.522335648536682129e-01
1.878844797611236572e-01
2.060834765434265137e-01
1.125544533133506775e-01
2.153078615665435791e-01
1.265546679496765137e-01
4.471902176737785339e-02
1.195103973150253296e-01
1.381565183401107788e-01
1.266218125820159912e-01
1.619438976049423218e-01
8.707013726234436035e-02
4.036338627338409424e-02
1.635187715291976929e-01
2.372555881738662720e-01
4.044572263956069946e-02
1.676055490970611572e-01
4.973687976598739624e-02
3.818898648023605347e-02
7.513244450092315674e-02
1.446623206138610840e-01
1.481339782476425171e-01
3.902287781238555908e-02
1.774574518203735352e-01
2.084755599498748779e-01
3.036202862858772278e-02
1.348474472761154175e-01
2.277701720595359802e-02
9.330211579799652100e-02
2.973191142082214355e-01
5.323326587677001953e-02
3.662235289812088013e-02
4.611878842115402222e-02
1.114280447363853455e-01
2.508482523262500763e-02
1.299487799406051636e-01
4.810654744505882263e-02
1.877816021442413330e-01
6.250785291194915771e-02
1.719636768102645874e-01
8.878611773252487183e-02
1.671529263257980347e-01
2.482858747243881226e-01
1.108061298727989197e-01
3.111566416919231415e-02
8.563875406980514526e-02
1.789997220039367676e-01
2.337595075368881226e-02
8.180654793977737427e-02
7.604561746120452881e-02
5.239547416567802429e-02
3.955839946866035461e-02
3.918350487947463989e-02
8.842952549457550049e-02
8.426442742347717285e-02
5.959036946296691895e-02
1.881141960620880127e-01
9.993305802345275879e-02
1.640631854534149170e-01
1.225676536560058594e-01
3.471348881721496582e-01
2.211706638336181641e-01
9.105455875396728516e-02
1.373612135648727417e-01
5.014560744166374207e-02
1.525131016969680786e-01
2.120708227157592773e-01
1.012955829501152039e-01
1.665490865707397461e-01
1.766825616359710693e-01
1.743990182876586914e-01
4.449663311243057251e-02
5.506438761949539185e-02
4.542595520615577698e-02
2.577555738389492035e-02
7.146443426609039307e-02
3.570412844419479370e-02
8.840499818325042725e-02
2.433394640684127808e-02
1.011612452566623688e-02
6.533516943454742432e-02
1.532128006219863892e-01
1.915130764245986938e-01
1.612555049359798431e-02
1.513156294822692871e-01
2.134954780340194702e-01
1.654116660356521606e-01
2.212325856089591980e-02
1.321878731250762939e-01
6.248950213193893433e-02
2.729800343513488770e-02
2.248115092515945435e-02
3.473357856273651123e-02
3.122413754463195801e-01
2.311007492244243622e-02
3.742651343345642090e-01
1.213276833295822144e-01
2.255375087261199951e-01
2.498398423194885254e-01
7.540455460548400879e-02
4.232043400406837463e-02
1.214088425040245056e-01
1.908589601516723633e-01
1.620250791311264038e-01
2.665147185325622559e-01
9.587819874286651611e-02
9.227961301803588867e-02
8.307010680437088013e-02
2.401047646999359131e-01
4.385772347450256348e-02
7.414425909519195557e-02
8.938053250312805176e-02
4.584786668419837952e-02
1.198334023356437683e-01
7.707156240940093994e-02
6.247861310839653015e-02
1.318402439355850220e-01
3.739578276872634888e-02
2.375716716051101685e-02
2.935008406639099121e-01
1.898329854011535645e-01
1.584559530019760132e-01
1.022201925516128540e-01
2.720983624458312988e-01
2.086084783077239990e-01
6.688887625932693481e-02
1.658628284931182861e-01
1.915144622325897217e-01
2.372017502784729004e-01
7.101677656173706055e-01
5.616338178515434265e-02
1.642957031726837158e-01
8.385993540287017822e-02
1.686258241534233093e-02
7.055181264877319336e-02
2.113463580608367920e-01
2.146693319082260132e-01
1.693826019763946533e-01
2.280902862548828125e-01
3.796305507421493530e-02
1.559122800827026367e-01
1.885363757610321045e-01
1.836133599281311035e-01
7.550237327814102173e-02
1.790230125188827515e-01
2.176319062709808350e-01
2.412726730108261108e-02
2.615628391504287720e-02
8.683531731367111206e-02
4.184542223811149597e-02
1.161222755908966064e-01
6.993504613637924194e-02
9.875373542308807373e-02
2.428155243396759033e-01
1.210091412067413330e-01
8.620174229145050049e-02
2.841325998306274414e-01
3.019884973764419556e-02
2.444538325071334839e-01
1.163012534379959106e-01
2.386489063501358032e-01
3.643798455595970154e-02
2.648259103298187256e-01
1.210608109831809998e-01
8.695580065250396729e-02
2.173892110586166382e-01
8.276123553514480591e-02
8.116436749696731567e-02
1.061046123504638672e-01
3.118471056222915649e-02
1.186129897832870483e-01
1.031122654676437378e-01
3.042034991085529327e-02
3.804954141378402710e-02
1.465216577053070068e-01
3.398174047470092773e-01
2.696541696786880493e-02
6.703976541757583618e-02
2.858387306332588196e-02
1.161740049719810486e-01
3.887163102626800537e-02
9.446818381547927856e-02
1.047026515007019043e-01
8.293364942073822021e-02
1.581146568059921265e-01
3.616774827241897583e-02
1.049702242016792297e-01
1.398032531142234802e-02
6.197114288806915283e-02
7.092162966728210449e-02
5.251728370785713196e-02
1.170377284288406372e-01
1.412025243043899536e-01
6.140537187457084656e-02
6.344237923622131348e-02
3.345553874969482422e-01
2.257683426141738892e-01
1.661496907472610474e-01
2.460198700428009033e-01
1.322553157806396484e-01
2.745175361633300781e-01
1.876875907182693481e-01
5.562844872474670410e-02
1.119214221835136414e-01
6.601096689701080322e-02
2.615918517112731934e-01
1.569550633430480957e-01
2.439789175987243652e-01
3.235773444175720215e-01
2.061302065849304199e-01
1.147018373012542725e-01
1.566481292247772217e-01
1.740695089101791382e-01
2.115883529186248779e-01
3.103909641504287720e-02
2.056940048933029175e-01
1.390935480594635010e-01
8.271038532257080078e-02
3.030186593532562256e-01
3.894807025790214539e-02
2.095222175121307373e-01
7.765594124794006348e-02
1.499757319688796997e-01
1.171343028545379639e-01
3.756424784660339355e-02
1.966182589530944824e-01
4.317099601030349731e-02
7.800062745809555054e-02
2.502410411834716797e-01
2.093131393194198608e-01
3.524500131607055664e-02
9.794876724481582642e-02
2.379774153232574463e-01
2.223519235849380493e-01
1.128833293914794922e-01
4.218016564846038818e-02
1.065541058778762817e-01
1.267754882574081421e-01
6.497392803430557251e-02
3.049345687031745911e-02
2.746018469333648682e-01
1.602952778339385986e-01
3.041191585361957550e-02
6.813280284404754639e-02
1.067529916763305664e-01
7.387399673461914062e-02
4.034869372844696045e-02
7.025034725666046143e-02
3.918921574950218201e-02
3.048471212387084961e-01
5.937445908784866333e-02
1.252831369638442993e-01
6.670229136943817139e-02
9.109935909509658813e-02
3.048762083053588867e-01
5.617042630910873413e-02
4.623616859316825867e-02
2.426569350063800812e-02
6.194924935698509216e-02
2.504153847694396973e-01
4.321906343102455139e-02
1.826977282762527466e-01
1.371627748012542725e-01
1.759533137083053589e-01
1.329383552074432373e-01
1.891063004732131958e-01
1.373873930424451828e-02
3.874012231826782227e-01
1.852593272924423218e-01
5.338499695062637329e-02
5.158129334449768066e-02
7.170065492391586304e-02
2.100870609283447266e-01
8.373022079467773438e-02
2.748689055442810059e-01
4.423219710588455200e-02
4.189151227474212646e-01
2.753604575991630554e-02
1.007678285241127014e-01
1.421432942152023315e-02
5.014739558100700378e-02
4.368279576301574707e-01
3.977939486503601074e-02
3.661536052823066711e-02
4.934969842433929443e-01
3.800175338983535767e-02
8.011376857757568359e-02
1.936126053333282471e-01
1.780291646718978882e-02
6.816121190786361694e-02
8.528883755207061768e-02
1.093331649899482727e-01
2.760253101587295532e-02
2.377118915319442749e-01
1.069849804043769836e-01
6.948813796043395996e-02
1.165211796760559082e-01
1.742388010025024414e-01
1.255779415369033813e-01
1.170796155929565430e-01
1.384016722440719604e-01
1.582178324460983276e-01
1.680350750684738159e-01
5.149230733513832092e-02
2.216631174087524414e-01
1.236908435821533203e-01
8.683414012193679810e-02
1.248751580715179443e-01
5.554891377687454224e-02
1.645332872867584229e-01
1.503845155239105225e-01
4.813200607895851135e-02
1.166141480207443237e-01
2.524905651807785034e-02
8.751908689737319946e-02
9.937573224306106567e-02
4.313018545508384705e-02
8.725408464670181274e-02
5.668992921710014343e-02
2.948547527194023132e-02
1.677829585969448090e-02
1.056384518742561340e-01
2.741270139813423157e-02
2.893352881073951721e-02
5.716492980718612671e-02
1.805602908134460449e-01
2.818429768085479736e-01
7.242050766944885254e-02
1.628063619136810303e-01
4.305460676550865173e-02
7.126675546169281006e-02
4.412393271923065186e-02
1.159272491931915283e-01
5.094994977116584778e-02
1.348445266485214233e-01
3.502218425273895264e-02
4.698203504085540771e-02
1.121251881122589111e-01
1.574287861585617065e-01
1.340619325637817383e-01
1.628543809056282043e-02
6.515079736709594727e-02
6.634180992841720581e-02
4.786476120352745056e-02
1.344643980264663696e-01
1.433048993349075317e-01
2.907415479421615601e-02
2.298706024885177612e-02
2.928183674812316895e-01
1.528616994619369507e-01
2.902031876146793365e-02
1.855507493019104004e-02
1.222238503396511078e-02
4.533124864101409912e-01
2.747841477394104004e-01
7.497563213109970093e-02
8.521666377782821655e-02
2.483837902545928955e-01
2.483105659484863281e-01
1.256650835275650024e-01
1.254352629184722900e-01
8.006828278303146362e-02
7.452770322561264038e-02
6.103571876883506775e-02
1.845777407288551331e-02
2.769303023815155029e-01
1.131900101900100708e-01
3.802951425313949585e-02
4.413525760173797607e-01
1.926607936620712280e-01
1.777918338775634766e-01
3.092805296182632446e-02
3.135453909635543823e-02
3.950952365994453430e-02
1.986064314842224121e-01
2.404633909463882446e-01
2.237898409366607666e-01
2.999615669250488281e-02
9.460688382387161255e-02
9.301026165485382080e-02
2.486542612314224243e-02
1.998272538185119629e-02
2.489507198333740234e-02
1.928978785872459412e-02
2.194367945194244385e-01
9.450934082269668579e-02
2.512640953063964844e-01
2.348372936248779297e-01
1.779027283191680908e-02
1.752630472183227539e-01
2.331709861755371094e-02
2.216880209743976593e-02
2.544360160827636719e-01
1.305161118507385254e-01
6.142458692193031311e-02
2.587063610553741455e-02
3.830256313085556030e-02
3.713694959878921509e-02
9.034524112939834595e-02
2.802900969982147217e-02
1.079363748431205750e-01
1.213098037987947464e-02
1.354509294033050537e-01
3.469529002904891968e-02
1.032650843262672424e-01
3.020223677158355713e-01
2.746941708028316498e-02
9.337504208087921143e-02
2.556976675987243652e-01
1.272869855165481567e-01
7.607914507389068604e-02
8.606705069541931152e-02
1.955590769648551941e-02
3.395669162273406982e-01
2.808237671852111816e-01
6.626819074153900146e-02
8.092580735683441162e-02
3.677926212549209595e-02
2.236192822456359863e-01
2.085242271423339844e-01
9.336517751216888428e-02
2.801220118999481201e-02
8.346885442733764648e-02
2.120996639132499695e-02
1.087918654084205627e-01
2.464037537574768066e-01
4.443611949682235718e-02
1.015471071004867554e-01
7.095684111118316650e-02
1.090410873293876648e-01
4.720624536275863647e-02
9.700460731983184814e-02
7.949989289045333862e-02
7.011327147483825684e-02
6.467239558696746826e-02
3.597836941480636597e-02
1.505803167819976807e-01
1.107538416981697083e-01
1.242949739098548889e-01
5.916886776685714722e-02
2.409279048442840576e-01
3.772368431091308594e-01
2.023191004991531372e-01
1.250924617052078247e-01
3.273037075996398926e-02
2.897622808814048767e-02
1.386289298534393311e-01
1.962236501276493073e-02
1.828381717205047607e-01
1.039590388536453247e-01
1.034764498472213745e-01
2.083619982004165649e-01
6.666737049818038940e-02
2.475376129150390625e-01
6.467119604349136353e-02
1.503149569034576416e-01
8.692295104265213013e-02
1.668941825628280640e-01
1.294206529855728149e-01
2.046279236674308777e-02
3.483977168798446655e-02
8.538043498992919922e-02
1.360516846179962158e-01
2.745015174150466919e-02
2.019279003143310547e-01
9.442634880542755127e-02
1.149598062038421631e-01
1.562156062573194504e-02
3.428094983100891113e-01
6.723766773939132690e-02
1.121284291148185730e-01
7.811171561479568481e-02
3.001642413437366486e-02
2.359357625246047974e-01
3.077019564807415009e-02
2.202375084161758423e-01
8.757959306240081787e-02
3.341692686080932617e-01
7.753872871398925781e-02
1.438227295875549316e-01
4.136612638831138611e-02
2.324710227549076080e-02
1.280031204223632812e-01
1.874337345361709595e-01
2.799121737480163574e-01
7.860074937343597412e-02
1.990396082401275635e-01
7.625441253185272217e-02
2.773670852184295654e-02
1.173883527517318726e-01
2.052803039550781250e-01
9.386066347360610962e-02
1.975869983434677124e-01
1.268453001976013184e-01
2.960722893476486206e-02
4.868176579475402832e-02
3.105003237724304199e-01
8.687084168195724487e-02
2.166329622268676758e-01
3.690449893474578857e-02
3.653940558433532715e-01
2.781709432601928711e-01
2.464070916175842285e-01
1.449822336435317993e-01
2.847306728363037109e-01
2.962864041328430176e-01
1.352831423282623291e-01
1.748335361480712891e-01
8.052237331867218018e-02
4.128842800855636597e-02
1.192353367805480957e-01
2.050126492977142334e-01
1.813825815916061401e-01
7.935401797294616699e-02
1.916002035140991211e-01
6.722436100244522095e-02
6.307637691497802734e-02
4.680331423878669739e-02
4.167040809988975525e-02
9.079486131668090820e-02
1.179363951086997986e-01
5.359156802296638489e-02
5.161791294813156128e-02
3.205969035625457764e-01
7.767517864704132080e-02
2.220045179128646851e-01
1.486216485500335693e-01
2.099398225545883179e-01
5.157141387462615967e-02
3.285929560661315918e-01
1.354982107877731323e-01
1.621090807020664215e-02
1.526204645633697510e-01
1.080325692892074585e-01
2.291737794876098633e-01
3.183685988187789917e-02
3.620181977748870850e-01
3.829605877399444580e-02
2.680868506431579590e-01
4.207960143685340881e-02
2.044740170240402222e-01
1.084105521440505981e-01
2.089983224868774414e-01
1.956230551004409790e-01
2.864609062671661377e-01
2.123590707778930664e-01
1.649928390979766846e-01
1.401633471250534058e-01
5.865962058305740356e-02
4.692375659942626953e-02
1.497085094451904297e-01
1.551352143287658691e-01
1.476030349731445312e-01
1.586675345897674561e-01
8.857043087482452393e-02
1.892816871404647827e-01
2.758985012769699097e-02
3.277702629566192627e-02
2.189140468835830688e-01
4.715463519096374512e-02
2.175456583499908447e-01
1.383313536643981934e-01
9.689683467149734497e-02
1.204751804471015930e-01
1.049809753894805908e-01
1.107894480228424072e-01
1.953476071357727051e-01
2.055417373776435852e-02
2.441801875829696655e-01
1.664417088031768799e-01
1.362804174423217773e-01
9.409369528293609619e-02
4.430603235960006714e-02
3.636946529150009155e-02
1.307205855846405029e-01
1.600983887910842896e-01
4.820968210697174072e-02
1.590467989444732666e-01
5.432761088013648987e-02
1.318461745977401733e-01
1.168266609311103821e-01
4.714627265930175781e-01
1.186884716153144836e-01
2.807059139013290405e-02
9.316734969615936279e-02
2.509258687496185303e-02
1.119409725069999695e-01
3.562096059322357178e-01
2.259523048996925354e-02
1.166776120662689209e-01
2.491184473037719727e-01
9.506259858608245850e-02
2.856209278106689453e-01
1.258365958929061890e-01
2.461753487586975098e-01
2.072604894638061523e-01
2.437291592359542847e-01
1.055878847837448120e-01
1.011700779199600220e-01
7.975504547357559204e-02
3.439486771821975708e-02
9.583289176225662231e-02
1.631688028573989868e-01
1.322379857301712036e-01
1.476410031318664551e-01
2.738654613494873047e-01
1.922863125801086426e-01
1.710196137428283691e-01
7.400783896446228027e-02
5.682183057069778442e-02
4.554124921560287476e-02
7.197012007236480713e-02
2.089252769947052002e-01
2.842641994357109070e-02
1.078304499387741089e-01
1.077042669057846069e-01
1.272868812084197998e-01
9.371985495090484619e-02
9.982809424400329590e-02
7.734496891498565674e-02
3.836371377110481262e-02
3.481529057025909424e-01
1.770695596933364868e-01
1.364179253578186035e-01
2.050186991691589355e-01
3.498755767941474915e-02
8.171067386865615845e-02
1.907606124877929688e-01
2.993159890174865723e-01
1.024893075227737427e-01
7.844030857086181641e-02
1.442028433084487915e-01
2.079803645610809326e-01
9.101071208715438843e-02
5.178111791610717773e-02
1.296976357698440552e-01
1.303857266902923584e-01
1.531767100095748901e-01
1.155560165643692017e-01
1.749295592308044434e-01
2.182285785675048828e-01
2.392174862325191498e-02
3.564977273344993591e-02
1.919109374284744263e-02
8.650201559066772461e-02
9.617327153682708740e-02
3.410350978374481201e-01
2.151304930448532104e-01
1.959634721279144287e-01
1.221683174371719360e-01
5.867540091276168823e-02
1.293822824954986572e-01
1.699697375297546387e-01
2.949808537960052490e-02
6.530819833278656006e-02
1.270714253187179565e-01
8.364287018775939941e-02
5.313999205827713013e-02
1.360762566328048706e-01
9.152010083198547363e-02
1.370587795972824097e-01
3.956061005592346191e-01
6.497949361801147461e-02
1.619672030210494995e-01
4.312073588371276855e-01
1.107842773199081421e-01
3.838083520531654358e-02
1.610975265502929688e-01
3.539094030857086182e-01
6.612269580364227295e-02
3.406702727079391479e-02
4.694719612598419189e-02
6.384769827127456665e-02
1.294145435094833374e-01
1.398334205150604248e-01
6.529986113309860229e-02
6.525705009698867798e-02
1.375426054000854492e-01
1.106755062937736511e-01
1.199027672410011292e-01
8.031222969293594360e-02
1.134962886571884155e-01
5.286253616213798523e-02
2.178244888782501221e-01
7.166610658168792725e-02
1.074487417936325073e-01
2.604647278785705566e-01
1.779378056526184082e-01
1.341676115989685059e-01
3.014039620757102966e-02
1.557175964117050171e-01
1.743170320987701416e-01
2.376132607460021973e-01
8.804779499769210815e-02
9.608794748783111572e-02
5.253420397639274597e-02
1.984288543462753296e-01
2.000922113656997681e-01
7.311327755451202393e-02
3.837542608380317688e-02
1.461473554372787476e-01
1.027929633855819702e-01
5.954068154096603394e-02
1.244606599211692810e-01
1.562836170196533203e-01
1.330599486827850342e-01
5.819790065288543701e-02
1.005427539348602295e-01
3.044700622558593750e-02
1.435766220092773438e-01
2.696112394332885742e-01
9.902948141098022461e-02
3.369430080056190491e-02
1.069884523749351501e-01
9.797480702400207520e-02
2.705594301223754883e-01
3.587103486061096191e-01
4.174775630235671997e-02
1.125988960266113281e-01
4.451465234160423279e-02
7.569974660873413086e-02
7.543401420116424561e-02
5.083429068326950073e-02
1.299960613250732422e-01
2.533264160156250000e-01
1.006391942501068115e-01
1.099041029810905457e-01
1.601200252771377563e-01
1.737351715564727783e-01
3.394958376884460449e-02
1.877657473087310791e-01
1.149584650993347168e-01
6.006982177495956421e-02
1.681037545204162598e-01
3.063129186630249023e-01
6.282891333103179932e-02
1.367033421993255615e-01
6.776873022317886353e-02
1.977560222148895264e-01
1.998390629887580872e-02
3.928118385374546051e-03
