6.413612365722656250e-01
4.821678102016448975e-01
4.278180003166198730e-01
2.770892977714538574e-01
5.091266632080078125e-01
4.634466171264648438e-01
2.037143707275390625e-01
5.103667378425598145e-01
4.249250590801239014e-01
4.077858924865722656e-01
3.138909041881561279e-01
2.862566113471984863e-01
4.980894327163696289e-01
4.285888075828552246e-01
2.373064011335372925e-01
4.696311056613922119e-01
3.111839592456817627e-01
4.773787856101989746e-01
1.661588847637176514e-01
1.139331609010696411e-01
1.358770132064819336e-01
2.185373902320861816e-01
6.069778800010681152e-01
1.927327215671539307e-01
4.355633258819580078e-01
4.520368874073028564e-01
3.078901171684265137e-01
2.667285203933715820e-01
4.676035344600677490e-01
4.702075719833374023e-01
4.212940931320190430e-01
3.101823031902313232e-01
2.533502578735351562e-01
4.436970949172973633e-01
2.069453746080398560e-01
3.118167221546173096e-01
4.364328384399414062e-01
3.915773630142211914e-01
2.446382343769073486e-01
2.893435359001159668e-01
2.771133780479431152e-01
2.213757634162902832e-01
5.647859573364257812e-01
2.753011584281921387e-01
5.128701925277709961e-01
4.327576756477355957e-01
2.900335490703582764e-01
2.155058532953262329e-01
4.563707113265991211e-01
3.927294313907623291e-01
1.846178174018859863e-01
2.690983712673187256e-01
4.545235633850097656e-01
5.594316720962524414e-01
2.447237670421600342e-01
1.677271872758865356e-01
3.211001157760620117e-01
2.936108708381652832e-01
3.919168412685394287e-01
3.984689712524414062e-01
5.036079883575439453e-01
2.880330681800842285e-01
2.321220934391021729e-01
1.636697053909301758e-01
2.225709855556488037e-01
4.741182029247283936e-01
3.336667418479919434e-01
5.627890825271606445e-01
3.791002929210662842e-01
3.232344090938568115e-01
2.128761857748031616e-01
3.871395587921142578e-01
1.759074628353118896e-01
4.111269116401672363e-01
4.368002414703369141e-01
2.905021905899047852e-01
4.127107858657836914e-01
3.122757673263549805e-01
5.206556320190429688e-01
3.025739789009094238e-01
3.546616435050964355e-01
4.985013008117675781e-01
3.646045327186584473e-01
5.167561769485473633e-01
6.342560648918151855e-01
3.676834702491760254e-01
6.197417378425598145e-01
3.737999200820922852e-01
2.707898616790771484e-01
5.065008401870727539e-01
5.147435665130615234e-01
2.373155057430267334e-01
3.858984112739562988e-01
3.315840363502502441e-01
3.048329353332519531e-01
2.646987438201904297e-01
2.876686453819274902e-01
2.809061110019683838e-01
3.088963627815246582e-01
2.474898695945739746e-01
2.628842592239379883e-01
3.052273392677307129e-01
3.910987973213195801e-01
1.632982492446899414e-01
3.851484060287475586e-01
3.103936314582824707e-01
3.411961793899536133e-01
2.289611250162124634e-01
2.411604374647140503e-01
3.032168149948120117e-01
5.317891240119934082e-01
2.910915017127990723e-01
5.471612811088562012e-01
4.589294791221618652e-01
1.642420291900634766e-01
3.742575943470001221e-01
3.366469740867614746e-01
5.795425176620483398e-01
3.432365655899047852e-01
2.706507444381713867e-01
4.623386859893798828e-01
3.618501722812652588e-01
3.365578651428222656e-01
6.506708860397338867e-01
3.533364236354827881e-01
3.772834539413452148e-01
2.049260437488555908e-01
2.526936233043670654e-01
5.900852680206298828e-01
9.448605030775070190e-02
3.386313319206237793e-01
2.366383969783782959e-01
2.720363140106201172e-01
2.310113608837127686e-01
2.336168587207794189e-01
3.793031275272369385e-01
3.790737688541412354e-01
1.699329167604446411e-01
4.876409769058227539e-01
4.820351004600524902e-01
5.574995279312133789e-01
2.493409663438796997e-01
3.593953847885131836e-01
4.934204220771789551e-01
5.007817149162292480e-01
2.687377333641052246e-01
1.053727194666862488e-01
2.663707435131072998e-01
3.987147212028503418e-01
2.864687442779541016e-01
3.468903303146362305e-01
1.100343391299247742e-01
5.808581113815307617e-01
2.863730192184448242e-01
1.877521574497222900e-01
2.259326279163360596e-01
4.365444779396057129e-01
1.400819271802902222e-01
2.660777866840362549e-01
5.277500152587890625e-01
2.517450153827667236e-01
3.462531864643096924e-01
2.631047368049621582e-01
3.047593533992767334e-01
3.989892303943634033e-01
3.031415343284606934e-01
2.142010331153869629e-01
5.084625482559204102e-01
2.029316723346710205e-01
3.125190436840057373e-01
2.642819881439208984e-01
3.472222685813903809e-01
1.063658148050308228e-01
5.967470407485961914e-01
2.357695996761322021e-01
3.086586892604827881e-01
5.724496841430664062e-01
3.040221333503723145e-01
2.635562121868133545e-01
2.830123901367187500e-01
2.328203618526458740e-01
4.929654896259307861e-01
3.951340913772583008e-01
2.750810682773590088e-01
3.532589673995971680e-01
3.942859768867492676e-01
4.514923691749572754e-01
2.544402480125427246e-01
3.139458894729614258e-01
4.314457178115844727e-01
3.254252672195434570e-01
3.695482313632965088e-01
3.417329788208007812e-01
3.666633367538452148e-01
2.359664142131805420e-01
2.076054215431213379e-01
1.199635416269302368e-01
3.254047334194183350e-01
2.404067516326904297e-01
5.066584348678588867e-01
3.235142230987548828e-01
3.112985491752624512e-01
2.130132466554641724e-01
4.345058202743530273e-01
2.326539307832717896e-01
3.233566880226135254e-01
2.971042096614837646e-01
2.044210731983184814e-01
2.414054870605468750e-01
2.647892534732818604e-01
2.730832695960998535e-01
4.830591082572937012e-01
3.086759150028228760e-01
3.257693648338317871e-01
1.188090145587921143e-01
1.861141324043273926e-01
1.821050643920898438e-01
3.036865890026092529e-01
4.933923482894897461e-01
3.947217166423797607e-01
2.576809525489807129e-01
5.454132556915283203e-01
3.728830218315124512e-01
1.043686792254447937e-01
1.792335063219070435e-01
2.926830351352691650e-01
3.645557761192321777e-01
2.521836161613464355e-01
2.858821153640747070e-01
1.182227656245231628e-01
2.329120635986328125e-01
3.189647793769836426e-01
2.437486648559570312e-01
4.970609545707702637e-01
2.334664762020111084e-01
2.759052813053131104e-01
2.224295884370803833e-01
1.879644989967346191e-01
1.694528460502624512e-01
2.964361906051635742e-01
2.623379528522491455e-01
2.499150484800338745e-01
5.513186454772949219e-01
2.351700961589813232e-01
4.733306765556335449e-01
2.462000548839569092e-01
3.140577375888824463e-01
2.498278915882110596e-01
4.080148935317993164e-01
2.423128485679626465e-01
2.454886138439178467e-01
1.551619023084640503e-01
6.741901636123657227e-01
3.048703074455261230e-01
5.058155059814453125e-01
2.882594168186187744e-01
2.431675940752029419e-01
4.883199632167816162e-01
4.685191512107849121e-01
2.732350528240203857e-01
2.667920589447021484e-01
3.703303337097167969e-01
4.379398226737976074e-01
5.056895017623901367e-01
4.783286154270172119e-01
2.415070235729217529e-01
2.540474534034729004e-01
4.480087161064147949e-01
5.330038666725158691e-01
2.699437737464904785e-01
2.360586225986480713e-01
6.203675270080566406e-01
4.887775480747222900e-01
2.597345113754272461e-01
4.706731140613555908e-01
2.159764319658279419e-01
3.453523516654968262e-01
2.144291847944259644e-01
3.810252547264099121e-01
6.038781404495239258e-01
2.419154345989227295e-01
2.777838706970214844e-01
3.040701150894165039e-01
6.466544270515441895e-01
3.754293620586395264e-01
3.870225846767425537e-01
2.197472453117370605e-01
2.999462187290191650e-01
3.753085434436798096e-01
2.954170107841491699e-01
1.981648057699203491e-01
4.667792022228240967e-01
4.092010855674743652e-01
5.492133498191833496e-01
2.964468300342559814e-01
1.773641705513000488e-01
3.933962583541870117e-01
4.522985517978668213e-01
2.973385453224182129e-01
3.698852658271789551e-01
4.393650293350219727e-01
2.453008890151977539e-01
2.241050004959106445e-01
1.234580874443054199e-01
7.034651637077331543e-01
6.173041462898254395e-01
4.462791681289672852e-01
1.677188873291015625e-01
2.562537789344787598e-01
5.734038352966308594e-01
3.757903277873992920e-01
2.114204615354537964e-01
3.252553343772888184e-01
1.533918231725692749e-01
3.250933289527893066e-01
4.444005787372589111e-01
2.720407843589782715e-01
2.350851893424987793e-01
1.857869625091552734e-01
3.251209855079650879e-01
3.645213842391967773e-01
2.976930737495422363e-01
2.494858652353286743e-01
3.208150267601013184e-01
6.627902984619140625e-01
2.853993773460388184e-01
3.270035982131958008e-01
1.875116527080535889e-01
4.307140111923217773e-01
2.547269463539123535e-01
4.186906814575195312e-01
3.004813790321350098e-01
1.418437361717224121e-01
4.434182345867156982e-01
5.152752399444580078e-01
2.242716252803802490e-01
5.396135449409484863e-01
3.887946605682373047e-01
3.693153560161590576e-01
4.278277456760406494e-01
3.472814559936523438e-01
5.888242721557617188e-01
2.522970139980316162e-01
4.602227807044982910e-01
3.891573548316955566e-01
1.810645908117294312e-01
3.075622320175170898e-01
4.999224841594696045e-01
3.157663047313690186e-01
6.139668822288513184e-01
3.923334479331970215e-01
1.792911589145660400e-01
2.848264873027801514e-01
3.709410727024078369e-01
4.148676097393035889e-01
2.726796567440032959e-01
2.318658828735351562e-01
1.375873088836669922e-01
3.088730275630950928e-01
1.991442143917083740e-01
4.184333980083465576e-01
3.249372243881225586e-01
4.473441839218139648e-01
1.921992748975753784e-01
4.656541049480438232e-01
2.680997252464294434e-01
2.872678637504577637e-01
3.354592323303222656e-01
2.987279295921325684e-01
4.080738723278045654e-01
1.716082096099853516e-01
2.326585352420806885e-01
1.543221175670623779e-01
2.595044374465942383e-01
2.271829247474670410e-01
3.666316270828247070e-01
3.857902586460113525e-01
5.820914506912231445e-01
1.008080244064331055e-01
4.247513711452484131e-01
2.708226442337036133e-01
2.895217239856719971e-01
4.031357169151306152e-01
3.871838152408599854e-01
2.790430784225463867e-01
3.254254460334777832e-01
4.104158282279968262e-01
3.743100166320800781e-01
2.666186690330505371e-01
3.528214097023010254e-01
5.403677225112915039e-01
3.892369270324707031e-01
3.748223483562469482e-01
4.795113205909729004e-01
2.538014650344848633e-01
4.987410604953765869e-01
3.687518835067749023e-01
2.530581951141357422e-01
7.588645219802856445e-01
5.160340070724487305e-01
4.273744225502014160e-01
3.221729397773742676e-01
2.770882248878479004e-01
1.492942273616790771e-01
3.171398639678955078e-01
4.122151732444763184e-01
3.315421044826507568e-01
3.145310878753662109e-01
2.323458939790725708e-01
3.872650265693664551e-01
1.707614958286285400e-01
4.024218916893005371e-01
2.914652526378631592e-01
2.862732708454132080e-01
3.905496001243591309e-01
6.861450076103210449e-01
3.315874338150024414e-01
6.728692650794982910e-01
3.772745728492736816e-01
1.792715191841125488e-01
1.743133664131164551e-01
8.087001740932464600e-02
3.876722753047943115e-01
5.309190750122070312e-01
3.838397264480590820e-01
2.587648034095764160e-01
2.251719385385513306e-01
5.884135961532592773e-01
2.666029930114746094e-01
4.403796792030334473e-01
1.876269876956939697e-01
3.698074817657470703e-01
3.440502583980560303e-01
3.973958194255828857e-01
2.578861117362976074e-01
4.001753926277160645e-01
4.166816473007202148e-01
1.600205153226852417e-01
1.730447262525558472e-01
5.028108358383178711e-01
8.843903988599777222e-02
4.042595028877258301e-01
2.178682982921600342e-01
3.268278241157531738e-01
3.919792771339416504e-01
1.569937467575073242e-01
4.221293032169342041e-01
1.176205873489379883e-01
4.291979074478149414e-01
1.372985690832138062e-01
1.829117238521575928e-01
6.702950000762939453e-01
1.762170493602752686e-01
5.102291107177734375e-01
1.293479055166244507e-01
2.985038459300994873e-01
3.218457102775573730e-01
2.647834122180938721e-01
4.064858555793762207e-01
3.164735734462738037e-01
3.256882727146148682e-01
3.056307435035705566e-01
3.015049993991851807e-01
2.605998814105987549e-01
2.924212217330932617e-01
5.855425596237182617e-01
3.961083590984344482e-01
3.174658119678497314e-01
2.849175631999969482e-01
1.907842457294464111e-01
4.625992774963378906e-01
4.025028347969055176e-01
3.015360832214355469e-01
4.061051607131958008e-01
3.584895730018615723e-01
5.585098266601562500e-01
3.111138939857482910e-01
1.528901904821395874e-01
1.786725074052810669e-01
1.951363533735275269e-01
3.675524294376373291e-01
5.259956121444702148e-01
2.410727441310882568e-01
4.582641124725341797e-01
3.084925711154937744e-01
2.399331331253051758e-01
7.091548442840576172e-01
2.298393547534942627e-01
4.734574556350708008e-01
1.815642416477203369e-01
3.299424648284912109e-01
4.991855323314666748e-01
4.359029531478881836e-01
3.000207841396331787e-01
4.986308813095092773e-01
5.926038026809692383e-01
4.184549748897552490e-01
3.717729747295379639e-01
2.447412908077239990e-01
3.894407153129577637e-01
3.605065643787384033e-01
2.823686599731445312e-01
3.515121340751647949e-01
3.714341819286346436e-01
2.911634445190429688e-01
2.856370806694030762e-01
4.344978928565979004e-01
3.271374106407165527e-01
3.447355628013610840e-01
3.870768547058105469e-01
3.831293284893035889e-01
2.958463430404663086e-01
2.998784482479095459e-01
3.517594337463378906e-01
2.413238286972045898e-01
3.404696583747863770e-01
2.386386394500732422e-01
2.349140793085098267e-01
3.714707791805267334e-01
2.917141616344451904e-01
3.907294273376464844e-01
5.096657276153564453e-01
2.667478919029235840e-01
3.010874390602111816e-01
2.111996114253997803e-01
3.431270718574523926e-01
2.428622841835021973e-01
3.787350058555603027e-01
4.473409652709960938e-01
3.955397605895996094e-01
3.091626465320587158e-01
2.489644438028335571e-01
1.713381856679916382e-01
2.545214891433715820e-01
6.613435745239257812e-01
2.241790592670440674e-01
2.413180768489837646e-01
4.078138470649719238e-01
2.113214135169982910e-01
3.186530470848083496e-01
3.689848184585571289e-01
2.899138331413269043e-01
2.454229295253753662e-01
1.469772607088088989e-01
4.517703652381896973e-01
1.977769136428833008e-01
4.692789316177368164e-01
2.984006404876708984e-01
3.289619088172912598e-01
3.449585437774658203e-01
4.339849352836608887e-01
3.694225549697875977e-01
3.107151091098785400e-01
2.709363102912902832e-01
3.843393325805664062e-01
1.610065996646881104e-01
3.598579466342926025e-01
3.201199173927307129e-01
2.619929313659667969e-01
2.257086932659149170e-01
3.215764760971069336e-01
4.221825599670410156e-01
2.201480269432067871e-01
3.409259617328643799e-01
4.649943411350250244e-01
2.749250531196594238e-01
2.963588535785675049e-01
2.955588102340698242e-01
4.691741466522216797e-01
3.746410608291625977e-01
4.669134020805358887e-01
3.364365696907043457e-01
2.277556061744689941e-01
2.208887636661529541e-01
4.258053004741668701e-01
4.233204722404479980e-01
5.235807299613952637e-01
1.969146728515625000e-01
3.359566330909729004e-01
2.398198544979095459e-01
4.242764711380004883e-01
4.713110625743865967e-01
4.759447276592254639e-01
3.119699358940124512e-01
2.255685329437255859e-01
3.908323049545288086e-01
3.144799470901489258e-01
4.510563015937805176e-01
1.750140786170959473e-01
2.219875752925872803e-01
3.206440508365631104e-01
2.942013144493103027e-01
4.105748832225799561e-01
2.701606452465057373e-01
7.124773859977722168e-01
3.405165076255798340e-01
2.759874165058135986e-01
4.388139545917510986e-01
2.937394082546234131e-01
4.684879183769226074e-01
2.119294852018356323e-01
3.657729327678680420e-01
6.083240509033203125e-01
3.052833378314971924e-01
3.361895084381103516e-01
2.271878868341445923e-01
3.535780906677246094e-01
3.820542693138122559e-01
4.793223142623901367e-01
6.259501576423645020e-01
2.465517967939376831e-01
3.348845839500427246e-01
4.365456104278564453e-01
4.354569017887115479e-01
4.619280695915222168e-01
4.654706120491027832e-01
2.727293372154235840e-01
2.719725668430328369e-01
2.917186021804809570e-01
2.350265085697174072e-01
2.847011685371398926e-01
3.155072331428527832e-01
2.918483614921569824e-01
1.173672825098037720e-01
4.886461496353149414e-01
2.779310047626495361e-01
2.709717452526092529e-01
7.643873095512390137e-01
5.444985628128051758e-01
3.807597756385803223e-01
3.021171987056732178e-01
4.065590500831604004e-01
5.640000700950622559e-01
4.891162812709808350e-01
1.964104026556015015e-01
2.665560841560363770e-01
1.644344925880432129e-01
3.119936585426330566e-01
2.783145308494567871e-01
5.023825764656066895e-01
6.756932735443115234e-01
6.927084922790527344e-01
2.364164143800735474e-01
3.270431756973266602e-01
2.369921505451202393e-01
2.980601191520690918e-01
2.385733425617218018e-01
2.840976119041442871e-01
3.832173943519592285e-01
2.934102714061737061e-01
4.193985462188720703e-01
2.149499654769897461e-01
4.275874793529510498e-01
1.524204760789871216e-01
2.761982679367065430e-01
3.725839555263519287e-01
4.550160765647888184e-01
3.836141228675842285e-01
4.700170457363128662e-01
3.604397177696228027e-01
4.201236367225646973e-01
3.419521152973175049e-01
5.049397349357604980e-01
1.802516877651214600e-01
2.514788508415222168e-01
3.617032170295715332e-01
3.038979768753051758e-01
5.984631180763244629e-01
1.901393085718154907e-01
4.832061827182769775e-01
2.762326896190643311e-01
3.815614283084869385e-01
4.301687479019165039e-01
6.246877312660217285e-01
5.037743449211120605e-01
2.694770991802215576e-01
2.171387374401092529e-01
3.017489910125732422e-01
3.665747046470642090e-01
3.198192417621612549e-01
2.533721923828125000e-01
2.552628517150878906e-01
3.037626445293426514e-01
2.340507805347442627e-01
5.196484923362731934e-01
3.208679258823394775e-01
4.483136236667633057e-01
2.852139472961425781e-01
3.697085678577423096e-01
3.810007572174072266e-01
1.487908065319061279e-01
5.901551842689514160e-01
4.491712152957916260e-01
3.091726303100585938e-01
3.072772622108459473e-01
3.726396560668945312e-01
2.183305919170379639e-01
1.330065727233886719e-01
5.402156114578247070e-01
4.197629094123840332e-01
5.606180429458618164e-01
5.309127569198608398e-01
2.290264666080474854e-01
2.114714980125427246e-01
3.216205239295959473e-01
5.724362134933471680e-01
3.928512930870056152e-01
3.497751057147979736e-01
4.738290309906005859e-01
2.330348491668701172e-01
4.024799168109893799e-01
5.131915211677551270e-01
6.685932278633117676e-01
2.671246528625488281e-01
4.961687028408050537e-01
3.038896322250366211e-01
3.711521625518798828e-01
2.589252591133117676e-01
4.978446960449218750e-01
4.202494621276855469e-01
4.164795279502868652e-01
2.246833443641662598e-01
5.731992721557617188e-01
3.025359809398651123e-01
2.673861682415008545e-01
2.300439476966857910e-01
2.906949818134307861e-01
3.998395204544067383e-01
4.042218923568725586e-01
2.879799604415893555e-01
3.741429448127746582e-01
4.020065665245056152e-01
2.936987280845642090e-01
4.268292784690856934e-01
2.904736995697021484e-01
3.874945342540740967e-01
3.558248579502105713e-01
2.597977519035339355e-01
5.138569474220275879e-01
3.842233419418334961e-01
3.497315347194671631e-01
3.070091009140014648e-01
1.924574822187423706e-01
2.356946617364883423e-01
4.266800582408905029e-01
2.010312974452972412e-01
3.394181430339813232e-01
1.715628504753112793e-01
3.461449742317199707e-01
4.489967226982116699e-01
3.757530450820922852e-01
2.196893692016601562e-01
1.418649405241012573e-01
2.528083920478820801e-01
3.889975547790527344e-01
2.066293209791183472e-01
3.968002200126647949e-01
3.100867271423339844e-01
3.334103822708129883e-01
2.446344494819641113e-01
1.883870363235473633e-01
3.603460490703582764e-01
5.603843927383422852e-01
3.055329322814941406e-01
2.375743985176086426e-01
4.047182500362396240e-01
3.031503856182098389e-01
3.944115340709686279e-01
4.632595181465148926e-01
3.569799661636352539e-01
4.929914474487304688e-01
5.032365918159484863e-01
3.063007593154907227e-01
2.351852655410766602e-01
4.717928171157836914e-01
4.516660571098327637e-01
3.399829268455505371e-01
2.704196870326995850e-01
4.306664168834686279e-01
3.355026245117187500e-01
3.439731597900390625e-01
3.440638780593872070e-01
1.421405524015426636e-01
3.169575929641723633e-01
2.020083814859390259e-01
4.152718186378479004e-01
1.907940804958343506e-01
3.807065486907958984e-01
1.782950311899185181e-01
3.875215053558349609e-01
4.131664335727691650e-01
3.641389608383178711e-01
2.775968611240386963e-01
3.673104345798492432e-01
2.209779024124145508e-01
2.066507637500762939e-01
3.938466608524322510e-01
5.247111320495605469e-01
3.811176419258117676e-01
2.946386039257049561e-01
4.806050062179565430e-01
4.441808462142944336e-01
2.938081324100494385e-01
4.110408425331115723e-01
3.589518666267395020e-01
3.627837896347045898e-01
4.797308444976806641e-01
4.311009049415588379e-01
4.321701526641845703e-01
4.314538240432739258e-01
2.557630240917205811e-01
2.325417697429656982e-01
2.401110231876373291e-01
5.812069177627563477e-01
2.586273849010467529e-01
4.177348017692565918e-01
1.470357775688171387e-01
3.548346757888793945e-01
1.167643740773200989e-01
2.216778099536895752e-01
2.381745427846908569e-01
3.540065884590148926e-01
5.754791498184204102e-01
3.154969215393066406e-01
2.932832837104797363e-01
3.697285950183868408e-01
2.913803756237030029e-01
4.743645787239074707e-01
3.414664864540100098e-01
3.048887848854064941e-01
5.088122487068176270e-01
4.496491551399230957e-01
3.695064783096313477e-01
1.151160895824432373e-01
3.153763413429260254e-01
1.952283680438995361e-01
5.103535652160644531e-01
3.281244039535522461e-01
3.504922986030578613e-01
3.125351071357727051e-01
1.995253860950469971e-01
3.390055298805236816e-01
2.170991003513336182e-01
1.783408522605895996e-01
2.752838730812072754e-01
3.139146864414215088e-01
3.910794854164123535e-01
3.723719120025634766e-01
2.977979183197021484e-01
5.520392656326293945e-01
3.106565475463867188e-01
3.544922471046447754e-01
4.829171001911163330e-01
1.249428316950798035e-01
1.990287005901336670e-01
4.789257943630218506e-01
3.674981594085693359e-01
2.477695494890213013e-01
3.155283331871032715e-01
3.715226650238037109e-01
3.872509598731994629e-01
2.555190324783325195e-01
1.824780404567718506e-01
4.565538763999938965e-01
1.870356798171997070e-01
3.781494498252868652e-01
3.282113671302795410e-01
1.333602219820022583e-01
1.220728531479835510e-01
4.648737311363220215e-01
4.062417447566986084e-01
3.851669728755950928e-01
3.042791485786437988e-01
4.147351384162902832e-01
1.498931944370269775e-01
5.749717354774475098e-01
2.972387671470642090e-01
3.001091480255126953e-01
1.567678600549697876e-01
7.265165448188781738e-01
3.591954112052917480e-01
3.077166080474853516e-01
2.344574779272079468e-01
3.637078404426574707e-01
3.189236819744110107e-01
2.801979780197143555e-01
2.967943549156188965e-01
3.042316138744354248e-01
3.940532207489013672e-01
2.899821996688842773e-01
2.520045638084411621e-01
3.114935159683227539e-01
2.913666367530822754e-01
3.624599277973175049e-01
2.649163603782653809e-01
3.238235116004943848e-01
3.057989776134490967e-01
2.814896702766418457e-01
4.934405386447906494e-01
3.026988506317138672e-01
4.323682188987731934e-01
3.123171329498291016e-01
3.358808457851409912e-01
4.639602303504943848e-01
4.218783676624298096e-01
2.933521568775177002e-01
3.853434324264526367e-01
4.413476586341857910e-01
4.158097505569458008e-01
4.125711321830749512e-01
2.271638363599777222e-01
3.850938081741333008e-01
1.523260325193405151e-01
5.075321197509765625e-01
5.203810930252075195e-01
4.235368967056274414e-01
3.076342940330505371e-01
3.401606678962707520e-01
2.463862001895904541e-01
5.120056271553039551e-01
3.852138519287109375e-01
1.537090688943862915e-01
2.378346025943756104e-01
1.334029734134674072e-01
2.512941360473632812e-01
1.774623692035675049e-01
3.511678278446197510e-01
3.559015989303588867e-01
4.327906370162963867e-01
1.635368466377258301e-01
4.525620341300964355e-01
2.727482914924621582e-01
6.304192543029785156e-01
3.316181004047393799e-01
3.645801544189453125e-01
2.847426533699035645e-01
2.554380893707275391e-01
2.606619000434875488e-01
2.295099496841430664e-01
2.122014611959457397e-01
1.906692385673522949e-01
3.019114434719085693e-01
2.184124588966369629e-01
3.225616514682769775e-01
3.921985030174255371e-01
4.746579825878143311e-01
2.821006476879119873e-01
8.367522358894348145e-01
2.912136316299438477e-01
4.719541668891906738e-01
3.022180497646331787e-01
4.762217402458190918e-01
1.792312562465667725e-01
2.376561164855957031e-01
4.495698809623718262e-01
3.749535083770751953e-01
4.731473922729492188e-01
5.802727341651916504e-01
5.760608911514282227e-01
2.514952421188354492e-01
3.137480616569519043e-01
2.366844266653060913e-01
3.799627721309661865e-01
3.412536382675170898e-01
2.820164561271667480e-01
2.532664239406585693e-01
2.509968280792236328e-01
2.962511777877807617e-01
2.763439416885375977e-01
1.554669439792633057e-01
2.611321210861206055e-01
5.525697469711303711e-01
2.873089313507080078e-01
3.265916705131530762e-01
3.520344495773315430e-01
2.384614348411560059e-01
3.870915174484252930e-01
5.744608044624328613e-01
2.377391755580902100e-01
3.526946306228637695e-01
5.959331989288330078e-01
4.171643555164337158e-01
5.949633121490478516e-01
2.523921132087707520e-01
3.576489090919494629e-01
4.613988697528839111e-01
2.461302578449249268e-01
2.343274950981140137e-01
5.769224166870117188e-01
5.612670779228210449e-01
4.402348399162292480e-01
4.119683206081390381e-01
3.115199208259582520e-01
2.307702898979187012e-01
3.158075213432312012e-01
3.254495561122894287e-01
2.656922340393066406e-01
4.006280899047851562e-01
3.361752033233642578e-01
4.841080605983734131e-01
3.406667113304138184e-01
3.066485822200775146e-01
3.852848410606384277e-01
2.588233649730682373e-01
4.310243129730224609e-01
3.129079937934875488e-01
3.705926537513732910e-01
3.308901786804199219e-01
3.712260723114013672e-01
2.678467929363250732e-01
2.387952804565429688e-01
2.571513950824737549e-01
2.515120804309844971e-01
3.656749725341796875e-01
5.389493107795715332e-01
2.409864217042922974e-01
4.302508533000946045e-01
4.582167565822601318e-01
2.303022146224975586e-01
1.644432991743087769e-01
2.017473876476287842e-01
2.749773263931274414e-01
3.215222358703613281e-01
2.009291052818298340e-01
1.571573466062545776e-01
1.497865915298461914e-01
3.029558062553405762e-01
5.205965638160705566e-01
3.896505832672119141e-01
2.062121331691741943e-01
2.891448736190795898e-01
4.894727468490600586e-01
6.834809780120849609e-01
2.751440703868865967e-01
2.602660357952117920e-01
3.876000344753265381e-01
2.064563184976577759e-01
2.626026868820190430e-01
3.213758468627929688e-01
2.810575962066650391e-01
3.076290488243103027e-01
1.819655448198318481e-01
4.258390665054321289e-01
4.210141003131866455e-01
5.005002021789550781e-01
3.015171289443969727e-01
3.130153715610504150e-01
2.655257284641265869e-01
2.233539968729019165e-01
3.293356299400329590e-01
3.537975549697875977e-01
3.112446069717407227e-01
5.026565790176391602e-01
2.185924649238586426e-01
6.159867644309997559e-01
4.365472197532653809e-01
5.753635168075561523e-01
5.274089574813842773e-01
4.775863885879516602e-01
3.769171833992004395e-01
2.650438845157623291e-01
2.718062102794647217e-01
2.144140005111694336e-01
3.204418420791625977e-01
5.446949601173400879e-01
1.124452799558639526e-01
3.301222324371337891e-01
4.295610785484313965e-01
2.838577330112457275e-01
5.504951477050781250e-01
3.102370202541351318e-01
3.433029055595397949e-01
5.240453481674194336e-01
3.565778434276580811e-01
3.434844613075256348e-01
6.084948778152465820e-01
4.319176077842712402e-01
3.701396882534027100e-01
2.241539210081100464e-01
2.436880320310592651e-01
2.395562082529067993e-01
3.628652095794677734e-01
4.473988413810729980e-01
2.599436044692993164e-01
2.342495322227478027e-01
2.384440451860427856e-01
3.445318639278411865e-01
4.246338009834289551e-01
3.750965893268585205e-01
2.526425123214721680e-01
2.570347785949707031e-01
6.420891284942626953e-01
1.154443621635437012e-01
1.931369155645370483e-01
3.067120909690856934e-01
4.561506807804107666e-01
5.870733261108398438e-01
4.589618444442749023e-01
6.981507539749145508e-01
4.311630427837371826e-01
1.507397294044494629e-01
6.387765407562255859e-01
4.777156114578247070e-01
3.779477775096893311e-01
1.508972346782684326e-01
5.825313329696655273e-01
2.326266467571258545e-01
2.890824079513549805e-01
3.475929498672485352e-01
2.581450939178466797e-01
2.357660531997680664e-01
2.573933601379394531e-01
2.482056915760040283e-01
1.687376797199249268e-01
4.812917113304138184e-01
6.015816926956176758e-01
3.110939264297485352e-01
2.644991874694824219e-01
1.597595959901809692e-01
2.203521728515625000e-01
2.286574095487594604e-01
1.551847755908966064e-01
3.532460033893585205e-01
4.957964718341827393e-01
1.803914010524749756e-01
4.175077080726623535e-01
3.492028117179870605e-01
4.247520864009857178e-01
2.429280132055282593e-01
3.018787503242492676e-01
3.173550069332122803e-01
2.842208445072174072e-01
1.811705976724624634e-01
3.995190858840942383e-01
2.983137965202331543e-01
3.525336682796478271e-01
3.177754580974578857e-01
2.078195065259933472e-01
2.378689497709274292e-01
1.839909255504608154e-01
2.751424014568328857e-01
8.437431603670120239e-02
3.702876865863800049e-01
3.477523028850555420e-01
2.991881072521209717e-01
4.087702333927154541e-01
2.728057503700256348e-01
2.120814621448516846e-01
3.151756227016448975e-01
2.977536916732788086e-01
2.177052497863769531e-01
5.779690146446228027e-01
4.318660497665405273e-01
4.278943240642547607e-01
3.391937315464019775e-01
3.872973918914794922e-01
6.004149317741394043e-01
3.503091335296630859e-01
3.413686454296112061e-01
3.427430391311645508e-01
3.749279975891113281e-01
2.467678487300872803e-01
1.680487245321273804e-01
3.615213036537170410e-01
1.136981323361396790e-01
1.751349717378616333e-01
2.864928245544433594e-01
2.203300595283508301e-01
5.743063092231750488e-01
8.791168034076690674e-02
2.335464805364608765e-01
5.005130767822265625e-01
2.994245886802673340e-01
7.178747653961181641e-01
3.473095595836639404e-01
3.606314063072204590e-01
4.438942670822143555e-01
5.797350406646728516e-01
2.003362923860549927e-01
1.254295706748962402e-01
4.110807478427886963e-01
1.964091360569000244e-01
3.088448941707611084e-01
5.098490118980407715e-01
2.418417632579803467e-01
2.926466763019561768e-01
2.857276201248168945e-01
3.002168834209442139e-01
4.594096839427947998e-01
2.708162665367126465e-01
3.279775381088256836e-01
2.146492004394531250e-01
4.839757084846496582e-01
3.674442768096923828e-01
4.028283953666687012e-01
4.024307429790496826e-01
2.762289047241210938e-01
3.700873851776123047e-01
4.635933935642242432e-01
2.676274180412292480e-01
6.137725710868835449e-01
2.159538567066192627e-01
5.337315201759338379e-01
3.216394782066345215e-01
2.294275164604187012e-01
3.486921191215515137e-01
5.487160086631774902e-01
6.702873706817626953e-01
2.403960824012756348e-01
2.644644677639007568e-01
6.261364221572875977e-01
2.346027940511703491e-01
8.263969421386718750e-01
2.333192825317382812e-01
4.674255251884460449e-01
3.620803952217102051e-01
3.103662729263305664e-01
3.207657337188720703e-01
3.281130194664001465e-01
4.014763236045837402e-01
2.905566692352294922e-01
4.603569507598876953e-01
4.612382948398590088e-01
4.180929660797119141e-01
3.566385209560394287e-01
3.172685503959655762e-01
4.402419626712799072e-01
1.660405397415161133e-01
3.893715143203735352e-01
1.089319139719009399e-01
2.847453355789184570e-01
3.948235511779785156e-01
1.100674569606781006e-01
4.210689067840576172e-01
4.897162914276123047e-01
4.823820292949676514e-01
4.648846983909606934e-01
1.831760555505752563e-01
3.855409622192382812e-01
2.440943717956542969e-01
3.911760449409484863e-01
2.274792194366455078e-01
4.463464021682739258e-01
3.218755424022674561e-01
3.533739149570465088e-01
1.715048700571060181e-01
