4.665647447109222412e-01
3.794685006141662598e-01
4.295797646045684814e-02
8.655177801847457886e-02
2.577614188194274902e-01
2.303678989410400391e-01
2.633569836616516113e-01
1.625205725431442261e-01
4.976582154631614685e-02
9.165836870670318604e-02
1.286266595125198364e-01
8.216476440429687500e-02
1.224841922521591187e-01
1.109469532966613770e-01
1.411248445510864258e-01
1.844961941242218018e-01
1.612883210182189941e-01
4.995841532945632935e-02
2.175696790218353271e-01
1.235153973102569580e-01
3.305309414863586426e-01
2.513890266418457031e-01
3.882058262825012207e-01
1.210245937108993530e-01
1.883409619331359863e-01
4.908926412463188171e-02
1.738002896308898926e-01
1.957206577062606812e-01
2.296822816133499146e-01
1.828739196062088013e-01
1.437036842107772827e-01
8.945991843938827515e-02
2.149265110492706299e-01
2.779207564890384674e-02
6.240262091159820557e-02
2.278776913881301880e-01
1.333805620670318604e-01
6.459480524063110352e-02
1.359719783067703247e-01
2.172656953334808350e-01
7.901157438755035400e-02
4.308450222015380859e-02
2.475455701351165771e-01
1.413598209619522095e-01
1.069352850317955017e-01
2.208213657140731812e-01
5.579172447323799133e-02
8.524779975414276123e-02
2.173235416412353516e-01
6.556002050638198853e-02
2.139072865247726440e-01
1.157005950808525085e-01
4.029659628868103027e-01
2.282190173864364624e-01
1.978833675384521484e-01
2.073759138584136963e-01
6.378754973411560059e-02
8.972896635532379150e-02
2.169721573591232300e-01
4.577190801501274109e-02
1.295475512742996216e-01
8.125321567058563232e-02
7.853891700506210327e-02
2.472045719623565674e-01
1.059545427560806274e-01
8.018518984317779541e-02
3.954958021640777588e-01
2.648212313652038574e-01
8.959209918975830078e-02
1.622124910354614258e-01
1.025051623582839966e-01
1.986380815505981445e-01
5.160924047231674194e-02
1.413105428218841553e-01
1.055053323507308960e-01
6.655272096395492554e-02
9.100563079118728638e-02
1.736130267381668091e-01
1.896027624607086182e-01
2.193186879158020020e-01
7.280649989843368530e-02
1.241547167301177979e-01
1.983155310153961182e-01
5.338297039270401001e-02
1.495777219533920288e-01
8.490818738937377930e-02
2.290837019681930542e-01
2.202021777629852295e-01
1.882268488407135010e-01
3.115059137344360352e-01
1.145885288715362549e-01
1.067956537008285522e-01
1.991156041622161865e-01
1.245107948780059814e-01
1.979221552610397339e-01
3.139833807945251465e-01
2.641254067420959473e-01
1.785480678081512451e-01
1.544460058212280273e-01
1.293532550334930420e-01
1.692853271961212158e-01
8.972434699535369873e-02
4.705082774162292480e-01
2.069257199764251709e-01
1.226781159639358521e-01
1.298421025276184082e-01
2.038996815681457520e-01
3.839420676231384277e-01
2.625445425510406494e-01
2.085871696472167969e-01
6.486232578754425049e-02
1.393536925315856934e-01
3.195593953132629395e-01
1.349451839923858643e-01
3.567406237125396729e-01
1.463507711887359619e-01
4.795140027999877930e-01
2.992379069328308105e-01
2.521862089633941650e-01
3.756800889968872070e-01
3.040040731430053711e-01
1.834148317575454712e-01
2.320978492498397827e-01
2.663866281509399414e-01
1.920631825923919678e-01
2.701878249645233154e-01
1.541642844676971436e-01
2.954564094543457031e-01
1.531183719635009766e-01
7.104457169771194458e-02
1.126938909292221069e-01
4.331172406673431396e-01
5.589457973837852478e-02
1.060745567083358765e-01
2.756079137325286865e-01
7.676986604928970337e-02
2.351235598325729370e-01
2.583619654178619385e-01
5.543265119194984436e-02
1.646758615970611572e-01
1.454003304243087769e-01
5.417170748114585876e-02
4.036815091967582703e-02
6.382408738136291504e-02
1.021326631307601929e-01
2.690590620040893555e-01
1.171238496899604797e-01
1.965057253837585449e-01
2.236268818378448486e-01
9.545899927616119385e-02
2.167578339576721191e-01
2.781987786293029785e-01
5.509107559919357300e-02
1.223771125078201294e-01
1.843428462743759155e-01
2.361064106225967407e-01
4.693822562694549561e-02
6.880368292331695557e-02
1.700761467218399048e-01
1.490564048290252686e-01
1.799903810024261475e-01
2.225113213062286377e-01
1.910495162010192871e-01
1.699328422546386719e-01
2.040972113609313965e-01
1.351747214794158936e-01
2.574418187141418457e-01
7.231368124485015869e-02
3.097651302814483643e-01
3.082942664623260498e-01
1.720314174890518188e-01
2.949559092521667480e-01
4.136427491903305054e-02
4.585642740130424500e-02
1.985686421394348145e-01
1.263551414012908936e-01
3.653984516859054565e-02
1.416026055812835693e-01
3.103902339935302734e-01
1.140563338994979858e-01
3.474242091178894043e-01
1.661245524883270264e-01
9.559561312198638916e-02
1.183077245950698853e-01
1.300435960292816162e-01
2.885423898696899414e-01
2.467250823974609375e-01
1.222329437732696533e-01
1.129680126905441284e-01
1.701610535383224487e-01
1.913746893405914307e-01
2.571913599967956543e-01
1.679762899875640869e-01
4.760728776454925537e-02
1.483690589666366577e-01
2.143433690071105957e-01
9.050097316503524780e-02
2.199987769126892090e-01
1.537434756755828857e-01
2.399319857358932495e-01
8.018861711025238037e-02
5.104377269744873047e-01
3.084179759025573730e-01
5.415976420044898987e-02
9.756991267204284668e-02
7.378540933132171631e-02
1.102457195520401001e-01
1.104517132043838501e-01
3.914077952504158020e-02
9.267270565032958984e-02
3.370948135852813721e-01
1.390252560377120972e-01
1.326429545879364014e-01
3.807865977287292480e-01
6.250493973493576050e-02
7.290805131196975708e-02
9.034723788499832153e-02
6.162910908460617065e-02
2.736110612750053406e-02
2.697790861129760742e-01
3.833087384700775146e-01
1.230428144335746765e-01
2.094320058822631836e-01
7.118064165115356445e-02
1.395147889852523804e-01
6.182438507676124573e-02
3.891590237617492676e-01
2.420614957809448242e-01
1.687505543231964111e-01
1.431372761726379395e-01
1.599414348602294922e-01
2.412291765213012695e-01
2.700457572937011719e-01
1.964975595474243164e-01
2.131150849163532257e-02
1.409860849380493164e-01
2.123664915561676025e-01
1.859091967344284058e-01
1.474339067935943604e-01
1.609989851713180542e-01
2.048115283250808716e-01
1.363282203674316406e-01
1.755937635898590088e-01
1.841270774602890015e-01
1.009775698184967041e-01
2.317915260791778564e-01
3.912154138088226318e-01
1.382100284099578857e-01
1.979731023311614990e-01
1.003871485590934753e-01
2.312550544738769531e-01
1.549400836229324341e-01
3.822894394397735596e-02
2.669386267662048340e-01
3.609831631183624268e-02
1.733783632516860962e-01
7.694737613201141357e-02
1.908667534589767456e-01
1.545718312263488770e-01
2.597498893737792969e-01
1.734582483768463135e-01
1.879302710294723511e-01
1.040806695818901062e-01
7.285618782043457031e-02
3.184415400028228760e-01
2.264084666967391968e-01
1.422146707773208618e-01
7.298503071069717407e-02
7.440364360809326172e-02
1.815594136714935303e-01
2.029881179332733154e-01
1.958392560482025146e-02
1.413559913635253906e-01
2.103473991155624390e-01
1.194306015968322754e-01
2.509191334247589111e-01
1.288312673568725586e-01
1.562001705169677734e-01
7.046725600957870483e-02
2.033547013998031616e-01
9.482993185520172119e-02
2.126433253288269043e-01
1.524513661861419678e-01
1.729019582271575928e-01
6.084989011287689209e-02
2.409624606370925903e-01
3.542622029781341553e-01
3.054302930831909180e-01
7.314991950988769531e-02
1.464512795209884644e-01
3.484971523284912109e-01
1.718530952930450439e-01
1.373382359743118286e-01
1.132657527923583984e-01
1.311033070087432861e-01
1.258411109447479248e-01
6.147901341319084167e-02
1.472924947738647461e-01
6.040135398507118225e-02
3.447236418724060059e-01
1.309678256511688232e-01
1.708516776561737061e-01
1.418488472700119019e-01
1.324834972620010376e-01
3.519412130117416382e-02
2.551361024379730225e-01
1.238324269652366638e-01
3.711073845624923706e-02
2.879437208175659180e-01
1.626072824001312256e-02
1.654563993215560913e-01
1.234265938401222229e-01
3.901544809341430664e-01
4.643732905387878418e-01
2.186813056468963623e-01
1.317785978317260742e-01
2.552203536033630371e-01
5.439925938844680786e-02
2.884883284568786621e-01
2.444357573986053467e-01
1.331225633621215820e-01
5.713174492120742798e-02
1.548010855913162231e-01
1.623408496379852295e-01
5.983368679881095886e-02
1.801546216011047363e-01
1.320252418518066406e-01
1.528618037700653076e-01
2.475600317120552063e-02
5.041679143905639648e-01
7.268173992633819580e-02
2.410766780376434326e-01
1.824280023574829102e-01
2.201737165451049805e-01
6.561253219842910767e-02
6.612727791070938110e-02
2.218287438154220581e-01
3.636080026626586914e-01
2.480840831995010376e-01
1.257065236568450928e-01
6.593835353851318359e-02
1.980815678834915161e-01
1.139586865901947021e-01
2.688632309436798096e-01
1.185454577207565308e-01
2.691214978694915771e-01
2.133732587099075317e-01
2.026544213294982910e-01
2.297624200582504272e-01
1.217993497848510742e-01
1.023871377110481262e-01
1.114282608032226562e-01
6.932963430881500244e-02
1.690356880426406860e-01
8.719920367002487183e-02
8.075901865959167480e-02
9.473167359828948975e-02
1.478188335895538330e-01
2.527739405632019043e-01
2.643481492996215820e-01
3.628089427947998047e-01
1.066613197326660156e-01
1.263642013072967529e-01
1.983692198991775513e-01
5.444128513336181641e-01
2.530050575733184814e-01
2.600570619106292725e-01
4.889480024576187134e-02
3.215648829936981201e-01
4.494704008102416992e-01
2.273693829774856567e-01
2.576836645603179932e-01
8.770073950290679932e-02
3.157844841480255127e-01
7.840120792388916016e-02
1.428319513797760010e-01
1.021318435668945312e-01
5.297600850462913513e-02
2.248646616935729980e-01
1.261138916015625000e-01
3.891576230525970459e-01
3.682923913002014160e-01
3.616945445537567139e-02
1.551070362329483032e-01
1.930241435766220093e-01
1.546522974967956543e-01
2.552440762519836426e-01
2.434484958648681641e-01
1.495095044374465942e-01
3.134999871253967285e-01
1.101182550191879272e-01
2.121508717536926270e-01
2.290941476821899414e-01
1.452990770339965820e-01
4.543816298246383667e-02
1.901531368494033813e-01
8.348086476325988770e-02
2.935608029365539551e-01
1.737298965454101562e-01
2.100328505039215088e-01
1.922664642333984375e-01
1.461870372295379639e-01
2.954674661159515381e-01
1.659230589866638184e-01
2.204605638980865479e-01
1.176755577325820923e-01
2.016703486442565918e-01
1.461769789457321167e-01
1.836848407983779907e-01
1.905452311038970947e-01
2.517961561679840088e-01
2.104737460613250732e-01
2.305941879749298096e-01
1.684600412845611572e-01
2.351871132850646973e-01
1.942117810249328613e-01
7.775981724262237549e-02
1.017865687608718872e-01
1.516971588134765625e-01
1.733383834362030029e-01
4.914738237857818604e-02
1.559983938932418823e-01
1.829462349414825439e-01
3.250257968902587891e-01
2.161223143339157104e-01
1.419829279184341431e-01
2.196292281150817871e-01
1.099475473165512085e-01
2.004450261592864990e-01
5.122905224561691284e-02
9.393046796321868896e-02
6.800012290477752686e-02
1.209149509668350220e-01
1.300916373729705811e-01
1.448204368352890015e-01
2.166924923658370972e-01
9.208381175994873047e-02
2.218228876590728760e-01
4.610803127288818359e-01
4.519465565681457520e-02
1.841324269771575928e-01
2.362560778856277466e-01
1.447075456380844116e-01
1.126502156257629395e-01
1.200215369462966919e-01
1.985620707273483276e-01
5.881724506616592407e-02
2.982203066349029541e-01
4.909015446901321411e-02
1.331791430711746216e-01
1.429326236248016357e-01
3.423014283180236816e-01
1.345842182636260986e-01
2.601839043200016022e-02
8.703700453042984009e-02
2.301975190639495850e-01
1.146325245499610901e-01
1.529397368431091309e-01
1.839378923177719116e-01
1.430603563785552979e-01
3.085484206676483154e-01
8.261314034461975098e-02
1.636058539152145386e-01
2.250115275382995605e-01
1.761703044176101685e-01
2.512144148349761963e-01
1.196444034576416016e-01
7.550315558910369873e-02
1.982546448707580566e-01
1.308003067970275879e-01
2.247081398963928223e-01
1.150572821497917175e-01
1.113197654485702515e-01
2.987849712371826172e-01
2.381455600261688232e-01
4.561176896095275879e-02
6.870388239622116089e-02
4.345840513706207275e-01
3.286755383014678955e-01
1.115290001034736633e-01
2.787990570068359375e-01
1.601186841726303101e-01
8.981715142726898193e-02
9.401476383209228516e-02
2.042994946241378784e-01
1.427206993103027344e-01
1.620351821184158325e-01
4.419627785682678223e-02
3.125072270631790161e-02
8.803588151931762695e-02
3.175618052482604980e-01
9.632055461406707764e-02
1.620749086141586304e-01
2.221968322992324829e-01
6.641487777233123779e-02
2.284664362668991089e-01
4.247188940644264221e-02
7.108357548713684082e-02
1.166312098503112793e-01
4.551486372947692871e-01
2.198816388845443726e-01
1.138353347778320312e-01
2.104619741439819336e-01
1.384087651968002319e-01
2.021003663539886475e-01
3.909810632467269897e-02
1.887727975845336914e-01
3.830436244606971741e-02
2.361231297254562378e-01
6.942181289196014404e-02
1.028207540512084961e-01
3.517517447471618652e-01
2.272661030292510986e-01
5.054436996579170227e-02
2.140846252441406250e-01
1.772403120994567871e-01
3.211794495582580566e-01
1.526365280151367188e-01
2.632339000701904297e-01
1.559821516275405884e-01
4.410867094993591309e-01
3.745585083961486816e-01
2.385916113853454590e-01
1.921514868736267090e-01
1.120003461837768555e-01
1.058916002511978149e-01
3.030403852462768555e-01
1.641195416450500488e-01
7.389882951974868774e-02
2.968982160091400146e-01
9.611068665981292725e-02
4.360636323690414429e-02
3.666049242019653320e-01
2.329715639352798462e-01
8.337217569351196289e-02
2.207922786474227905e-01
6.187202408909797668e-02
1.198887676000595093e-01
1.212042793631553650e-01
3.138712644577026367e-01
1.686989665031433105e-01
1.005935072898864746e-01
2.072625309228897095e-01
7.600367069244384766e-02
1.567579060792922974e-01
1.191684305667877197e-01
5.743999034166336060e-02
4.400522708892822266e-01
9.003207087516784668e-02
7.949283719062805176e-02
7.294624298810958862e-02
5.585591495037078857e-02
1.017284840345382690e-01
1.911973059177398682e-01
1.148651242256164551e-01
4.642400145530700684e-02
7.734593749046325684e-02
1.044141277670860291e-01
6.350064277648925781e-02
1.645491123199462891e-01
3.586451709270477295e-02
1.582830697298049927e-01
3.947290778160095215e-01
1.527641415596008301e-01
1.532465219497680664e-01
3.083242848515510559e-02
5.158290266990661621e-02
6.942154467105865479e-02
1.636494100093841553e-01
1.785790622234344482e-01
1.679953932762145996e-01
1.467838883399963379e-01
7.160659134387969971e-02
2.703277468681335449e-01
5.800226330757141113e-02
1.257647573947906494e-01
1.755803525447845459e-01
2.196935564279556274e-01
2.519071102142333984e-01
6.754422187805175781e-02
1.253838986158370972e-01
2.258948385715484619e-01
9.736366569995880127e-02
1.023712456226348877e-01
1.746216714382171631e-01
9.873014688491821289e-02
2.493607550859451294e-01
1.140629947185516357e-01
2.630096673965454102e-01
4.464429616928100586e-02
1.125531196594238281e-01
9.944260120391845703e-02
3.092039935290813446e-02
3.823519498109817505e-02
1.292185932397842407e-01
1.435841061174869537e-02
3.816965818405151367e-01
2.018954455852508545e-01
2.155248224735260010e-01
3.641735911369323730e-01
2.226889431476593018e-01
2.807603776454925537e-01
1.508363485336303711e-01
4.099406003952026367e-01
1.327962279319763184e-01
4.508555307984352112e-02
1.438372731208801270e-01
2.852515578269958496e-01
1.047645062208175659e-01
1.694531142711639404e-01
7.394360005855560303e-02
2.795136272907257080e-01
1.479812413454055786e-01
1.621380597352981567e-01
1.417009532451629639e-01
8.607585728168487549e-02
1.325415521860122681e-01
1.821877211332321167e-01
6.081799417734146118e-02
1.583940535783767700e-01
9.254508465528488159e-02
1.933849751949310303e-01
1.292130649089813232e-01
5.406817197799682617e-01
1.471883058547973633e-01
1.479943245649337769e-01
1.635494232177734375e-01
2.142140269279479980e-01
3.319822251796722412e-01
2.676618695259094238e-01
1.292501688003540039e-01
8.982984721660614014e-02
1.754009723663330078e-01
5.321030691266059875e-02
9.537518769502639771e-02
3.307054340839385986e-01
1.055874526500701904e-01
1.501257270574569702e-01
1.182712316513061523e-01
1.159521415829658508e-01
1.039411798119544983e-01
1.033083349466323853e-01
2.992163896560668945e-01
2.860011458396911621e-01
2.291748076677322388e-01
4.861333593726158142e-02
2.533735930919647217e-01
1.748021990060806274e-01
1.143196374177932739e-01
3.118200600147247314e-01
1.544680595397949219e-01
1.140616387128829956e-01
2.055242359638214111e-01
1.303932070732116699e-01
3.633873760700225830e-01
2.687361538410186768e-01
2.457574307918548584e-01
5.113954842090606689e-02
7.785901427268981934e-02
1.896300911903381348e-01
1.505559384822845459e-01
2.202916294336318970e-01
9.235256910324096680e-02
4.621647596359252930e-01
2.710541486740112305e-01
2.299909591674804688e-01
1.248136386275291443e-01
1.225592195987701416e-01
7.214781641960144043e-02
1.247780025005340576e-01
1.129320338368415833e-01
2.464151978492736816e-01
1.261308640241622925e-01
2.157982885837554932e-01
3.239116072654724121e-01
1.177395731210708618e-01
1.901515424251556396e-01
3.851142525672912598e-01
2.229464352130889893e-01
1.760961413383483887e-01
1.535498946905136108e-01
2.320693135261535645e-01
1.413618177175521851e-01
5.023672059178352356e-02
1.347285211086273193e-01
1.635503470897674561e-01
2.911345660686492920e-01
2.431308329105377197e-01
1.368599534034729004e-01
1.182837039232254028e-01
3.060480356216430664e-01
8.975002169609069824e-02
4.387664794921875000e-02
1.458298265933990479e-01
4.066014885902404785e-01
5.416242405772209167e-02
2.831923961639404297e-01
1.831502020359039307e-01
6.038880348205566406e-02
2.090082019567489624e-01
1.487119942903518677e-01
5.941729247570037842e-02
1.693191826343536377e-01
3.076691031455993652e-01
6.808847188949584961e-02
2.795784473419189453e-01
1.865070462226867676e-01
1.455751061439514160e-01
7.822565734386444092e-02
4.155516624450683594e-02
1.464022696018218994e-01
3.357247710227966309e-01
1.886630803346633911e-01
2.737970948219299316e-01
2.442919611930847168e-01
1.716632694005966187e-01
1.100901067256927490e-01
1.160639375448226929e-01
3.569104671478271484e-01
2.693834602832794189e-01
1.252844035625457764e-01
4.230390489101409912e-01
1.380649656057357788e-01
1.730825006961822510e-01
2.197324633598327637e-01
3.975301980972290039e-02
2.006165087223052979e-01
5.099430680274963379e-02
2.948957979679107666e-01
2.896388769149780273e-01
1.460117250680923462e-01
2.758985161781311035e-01
5.446898937225341797e-02
2.674464881420135498e-01
2.110338211059570312e-01
4.967545717954635620e-02
3.825145363807678223e-01
9.235545992851257324e-02
1.371137052774429321e-01
5.701033025979995728e-02
7.210431247949600220e-02
8.805339783430099487e-02
2.081465274095535278e-01
3.717278838157653809e-01
4.339747130870819092e-01
2.483314871788024902e-01
1.971024870872497559e-01
2.698870897293090820e-01
1.581062376499176025e-01
9.184019267559051514e-02
1.916826814413070679e-01
1.017227619886398315e-01
3.721654042601585388e-02
2.239914536476135254e-01
1.608452200889587402e-01
2.196315303444862366e-02
2.606540918350219727e-01
2.389066070318222046e-01
1.896001249551773071e-01
2.622272670269012451e-01
4.700936675071716309e-01
1.868142038583755493e-01
1.953531503677368164e-01
1.211695820093154907e-01
1.520520150661468506e-01
1.484004408121109009e-01
1.339732110500335693e-01
4.189237207174301147e-02
2.483056187629699707e-01
7.580565661191940308e-02
1.000801324844360352e-01
1.075593680143356323e-01
1.940285861492156982e-01
2.474527955055236816e-01
5.446760356426239014e-02
1.487016081809997559e-01
1.421716809272766113e-01
1.759291142225265503e-01
1.469248533248901367e-01
4.087544232606887817e-02
1.607367098331451416e-01
2.857135236263275146e-01
3.382055759429931641e-01
1.578917205333709717e-01
2.028077244758605957e-01
1.101793646812438965e-01
1.515024453401565552e-01
5.299123525619506836e-01
1.371840834617614746e-01
1.036966145038604736e-01
1.694853901863098145e-01
2.309252023696899414e-01
7.089730352163314819e-02
2.504952549934387207e-01
2.620005011558532715e-01
6.117737293243408203e-02
1.437987685203552246e-01
3.125657737255096436e-01
1.540917158126831055e-01
2.136345207691192627e-01
1.834692507982254028e-01
6.773054599761962891e-01
1.759955734014511108e-01
8.784499019384384155e-02
6.763428449630737305e-02
3.469545543193817139e-01
2.006915360689163208e-01
1.171511337161064148e-01
1.947884708642959595e-01
1.335812658071517944e-01
1.225377172231674194e-01
1.789055764675140381e-01
3.227567970752716064e-01
1.179558485746383667e-01
1.650691628456115723e-01
1.385056525468826294e-01
2.343625277280807495e-01
2.101927697658538818e-01
1.185467913746833801e-01
1.763740777969360352e-01
2.316720485687255859e-01
1.666246354579925537e-01
2.560419440269470215e-01
1.196495294570922852e-01
1.623542606830596924e-01
2.048973441123962402e-01
8.185908198356628418e-02
6.074452996253967285e-01
6.783024966716766357e-02
3.368642330169677734e-01
1.731368899345397949e-01
5.670551955699920654e-02
1.786560416221618652e-01
2.084782421588897705e-01
7.102078199386596680e-02
3.299426436424255371e-01
3.492096364498138428e-01
1.278361082077026367e-01
2.488503754138946533e-01
1.661173999309539795e-01
1.697737872600555420e-01
1.611650139093399048e-01
3.623268008232116699e-01
1.987032741308212280e-01
2.040978074073791504e-01
2.339297980070114136e-01
3.910562396049499512e-01
1.080557480454444885e-01
3.402690589427947998e-01
6.778801232576370239e-02
2.442910075187683105e-01
2.615189552307128906e-01
3.837103247642517090e-01
3.572447001934051514e-01
1.650946289300918579e-01
7.620028406381607056e-02
2.034067362546920776e-01
1.553925275802612305e-01
1.991454958915710449e-01
1.010520905256271362e-01
2.250055670738220215e-01
2.400436550378799438e-01
3.468233644962310791e-01
1.700737029314041138e-01
2.036398053169250488e-01
3.419335484504699707e-01
2.520999312400817871e-01
1.779245585203170776e-01
1.723944246768951416e-01
1.421376764774322510e-01
8.696392178535461426e-02
1.608071029186248779e-01
1.808419972658157349e-01
2.825124859809875488e-01
3.992403671145439148e-02
4.866871610283851624e-02
1.801073402166366577e-01
3.939693868160247803e-01
1.240333020687103271e-01
3.074710667133331299e-01
1.350897997617721558e-01
1.875714659690856934e-01
4.974662959575653076e-01
2.279990762472152710e-01
2.525239884853363037e-01
1.583303213119506836e-01
1.822195053100585938e-01
1.438288986682891846e-01
4.348354339599609375e-01
5.074623823165893555e-01
4.041311740875244141e-01
2.920851409435272217e-01
4.801348596811294556e-02
1.968257278203964233e-01
7.265196740627288818e-02
4.156546294689178467e-01
1.586495637893676758e-01
1.402447819709777832e-01
2.342887967824935913e-01
4.914428889751434326e-01
1.217261627316474915e-01
1.880275309085845947e-01
1.730774343013763428e-01
2.983585000038146973e-01
2.040047049522399902e-01
1.424611508846282959e-01
2.137118726968765259e-01
3.031455576419830322e-01
1.507957577705383301e-01
8.983555436134338379e-02
2.001938223838806152e-01
1.248437315225601196e-01
6.694470345973968506e-02
2.532198429107666016e-01
2.129698693752288818e-01
3.436798453330993652e-01
1.484166383743286133e-01
1.614871323108673096e-01
9.744025766849517822e-02
4.754422605037689209e-02
2.091424316167831421e-01
2.846789918839931488e-02
3.684260845184326172e-01
1.854640245437622070e-01
9.288871288299560547e-02
3.193868994712829590e-01
3.563231229782104492e-01
1.111471205949783325e-01
1.782733500003814697e-01
4.559101909399032593e-02
1.818237006664276123e-01
4.051771759986877441e-01
2.698429524898529053e-01
1.572816073894500732e-01
2.465571165084838867e-01
2.491895407438278198e-01
3.647198677062988281e-01
1.714257448911666870e-01
8.371064066886901855e-02
2.531493604183197021e-01
2.209613770246505737e-01
2.361425906419754028e-01
4.889380931854248047e-01
1.180899068713188171e-01
3.451992273330688477e-01
7.070426642894744873e-02
3.119111657142639160e-01
2.176932990550994873e-01
1.358334124088287354e-01
2.042742371559143066e-01
3.219556808471679688e-01
1.074687987565994263e-01
2.604823112487792969e-01
1.080197617411613464e-01
6.249562650918960571e-02
3.120703697204589844e-01
3.623437583446502686e-01
2.269515097141265869e-01
1.767432093620300293e-01
7.601054012775421143e-02
4.357333183288574219e-01
2.195676267147064209e-01
1.626595556735992432e-01
1.264525204896926880e-01
1.903952658176422119e-01
2.459312379360198975e-01
2.907705903053283691e-01
2.370480895042419434e-01
1.298028826713562012e-01
2.082857787609100342e-01
2.228832840919494629e-01
2.114147543907165527e-01
9.879525005817413330e-02
1.872630864381790161e-01
1.203435957431793213e-01
1.531400382518768311e-01
1.208887398242950439e-01
2.400308400392532349e-01
1.527331769466400146e-01
1.454181373119354248e-01
1.127113848924636841e-01
1.676726192235946655e-01
3.285576999187469482e-01
2.184762358665466309e-01
1.946833282709121704e-01
8.594239503145217896e-02
2.398386895656585693e-01
2.311735600233078003e-01
1.583261042833328247e-01
1.465798318386077881e-01
2.288107573986053467e-01
1.676434427499771118e-01
1.835576891899108887e-01
1.378702372312545776e-01
1.313848793506622314e-01
1.363202184438705444e-01
2.833790183067321777e-01
1.411707997322082520e-01
3.370760679244995117e-01
9.505453705787658691e-02
1.138102859258651733e-01
1.024073660373687744e-01
5.957362428307533264e-02
1.177967041730880737e-01
2.699918448925018311e-01
8.424971997737884521e-02
2.274220734834671021e-01
3.014925122261047363e-01
3.071591854095458984e-01
2.581008672714233398e-01
2.472326755523681641e-01
1.852059066295623779e-01
1.904895603656768799e-01
3.046768307685852051e-01
2.144091874361038208e-01
4.753129929304122925e-02
2.806331217288970947e-01
1.343792378902435303e-01
1.280952990055084229e-01
1.277538836002349854e-01
1.973913908004760742e-01
3.559156656265258789e-01
1.539078354835510254e-01
4.079425707459449768e-02
1.799649149179458618e-01
6.666243821382522583e-02
5.772262811660766602e-02
1.037374958395957947e-01
3.305901885032653809e-01
3.747533634305000305e-02
4.491795301437377930e-01
1.574033498764038086e-01
2.824876904487609863e-01
1.365553587675094604e-01
6.787757575511932373e-02
9.076969325542449951e-02
4.102696850895881653e-02
5.567742511630058289e-02
8.599177002906799316e-02
2.268088310956954956e-01
2.071418613195419312e-01
6.968060135841369629e-02
4.430062323808670044e-02
1.722661256790161133e-01
1.880125850439071655e-01
7.275463342666625977e-01
1.707054525613784790e-01
1.262183338403701782e-01
1.038767248392105103e-01
2.268377244472503662e-01
1.503317356109619141e-01
1.011218950152397156e-01
1.118827462196350098e-01
1.644210964441299438e-01
1.740546822547912598e-01
1.355499327182769775e-01
9.918241202831268311e-02
4.805800691246986389e-02
1.989371776580810547e-01
5.935858190059661865e-02
1.544969677925109863e-01
3.509661927819252014e-02
4.165055751800537109e-01
1.310748904943466187e-01
7.412829250097274780e-02
2.690044045448303223e-01
1.523561477661132812e-01
1.140248030424118042e-01
7.348357886075973511e-02
1.748186796903610229e-01
1.483402848243713379e-01
7.942345738410949707e-02
3.118006587028503418e-01
1.003804877400398254e-01
1.564893722534179688e-01
5.982843637466430664e-01
3.882662057876586914e-01
1.962313354015350342e-01
1.377022415399551392e-01
1.611225306987762451e-01
9.637791663408279419e-02
2.348241060972213745e-01
2.928386032581329346e-01
1.420493125915527344e-01
2.455892115831375122e-01
6.193160265684127808e-02
1.680831611156463623e-01
2.142104655504226685e-01
2.205583006143569946e-01
1.496703028678894043e-01
1.459702551364898682e-01
1.409971863031387329e-01
1.721081733703613281e-01
1.221379041671752930e-01
5.628566443920135498e-02
1.718245744705200195e-01
7.759355753660202026e-02
9.699667245149612427e-02
8.887618780136108398e-02
2.573304474353790283e-01
8.900735527276992798e-02
2.145382165908813477e-01
9.783738851547241211e-02
1.899949610233306885e-01
1.893772631883621216e-01
1.827003061771392822e-01
3.758534789085388184e-01
1.769906431436538696e-01
1.951360553503036499e-01
1.333518028259277344e-01
1.561797708272933960e-01
1.794629544019699097e-01
6.916047632694244385e-02
1.536077111959457397e-01
7.458657026290893555e-02
3.684624433517456055e-01
3.534631431102752686e-02
2.450084090232849121e-01
1.684366464614868164e-01
1.425370573997497559e-01
1.141428798437118530e-01
1.186270713806152344e-01
1.901465356349945068e-01
8.578053116798400879e-02
1.369112432003021240e-01
1.923028826713562012e-01
1.108217537403106689e-01
5.596815049648284912e-02
3.936020284891128540e-02
3.193600177764892578e-01
3.332133591175079346e-01
1.022882834076881409e-01
3.211696147918701172e-01
8.963799476623535156e-02
1.106356978416442871e-01
6.622908264398574829e-02
2.596406042575836182e-01
1.432362347841262817e-01
2.798751294612884521e-01
1.585028767585754395e-01
1.046388372778892517e-01
1.858249902725219727e-01
7.976979762315750122e-02
2.225026786327362061e-01
2.242412269115447998e-01
1.988045126199722290e-01
3.634807765483856201e-01
1.000211089849472046e-01
1.730595231056213379e-01
1.731736361980438232e-01
1.188327670097351074e-01
9.926844388246536255e-02
1.577133238315582275e-01
1.112950518727302551e-01
2.112578749656677246e-01
2.169491350650787354e-01
2.091633379459381104e-01
1.719533652067184448e-01
9.904563426971435547e-02
2.022641003131866455e-01
2.150757908821105957e-01
1.785298585891723633e-01
1.924522370100021362e-01
1.399622708559036255e-01
1.223715990781784058e-01
1.870303899049758911e-01
1.953408569097518921e-01
1.202740967273712158e-01
1.665004044771194458e-01
2.690020501613616943e-01
6.648986339569091797e-01
6.030140444636344910e-02
8.698136359453201294e-02
1.700564473867416382e-01
8.872547000646591187e-02
1.964026093482971191e-01
3.800841569900512695e-01
6.072035059332847595e-02
2.118619978427886963e-01
3.700909912586212158e-01
4.068415164947509766e-01
3.604281246662139893e-01
1.974564343690872192e-01
1.792653352022171021e-01
1.215984374284744263e-01
1.234141141176223755e-01
3.533635735511779785e-01
3.288887739181518555e-01
2.818329334259033203e-01
1.724559366703033447e-01
1.053504273295402527e-01
3.348325788974761963e-01
1.852383315563201904e-01
2.966412305831909180e-01
2.171666771173477173e-01
1.657197475433349609e-01
1.716459393501281738e-01
1.059756502509117126e-01
1.219361722469329834e-01
2.559854388236999512e-01
2.692382931709289551e-01
3.685228824615478516e-01
2.054042071104049683e-01
1.890397071838378906e-01
2.427493631839752197e-01
2.245026528835296631e-01
2.448342144489288330e-01
2.016602009534835815e-01
9.810501337051391602e-02
7.847355306148529053e-02
2.085354924201965332e-01
5.146632194519042969e-01
1.632943153381347656e-01
6.583155691623687744e-02
6.395110487937927246e-02
2.857565283775329590e-01
1.433733105659484863e-01
1.976994127035140991e-01
1.261627674102783203e-01
3.102412819862365723e-01
4.685372114181518555e-02
1.322017759084701538e-01
9.732383489608764648e-02
1.745344996452331543e-01
1.643404513597488403e-01
8.277354389429092407e-02
2.554320991039276123e-01
1.652204990386962891e-01
1.190036907792091370e-01
5.644209682941436768e-02
3.235950469970703125e-01
2.375717759132385254e-01
3.785327076911926270e-01
1.203842833638191223e-01
3.685447275638580322e-01
9.112484753131866455e-02
1.650762856006622314e-01
9.433940052986145020e-02
2.877699434757232666e-01
7.281973958015441895e-02
9.165877103805541992e-02
5.751898884773254395e-02
1.712180376052856445e-01
1.586665511131286621e-01
3.097686469554901123e-01
4.680426418781280518e-01
