3.758001923561096191e-01
2.834075987339019775e-01
5.888261795043945312e-01
2.917906641960144043e-01
4.775295853614807129e-01
4.373157024383544922e-01
4.773195981979370117e-01
3.429340720176696777e-01
6.737416386604309082e-01
7.394286990165710449e-01
3.774455785751342773e-01
5.223973989486694336e-01
5.416864752769470215e-01
2.002367377281188965e-01
3.295190334320068359e-01
1.067381724715232849e-01
2.486962378025054932e-01
3.074144721031188965e-01
4.306266307830810547e-01
2.505652904510498047e-01
2.027789801359176636e-01
5.005345344543457031e-01
1.742861568927764893e-01
1.318305879831314087e-01
3.637129366397857666e-01
3.005899190902709961e-01
5.730662345886230469e-01
3.729905784130096436e-01
1.469790786504745483e-01
2.019528299570083618e-01
9.693239629268646240e-02
3.532964885234832764e-01
1.001652181148529053e-01
1.387888789176940918e-01
2.035652995109558105e-01
1.415841728448867798e-01
2.069369554519653320e-01
2.521715760231018066e-01
1.570228636264801025e-01
2.330402731895446777e-01
4.689095318317413330e-01
3.462682366371154785e-01
2.291757911443710327e-01
4.835557937622070312e-01
1.628220826387405396e-01
2.581731677055358887e-01
2.876150012016296387e-01
2.147945165634155273e-01
4.109130799770355225e-01
9.931299090385437012e-02
1.624540686607360840e-01
2.870634794235229492e-01
2.642621994018554688e-01
3.768085241317749023e-01
2.524938583374023438e-01
1.880367696285247803e-01
2.741750776767730713e-01
2.265774607658386230e-01
2.488565295934677124e-01
1.784289777278900146e-01
4.793354272842407227e-01
2.841712236404418945e-01
2.373930811882019043e-01
3.202908337116241455e-01
2.828930616378784180e-01
4.690745174884796143e-01
2.685341536998748779e-01
4.147223234176635742e-01
2.227835953235626221e-01
5.245188474655151367e-01
2.717913687229156494e-01
1.702363342046737671e-01
5.216034054756164551e-01
2.690472304821014404e-01
4.775114655494689941e-01
1.948085576295852661e-01
4.572583436965942383e-01
3.902640938758850098e-01
3.108589947223663330e-01
2.153469622135162354e-01
4.064483940601348877e-01
2.588981688022613525e-01
3.543688058853149414e-01
2.247820496559143066e-01
1.611827909946441650e-01
2.633277475833892822e-01
1.769257485866546631e-01
3.641813099384307861e-01
2.517149150371551514e-01
2.346698343753814697e-01
1.011368930339813232e-01
3.269948959350585938e-01
3.863758444786071777e-01
2.486149519681930542e-01
2.788240611553192139e-01
1.621500998735427856e-01
3.998629450798034668e-01
1.914935857057571411e-01
3.360928595066070557e-01
3.738897442817687988e-01
2.540992498397827148e-01
2.911624312400817871e-01
2.555621862411499023e-01
3.806181550025939941e-01
7.886593043804168701e-02
2.555013895034790039e-01
4.332185387611389160e-01
3.216816484928131104e-01
1.348424255847930908e-01
3.213094174861907959e-01
2.129854857921600342e-01
4.655652344226837158e-01
3.199878334999084473e-01
3.518287837505340576e-01
1.483054459095001221e-01
1.716928333044052124e-01
2.641178965568542480e-01
2.225397974252700806e-01
3.233785927295684814e-01
3.081493973731994629e-01
2.783116698265075684e-01
1.635226160287857056e-01
2.356508821249008179e-01
1.775604635477066040e-01
2.349819839000701904e-01
2.576064169406890869e-01
2.713257074356079102e-01
1.959929764270782471e-01
2.693678736686706543e-01
2.214516252279281616e-01
3.125520646572113037e-01
1.000487506389617920e-01
2.779868245124816895e-01
2.387376278638839722e-01
2.552558481693267822e-01
2.493923008441925049e-01
3.063279390335083008e-01
2.464024126529693604e-01
2.510438561439514160e-01
2.212526798248291016e-01
1.594093441963195801e-01
6.435403227806091309e-01
2.194482088088989258e-01
2.569329142570495605e-01
2.514780759811401367e-01
3.048256337642669678e-01
3.163595199584960938e-01
2.003276944160461426e-01
3.299958109855651855e-01
2.549859583377838135e-01
1.575200855731964111e-01
2.494071424007415771e-01
1.333844959735870361e-01
1.667400300502777100e-01
3.072922825813293457e-01
4.104889929294586182e-01
2.975870966911315918e-01
9.503170847892761230e-02
1.975172311067581177e-01
1.122686043381690979e-01
2.452735304832458496e-01
1.392291784286499023e-01
3.138850629329681396e-01
2.535707652568817139e-01
1.531146913766860962e-01
2.224632650613784790e-01
2.586494088172912598e-01
3.378629684448242188e-01
1.521570682525634766e-01
3.055644631385803223e-01
1.402515172958374023e-01
2.146429419517517090e-01
3.696554005146026611e-01
2.391653358936309814e-01
3.121782541275024414e-01
2.420095205307006836e-01
1.881975978612899780e-01
2.347327768802642822e-01
2.495365142822265625e-01
1.380410790443420410e-01
1.520649790763854980e-01
3.172612786293029785e-01
2.507621049880981445e-01
2.122809290885925293e-01
4.748882651329040527e-01
1.979600787162780762e-01
2.264765948057174683e-01
2.088914066553115845e-01
2.993157207965850830e-01
2.278409451246261597e-01
2.763724029064178467e-01
3.099305033683776855e-01
1.756916642189025879e-01
8.216509819030761719e-01
1.495273709297180176e-01
2.321783602237701416e-01
1.015724241733551025e-01
9.245546907186508179e-02
2.256673127412796021e-01
3.594915866851806641e-01
1.049621254205703735e-01
1.394155770540237427e-01
3.770754337310791016e-01
2.177988588809967041e-01
5.355371832847595215e-01
2.836797237396240234e-01
2.880248129367828369e-01
3.205492496490478516e-01
2.274167835712432861e-01
6.274204254150390625e-01
3.701770901679992676e-01
3.799371123313903809e-01
2.967294454574584961e-01
2.111497968435287476e-01
1.611412167549133301e-01
4.705430567264556885e-01
2.228486686944961548e-01
3.901581764221191406e-01
1.175462603569030762e-01
3.252808153629302979e-01
2.368437796831130981e-01
2.250199019908905029e-01
4.132067859172821045e-01
1.328644454479217529e-01
1.923365741968154907e-01
4.549654126167297363e-01
3.656923174858093262e-01
2.107098698616027832e-01
2.086914032697677612e-01
5.364390611648559570e-01
4.361359775066375732e-01
4.870075583457946777e-01
8.939176052808761597e-02
3.257694244384765625e-01
2.835336923599243164e-01
2.173553705215454102e-01
4.568880200386047363e-01
3.524844348430633545e-01
2.894740104675292969e-01
4.078232645988464355e-01
2.205628305673599243e-01
2.960004806518554688e-01
4.352785646915435791e-01
2.104677259922027588e-01
2.221077084541320801e-01
2.896615862846374512e-01
3.486029505729675293e-01
3.110598027706146240e-01
2.172640413045883179e-01
1.707583069801330566e-01
4.564428329467773438e-01
5.857084989547729492e-01
2.643073201179504395e-01
1.506415307521820068e-01
2.077102959156036377e-01
2.230768501758575439e-01
2.429068982601165771e-01
5.991019681096076965e-02
1.633202433586120605e-01
3.330715298652648926e-01
2.055950164794921875e-01
3.013095259666442871e-01
2.357862889766693115e-01
4.024937152862548828e-01
3.173919320106506348e-01
2.345587611198425293e-01
3.605430722236633301e-01
2.278935164213180542e-01
1.630572676658630371e-01
1.269067525863647461e-01
2.460573613643646240e-01
4.052463769912719727e-01
4.672459363937377930e-01
2.837913036346435547e-01
1.570396423339843750e-01
2.403996437788009644e-01
1.931868195533752441e-01
9.133808314800262451e-02
2.155516445636749268e-01
3.726128339767456055e-01
3.109204769134521484e-01
3.105187416076660156e-01
5.752510428428649902e-01
2.393848747014999390e-01
1.164990663528442383e-01
2.554265260696411133e-01
1.759345680475234985e-01
3.297619521617889404e-01
2.020680010318756104e-01
1.789502799510955811e-01
1.405110508203506470e-01
1.802099049091339111e-01
1.482420265674591064e-01
5.017650127410888672e-01
5.052198171615600586e-01
3.005632758140563965e-01
2.828624248504638672e-01
1.558082997798919678e-01
4.204882979393005371e-01
3.187131881713867188e-01
3.554967045783996582e-01
1.630256026983261108e-01
4.539777040481567383e-01
3.399823904037475586e-01
1.434343606233596802e-01
1.686266660690307617e-01
2.539995312690734863e-01
2.891675531864166260e-01
3.547938466072082520e-01
2.988172471523284912e-01
2.417227923870086670e-01
4.911235272884368896e-01
2.085280269384384155e-01
3.560018539428710938e-01
4.929268956184387207e-01
2.186463773250579834e-01
2.482414394617080688e-01
2.140700966119766235e-01
1.398677229881286621e-01
3.407629430294036865e-01
2.383452355861663818e-01
2.730359137058258057e-01
2.722507417201995850e-01
1.772902607917785645e-01
1.764494925737380981e-01
3.892796635627746582e-01
2.267345190048217773e-01
3.937871754169464111e-01
1.627151668071746826e-01
2.694422602653503418e-01
2.490887939929962158e-01
2.072131037712097168e-01
2.116482555866241455e-01
2.118199765682220459e-01
2.770211696624755859e-01
3.742920160293579102e-01
2.436571270227432251e-01
4.732909798622131348e-01
1.821320652961730957e-01
2.698463797569274902e-01
1.033394038677215576e-01
2.186516970396041870e-01
3.121989667415618896e-01
1.745317578315734863e-01
1.862538158893585205e-01
3.086926341056823730e-01
4.649146795272827148e-01
3.482728004455566406e-01
3.625447750091552734e-01
3.116926550865173340e-01
3.230282664299011230e-01
1.404923349618911743e-01
2.691912949085235596e-01
4.365470409393310547e-01
2.294622957706451416e-01
3.199149370193481445e-01
5.770514607429504395e-01
3.545457124710083008e-01
2.999634146690368652e-01
2.665976583957672119e-01
4.818089902400970459e-01
3.305889964103698730e-01
1.824182569980621338e-01
7.267513871192932129e-02
3.620874136686325073e-02
9.972366690635681152e-02
3.854798674583435059e-01
3.649531006813049316e-01
1.634190976619720459e-01
4.388816654682159424e-01
4.166054129600524902e-01
3.505815267562866211e-01
6.727617979049682617e-01
6.720138788223266602e-01
1.799143254756927490e-01
1.860576122999191284e-01
1.569056212902069092e-01
4.431340098381042480e-01
3.438580036163330078e-01
5.398944616317749023e-01
3.550036549568176270e-01
3.578899204730987549e-01
2.736114859580993652e-01
2.470434904098510742e-01
4.821082949638366699e-01
2.186078876256942749e-01
3.689766824245452881e-01
3.355351686477661133e-01
1.321063339710235596e-01
3.387614488601684570e-01
1.527167856693267822e-01
5.794498324394226074e-01
2.323978245258331299e-01
3.101502656936645508e-01
4.081967175006866455e-01
2.292519062757492065e-01
3.053672313690185547e-01
1.756223142147064209e-01
4.921453595161437988e-01
1.930250227451324463e-01
2.806694507598876953e-01
2.088734805583953857e-01
2.750003337860107422e-01
1.304890364408493042e-01
2.554064393043518066e-01
3.170745968818664551e-01
2.198750078678131104e-01
3.919557929039001465e-01
3.750608563423156738e-01
2.006864845752716064e-01
3.322141766548156738e-01
3.254828155040740967e-01
3.934159576892852783e-01
4.592257738113403320e-01
1.430165767669677734e-01
2.251510918140411377e-01
2.905354499816894531e-01
3.178344666957855225e-01
3.643700480461120605e-01
2.816810607910156250e-01
3.762585818767547607e-01
7.332468777894973755e-02
4.348147809505462646e-01
2.447039186954498291e-01
4.915320873260498047e-01
3.567092120647430420e-01
2.338730692863464355e-01
3.247377276420593262e-01
1.359658241271972656e-01
1.539510786533355713e-01
4.215174317359924316e-01
4.321332871913909912e-01
3.817937374114990234e-01
3.308151364326477051e-01
2.560912668704986572e-01
2.731105685234069824e-01
3.791711330413818359e-01
2.862636446952819824e-01
2.086230218410491943e-01
2.249704897403717041e-01
2.174049168825149536e-01
5.229702591896057129e-01
1.768633723258972168e-01
3.639639019966125488e-01
2.575898170471191406e-01
1.719325333833694458e-01
2.258543372154235840e-01
2.503557801246643066e-01
2.391712516546249390e-01
3.800329864025115967e-01
3.376722931861877441e-01
2.060501724481582642e-01
1.869452297687530518e-01
4.219779372215270996e-01
4.761047363281250000e-01
9.188142418861389160e-02
2.197215855121612549e-01
2.386172413825988770e-01
8.505732566118240356e-02
3.951013684272766113e-01
2.885210216045379639e-01
1.059859544038772583e-01
4.319127798080444336e-01
4.170876145362854004e-01
3.877386450767517090e-01
2.733758091926574707e-01
1.175310015678405762e-01
2.706236839294433594e-01
1.522382646799087524e-01
2.730919122695922852e-01
3.139449357986450195e-01
1.998363882303237915e-01
3.136672675609588623e-01
2.965271472930908203e-01
1.129897385835647583e-01
3.154710531234741211e-01
1.761297583580017090e-01
1.470985710620880127e-01
2.417501509189605713e-01
4.980044662952423096e-01
1.418841481208801270e-01
2.406532168388366699e-01
1.153339594602584839e-01
2.433037459850311279e-01
5.857865214347839355e-01
4.181142449378967285e-01
3.775320053100585938e-01
1.494289040565490723e-01
1.550588011741638184e-01
2.935886383056640625e-01
2.732489705085754395e-01
5.177070498466491699e-01
4.512480795383453369e-01
2.560535669326782227e-01
2.123214751482009888e-01
3.707608282566070557e-01
1.658834517002105713e-01
3.130627274513244629e-01
2.388123422861099243e-01
2.440747916698455811e-01
2.617298066616058350e-01
2.393690943717956543e-01
2.327676117420196533e-01
4.628207087516784668e-01
2.184410244226455688e-01
2.783827483654022217e-01
2.741991877555847168e-01
1.234556287527084351e-01
2.069525718688964844e-01
1.961252689361572266e-01
1.698282063007354736e-01
2.224422097206115723e-01
3.123145997524261475e-01
3.550791442394256592e-01
2.641664147377014160e-01
7.682581990957260132e-02
3.275100290775299072e-01
1.933005452156066895e-01
2.068059742450714111e-01
2.137368768453598022e-01
3.526558876037597656e-01
3.263747096061706543e-01
3.991196751594543457e-01
1.697271615266799927e-01
2.080471068620681763e-01
1.667625904083251953e-01
4.556048214435577393e-01
6.197150349617004395e-01
1.961391866207122803e-01
4.906502366065979004e-01
2.170364260673522949e-01
3.019015789031982422e-01
2.210105955600738525e-01
3.283277451992034912e-01
2.183519005775451660e-01
1.461248844861984253e-01
5.868480801582336426e-01
2.399815022945404053e-01
3.562857806682586670e-01
2.810148000717163086e-01
2.161543816328048706e-01
2.149285823106765747e-01
1.435125768184661865e-01
1.633196175098419189e-01
3.540409803390502930e-01
2.176422178745269775e-01
3.637095093727111816e-01
2.792900204658508301e-01
3.348549604415893555e-01
2.468903362751007080e-01
1.742747724056243896e-01
1.249831244349479675e-01
1.664091199636459351e-01
2.586130797863006592e-01
1.856395602226257324e-01
1.469773203134536743e-01
2.576113343238830566e-01
4.665164947509765625e-01
4.322517812252044678e-01
2.032126784324645996e-01
1.741489619016647339e-01
2.480548769235610962e-01
3.919809758663177490e-01
1.401529461145401001e-01
1.495755910873413086e-01
8.720678091049194336e-02
4.200205802917480469e-01
3.774840235710144043e-01
2.755746841430664062e-01
2.851642370223999023e-01
2.877431809902191162e-01
1.530558019876480103e-01
2.101573646068572998e-01
3.240492641925811768e-01
3.325593173503875732e-01
3.804181516170501709e-01
1.098697036504745483e-01
3.482519388198852539e-01
1.977083981037139893e-01
2.898316979408264160e-01
2.154098898172378540e-01
3.026400208473205566e-01
2.091997265815734863e-01
2.859827876091003418e-01
4.027939438819885254e-01
2.592947483062744141e-01
2.824897766113281250e-01
1.802654266357421875e-01
3.936522901058197021e-01
1.504474431276321411e-01
2.232676297426223755e-01
1.627110391855239868e-01
4.020136892795562744e-01
1.681933999061584473e-01
1.712284386157989502e-01
2.505696415901184082e-01
3.493695557117462158e-01
2.866598367691040039e-01
2.373487055301666260e-01
1.201344728469848633e-01
3.559280931949615479e-01
2.776951193809509277e-01
2.397622466087341309e-01
3.034114539623260498e-01
2.688004672527313232e-01
1.181676760315895081e-01
8.850064873695373535e-02
3.921355605125427246e-01
3.534197211265563965e-01
1.962264329195022583e-01
2.552387714385986328e-01
4.265837669372558594e-01
1.708381325006484985e-01
2.099640667438507080e-01
2.374745905399322510e-01
2.009520679712295532e-01
1.719487905502319336e-01
2.405370920896530151e-01
1.968150287866592407e-01
3.770439922809600830e-01
1.111120879650115967e-01
2.703784704208374023e-01
1.377264708280563354e-01
2.492816150188446045e-01
3.142542243003845215e-01
1.080031692981719971e-01
5.221582055091857910e-01
2.202403843402862549e-01
1.358662545680999756e-01
2.100698649883270264e-01
4.496828019618988037e-01
3.763646483421325684e-01
2.249234318733215332e-01
2.483426630496978760e-01
8.846093714237213135e-02
2.695704698562622070e-01
2.401249557733535767e-01
2.338736206293106079e-01
6.167843937873840332e-01
2.754630744457244873e-01
1.415971666574478149e-01
2.269116938114166260e-01
2.266586124897003174e-01
2.330054044723510742e-01
7.320992648601531982e-02
1.180689632892608643e-01
3.025617599487304688e-01
1.510809361934661865e-01
8.325549215078353882e-02
1.993175297975540161e-01
1.345515549182891846e-01
3.623145818710327148e-01
2.856650650501251221e-01
6.870758533477783203e-02
3.167618215084075928e-01
2.117432802915573120e-01
1.898091286420822144e-01
3.087337613105773926e-01
3.337037563323974609e-01
1.698600053787231445e-01
2.137563377618789673e-01
3.238310217857360840e-01
1.537721753120422363e-01
2.580620646476745605e-01
1.687652319669723511e-01
1.368322968482971191e-01
2.862918972969055176e-01
1.214442998170852661e-01
3.209218084812164307e-01
2.445244193077087402e-01
5.772227048873901367e-01
2.991393506526947021e-01
3.403566777706146240e-01
2.170974314212799072e-01
3.099934458732604980e-01
1.185857802629470825e-01
1.315464675426483154e-01
1.593237668275833130e-01
3.541269302368164062e-01
1.359386593103408813e-01
3.985649049282073975e-01
1.726996898651123047e-01
3.353394865989685059e-01
2.629047036170959473e-01
2.157911062240600586e-01
3.152700364589691162e-01
3.428371548652648926e-01
6.280463933944702148e-01
3.289291262626647949e-01
1.939730495214462280e-01
2.791356146335601807e-01
4.725671410560607910e-01
4.850035905838012695e-01
4.213516116142272949e-01
2.485759556293487549e-01
3.443481326103210449e-01
2.951543629169464111e-01
2.457336634397506714e-01
2.857829630374908447e-01
1.091996729373931885e-01
3.826933503150939941e-01
3.048353195190429688e-01
3.614061474800109863e-01
4.019829630851745605e-01
5.972223281860351562e-01
4.678490161895751953e-01
4.548874795436859131e-01
3.689856827259063721e-01
2.367465496063232422e-01
2.472754418849945068e-01
2.674866616725921631e-01
2.633752524852752686e-01
3.252788782119750977e-01
3.590130805969238281e-01
1.561903357505798340e-01
2.951875925064086914e-01
1.337310224771499634e-01
1.107335686683654785e-01
5.390266180038452148e-01
1.602644026279449463e-01
2.714239060878753662e-01
3.733835816383361816e-01
3.261514008045196533e-01
7.224065065383911133e-01
1.312175989151000977e-01
1.406311690807342529e-01
4.477584362030029297e-01
3.884878754615783691e-01
2.236889004707336426e-01
2.325085699558258057e-01
4.088157415390014648e-01
3.185195326805114746e-01
1.347980499267578125e-01
2.280764281749725342e-01
2.758441567420959473e-01
4.258357286453247070e-01
3.729682266712188721e-01
2.482836842536926270e-01
2.380605936050415039e-01
1.056055650115013123e-01
2.113098949193954468e-01
1.558300554752349854e-01
2.148692011833190918e-01
2.509217262268066406e-01
1.261033713817596436e-01
5.075156092643737793e-01
3.404811024665832520e-01
2.441363185644149780e-01
2.243766486644744873e-01
3.189417719841003418e-01
3.051274716854095459e-01
1.441103219985961914e-01
2.447673529386520386e-01
1.641135364770889282e-01
1.483270525932312012e-01
2.702944874763488770e-01
2.643631100654602051e-01
1.431183218955993652e-01
5.386040806770324707e-01
1.721972823143005371e-01
1.491829603910446167e-01
1.159236580133438110e-01
3.848621845245361328e-01
2.836496531963348389e-01
2.918533980846405029e-01
3.752055168151855469e-01
2.876492738723754883e-01
3.395802080631256104e-01
4.188311100006103516e-01
2.597467303276062012e-01
1.990927755832672119e-01
1.553902328014373779e-01
1.690674573183059692e-01
6.314432621002197266e-01
1.608672589063644409e-01
3.430989980697631836e-01
3.437893092632293701e-01
3.193660974502563477e-01
2.951554059982299805e-01
3.271857202053070068e-01
2.354333698749542236e-01
1.423225253820419312e-01
5.050884485244750977e-01
2.266900837421417236e-01
3.159434795379638672e-01
3.699578344821929932e-01
1.668947637081146240e-01
2.831242680549621582e-01
2.135020345449447632e-01
4.879204928874969482e-01
2.033318728208541870e-01
1.962069272994995117e-01
2.972398400306701660e-01
2.126033902168273926e-01
1.591009795665740967e-01
2.983482480049133301e-01
4.590488076210021973e-01
2.175647765398025513e-01
6.061567068099975586e-01
1.619552969932556152e-01
4.280019104480743408e-01
2.101406306028366089e-01
1.441908180713653564e-01
2.127245366573333740e-01
3.943911194801330566e-01
2.158169150352478027e-01
4.036271572113037109e-01
1.418355405330657959e-01
1.265119314193725586e-01
2.694723606109619141e-01
2.506275475025177002e-01
2.820337414741516113e-01
1.488335430622100830e-01
2.673248648643493652e-01
3.244243264198303223e-01
1.972095668315887451e-01
2.133447676897048950e-01
3.038015365600585938e-01
3.203278779983520508e-01
1.066428199410438538e-01
2.469655871391296387e-01
1.888194531202316284e-01
3.267674446105957031e-01
2.846846282482147217e-01
1.497138291597366333e-01
2.633048295974731445e-01
2.856703698635101318e-01
2.695787847042083740e-01
2.960637807846069336e-01
2.368495911359786987e-01
3.418578505516052246e-01
1.262188553810119629e-01
3.213521838188171387e-01
2.020105421543121338e-01
2.472225129604339600e-01
1.210642680525779724e-01
2.462453991174697876e-01
1.427567750215530396e-01
7.840134203433990479e-02
1.656156480312347412e-01
4.615835547447204590e-01
2.231119871139526367e-01
1.647656559944152832e-01
2.399277538061141968e-01
3.335852026939392090e-01
2.990733683109283447e-01
3.756296634674072266e-01
4.518045485019683838e-01
3.171803653240203857e-01
2.123479247093200684e-01
1.310462802648544312e-01
2.446663081645965576e-01
2.412132024765014648e-01
2.586571872234344482e-01
4.402638971805572510e-01
7.361996173858642578e-02
2.152189165353775024e-01
1.336946040391921997e-01
1.605968475341796875e-01
2.940243780612945557e-01
2.192462086677551270e-01
4.873787462711334229e-01
1.939599514007568359e-01
1.244028583168983459e-01
3.268537819385528564e-01
5.038666725158691406e-01
3.978572785854339600e-01
3.167553842067718506e-01
3.274886012077331543e-01
4.798878729343414307e-01
3.095944523811340332e-01
2.285112440586090088e-01
2.234453260898590088e-01
6.828627735376358032e-02
2.764509022235870361e-01
5.097478032112121582e-01
2.811419963836669922e-01
2.008918970823287964e-01
5.532356500625610352e-01
2.138482183218002319e-01
2.203428596258163452e-01
4.251984357833862305e-01
4.032234847545623779e-01
2.229422330856323242e-01
4.484751820564270020e-01
3.203352689743041992e-01
2.271721363067626953e-01
2.347259819507598877e-01
1.993618160486221313e-01
3.320532441139221191e-01
2.841718792915344238e-01
1.489071249961853027e-01
4.884277284145355225e-01
2.505170404911041260e-01
1.938354969024658203e-01
1.822246611118316650e-01
5.600900650024414062e-01
4.533345103263854980e-01
1.159286350011825562e-01
2.863024473190307617e-01
2.794244587421417236e-01
5.192479491233825684e-01
1.912739425897598267e-01
2.967496514320373535e-01
4.633712470531463623e-01
1.220750287175178528e-01
3.498159945011138916e-01
7.932943105697631836e-02
3.184668421745300293e-01
2.960139513015747070e-01
3.531596660614013672e-01
1.379257291555404663e-01
6.387107372283935547e-01
3.143731057643890381e-01
2.281531393527984619e-01
2.173162400722503662e-01
1.552544832229614258e-01
3.260208666324615479e-01
2.514768838882446289e-01
3.013665080070495605e-01
3.646681308746337891e-01
3.040468692779541016e-01
1.684360653162002563e-01
3.094337582588195801e-01
4.453437030315399170e-01
4.157114028930664062e-01
4.231591224670410156e-01
2.372536957263946533e-01
2.087804675102233887e-01
2.592506706714630127e-01
2.623987495899200439e-01
1.246710047125816345e-01
1.173892021179199219e-01
2.624863088130950928e-01
3.221870064735412598e-01
1.952793300151824951e-01
2.829328477382659912e-01
3.076891601085662842e-01
2.811107337474822998e-01
1.703019440174102783e-01
7.025862932205200195e-01
4.497912526130676270e-01
3.218387961387634277e-01
1.486614197492599487e-01
2.719634473323822021e-01
5.027047395706176758e-01
2.155762463808059692e-01
2.567433118820190430e-01
2.920782566070556641e-01
1.782551705837249756e-01
1.419716030359268188e-01
2.315229624509811401e-01
3.593926429748535156e-01
5.532884597778320312e-01
2.624266743659973145e-01
2.876477539539337158e-01
3.251962065696716309e-01
4.777999222278594971e-01
3.548929095268249512e-01
2.905474305152893066e-01
3.308562040328979492e-01
2.829272747039794922e-01
1.233875453472137451e-01
1.551415026187896729e-01
1.806819289922714233e-01
3.573533594608306885e-01
3.748991489410400391e-01
2.115413546562194824e-01
1.457141637802124023e-01
1.344845294952392578e-01
1.982471048831939697e-01
2.349631637334823608e-01
3.440767824649810791e-01
1.930517256259918213e-01
3.316918909549713135e-01
4.554701447486877441e-01
3.070961833000183105e-01
1.976240277290344238e-01
2.767559587955474854e-01
2.277176827192306519e-01
2.591659128665924072e-01
2.891006469726562500e-01
3.216420412063598633e-01
1.683328449726104736e-01
1.854544728994369507e-01
2.884126305580139160e-01
2.550311684608459473e-01
2.793832123279571533e-01
1.495168954133987427e-01
1.539950817823410034e-01
3.369918167591094971e-01
1.056280434131622314e-01
1.267084479331970215e-01
3.006474375724792480e-01
1.737262457609176636e-01
2.636019587516784668e-01
1.862092316150665283e-01
3.549948334693908691e-01
4.484122097492218018e-01
1.699374318122863770e-01
1.558831632137298584e-01
1.729877591133117676e-01
1.265607625246047974e-01
1.158465892076492310e-01
1.460684090852737427e-01
3.625723719596862793e-01
1.614343672990798950e-01
2.236989736557006836e-01
1.950470507144927979e-01
1.587228775024414062e-01
2.514663040637969971e-01
2.126319706439971924e-01
1.673760563135147095e-01
2.019477039575576782e-01
2.439513504505157471e-01
1.555486321449279785e-01
3.428506255149841309e-01
1.746309846639633179e-01
3.513565659523010254e-01
3.596389889717102051e-01
2.974632978439331055e-01
3.218995332717895508e-01
1.161552816629409790e-01
2.963310182094573975e-01
2.328193485736846924e-01
3.678301274776458740e-01
2.366282641887664795e-01
2.545668482780456543e-01
2.527672946453094482e-01
3.891966342926025391e-01
1.168038249015808105e-01
2.512706518173217773e-01
2.670978903770446777e-01
2.113812863826751709e-01
2.652482688426971436e-01
1.427047848701477051e-01
1.894343197345733643e-01
1.151775717735290527e-01
2.169276326894760132e-01
1.960545033216476440e-01
1.877290606498718262e-01
1.203102543950080872e-01
3.262814283370971680e-01
4.259957075119018555e-01
2.722694873809814453e-01
2.972418367862701416e-01
4.394067227840423584e-01
1.435446739196777344e-01
4.362694025039672852e-01
1.078214794397354126e-01
2.213042974472045898e-01
3.122742474079132080e-01
2.136506140232086182e-01
2.508286833763122559e-01
2.255708724260330200e-01
1.820723712444305420e-01
1.474852263927459717e-01
3.405044078826904297e-01
2.186590433120727539e-01
3.699492216110229492e-01
3.139683008193969727e-01
2.264709025621414185e-01
2.916816473007202148e-01
2.531273961067199707e-01
5.039808154106140137e-01
5.915092229843139648e-01
2.722601592540740967e-01
3.153248727321624756e-01
1.345986276865005493e-01
1.790144741535186768e-01
2.538413405418395996e-01
2.362406849861145020e-01
2.088192403316497803e-01
2.621528506278991699e-01
3.335275053977966309e-01
2.057347446680068970e-01
2.520515322685241699e-01
1.563948988914489746e-01
4.852122366428375244e-01
2.706382274627685547e-01
2.438996881246566772e-01
3.520800471305847168e-01
3.000610768795013428e-01
1.349704116582870483e-01
3.925477564334869385e-01
3.074359595775604248e-01
4.481678009033203125e-01
3.011071979999542236e-01
2.971122860908508301e-01
3.308035433292388916e-01
3.527546525001525879e-01
2.378373891115188599e-01
2.075096666812896729e-01
2.582658231258392334e-01
8.620128035545349121e-02
2.220537364482879639e-01
2.490015327930450439e-01
1.663844287395477295e-01
2.656776905059814453e-01
3.526124358177185059e-01
2.488299757242202759e-01
2.268305271863937378e-01
4.153721928596496582e-01
4.050860702991485596e-01
3.287287354469299316e-01
1.539683640003204346e-01
3.843449652194976807e-01
2.585795521736145020e-01
2.006578296422958374e-01
2.277105748653411865e-01
1.893615573644638062e-01
2.904388606548309326e-01
1.601158082485198975e-01
2.618981003761291504e-01
3.673377931118011475e-01
2.367179691791534424e-01
2.609712481498718262e-01
2.760102450847625732e-01
2.697800397872924805e-01
3.976718187332153320e-01
4.056726396083831787e-01
4.703348278999328613e-01
1.926222890615463257e-01
3.333122730255126953e-01
2.489475756883621216e-01
3.744393587112426758e-01
2.331476509571075439e-01
4.991509020328521729e-01
2.079796940088272095e-01
4.288298487663269043e-01
1.641319394111633301e-01
3.244302868843078613e-01
2.009941935539245605e-01
3.131710886955261230e-01
1.922669410705566406e-01
2.240538001060485840e-01
2.613788843154907227e-01
1.921231299638748169e-01
2.495814412832260132e-01
1.748378276824951172e-01
3.171312212944030762e-01
5.312520265579223633e-01
1.529259979724884033e-01
3.257227838039398193e-01
4.012256264686584473e-01
4.449627399444580078e-01
3.741584420204162598e-01
1.136994436383247375e-01
1.750078201293945312e-01
3.175455331802368164e-01
3.526566028594970703e-01
3.401316404342651367e-01
1.609894931316375732e-01
3.470627069473266602e-01
2.170686423778533936e-01
3.802221119403839111e-01
1.951922625303268433e-01
2.845419645309448242e-01
2.913522422313690186e-01
4.810235202312469482e-01
2.458653151988983154e-01
2.021704316139221191e-01
4.373126626014709473e-01
9.332014620304107666e-02
2.535003423690795898e-01
2.133452147245407104e-01
1.967207789421081543e-01
3.154048919677734375e-01
3.833931684494018555e-01
1.509566307067871094e-01
5.082198977470397949e-01
3.150841295719146729e-01
4.763816893100738525e-01
6.458274126052856445e-01
2.662638425827026367e-01
1.085360050201416016e-01
2.604617476463317871e-01
3.563147187232971191e-01
2.145954072475433350e-01
1.983617842197418213e-01
3.844746351242065430e-01
3.104000687599182129e-01
2.685868442058563232e-01
4.115175902843475342e-01
2.002675235271453857e-01
4.427604973316192627e-01
3.344466984272003174e-01
4.112383127212524414e-01
3.777787089347839355e-01
1.899645775556564331e-01
3.281023502349853516e-01
4.018197059631347656e-01
4.143947660923004150e-01
3.110562264919281006e-01
1.756147146224975586e-01
3.291873931884765625e-01
3.323435187339782715e-01
1.607902497053146362e-01
1.533265709877014160e-01
1.413309872150421143e-01
1.003374308347702026e-01
6.248878315091133118e-02
4.835537075996398926e-01
4.851895868778228760e-01
4.702860414981842041e-01
4.086757898330688477e-01
2.594633400440216064e-01
2.554087340831756592e-01
3.098800480365753174e-01
1.802285015583038330e-01
2.881847321987152100e-01
1.305391788482666016e-01
4.197201132774353027e-01
2.155285924673080444e-01
2.103873938322067261e-01
3.409805297851562500e-01
3.694801926612854004e-01
1.709623932838439941e-01
5.386679768562316895e-01
1.950893998146057129e-01
5.338965654373168945e-01
2.119749784469604492e-01
2.567564547061920166e-01
4.187288880348205566e-01
4.688216745853424072e-01
2.830816209316253662e-01
1.503923386335372925e-01
7.905072718858718872e-02
1.774304509162902832e-01
1.177817657589912415e-01
2.503069639205932617e-01
2.987666726112365723e-01
2.830489575862884521e-01
1.781953126192092896e-01
1.303093433380126953e-01
3.224794268608093262e-01
2.017123103141784668e-01
1.973550915718078613e-01
4.209068417549133301e-01
1.730723381042480469e-01
3.112799525260925293e-01
1.184066981077194214e-01
2.252322584390640259e-01
1.162985116243362427e-01
2.567185163497924805e-01
3.749204277992248535e-01
