1.926845014095306396e-01
1.456040441989898682e-01
2.532311975955963135e-01
3.025545477867126465e-01
2.580554783344268799e-01
2.228338420391082764e-01
3.642483651638031006e-01
3.278234601020812988e-01
3.198736906051635742e-01
2.474717199802398682e-01
1.956868469715118408e-01
4.865894317626953125e-01
2.140045315027236938e-01
2.295942902565002441e-01
2.546563148498535156e-01
1.633568406105041504e-01
1.630721390247344971e-01
1.763105392456054688e-01
2.453556060791015625e-01
1.374665796756744385e-01
3.593241572380065918e-01
1.760996878147125244e-01
3.629118502140045166e-01
2.599644660949707031e-01
2.442375272512435913e-01
3.206233084201812744e-01
1.620006859302520752e-01
2.070152759552001953e-01
3.151611089706420898e-01
1.948041468858718872e-01
2.880622148513793945e-01
1.418522596359252930e-01
2.247374653816223145e-01
2.898265123367309570e-01
2.949357628822326660e-01
3.245466053485870361e-01
5.661360025405883789e-01
2.270657420158386230e-01
9.282280504703521729e-02
2.098980098962783813e-01
3.324892520904541016e-01
2.135723233222961426e-01
3.691955804824829102e-01
2.498110085725784302e-01
2.857370376586914062e-01
4.224628806114196777e-01
2.362423092126846313e-01
3.787640333175659180e-01
2.787116467952728271e-01
3.257025480270385742e-01
2.626514434814453125e-01
3.070124089717864990e-01
4.486700594425201416e-01
2.630923390388488770e-01
2.455412745475769043e-01
4.382496178150177002e-01
3.655991554260253906e-01
1.983320266008377075e-01
2.290946543216705322e-01
3.999080359935760498e-01
2.838175594806671143e-01
2.048875987529754639e-01
1.436067521572113037e-01
1.758975684642791748e-01
9.048645943403244019e-02
2.016091048717498779e-01
2.523968219757080078e-01
1.901684999465942383e-01
2.472757697105407715e-01
3.621017634868621826e-01
2.506181895732879639e-01
2.674803733825683594e-01
2.926434278488159180e-01
3.442240953445434570e-01
1.841527819633483887e-01
2.039077877998352051e-01
2.466610223054885864e-01
3.677434325218200684e-01
1.714978516101837158e-01
1.776977181434631348e-01
1.966606378555297852e-01
2.053867429494857788e-01
1.764606833457946777e-01
2.529158592224121094e-01
1.010515913367271423e-01
2.933025956153869629e-01
1.335022598505020142e-01
1.991791725158691406e-01
6.553217023611068726e-02
2.064749598503112793e-01
1.645449101924896240e-01
2.483256757259368896e-01
3.294653892517089844e-01
2.322681248188018799e-01
4.139855206012725830e-01
1.158477142453193665e-01
1.757631301879882812e-01
2.134851515293121338e-01
1.033821478486061096e-01
2.334106564521789551e-01
2.612264156341552734e-01
2.881311476230621338e-01
2.356319278478622437e-01
1.550280749797821045e-01
2.765592336654663086e-01
2.403740584850311279e-01
1.395327597856521606e-01
2.155821323394775391e-01
2.959892153739929199e-01
4.559628069400787354e-01
2.243084758520126343e-01
2.934271097183227539e-01
2.769629359245300293e-01
2.229116857051849365e-01
2.796866893768310547e-01
2.716103494167327881e-01
3.393979072570800781e-01
1.570074856281280518e-01
2.216511964797973633e-01
1.848210394382476807e-01
1.043540239334106445e-01
3.249152004718780518e-01
3.773477971553802490e-01
1.162721514701843262e-01
2.481406033039093018e-01
3.813164532184600830e-01
2.418505549430847168e-01
1.465045511722564697e-01
1.622676551342010498e-01
3.235432207584381104e-01
3.144277632236480713e-01
2.372976839542388916e-01
4.044783711433410645e-01
2.945828735828399658e-01
2.538294792175292969e-01
2.373781353235244751e-01
1.662604510784149170e-01
4.481235742568969727e-01
3.754127621650695801e-01
4.838795959949493408e-01
3.145571947097778320e-01
2.238574326038360596e-01
5.544636249542236328e-01
2.002609372138977051e-01
1.545169651508331299e-01
2.480814605951309204e-01
2.177896648645401001e-01
3.431558609008789062e-01
2.759588360786437988e-01
1.980288922786712646e-01
5.804418325424194336e-01
4.738861918449401855e-01
3.445393741130828857e-01
2.143145054578781128e-01
2.010622620582580566e-01
2.397097945213317871e-01
2.277973443269729614e-01
1.631426513195037842e-01
3.292090296745300293e-01
2.666397094726562500e-01
8.025781065225601196e-02
1.994113326072692871e-01
1.769727468490600586e-01
3.171676099300384521e-01
2.680717110633850098e-01
5.170236229896545410e-01
2.982478141784667969e-01
3.056680858135223389e-01
3.596858978271484375e-01
3.234389424324035645e-01
2.698991894721984863e-01
5.176773071289062500e-01
3.360799551010131836e-01
3.176108598709106445e-01
3.749790191650390625e-01
5.775452852249145508e-01
2.932288348674774170e-01
4.413599371910095215e-01
3.798788785934448242e-01
2.226130962371826172e-01
4.946048259735107422e-01
3.140373826026916504e-01
1.758250445127487183e-01
3.882042169570922852e-01
4.877612590789794922e-01
4.413600862026214600e-01
3.330203890800476074e-01
2.919440269470214844e-01
1.707484871149063110e-01
1.883566677570343018e-01
8.365578949451446533e-02
2.557061314582824707e-01
2.239472121000289917e-01
2.872377038002014160e-01
1.831687241792678833e-01
3.305777609348297119e-01
1.429452151060104370e-01
6.155592203140258789e-01
3.681573569774627686e-01
4.033454060554504395e-01
5.933484435081481934e-01
1.023494154214859009e-01
3.348373472690582275e-01
1.213483363389968872e-01
2.276395708322525024e-01
1.146063506603240967e-01
2.415388226509094238e-01
8.897091448307037354e-02
1.282928287982940674e-01
3.531896770000457764e-01
3.847812116146087646e-01
1.463270932435989380e-01
2.120198756456375122e-01
1.328918635845184326e-01
2.942004203796386719e-01
2.664480805397033691e-01
1.197873502969741821e-01
3.984448313713073730e-01
2.586097717285156250e-01
2.920650839805603027e-01
2.231212705373764038e-01
1.448999196290969849e-01
2.374640554189682007e-01
1.100580617785453796e-01
2.344802916049957275e-01
3.128712177276611328e-01
3.557235002517700195e-01
4.624613523483276367e-01
5.410836338996887207e-01
3.559728860855102539e-01
1.880241632461547852e-01
2.467217445373535156e-01
1.514578908681869507e-01
3.012817502021789551e-01
2.792765498161315918e-01
1.083152592182159424e-01
3.556112349033355713e-01
8.825008571147918701e-02
2.175977826118469238e-01
1.609782576560974121e-01
3.802459537982940674e-01
2.503303885459899902e-01
4.301282465457916260e-01
1.791577935218811035e-01
1.954852044582366943e-01
2.324885427951812744e-01
1.495183259248733521e-01
1.139771416783332825e-01
3.825711905956268311e-01
5.935630574822425842e-02
1.028493270277976990e-01
1.855550110340118408e-01
1.747542619705200195e-01
7.681451737880706787e-02
3.015142977237701416e-01
4.424610137939453125e-01
1.708687841892242432e-01
2.087785005569458008e-01
2.109664529561996460e-01
4.248735308647155762e-01
2.192813754081726074e-01
5.694749578833580017e-02
1.505103111267089844e-01
1.665737032890319824e-01
1.310429275035858154e-01
2.316961884498596191e-01
3.678653240203857422e-01
1.876631677150726318e-01
3.642455339431762695e-01
2.563029229640960693e-01
1.621754467487335205e-01
2.278324365615844727e-01
1.946065425872802734e-01
2.164191454648971558e-01
6.442766636610031128e-02
2.050078213214874268e-01
2.621574103832244873e-01
5.269941091537475586e-01
2.135618776082992554e-01
3.585760593414306641e-01
2.773694097995758057e-01
1.478693038225173950e-01
2.410815060138702393e-01
1.454523056745529175e-01
2.429718375205993652e-01
3.534644246101379395e-01
2.196603417396545410e-01
2.711513042449951172e-01
2.874386906623840332e-01
2.007611095905303955e-01
1.965529322624206543e-01
6.255678087472915649e-02
3.759448230266571045e-01
1.275592297315597534e-01
2.343787252902984619e-01
2.994055449962615967e-01
3.217908143997192383e-01
3.838538229465484619e-01
4.384113550186157227e-01
1.394203007221221924e-01
3.310765326023101807e-01
3.099463284015655518e-01
4.066322445869445801e-01
4.806528687477111816e-01
1.347984671592712402e-01
2.364187389612197876e-01
2.359232604503631592e-01
1.916247010231018066e-01
2.839945554733276367e-01
1.818589121103286743e-01
2.665326297283172607e-01
2.064978927373886108e-01
4.206964075565338135e-01
2.392380386590957642e-01
4.030836820602416992e-01
2.314758449792861938e-01
3.808693289756774902e-01
2.975403070449829102e-01
3.271733224391937256e-01
2.332135289907455444e-01
2.348008155822753906e-01
2.858296036720275879e-01
1.684628874063491821e-01
2.264502644538879395e-01
1.854466497898101807e-01
2.062537819147109985e-01
2.083130329847335815e-01
3.394637703895568848e-01
2.926315069198608398e-01
1.847406625747680664e-01
1.161274760961532593e-01
1.025743708014488220e-01
2.756721377372741699e-01
1.359552890062332153e-01
2.816776633262634277e-01
2.147946953773498535e-01
7.792565971612930298e-02
2.170617729425430298e-01
1.909127831459045410e-01
3.009659051895141602e-01
2.363635301589965820e-01
5.913576483726501465e-01
5.440787076950073242e-01
1.645060181617736816e-01
2.485694438219070435e-01
1.563091576099395752e-01
1.398100405931472778e-01
4.105342626571655273e-01
1.500721275806427002e-01
1.855429410934448242e-01
2.586042881011962891e-01
2.154726684093475342e-01
1.484697312116622925e-01
1.520106941461563110e-01
2.127069681882858276e-01
2.031634449958801270e-01
2.889483571052551270e-01
2.597865760326385498e-01
3.524451255798339844e-01
2.194736897945404053e-01
1.245723739266395569e-01
9.814871102571487427e-02
4.926844835281372070e-01
2.642600834369659424e-01
2.906852960586547852e-01
1.281702667474746704e-01
3.541716337203979492e-01
6.243399381637573242e-01
2.968533933162689209e-01
2.349221706390380859e-01
1.320142298936843872e-01
3.888473808765411377e-01
1.973300427198410034e-01
5.461827516555786133e-01
4.887847304344177246e-01
2.143400013446807861e-01
3.003720045089721680e-01
1.517972052097320557e-01
2.697064578533172607e-01
1.633152216672897339e-01
2.308795601129531860e-01
3.187795877456665039e-01
2.129957079887390137e-01
1.403275728225708008e-01
3.042399883270263672e-01
1.020863205194473267e-01
2.298235297203063965e-01
1.708806157112121582e-01
1.990793049335479736e-01
4.647953212261199951e-01
8.258058130741119385e-02
3.489212393760681152e-01
2.118169665336608887e-01
2.241499125957489014e-01
1.584104895591735840e-01
1.670635938644409180e-01
3.294746875762939453e-01
2.381208240985870361e-01
2.587110996246337891e-01
3.937224745750427246e-01
2.671632170677185059e-01
3.587245345115661621e-01
2.875256538391113281e-01
2.352972626686096191e-01
2.417792081832885742e-01
2.003249526023864746e-01
2.135125547647476196e-01
2.464184314012527466e-01
2.119638919830322266e-01
1.861022263765335083e-01
1.567440927028656006e-01
1.946420073509216309e-01
1.965615451335906982e-01
1.340511590242385864e-01
3.084957003593444824e-01
1.416059136390686035e-01
2.348434627056121826e-01
1.620864272117614746e-01
1.904619336128234863e-01
1.587637960910797119e-01
5.284914970397949219e-01
4.463813602924346924e-01
3.016387522220611572e-01
3.111910223960876465e-01
3.733685910701751709e-01
4.400504231452941895e-01
4.064088463783264160e-01
3.579671382904052734e-01
1.902274042367935181e-01
2.867699861526489258e-01
2.529873251914978027e-01
3.330318331718444824e-01
2.145008295774459839e-01
3.802806138992309570e-01
4.738537371158599854e-01
2.128859609365463257e-01
3.281625509262084961e-01
3.360868692398071289e-01
3.990176618099212646e-01
1.816896200180053711e-01
1.063132956624031067e-01
2.930478453636169434e-01
1.727261245250701904e-01
2.090786397457122803e-01
5.313475131988525391e-01
2.005060017108917236e-01
2.929693758487701416e-01
2.209362387657165527e-01
1.226259246468544006e-01
2.683067619800567627e-01
2.346904873847961426e-01
2.674555480480194092e-01
5.468534827232360840e-01
1.250218302011489868e-01
2.564090192317962646e-01
1.707455217838287354e-01
2.408887594938278198e-01
2.705714702606201172e-01
1.813330948352813721e-01
2.038316875696182251e-01
2.418599426746368408e-01
2.466681301593780518e-01
3.920341655611991882e-02
2.655145525932312012e-01
1.395124793052673340e-01
2.722866535186767578e-01
1.327480673789978027e-01
4.000981152057647705e-01
7.729016244411468506e-02
1.218764483928680420e-01
1.638789325952529907e-01
2.695028185844421387e-01
3.122474253177642822e-01
4.170555770397186279e-01
3.662611544132232666e-01
2.410829663276672363e-01
2.888165712356567383e-01
3.898730576038360596e-01
3.064891397953033447e-01
2.239924073219299316e-01
2.206925898790359497e-01
2.768880724906921387e-01
1.155233681201934814e-01
1.400891989469528198e-01
2.205379605293273926e-01
4.723376035690307617e-01
2.831209301948547363e-01
1.627339273691177368e-01
3.525028228759765625e-01
2.138245105743408203e-01
3.250536024570465088e-01
1.084761768579483032e-01
2.149499505758285522e-01
1.986514925956726074e-01
2.807789444923400879e-01
4.258058071136474609e-01
7.626960873603820801e-01
4.727161228656768799e-01
1.115315258502960205e-01
2.451140284538269043e-01
1.381499767303466797e-01
1.512787342071533203e-01
5.667629837989807129e-01
4.554127454757690430e-01
4.731464087963104248e-01
2.594816386699676514e-01
3.096531629562377930e-01
8.996564894914627075e-02
2.513724565505981445e-01
2.829833626747131348e-01
2.562078237533569336e-01
2.168581336736679077e-01
3.399477005004882812e-01
5.285968780517578125e-01
4.026495516300201416e-01
1.887615919113159180e-01
3.189976215362548828e-01
2.216227501630783081e-01
2.509559392929077148e-01
3.929886817932128906e-01
2.481352239847183228e-01
2.027203142642974854e-01
3.320201337337493896e-01
1.223005950450897217e-01
2.061540186405181885e-01
3.113793134689331055e-01
4.681467413902282715e-01
1.085301935672760010e-01
3.245554864406585693e-01
1.896268725395202637e-01
3.105647563934326172e-01
1.912972480058670044e-01
2.619311809539794922e-01
5.234653949737548828e-01
2.782958745956420898e-01
3.268458247184753418e-01
2.360199987888336182e-01
3.953673839569091797e-01
3.850047588348388672e-01
1.471420526504516602e-01
2.922625541687011719e-01
3.898078799247741699e-01
1.286053657531738281e-01
1.751308441162109375e-01
3.883607387542724609e-01
1.751620024442672729e-01
2.164769917726516724e-01
1.449723243713378906e-01
1.378031373023986816e-01
3.809366524219512939e-01
3.036404848098754883e-01
2.685400545597076416e-01
1.209867000579833984e-01
1.969253718852996826e-01
3.683007359504699707e-01
2.286514192819595337e-01
1.037246137857437134e-01
3.043847084045410156e-01
2.887189686298370361e-01
3.717479109764099121e-01
3.350788950920104980e-01
3.244904875755310059e-01
3.446326553821563721e-01
8.752860128879547119e-02
2.679039835929870605e-01
2.246159166097640991e-01
2.408190816640853882e-01
7.565137743949890137e-02
2.348960638046264648e-01
3.573274910449981689e-01
3.180423974990844727e-01
2.306533753871917725e-01
2.308831661939620972e-01
1.820889413356781006e-01
2.280991673469543457e-01
2.286362200975418091e-01
4.444604218006134033e-01
2.849304378032684326e-01
1.889500170946121216e-01
3.412060737609863281e-01
1.627633720636367798e-01
1.331053972244262695e-01
1.355413645505905151e-01
1.772332936525344849e-01
6.142566204071044922e-01
1.866717636585235596e-01
1.876922547817230225e-01
2.946085929870605469e-01
4.190325736999511719e-01
2.147300243377685547e-01
5.573940277099609375e-02
1.834012269973754883e-01
1.761651486158370972e-01
2.213089168071746826e-01
5.021328330039978027e-01
1.305385679006576538e-01
3.309985697269439697e-01
2.195047438144683838e-01
1.957080066204071045e-01
2.019157409667968750e-01
1.320019662380218506e-01
3.210296630859375000e-01
2.209247797727584839e-01
3.171476721763610840e-01
2.148880958557128906e-01
4.332799613475799561e-01
2.729646563529968262e-01
2.570277452468872070e-01
3.333079218864440918e-01
1.105392575263977051e-01
2.805941700935363770e-01
7.202315330505371094e-01
6.591373682022094727e-02
1.565104126930236816e-01
4.359361231327056885e-01
5.123478919267654419e-02
1.035319566726684570e-01
2.938899397850036621e-01
1.484927684068679810e-01
2.854696214199066162e-01
3.560255765914916992e-01
1.554394960403442383e-01
4.021694064140319824e-01
2.391350269317626953e-01
2.094799578189849854e-01
2.134304791688919067e-01
5.591446757316589355e-01
1.705703735351562500e-01
5.020970106124877930e-01
2.129519134759902954e-01
1.506153941154479980e-01
2.282117903232574463e-01
3.531197309494018555e-01
1.781730353832244873e-01
5.875563994050025940e-02
3.376965522766113281e-01
5.333366394042968750e-01
1.840124130249023438e-01
4.291229248046875000e-01
3.502836525440216064e-01
3.074939548969268799e-01
1.344882696866989136e-01
1.699151843786239624e-01
3.873912990093231201e-01
1.387419402599334717e-01
3.005582988262176514e-01
3.695530891418457031e-01
2.370635271072387695e-01
3.647756874561309814e-01
1.147109866142272949e-01
3.248523473739624023e-01
2.430229932069778442e-01
1.712100803852081299e-01
5.116520524024963379e-01
1.252726614475250244e-01
3.316783010959625244e-01
1.940612494945526123e-01
2.371221333742141724e-01
1.774334907531738281e-01
2.619081437587738037e-01
2.916813194751739502e-01
4.610999524593353271e-01
3.361123204231262207e-01
2.088659852743148804e-01
1.315321326255798340e-01
3.479379117488861084e-01
1.802896857261657715e-01
1.300116479396820068e-01
3.909979760646820068e-01
1.947745382785797119e-01
3.337759673595428467e-01
3.034652471542358398e-01
3.307918906211853027e-01
2.257347851991653442e-01
3.651417195796966553e-01
3.465897738933563232e-01
1.899582594633102417e-01
3.039046525955200195e-01
5.845648795366287231e-02
3.117327988147735596e-01
1.485897451639175415e-01
4.560128152370452881e-01
1.628408282995223999e-01
2.233793288469314575e-01
5.000125169754028320e-01
1.577098071575164795e-01
1.548722386360168457e-01
1.704116165637969971e-01
2.511884570121765137e-01
3.304620981216430664e-01
4.640751183032989502e-01
2.237588912248611450e-01
1.855135113000869751e-01
3.588267564773559570e-01
2.957901358604431152e-01
2.234596908092498779e-01
3.289995193481445312e-01
2.442499399185180664e-01
3.567781448364257812e-01
2.393345534801483154e-01
3.374848961830139160e-01
2.405387461185455322e-01
3.078561723232269287e-01
2.085303366184234619e-01
1.819588243961334229e-01
2.391531020402908325e-01
3.041819334030151367e-01
2.618713080883026123e-01
5.027735233306884766e-01
4.183140993118286133e-01
2.002901732921600342e-01
3.803067207336425781e-01
2.810628414154052734e-01
1.346413344144821167e-01
3.152420818805694580e-01
1.363346725702285767e-01
1.690126955509185791e-01
2.256947457790374756e-01
1.847090721130371094e-01
1.993816792964935303e-01
2.764053046703338623e-01
2.847120165824890137e-01
8.452007174491882324e-02
6.470070779323577881e-02
2.796030044555664062e-01
1.157820373773574829e-01
2.532213926315307617e-01
2.305409759283065796e-01
1.952263116836547852e-01
2.290300577878952026e-01
3.121674954891204834e-01
1.462821066379547119e-01
3.628402948379516602e-01
2.346738278865814209e-01
1.224345490336418152e-01
4.505925774574279785e-01
8.471050858497619629e-02
2.356047481298446655e-01
8.213621377944946289e-02
2.567328214645385742e-01
2.175641059875488281e-01
3.048826158046722412e-01
1.788261383771896362e-01
2.741895914077758789e-01
1.842904388904571533e-01
3.143591880798339844e-01
2.996212542057037354e-01
5.667924284934997559e-01
1.074948906898498535e-01
2.316664308309555054e-01
4.667147994041442871e-01
1.937742531299591064e-01
1.847881972789764404e-01
1.756626665592193604e-01
3.506385087966918945e-01
2.254203259944915771e-01
3.717821538448333740e-01
4.087226390838623047e-01
9.092201292514801025e-02
2.566637694835662842e-01
1.345049142837524414e-01
1.134922951459884644e-01
1.487547159194946289e-01
9.507497400045394897e-02
1.147841513156890869e-01
1.680381447076797485e-01
2.431708872318267822e-01
7.103352248668670654e-02
6.390235424041748047e-01
3.282126486301422119e-01
3.610485792160034180e-01
4.659634530544281006e-01
3.782261610031127930e-01
5.541522502899169922e-01
2.870184183120727539e-01
3.634026348590850830e-01
2.266188263893127441e-01
2.769297063350677490e-01
1.780991554260253906e-01
5.664044618606567383e-01
1.600374728441238403e-01
2.694192528724670410e-01
3.980323076248168945e-01
3.012494146823883057e-01
1.582355201244354248e-01
3.294070661067962646e-01
2.718809843063354492e-01
1.626989543437957764e-01
1.288973838090896606e-01
3.042016625404357910e-01
1.248658895492553711e-01
3.280570209026336670e-01
2.859933376312255859e-01
4.317294359207153320e-01
3.753172755241394043e-01
2.333898544311523438e-01
4.263391494750976562e-01
4.179018139839172363e-01
1.593599617481231689e-01
2.670972049236297607e-01
2.681044638156890869e-01
5.133005380630493164e-01
2.164744138717651367e-01
4.678529500961303711e-01
4.365458488464355469e-01
3.718807101249694824e-01
1.868221908807754517e-01
1.496621966361999512e-01
1.139852926135063171e-01
5.199986100196838379e-01
2.144917100667953491e-01
3.599236011505126953e-01
4.076369404792785645e-01
2.173548042774200439e-01
1.413277536630630493e-01
2.398132532835006714e-01
3.158319890499114990e-01
2.851197719573974609e-01
3.351299166679382324e-01
3.390990495681762695e-01
2.826636433601379395e-01
4.019391536712646484e-01
2.081546336412429810e-01
2.498353421688079834e-01
2.204702198505401611e-01
2.339919358491897583e-01
1.529924571514129639e-01
2.255708873271942139e-01
1.324888318777084351e-01
4.145193099975585938e-01
1.359482705593109131e-01
2.276694327592849731e-01
3.415660858154296875e-01
3.624909520149230957e-01
3.900420069694519043e-01
3.361247479915618896e-01
1.634543985128402710e-01
2.117639183998107910e-01
4.473779201507568359e-01
2.467722296714782715e-01
3.824754357337951660e-01
2.443387806415557861e-01
5.104887485504150391e-01
3.263294398784637451e-01
1.663584560155868530e-01
2.298012226819992065e-01
3.567610383033752441e-01
2.100998163223266602e-01
2.599771618843078613e-01
3.364204466342926025e-01
5.885366201400756836e-01
7.615745663642883301e-01
3.135471940040588379e-01
3.361955881118774414e-01
5.428818464279174805e-01
3.518989086151123047e-01
2.611770331859588623e-01
1.749404966831207275e-01
3.609236478805541992e-01
1.970661133527755737e-01
2.825387120246887207e-01
3.426837027072906494e-01
4.404219388961791992e-01
1.625747829675674438e-01
2.585403323173522949e-01
2.877554893493652344e-01
3.767152726650238037e-01
3.444412946701049805e-01
3.764379918575286865e-01
5.329494476318359375e-01
1.087201088666915894e-01
2.808254361152648926e-01
2.458949536085128784e-01
3.670272827148437500e-01
1.254342049360275269e-01
2.562240064144134521e-01
1.246563643217086792e-01
2.082360386848449707e-01
1.915080845355987549e-01
5.650124549865722656e-01
2.671897411346435547e-01
3.123767375946044922e-01
4.374675452709197998e-01
3.428527116775512695e-01
3.417530655860900879e-01
3.266358375549316406e-01
2.767893075942993164e-01
4.333352744579315186e-01
2.055054455995559692e-01
2.046765536069869995e-01
3.603140115737915039e-01
1.807267814874649048e-01
2.530106306076049805e-01
1.340028792619705200e-01
1.758014410734176636e-01
7.301405817270278931e-02
5.293655395507812500e-01
3.174656331539154053e-01
2.970284521579742432e-01
2.499139457941055298e-01
5.574902892112731934e-01
2.006627023220062256e-01
2.639680504798889160e-01
2.444271147251129150e-01
2.511675953865051270e-01
2.332428693771362305e-01
4.230005145072937012e-01
3.373232483863830566e-01
3.103222846984863281e-01
2.746541500091552734e-01
1.831481754779815674e-01
2.319047749042510986e-01
3.934871554374694824e-01
3.485347032546997070e-01
3.077249228954315186e-01
7.369104772806167603e-02
1.458667069673538208e-01
2.926521897315979004e-01
1.432410180568695068e-01
1.823487877845764160e-01
3.397197425365447998e-01
3.663232624530792236e-01
2.548135519027709961e-01
4.913377761840820312e-01
6.874901056289672852e-01
5.519537925720214844e-01
4.502243995666503906e-01
4.083425402641296387e-01
2.407070249319076538e-01
2.963679432868957520e-01
2.538890242576599121e-01
2.423701286315917969e-01
2.379766851663589478e-01
2.038336098194122314e-01
9.743715077638626099e-02
2.978694140911102295e-01
8.667027950286865234e-02
7.024830579757690430e-01
2.797003984451293945e-01
1.427794694900512695e-01
1.469352543354034424e-01
1.058401018381118774e-01
2.965317666530609131e-01
7.492202520370483398e-02
3.821214437484741211e-01
2.745229005813598633e-01
4.861955642700195312e-01
3.026527166366577148e-01
2.351616322994232178e-01
2.731153070926666260e-01
1.693071275949478149e-01
2.890019416809082031e-01
1.884416192770004272e-01
1.738737821578979492e-01
1.107982695102691650e-01
3.058004677295684814e-01
2.143276929855346680e-01
1.840276718139648438e-01
1.183672174811363220e-01
2.024961411952972412e-01
2.077036499977111816e-01
2.805418372154235840e-01
4.119132459163665771e-01
1.376863270998001099e-01
1.229593902826309204e-01
1.800422817468643188e-01
2.642797529697418213e-01
1.797810196876525879e-01
4.286900460720062256e-01
2.308292686939239502e-01
3.146933317184448242e-01
2.507611513137817383e-01
2.137334942817687988e-01
1.731270104646682739e-01
4.154619276523590088e-01
4.319229722023010254e-01
2.497183531522750854e-01
5.223743915557861328e-01
3.618496060371398926e-01
2.377301156520843506e-01
4.137020707130432129e-01
1.294797509908676147e-01
6.153389811515808105e-01
2.166416943073272705e-01
3.325955271720886230e-01
1.406950354576110840e-01
2.176115512847900391e-01
1.112101897597312927e-01
3.647771775722503662e-01
1.429815888404846191e-01
9.097488969564437866e-02
2.320155799388885498e-01
5.911443233489990234e-01
3.446337580680847168e-01
1.225410997867584229e-01
2.174490243196487427e-01
2.699450850486755371e-01
2.928738296031951904e-01
4.511219263076782227e-01
3.279138803482055664e-01
2.864782214164733887e-01
3.375042676925659180e-01
5.520092844963073730e-01
1.287728250026702881e-01
2.780088484287261963e-01
2.293816655874252319e-01
2.454539984464645386e-01
7.940258979797363281e-01
3.805906474590301514e-01
3.457505106925964355e-01
3.053776621818542480e-01
2.827997207641601562e-01
2.316882312297821045e-01
4.465523362159729004e-01
2.953619360923767090e-01
3.349818587303161621e-01
2.695266306400299072e-01
2.242277562618255615e-01
3.260935246944427490e-01
4.126453697681427002e-01
4.698167443275451660e-01
2.724181413650512695e-01
2.575814127922058105e-01
3.412188291549682617e-01
3.725710511207580566e-01
5.736986398696899414e-01
3.456431031227111816e-01
2.299499511718750000e-01
2.678681612014770508e-01
3.877283334732055664e-01
3.264966905117034912e-01
2.418565452098846436e-01
1.125461310148239136e-01
2.126611918210983276e-01
1.453531682491302490e-01
2.065789550542831421e-01
5.836207270622253418e-01
1.640908420085906982e-01
4.369321465492248535e-01
2.632921040058135986e-01
1.181797236204147339e-01
1.486811637878417969e-01
3.730233311653137207e-01
1.925232261419296265e-01
2.358531951904296875e-01
4.220439493656158447e-01
2.286930680274963379e-01
2.168928682804107666e-01
2.858390212059020996e-01
2.917037606239318848e-01
3.232034444808959961e-01
1.518112421035766602e-01
3.598222136497497559e-01
1.558507382869720459e-01
4.489211440086364746e-01
3.298366665840148926e-01
8.500017225742340088e-02
8.298996835947036743e-02
2.664826512336730957e-01
2.107435762882232666e-01
1.370045840740203857e-01
2.455960512161254883e-01
1.545209288597106934e-01
3.317897915840148926e-01
2.382946014404296875e-01
2.730648517608642578e-01
2.148169130086898804e-01
2.407294809818267822e-01
2.986346483230590820e-01
1.121521145105361938e-01
1.048758774995803833e-01
3.692504763603210449e-01
1.739853173494338989e-01
3.603087663650512695e-01
3.183462917804718018e-01
2.638412117958068848e-01
1.076710298657417297e-01
1.622073054313659668e-01
2.303293049335479736e-01
1.875787079334259033e-01
5.072463154792785645e-01
9.317484498023986816e-02
2.625603079795837402e-01
7.388597726821899414e-02
1.651382148265838623e-01
1.176075711846351624e-01
4.438574910163879395e-01
3.152057528495788574e-01
1.327036321163177490e-01
2.658370435237884521e-01
2.904210090637207031e-01
4.850030541419982910e-01
1.696144938468933105e-01
2.525201439857482910e-01
3.506887853145599365e-01
1.654381752014160156e-01
1.666771769523620605e-01
3.645986318588256836e-01
1.710889041423797607e-01
4.820950031280517578e-01
1.324934065341949463e-01
1.794555038213729858e-01
2.402112483978271484e-01
1.537239104509353638e-01
2.038818895816802979e-01
2.605695128440856934e-01
1.765314191579818726e-01
2.232441157102584839e-01
1.584073901176452637e-01
2.623590826988220215e-01
1.990775465965270996e-01
1.685675084590911865e-01
3.140821754932403564e-01
1.622756719589233398e-01
4.040792286396026611e-01
2.804720699787139893e-01
2.888689339160919189e-01
2.314010560512542725e-01
2.295365631580352783e-01
1.356360018253326416e-01
3.434151411056518555e-01
2.391451597213745117e-01
3.490071594715118408e-01
2.650413513183593750e-01
2.961110770702362061e-01
1.862654834985733032e-01
3.448812067508697510e-01
3.022865056991577148e-01
4.895912408828735352e-01
3.290153741836547852e-01
2.515657842159271240e-01
2.871381342411041260e-01
1.903871446847915649e-01
3.480676412582397461e-01
2.181687951087951660e-01
3.874684870243072510e-01
2.901781797409057617e-01
3.529666662216186523e-01
2.393436133861541748e-01
3.242510557174682617e-01
2.725438773632049561e-01
2.411406934261322021e-01
2.351166009902954102e-01
1.496470570564270020e-01
2.885280251502990723e-01
3.429961204528808594e-01
1.263574808835983276e-01
2.083289623260498047e-01
2.822543978691101074e-01
2.234558761119842529e-01
3.251456916332244873e-01
2.233142107725143433e-01
2.032548636198043823e-01
1.538925319910049438e-01
1.962582767009735107e-01
3.219681978225708008e-01
3.569796681404113770e-01
1.443906128406524658e-01
3.437655270099639893e-01
1.614402383565902710e-01
1.435700953006744385e-01
4.035637080669403076e-01
4.174426198005676270e-02
1.121011078357696533e-01
1.732637882232666016e-01
1.131330877542495728e-01
1.776146292686462402e-01
2.884661555290222168e-01
9.660468250513076782e-02
1.907468885183334351e-01
1.677319556474685669e-01
1.885352283716201782e-01
1.407422125339508057e-01
3.354734778404235840e-01
1.590720117092132568e-01
3.356463313102722168e-01
3.098697662353515625e-01
1.720086634159088135e-01
1.936399638652801514e-01
1.276049464941024780e-01
3.926973342895507812e-01
5.993870496749877930e-01
4.841094017028808594e-01
2.815694808959960938e-01
3.923504948616027832e-01
1.514291763305664062e-01
2.903843820095062256e-01
1.869349479675292969e-01
3.342465162277221680e-01
2.301553338766098022e-01
3.450573086738586426e-01
2.251717150211334229e-01
1.241729408502578735e-01
3.783496916294097900e-01
1.606575846672058105e-01
3.583209514617919922e-01
3.383126854896545410e-01
3.117871582508087158e-01
2.884298861026763916e-01
2.629002034664154053e-01
3.765835464000701904e-01
1.850359290838241577e-01
1.493686139583587646e-01
4.057042002677917480e-01
2.616392672061920166e-01
1.378971785306930542e-01
2.887543439865112305e-01
2.336568981409072876e-01
1.732611358165740967e-01
2.457794696092605591e-01
1.243091225624084473e-01
1.055391505360603333e-01
2.813733518123626709e-01
2.541348338127136230e-01
1.862342655658721924e-01
2.472095489501953125e-01
4.350163936614990234e-01
4.017814695835113525e-01
1.739747226238250732e-01
2.938608825206756592e-01
2.812454700469970703e-01
2.988466024398803711e-01
2.833561301231384277e-01
1.423353701829910278e-01
1.112840995192527771e-01
2.285666912794113159e-01
1.444161385297775269e-01
1.972139924764633179e-01
1.450960189104080200e-01
2.404544055461883545e-01
2.235130369663238525e-01
9.748672693967819214e-02
2.086886763572692871e-01
1.623061001300811768e-01
1.143699437379837036e-01
1.354426145553588867e-01
2.363674789667129517e-01
1.293522417545318604e-01
2.549009323120117188e-01
1.364421397447586060e-01
2.515894174575805664e-01
1.661983728408813477e-01
6.502049416303634644e-02
2.871546745300292969e-01
2.326213121414184570e-01
6.981512308120727539e-01
