5.733397603034973145e-01
8.598953485488891602e-01
6.873725652694702148e-01
6.299520730972290039e-01
9.583428502082824707e-01
6.252939701080322266e-01
5.276769399642944336e-01
7.222907543182373047e-01
8.350839614868164062e-01
7.665565609931945801e-01
8.770544528961181641e-01
8.083470463752746582e-01
7.204557657241821289e-01
7.889005541801452637e-01
6.430866718292236328e-01
7.255924344062805176e-01
7.620264291763305664e-01
7.639515399932861328e-01
5.310037136077880859e-01
5.883953571319580078e-01
7.074750661849975586e-01
6.165308952331542969e-01
7.379329800605773926e-01
6.526052951812744141e-01
9.732238054275512695e-01
8.710354566574096680e-01
6.836701035499572754e-01
5.453110337257385254e-01
7.996599078178405762e-01
8.000804781913757324e-01
6.124159693717956543e-01
8.246414065361022949e-01
9.820749163627624512e-01
7.882114648818969727e-01
6.290274858474731445e-01
8.673539161682128906e-01
6.895697712898254395e-01
8.523324728012084961e-01
7.276184558868408203e-01
6.261504292488098145e-01
4.589468836784362793e-01
7.850484848022460938e-01
8.219957351684570312e-01
6.714150309562683105e-01
8.437000513076782227e-01
8.263499736785888672e-01
4.937530159950256348e-01
6.193779110908508301e-01
6.569243073463439941e-01
6.069857478141784668e-01
6.615567207336425781e-01
5.570979118347167969e-01
7.656377553939819336e-01
4.182910919189453125e-01
8.375139236450195312e-01
7.596417665481567383e-01
9.051367044448852539e-01
6.137261390686035156e-01
9.874509572982788086e-01
6.076205968856811523e-01
5.343213081359863281e-01
6.616908907890319824e-01
7.605656385421752930e-01
7.005885243415832520e-01
7.719703912734985352e-01
7.483409643173217773e-01
8.218910694122314453e-01
8.367521762847900391e-01
6.419012546539306641e-01
8.472851514816284180e-01
7.832098007202148438e-01
8.190875053405761719e-01
8.710855245590209961e-01
6.276416182518005371e-01
6.890997886657714844e-01
6.557812690734863281e-01
7.272439002990722656e-01
6.418253779411315918e-01
8.517940044403076172e-01
8.979859948158264160e-01
6.682382822036743164e-01
7.347189188003540039e-01
6.137185692787170410e-01
7.822810411453247070e-01
6.180520057678222656e-01
5.831745862960815430e-01
5.736825466156005859e-01
7.292786836624145508e-01
9.028168916702270508e-01
5.261790752410888672e-01
7.341403365135192871e-01
8.778963088989257812e-01
6.850410699844360352e-01
8.324611186981201172e-01
7.265091538429260254e-01
7.030353546142578125e-01
6.539781093597412109e-01
5.945577621459960938e-01
9.902478456497192383e-01
7.667756080627441406e-01
8.537706136703491211e-01
1.032703638076782227e+00
6.025856733322143555e-01
9.466103315353393555e-01
5.617123842239379883e-01
5.946180224418640137e-01
5.452845692634582520e-01
7.526358366012573242e-01
7.897574901580810547e-01
7.848130464553833008e-01
6.040931940078735352e-01
6.025491356849670410e-01
5.336748361587524414e-01
7.072235345840454102e-01
5.572346448898315430e-01
8.140087127685546875e-01
6.294995546340942383e-01
6.220340728759765625e-01
6.993217468261718750e-01
9.226037263870239258e-01
7.305222749710083008e-01
1.100195527076721191e+00
6.797435879707336426e-01
9.422773122787475586e-01
7.775648236274719238e-01
5.580444335937500000e-01
4.515414237976074219e-01
6.112254858016967773e-01
7.985669374465942383e-01
6.571315526962280273e-01
6.492636203765869141e-01
5.430138111114501953e-01
7.284876704216003418e-01
5.231819748878479004e-01
6.246905326843261719e-01
6.220742464065551758e-01
7.970825433731079102e-01
6.325478553771972656e-01
5.466882586479187012e-01
5.994559526443481445e-01
7.054426670074462891e-01
7.452541589736938477e-01
7.619732618331909180e-01
7.183350324630737305e-01
8.353681564331054688e-01
7.185134291648864746e-01
8.078754544258117676e-01
7.149751186370849609e-01
6.991738080978393555e-01
6.586236953735351562e-01
8.933832645416259766e-01
5.882239341735839844e-01
6.636321544647216797e-01
6.903185248374938965e-01
1.015611648559570312e+00
8.441731929779052734e-01
5.845837593078613281e-01
7.558770775794982910e-01
6.710964441299438477e-01
8.718917965888977051e-01
7.217559814453125000e-01
8.373305797576904297e-01
7.039561271667480469e-01
6.318274736404418945e-01
4.985816180706024170e-01
7.165441513061523438e-01
8.955440521240234375e-01
6.938242912292480469e-01
6.170454025268554688e-01
5.663641691207885742e-01
5.549465417861938477e-01
9.178348183631896973e-01
1.013388037681579590e+00
6.924127340316772461e-01
6.219499111175537109e-01
4.975024461746215820e-01
6.241530179977416992e-01
8.130861520767211914e-01
5.710621476173400879e-01
9.518403410911560059e-01
9.418327808380126953e-01
6.702950596809387207e-01
6.959805488586425781e-01
7.360081672668457031e-01
8.582239151000976562e-01
8.185718059539794922e-01
6.126514673233032227e-01
8.474838137626647949e-01
5.895512700080871582e-01
6.319789290428161621e-01
5.785694718360900879e-01
8.991570472717285156e-01
6.503387689590454102e-01
6.942902803421020508e-01
5.858672857284545898e-01
7.208545207977294922e-01
1.112635374069213867e+00
9.933538436889648438e-01
5.671463012695312500e-01
8.721433877944946289e-01
6.996976733207702637e-01
8.153514862060546875e-01
4.430912733078002930e-01
8.374074697494506836e-01
8.796882629394531250e-01
5.804311633110046387e-01
7.181738615036010742e-01
6.541223526000976562e-01
4.621344804763793945e-01
5.912140607833862305e-01
8.004734516143798828e-01
5.999948978424072266e-01
6.400439739227294922e-01
6.107976436614990234e-01
6.325203776359558105e-01
7.723453044891357422e-01
7.092481255531311035e-01
8.796769976615905762e-01
7.358138561248779297e-01
5.337224602699279785e-01
8.045282363891601562e-01
5.674713850021362305e-01
5.877683162689208984e-01
6.415028572082519531e-01
7.956063747406005859e-01
6.507263779640197754e-01
8.730018138885498047e-01
7.546250224113464355e-01
5.566016435623168945e-01
8.814475536346435547e-01
5.181426405906677246e-01
7.487280368804931641e-01
3.944899439811706543e-01
7.371796369552612305e-01
1.032965898513793945e+00
5.605896115303039551e-01
5.519231557846069336e-01
1.072504758834838867e+00
1.018266558647155762e+00
9.296936392784118652e-01
6.412178874015808105e-01
9.701882600784301758e-01
6.715419292449951172e-01
6.249200105667114258e-01
8.830889463424682617e-01
9.339223504066467285e-01
5.864391922950744629e-01
8.338769674301147461e-01
9.365649223327636719e-01
9.109802246093750000e-01
8.284601569175720215e-01
7.655491232872009277e-01
6.408880949020385742e-01
7.924800515174865723e-01
6.977528929710388184e-01
8.349771499633789062e-01
7.182018756866455078e-01
8.659160137176513672e-01
1.042026519775390625e+00
8.274182677268981934e-01
8.125543594360351562e-01
7.602948546409606934e-01
8.538193106651306152e-01
5.245776772499084473e-01
1.021705627441406250e+00
8.621540665626525879e-01
1.013095855712890625e+00
7.838650941848754883e-01
7.714134454727172852e-01
6.873446106910705566e-01
6.710701584815979004e-01
5.277982354164123535e-01
7.000597715377807617e-01
8.477607369422912598e-01
8.625848293304443359e-01
7.105339765548706055e-01
5.589876174926757812e-01
9.354301691055297852e-01
5.696800947189331055e-01
5.945627689361572266e-01
7.183527946472167969e-01
6.122140288352966309e-01
7.225689888000488281e-01
6.757184267044067383e-01
7.023501396179199219e-01
6.845304965972900391e-01
7.259747982025146484e-01
6.402557492256164551e-01
7.435794472694396973e-01
6.844298839569091797e-01
5.320338010787963867e-01
7.381544709205627441e-01
6.422727108001708984e-01
6.611171960830688477e-01
7.630588412284851074e-01
6.681443452835083008e-01
9.299856424331665039e-01
8.465585708618164062e-01
6.719105839729309082e-01
8.503562211990356445e-01
7.639752626419067383e-01
7.462061643600463867e-01
7.435904741287231445e-01
9.727718830108642578e-01
6.758096218109130859e-01
8.391633033752441406e-01
5.856930017471313477e-01
5.548952817916870117e-01
7.084535360336303711e-01
6.936019659042358398e-01
5.251142978668212891e-01
5.713869929313659668e-01
9.367095232009887695e-01
7.439857721328735352e-01
1.082559108734130859e+00
7.550462484359741211e-01
7.132114171981811523e-01
4.965149164199829102e-01
5.146387219429016113e-01
7.811316251754760742e-01
6.332833766937255859e-01
5.306051969528198242e-01
9.229676723480224609e-01
6.236404180526733398e-01
4.860018193721771240e-01
8.715583086013793945e-01
6.405700445175170898e-01
6.790784597396850586e-01
6.079295873641967773e-01
6.493638753890991211e-01
1.088735461235046387e+00
6.732078194618225098e-01
6.049720048904418945e-01
7.629179358482360840e-01
6.922596693038940430e-01
4.897209405899047852e-01
6.702522039413452148e-01
4.984276890754699707e-01
6.608344912528991699e-01
7.310301065444946289e-01
6.437226533889770508e-01
6.299023628234863281e-01
7.192529439926147461e-01
5.819554328918457031e-01
8.971370458602905273e-01
6.163770556449890137e-01
6.228138208389282227e-01
7.761328816413879395e-01
6.998114585876464844e-01
6.449211239814758301e-01
8.415738940238952637e-01
6.502856016159057617e-01
6.149049997329711914e-01
6.488107442855834961e-01
5.680322647094726562e-01
7.545191645622253418e-01
8.158918619155883789e-01
7.224897146224975586e-01
6.062536239624023438e-01
9.065614938735961914e-01
8.019641637802124023e-01
7.802324295043945312e-01
7.455802559852600098e-01
7.302770614624023438e-01
6.554844379425048828e-01
6.755442619323730469e-01
7.262758016586303711e-01
7.259365320205688477e-01
8.837004899978637695e-01
6.738009452819824219e-01
7.033320665359497070e-01
6.330569982528686523e-01
6.376208662986755371e-01
7.376677989959716797e-01
7.978987693786621094e-01
8.639762401580810547e-01
8.203153610229492188e-01
5.619972348213195801e-01
5.887867212295532227e-01
5.317747592926025391e-01
7.534610033035278320e-01
7.588185071945190430e-01
8.051035404205322266e-01
5.293158292770385742e-01
6.811572909355163574e-01
6.353273391723632812e-01
9.113560914993286133e-01
8.066943883895874023e-01
6.053335070610046387e-01
7.603005170822143555e-01
8.677762150764465332e-01
5.989423394203186035e-01
5.991049408912658691e-01
5.826988220214843750e-01
7.337510585784912109e-01
6.326881051063537598e-01
6.654315590858459473e-01
6.929209232330322266e-01
8.489702939987182617e-01
5.637218952178955078e-01
7.497692704200744629e-01
9.656875133514404297e-01
9.067121744155883789e-01
6.820503473281860352e-01
6.042919158935546875e-01
7.385733127593994141e-01
6.718446016311645508e-01
7.597327232360839844e-01
6.935793757438659668e-01
5.678305625915527344e-01
7.663308382034301758e-01
5.850105881690979004e-01
1.221031308174133301e+00
8.863192796707153320e-01
4.124990701675415039e-01
8.393862247467041016e-01
4.419273436069488525e-01
7.682305574417114258e-01
6.573674678802490234e-01
6.182887554168701172e-01
7.964618802070617676e-01
7.225093841552734375e-01
7.440667152404785156e-01
6.044771075248718262e-01
7.792693972587585449e-01
8.551421165466308594e-01
4.829417467117309570e-01
7.214084267616271973e-01
7.075427174568176270e-01
8.244918584823608398e-01
8.356469273567199707e-01
7.005470991134643555e-01
8.004299402236938477e-01
9.066796302795410156e-01
6.726942658424377441e-01
6.819465756416320801e-01
7.378378510475158691e-01
8.454501628875732422e-01
6.692123413085937500e-01
6.458634734153747559e-01
6.944148540496826172e-01
6.067651510238647461e-01
8.416664600372314453e-01
7.059401273727416992e-01
5.368293523788452148e-01
8.595672845840454102e-01
7.231055498123168945e-01
7.265056967735290527e-01
7.452005147933959961e-01
7.140026688575744629e-01
5.929093360900878906e-01
7.726381421089172363e-01
7.015355229377746582e-01
7.789442539215087891e-01
7.261580824851989746e-01
8.611992597579956055e-01
7.936779856681823730e-01
6.754267215728759766e-01
9.609273076057434082e-01
5.104615092277526855e-01
8.367680311203002930e-01
6.431385278701782227e-01
7.324246764183044434e-01
6.519403457641601562e-01
8.072511553764343262e-01
8.604975938796997070e-01
4.243165254592895508e-01
6.798803210258483887e-01
1.034174799919128418e+00
7.755040526390075684e-01
7.195945978164672852e-01
6.185904741287231445e-01
6.681049466133117676e-01
4.996839761734008789e-01
5.158705115318298340e-01
3.900185823440551758e-01
6.838470101356506348e-01
7.644526958465576172e-01
6.542158126831054688e-01
8.040486574172973633e-01
7.035850286483764648e-01
4.819936454296112061e-01
7.195918560028076172e-01
5.309346914291381836e-01
7.286034822463989258e-01
1.003772139549255371e+00
8.140627145767211914e-01
5.893787741661071777e-01
7.534551620483398438e-01
5.313893556594848633e-01
7.861361503601074219e-01
5.970576405525207520e-01
7.401973009109497070e-01
5.836156606674194336e-01
7.877426147460937500e-01
9.919359087944030762e-01
6.074484586715698242e-01
6.980220079421997070e-01
7.279312014579772949e-01
8.029694557189941406e-01
5.935729146003723145e-01
8.831575512886047363e-01
5.077520608901977539e-01
7.846369147300720215e-01
6.099307537078857422e-01
6.364392042160034180e-01
4.125224649906158447e-01
8.538125753402709961e-01
7.530268430709838867e-01
9.141178727149963379e-01
8.246465921401977539e-01
5.862644910812377930e-01
7.331439256668090820e-01
1.071247458457946777e+00
6.060824394226074219e-01
8.537547588348388672e-01
5.373664498329162598e-01
5.883822441101074219e-01
8.001861572265625000e-01
8.084676861763000488e-01
6.009378433227539062e-01
5.631732940673828125e-01
4.543039798736572266e-01
8.081297278404235840e-01
8.930202126502990723e-01
6.499131917953491211e-01
9.753140807151794434e-01
6.861716508865356445e-01
5.156561136245727539e-01
6.182752847671508789e-01
6.963590383529663086e-01
6.928707957267761230e-01
8.385237455368041992e-01
6.465735435485839844e-01
6.183768510818481445e-01
8.752506971359252930e-01
6.857758760452270508e-01
7.180497646331787109e-01
7.449996471405029297e-01
6.918694972991943359e-01
5.749940872192382812e-01
7.594381570816040039e-01
9.251740574836730957e-01
5.892714262008666992e-01
8.659269809722900391e-01
6.766195297241210938e-01
7.023069858551025391e-01
7.007379531860351562e-01
7.729130387306213379e-01
7.148829102516174316e-01
9.349418282508850098e-01
7.645844221115112305e-01
9.786200523376464844e-01
8.487377166748046875e-01
5.816206932067871094e-01
9.133006334304809570e-01
4.998825192451477051e-01
7.247109413146972656e-01
8.926984667778015137e-01
5.287480950355529785e-01
6.378943920135498047e-01
8.171262741088867188e-01
6.264240741729736328e-01
8.445575237274169922e-01
7.105244994163513184e-01
7.227762937545776367e-01
8.906307816505432129e-01
7.667616605758666992e-01
7.497410774230957031e-01
6.588143706321716309e-01
7.474479079246520996e-01
8.649169206619262695e-01
7.933316826820373535e-01
9.224737286567687988e-01
8.937666416168212891e-01
6.833267211914062500e-01
5.424494743347167969e-01
6.229882836341857910e-01
5.791860222816467285e-01
7.487862110137939453e-01
7.536673545837402344e-01
8.947731256484985352e-01
9.627805948257446289e-01
8.145825862884521484e-01
6.710791587829589844e-01
8.234086036682128906e-01
5.594877004623413086e-01
8.231210708618164062e-01
7.137580513954162598e-01
8.880923390388488770e-01
6.606909036636352539e-01
7.533950805664062500e-01
1.149936318397521973e+00
9.821415543556213379e-01
7.272697687149047852e-01
8.132769465446472168e-01
7.284060716629028320e-01
7.829993963241577148e-01
8.524141311645507812e-01
8.022959232330322266e-01
7.209479808807373047e-01
5.027701258659362793e-01
8.550065159797668457e-01
6.570861339569091797e-01
7.238492965698242188e-01
5.012986660003662109e-01
8.286298513412475586e-01
7.351011633872985840e-01
7.839165925979614258e-01
5.434393286705017090e-01
7.079754471778869629e-01
6.863029599189758301e-01
6.863818168640136719e-01
5.926459431648254395e-01
7.247575521469116211e-01
5.481930375099182129e-01
9.049279689788818359e-01
8.425715565681457520e-01
7.902398109436035156e-01
5.885006189346313477e-01
8.592349290847778320e-01
5.837618112564086914e-01
7.894235849380493164e-01
6.556376814842224121e-01
7.528703212738037109e-01
6.772965192794799805e-01
8.375671505928039551e-01
9.538212418556213379e-01
7.026577591896057129e-01
7.505314350128173828e-01
7.938371300697326660e-01
5.525465011596679688e-01
6.453435420989990234e-01
6.717117428779602051e-01
7.444750070571899414e-01
6.239669322967529297e-01
8.196054697036743164e-01
8.714762926101684570e-01
5.656608343124389648e-01
7.748832702636718750e-01
6.342620849609375000e-01
8.124877810478210449e-01
5.513412952423095703e-01
8.734852671623229980e-01
7.831735610961914062e-01
8.686904907226562500e-01
1.020148634910583496e+00
7.360187768936157227e-01
7.002302408218383789e-01
6.680579781532287598e-01
8.644540309906005859e-01
8.214927315711975098e-01
4.584919512271881104e-01
8.574268817901611328e-01
8.610031604766845703e-01
7.576575875282287598e-01
7.097112536430358887e-01
9.251022338867187500e-01
7.243772149085998535e-01
5.174415111541748047e-01
8.474153280258178711e-01
7.863585352897644043e-01
8.007539510726928711e-01
7.016447782516479492e-01
5.985260009765625000e-01
6.842455267906188965e-01
4.889785051345825195e-01
6.194617152214050293e-01
6.230776906013488770e-01
7.149915099143981934e-01
5.877449512481689453e-01
8.118625879287719727e-01
6.536703109741210938e-01
8.711042404174804688e-01
9.479485750198364258e-01
8.514891266822814941e-01
8.421159982681274414e-01
8.450023531913757324e-01
6.497483253479003906e-01
9.619653820991516113e-01
6.040587425231933594e-01
5.789119005203247070e-01
8.018540143966674805e-01
9.052320718765258789e-01
1.052844762802124023e+00
6.613384485244750977e-01
4.936409592628479004e-01
7.534401416778564453e-01
8.781051039695739746e-01
5.758991241455078125e-01
1.000383734703063965e+00
6.000686287879943848e-01
7.020113468170166016e-01
6.112799644470214844e-01
8.166902065277099609e-01
7.458003759384155273e-01
6.813436150550842285e-01
8.058227896690368652e-01
8.517107367515563965e-01
6.999528408050537109e-01
6.607371568679809570e-01
6.328468322753906250e-01
4.603714942932128906e-01
5.988883972167968750e-01
9.155127406120300293e-01
8.082169294357299805e-01
6.169094443321228027e-01
5.588592290878295898e-01
4.925573170185089111e-01
7.455208301544189453e-01
6.235539913177490234e-01
7.503445148468017578e-01
7.962687611579895020e-01
1.042294502258300781e+00
5.769091844558715820e-01
6.959554553031921387e-01
6.572051048278808594e-01
7.218776345252990723e-01
1.074780583381652832e+00
6.117957830429077148e-01
6.005921363830566406e-01
8.972194194793701172e-01
7.863546609878540039e-01
8.213722705841064453e-01
5.677566528320312500e-01
7.746648788452148438e-01
5.906191468238830566e-01
7.294386625289916992e-01
7.481544613838195801e-01
7.194495797157287598e-01
7.614119648933410645e-01
6.707613468170166016e-01
6.853927373886108398e-01
6.603747606277465820e-01
9.580637216567993164e-01
6.127693057060241699e-01
6.592939496040344238e-01
8.275458812713623047e-01
7.085613608360290527e-01
7.080205082893371582e-01
1.002547025680541992e+00
6.310550570487976074e-01
8.410604000091552734e-01
7.420401573181152344e-01
6.038811206817626953e-01
3.587696552276611328e-01
7.157895565032958984e-01
4.991267919540405273e-01
5.361555218696594238e-01
8.212047219276428223e-01
5.979344844818115234e-01
6.247347593307495117e-01
7.962676882743835449e-01
1.021229863166809082e+00
7.295037508010864258e-01
5.337416529655456543e-01
8.595615625381469727e-01
8.121491670608520508e-01
7.904507517814636230e-01
7.202340364456176758e-01
6.533015370368957520e-01
5.652198195457458496e-01
9.739968776702880859e-01
7.934491038322448730e-01
6.812186837196350098e-01
6.580443382263183594e-01
5.073519945144653320e-01
7.337216734886169434e-01
7.638947367668151855e-01
5.758458375930786133e-01
9.064933061599731445e-01
1.164597511291503906e+00
6.126574277877807617e-01
4.845973551273345947e-01
5.553203821182250977e-01
5.935587882995605469e-01
5.211048126220703125e-01
8.417583107948303223e-01
5.977999567985534668e-01
6.810206174850463867e-01
7.701938152313232422e-01
7.835800647735595703e-01
9.955308437347412109e-01
5.471035242080688477e-01
6.301586627960205078e-01
6.369354724884033203e-01
8.288977146148681641e-01
7.280795574188232422e-01
8.846638202667236328e-01
6.794658899307250977e-01
6.391682624816894531e-01
5.811756253242492676e-01
6.595083475112915039e-01
7.153473496437072754e-01
7.249834537506103516e-01
7.038435935974121094e-01
6.740880608558654785e-01
5.612891912460327148e-01
6.243934035301208496e-01
6.507911682128906250e-01
6.857991218566894531e-01
6.684253811836242676e-01
8.359788656234741211e-01
6.812188625335693359e-01
6.048104166984558105e-01
8.156920671463012695e-01
5.603767037391662598e-01
5.808647274971008301e-01
7.249444127082824707e-01
7.276921272277832031e-01
5.028676986694335938e-01
8.325984477996826172e-01
7.845452427864074707e-01
6.773481369018554688e-01
5.274825096130371094e-01
1.062314271926879883e+00
6.170610189437866211e-01
7.135186195373535156e-01
6.447467803955078125e-01
6.750755310058593750e-01
7.207183837890625000e-01
8.166732192039489746e-01
6.806081533432006836e-01
7.870246171951293945e-01
8.790249824523925781e-01
8.756176233291625977e-01
5.815300941467285156e-01
6.336555480957031250e-01
6.707228422164916992e-01
6.854001283645629883e-01
7.737965583801269531e-01
5.377189517021179199e-01
7.594823837280273438e-01
5.750701427459716797e-01
5.698397159576416016e-01
8.131046295166015625e-01
4.721092581748962402e-01
6.065520048141479492e-01
5.642821788787841797e-01
6.705827713012695312e-01
8.241148591041564941e-01
5.394030809402465820e-01
6.642323732376098633e-01
4.905306100845336914e-01
8.233289122581481934e-01
5.878339409828186035e-01
7.314414978027343750e-01
9.218908548355102539e-01
6.790198087692260742e-01
9.451045989990234375e-01
7.702478170394897461e-01
5.826811790466308594e-01
4.891887903213500977e-01
7.225612998008728027e-01
4.776065051555633545e-01
7.101961374282836914e-01
9.944577813148498535e-01
8.150900602340698242e-01
7.927163839340209961e-01
7.665013670921325684e-01
7.643979787826538086e-01
8.185112476348876953e-01
9.157578349113464355e-01
6.560993790626525879e-01
7.441119551658630371e-01
6.827877163887023926e-01
8.337554931640625000e-01
7.549869418144226074e-01
6.924449205398559570e-01
6.497360467910766602e-01
6.256920099258422852e-01
8.408302068710327148e-01
7.471024990081787109e-01
7.507426738739013672e-01
6.287868022918701172e-01
9.769893884658813477e-01
5.153582692146301270e-01
7.616338729858398438e-01
8.508210778236389160e-01
8.083063364028930664e-01
7.648113965988159180e-01
7.167189717292785645e-01
4.975903630256652832e-01
4.905803799629211426e-01
6.614019870758056641e-01
5.869868993759155273e-01
8.883670568466186523e-01
6.458735466003417969e-01
5.309104919433593750e-01
4.789524674415588379e-01
8.913812637329101562e-01
5.992428064346313477e-01
6.061229109764099121e-01
6.387500762939453125e-01
8.997983932495117188e-01
7.352696657180786133e-01
6.557347774505615234e-01
6.629052162170410156e-01
8.278864622116088867e-01
7.941535115242004395e-01
6.535846590995788574e-01
6.627582311630249023e-01
5.864804387092590332e-01
7.026045918464660645e-01
7.205733060836791992e-01
7.970331907272338867e-01
8.856701254844665527e-01
6.769739389419555664e-01
6.292837262153625488e-01
8.359467983245849609e-01
8.348675370216369629e-01
8.594879508018493652e-01
6.821234822273254395e-01
8.022026419639587402e-01
7.495529055595397949e-01
7.792505621910095215e-01
6.783725023269653320e-01
7.335708141326904297e-01
6.544738411903381348e-01
6.522664427757263184e-01
6.431405544281005859e-01
6.620410680770874023e-01
5.916009545326232910e-01
8.820620775222778320e-01
6.043882369995117188e-01
8.132318854331970215e-01
1.101751327514648438e+00
6.699604988098144531e-01
5.026081204414367676e-01
6.966923475265502930e-01
7.686030268669128418e-01
4.552080631256103516e-01
7.058479189872741699e-01
8.880275487899780273e-01
7.670862674713134766e-01
8.413842320442199707e-01
7.018351554870605469e-01
6.036392450332641602e-01
5.481693744659423828e-01
4.794893860816955566e-01
6.560801267623901367e-01
7.891160249710083008e-01
5.418899059295654297e-01
6.802870631217956543e-01
8.524626493453979492e-01
6.962966918945312500e-01
8.626294732093811035e-01
9.362246990203857422e-01
7.666447162628173828e-01
5.491346120834350586e-01
6.100420355796813965e-01
8.072516322135925293e-01
7.540917396545410156e-01
9.807265400886535645e-01
7.774525880813598633e-01
9.421361088752746582e-01
7.746723294258117676e-01
5.929303169250488281e-01
6.610226631164550781e-01
9.057042598724365234e-01
5.435701608657836914e-01
6.275887489318847656e-01
8.381929397583007812e-01
8.628771901130676270e-01
6.603950262069702148e-01
7.732111215591430664e-01
5.191215276718139648e-01
8.618434667587280273e-01
5.532876253128051758e-01
6.080140471458435059e-01
5.566158294677734375e-01
7.367780208587646484e-01
7.700850963592529297e-01
6.828148961067199707e-01
6.440997123718261719e-01
4.991536736488342285e-01
9.707707166671752930e-01
6.645805239677429199e-01
8.673660755157470703e-01
6.463715434074401855e-01
5.764302611351013184e-01
8.291307091712951660e-01
5.773556232452392578e-01
7.341545224189758301e-01
7.000130414962768555e-01
7.598189711570739746e-01
8.013175725936889648e-01
6.614879369735717773e-01
8.704572319984436035e-01
7.393252849578857422e-01
6.143622994422912598e-01
6.808541417121887207e-01
6.193018555641174316e-01
6.336093544960021973e-01
6.660774350166320801e-01
8.465774059295654297e-01
8.077586889266967773e-01
7.327406406402587891e-01
6.854397058486938477e-01
1.160791158676147461e+00
7.187951207160949707e-01
8.617529869079589844e-01
8.431663513183593750e-01
7.456535696983337402e-01
5.537897348403930664e-01
7.009474039077758789e-01
7.373606562614440918e-01
9.856061935424804688e-01
6.095191240310668945e-01
6.447104215621948242e-01
6.987435221672058105e-01
6.747553944587707520e-01
5.085792541503906250e-01
7.505987286567687988e-01
7.599271535873413086e-01
6.395358443260192871e-01
5.076875686645507812e-01
5.250293016433715820e-01
6.882679462432861328e-01
7.997286319732666016e-01
5.924944877624511719e-01
6.847460269927978516e-01
8.754639625549316406e-01
7.088742256164550781e-01
5.633158683776855469e-01
8.370147347450256348e-01
5.645101070404052734e-01
6.342553496360778809e-01
7.473627328872680664e-01
5.405522584915161133e-01
9.411005973815917969e-01
9.729734659194946289e-01
6.685161590576171875e-01
8.333506584167480469e-01
7.180555462837219238e-01
7.149058580398559570e-01
1.109336137771606445e+00
7.391184568405151367e-01
7.839244604110717773e-01
9.899452924728393555e-01
6.041650772094726562e-01
5.003667473793029785e-01
5.221695303916931152e-01
5.487847924232482910e-01
5.599688887596130371e-01
9.004665017127990723e-01
7.950590848922729492e-01
7.935295104980468750e-01
6.986917853355407715e-01
7.401455044746398926e-01
6.338716745376586914e-01
5.894917845726013184e-01
9.212275147438049316e-01
4.891441464424133301e-01
5.901281833648681641e-01
1.044064521789550781e+00
8.462070822715759277e-01
6.488552093505859375e-01
6.015329360961914062e-01
8.022343516349792480e-01
5.732401609420776367e-01
8.965792655944824219e-01
7.253518700599670410e-01
6.517567038536071777e-01
5.961087942123413086e-01
6.346877217292785645e-01
6.328250765800476074e-01
6.685481071472167969e-01
8.555535078048706055e-01
7.391052246093750000e-01
6.109123229980468750e-01
5.448380112648010254e-01
7.392574548721313477e-01
8.006837368011474609e-01
6.818127036094665527e-01
7.687690854072570801e-01
6.975756883621215820e-01
6.353864073753356934e-01
6.312335729598999023e-01
7.273405790328979492e-01
5.649571418762207031e-01
8.080966472625732422e-01
7.307919859886169434e-01
9.657303094863891602e-01
6.682583093643188477e-01
6.033694744110107422e-01
6.250889301300048828e-01
8.324587345123291016e-01
7.521716952323913574e-01
6.525386571884155273e-01
8.542468547821044922e-01
7.787946462631225586e-01
6.121089458465576172e-01
7.058923840522766113e-01
7.552555799484252930e-01
7.350596189498901367e-01
7.819584012031555176e-01
6.610391139984130859e-01
7.010742425918579102e-01
9.747496247291564941e-01
7.113149762153625488e-01
6.169019937515258789e-01
6.254609823226928711e-01
5.634752511978149414e-01
6.720784902572631836e-01
8.458114862442016602e-01
5.808986425399780273e-01
6.494121551513671875e-01
6.939285993576049805e-01
5.068312883377075195e-01
5.521656274795532227e-01
1.022431850433349609e+00
5.592954158782958984e-01
6.317350268363952637e-01
6.623666286468505859e-01
7.083507776260375977e-01
7.056412696838378906e-01
5.347979664802551270e-01
8.410764336585998535e-01
5.923352241516113281e-01
6.440910100936889648e-01
5.788245201110839844e-01
8.204548358917236328e-01
6.579336524009704590e-01
6.641064882278442383e-01
6.004987955093383789e-01
8.445692062377929688e-01
5.984349250793457031e-01
8.114649653434753418e-01
5.385289788246154785e-01
6.927797794342041016e-01
5.149536132812500000e-01
6.171208620071411133e-01
8.188489675521850586e-01
6.546824574470520020e-01
5.505048632621765137e-01
4.793463647365570068e-01
1.004174709320068359e+00
5.279650688171386719e-01
6.257901191711425781e-01
5.940109491348266602e-01
5.608125925064086914e-01
7.125018835067749023e-01
5.678291320800781250e-01
8.757274150848388672e-01
5.663186311721801758e-01
7.953125238418579102e-01
6.940963864326477051e-01
6.393653750419616699e-01
6.353281140327453613e-01
9.760073423385620117e-01
5.564367175102233887e-01
8.521088361740112305e-01
7.926116585731506348e-01
6.040939688682556152e-01
5.202758908271789551e-01
7.613288164138793945e-01
6.384986639022827148e-01
4.909593164920806885e-01
7.197182178497314453e-01
8.570806384086608887e-01
7.204784154891967773e-01
7.883772850036621094e-01
7.528414726257324219e-01
5.719494819641113281e-01
7.929292917251586914e-01
9.201024770736694336e-01
6.829828023910522461e-01
4.583933651447296143e-01
7.213914394378662109e-01
7.668278217315673828e-01
6.344808340072631836e-01
5.330117344856262207e-01
6.077067255973815918e-01
1.068782329559326172e+00
6.219903230667114258e-01
7.449069023132324219e-01
6.145914793014526367e-01
8.227352499961853027e-01
7.362194061279296875e-01
5.399520993232727051e-01
5.560453534126281738e-01
6.262661218643188477e-01
7.119894027709960938e-01
5.691703557968139648e-01
6.360496282577514648e-01
7.100782394409179688e-01
5.858167409896850586e-01
8.674163818359375000e-01
6.421770453453063965e-01
6.767583489418029785e-01
5.589964985847473145e-01
8.573546409606933594e-01
6.292793750762939453e-01
7.941057085990905762e-01
8.413941860198974609e-01
7.051311135292053223e-01
5.406472682952880859e-01
4.858856797218322754e-01
1.054301500320434570e+00
5.438377261161804199e-01
7.504125833511352539e-01
9.661800861358642578e-01
8.363953232765197754e-01
5.341203212738037109e-01
7.900959253311157227e-01
7.175139188766479492e-01
9.971615672111511230e-01
9.243980646133422852e-01
6.231355667114257812e-01
5.864528417587280273e-01
3.753205537796020508e-01
9.507051706314086914e-01
7.556192874908447266e-01
6.786835193634033203e-01
6.597577929496765137e-01
8.673428297042846680e-01
7.090959548950195312e-01
7.269414663314819336e-01
5.318855047225952148e-01
8.802793025970458984e-01
5.269916057586669922e-01
9.418917894363403320e-01
5.086816549301147461e-01
7.345488071441650391e-01
4.280071258544921875e-01
6.045038700103759766e-01
8.968582153320312500e-01
5.439757108688354492e-01
6.813785433769226074e-01
6.439122557640075684e-01
6.425747871398925781e-01
5.556932687759399414e-01
8.076261281967163086e-01
5.639992952346801758e-01
6.427201032638549805e-01
6.243771910667419434e-01
6.200655102729797363e-01
6.634904146194458008e-01
5.385674238204956055e-01
6.241653561592102051e-01
7.217994332313537598e-01
6.120040416717529297e-01
6.755858063697814941e-01
8.041906356811523438e-01
3.671638965606689453e-01
