1.925207972526550293e-01
2.883967757225036621e-01
5.763748288154602051e-02
3.879040479660034180e-02
1.124245077371597290e-01
2.947588860988616943e-01
1.621915549039840698e-01
2.557924985885620117e-01
1.553533226251602173e-01
2.639635801315307617e-01
1.303531378507614136e-01
8.748741447925567627e-02
2.731524109840393066e-01
8.523423969745635986e-02
2.572844624519348145e-01
9.723497927188873291e-02
2.412609457969665527e-01
3.058243989944458008e-01
2.705796658992767334e-01
5.077971145510673523e-02
2.206104099750518799e-01
2.441933751106262207e-01
2.550241947174072266e-01
7.003109157085418701e-02
1.931187212467193604e-01
1.976303756237030029e-01
1.512706726789474487e-01
4.313349127769470215e-01
1.169862374663352966e-01
1.088780313730239868e-01
2.980076670646667480e-01
3.927237689495086670e-01
3.681491613388061523e-01
6.938356161117553711e-02
1.910519450902938843e-01
6.094602495431900024e-02
8.163996785879135132e-02
1.921017467975616455e-01
5.001238584518432617e-01
2.040466517210006714e-01
3.321412205696105957e-01
1.552000492811203003e-01
3.727946579456329346e-01
2.503852248191833496e-01
1.796966344118118286e-01
9.340422600507736206e-02
2.487039268016815186e-01
1.371939778327941895e-01
9.214434027671813965e-02
6.266631186008453369e-02
2.271383404731750488e-01
1.927076280117034912e-01
3.206727504730224609e-01
5.601929873228073120e-02
2.005114853382110596e-01
8.106960356235504150e-02
5.565372854471206665e-02
1.542455554008483887e-01
3.388210833072662354e-01
1.273773461580276489e-01
8.495674282312393188e-02
2.680532336235046387e-01
1.677030771970748901e-01
2.705889642238616943e-01
3.136479258537292480e-01
2.549034953117370605e-01
2.352315038442611694e-01
2.669101357460021973e-01
4.898374900221824646e-02
3.043536469340324402e-02
6.097308546304702759e-02
1.343483924865722656e-01
3.893823623657226562e-01
1.527654826641082764e-01
1.224759295582771301e-01
1.394585222005844116e-01
2.139861583709716797e-01
3.750028014183044434e-01
1.279853731393814087e-01
2.034932971000671387e-01
9.342545270919799805e-02
2.307539880275726318e-01
7.751451432704925537e-02
1.288418173789978027e-01
2.352402210235595703e-01
2.665077745914459229e-01
2.154974341392517090e-01
1.435787379741668701e-01
1.225844025611877441e-01
1.444586068391799927e-01
1.031671687960624695e-01
1.046848446130752563e-01
6.207945942878723145e-02
2.190508544445037842e-01
1.268245428800582886e-01
1.026048287749290466e-01
1.602032333612442017e-01
3.755420744419097900e-01
7.435172796249389648e-02
2.699716389179229736e-01
2.957781553268432617e-01
7.221252471208572388e-02
3.958251774311065674e-01
1.333846002817153931e-01
1.820044219493865967e-01
1.658198237419128418e-01
3.574422895908355713e-01
1.931648254394531250e-01
3.214110732078552246e-01
1.976197659969329834e-01
6.768243014812469482e-02
3.441926836967468262e-01
2.758045792579650879e-01
2.038918286561965942e-01
3.732393980026245117e-01
2.553849816322326660e-01
4.354192018508911133e-01
1.030671149492263794e-01
3.410998880863189697e-01
1.809093356132507324e-01
2.155677229166030884e-01
2.296210974454879761e-01
1.115557700395584106e-01
1.820869296789169312e-01
3.414764404296875000e-01
3.301325738430023193e-01
2.455806583166122437e-01
5.773097276687622070e-02
1.723499298095703125e-01
1.310406029224395752e-01
6.767708808183670044e-02
7.624828815460205078e-02
1.230740025639533997e-01
2.633000612258911133e-01
3.519166111946105957e-01
7.566349208354949951e-02
2.365548908710479736e-01
1.789823025465011597e-01
5.832038074731826782e-02
1.807094663381576538e-01
1.204557269811630249e-01
1.169555783271789551e-01
1.872582137584686279e-01
2.351447641849517822e-01
1.452209949493408203e-01
8.804325759410858154e-02
1.332799643278121948e-01
5.256129503250122070e-01
8.647549152374267578e-02
2.653283774852752686e-01
2.612245380878448486e-01
1.470336616039276123e-01
2.518368959426879883e-01
9.050264954566955566e-02
1.565799862146377563e-01
1.633503288030624390e-01
3.433527350425720215e-01
1.415271461009979248e-01
7.256804406642913818e-02
3.554965853691101074e-01
2.720206379890441895e-01
3.132522404193878174e-01
7.758475840091705322e-02
9.033383429050445557e-02
1.955256164073944092e-01
4.425323754549026489e-02
7.810869067907333374e-02
2.551539838314056396e-01
1.823846697807312012e-01
2.685124576091766357e-01
2.261279523372650146e-01
1.774170249700546265e-01
2.063542604446411133e-01
1.601687222719192505e-01
2.595915198326110840e-01
1.025861278176307678e-01
2.915743887424468994e-01
3.927876949310302734e-01
1.983235031366348267e-01
1.327324956655502319e-01
2.203061580657958984e-01
1.968319416046142578e-01
2.241264432668685913e-01
1.759266257286071777e-01
3.168094158172607422e-01
1.329905241727828979e-01
1.152474284172058105e-01
5.083589553833007812e-01
1.857472062110900879e-01
1.405766308307647705e-01
1.444347798824310303e-01
2.784107327461242676e-01
2.523598372936248779e-01
1.754017174243927002e-01
1.345998346805572510e-01
2.150661945343017578e-01
7.826917618513107300e-02
9.733796864748001099e-02
1.838287413120269775e-01
2.029849290847778320e-01
1.861527189612388611e-02
1.733891516923904419e-01
1.374497562646865845e-01
2.217255830764770508e-01
1.994745135307312012e-01
4.397461414337158203e-01
2.052789330482482910e-01
1.145965754985809326e-01
2.582388222217559814e-01
1.890612989664077759e-01
2.318447232246398926e-01
1.171995401382446289e-01
1.052465587854385376e-01
6.827656179666519165e-02
3.091370165348052979e-01
2.668893635272979736e-01
2.045089304447174072e-01
9.309962391853332520e-02
1.012569516897201538e-01
1.562206149101257324e-01
8.320818841457366943e-02
1.291471123695373535e-01
9.982042759656906128e-02
5.038575828075408936e-02
3.199960291385650635e-01
8.832716941833496094e-02
2.302178889513015747e-01
3.560093045234680176e-01
4.036515206098556519e-02
1.359280645847320557e-01
1.517633497714996338e-01
1.431373804807662964e-01
1.482173949480056763e-01
8.851565420627593994e-02
2.014870345592498779e-01
2.841460406780242920e-01
9.282177686691284180e-02
2.268337011337280273e-01
2.946659624576568604e-01
2.381884455680847168e-01
3.691563606262207031e-01
2.583044767379760742e-01
1.960541605949401855e-01
7.466842234134674072e-02
1.543291062116622925e-01
2.106822431087493896e-01
1.874740570783615112e-01
1.123669818043708801e-01
2.573641538619995117e-01
1.526156365871429443e-01
1.828191280364990234e-01
1.284378468990325928e-01
1.723627597093582153e-01
3.553023934364318848e-01
1.235259622335433960e-01
3.458595573902130127e-01
2.575713992118835449e-01
3.022726774215698242e-01
3.794504404067993164e-01
2.972969412803649902e-01
2.565987706184387207e-01
4.351514205336570740e-02
2.769485414028167725e-01
4.159703552722930908e-01
4.101285934448242188e-01
9.134582430124282837e-02
2.454070597887039185e-01
1.758709698915481567e-01
1.548401564359664917e-01
9.150137007236480713e-02
1.677791178226470947e-01
7.015375047922134399e-02
1.212794631719589233e-01
1.618460565805435181e-01
2.461273372173309326e-01
2.089355140924453735e-01
8.715158700942993164e-02
3.757690787315368652e-01
6.535780429840087891e-02
2.059777826070785522e-01
2.570812702178955078e-01
5.180989503860473633e-01
1.652821749448776245e-01
4.114324450492858887e-01
1.571428626775741577e-01
1.123150438070297241e-01
3.623213171958923340e-01
2.008647769689559937e-01
8.021729439496994019e-02
2.682347893714904785e-01
1.121702417731285095e-01
1.727322936058044434e-01
1.242720186710357666e-01
1.800538599491119385e-01
2.378768622875213623e-01
2.324913740158081055e-01
1.793307512998580933e-01
9.388853609561920166e-02
1.786975115537643433e-01
1.770443618297576904e-01
1.158628985285758972e-01
3.053590655326843262e-01
1.820089817047119141e-01
2.580046057701110840e-01
1.407058387994766235e-01
4.426930546760559082e-01
1.465738862752914429e-01
2.929429113864898682e-01
1.772713363170623779e-01
8.370015025138854980e-02
5.326700583100318909e-02
1.545306295156478882e-01
2.632245719432830811e-01
1.025117859244346619e-01
6.902195513248443604e-02
1.362823992967605591e-01
1.835910975933074951e-01
3.318379521369934082e-01
3.433374762535095215e-01
1.698711365461349487e-01
1.345271915197372437e-01
2.786845862865447998e-01
1.392370760440826416e-01
1.004833951592445374e-01
1.626594662666320801e-01
2.046517282724380493e-01
4.535737037658691406e-01
7.511726766824722290e-02
3.216329813003540039e-01
1.109030991792678833e-01
1.691637039184570312e-01
2.342287600040435791e-01
1.463525593280792236e-01
3.762193024158477783e-01
1.729242503643035889e-01
2.325591295957565308e-01
2.790966331958770752e-01
9.495869278907775879e-02
1.267353147268295288e-01
2.804608345031738281e-01
9.934346377849578857e-02
3.113136291503906250e-01
1.058687716722488403e-01
4.881478846073150635e-02
1.186058968305587769e-01
2.244518101215362549e-01
6.343610584735870361e-02
3.186404705047607422e-01
3.078534603118896484e-01
2.444450855255126953e-01
2.803751826286315918e-01
1.665879487991333008e-01
9.557536989450454712e-02
4.168002605438232422e-01
9.143386781215667725e-02
1.469037830829620361e-01
2.433265447616577148e-01
1.239628344774246216e-01
2.439836263656616211e-01
5.885860696434974670e-02
1.817290633916854858e-01
1.221713349223136902e-01
2.139421254396438599e-01
1.218712478876113892e-01
9.475076943635940552e-02
4.526184797286987305e-01
1.336130201816558838e-01
4.640160501003265381e-01
1.455778181552886963e-01
1.597224324941635132e-01
9.246340394020080566e-02
1.899656504392623901e-01
1.958667039871215820e-01
1.352669596672058105e-01
1.439352780580520630e-01
4.305951595306396484e-01
4.408438205718994141e-01
1.472676247358322144e-01
6.959040462970733643e-02
7.896278798580169678e-02
1.827207207679748535e-01
2.616732120513916016e-01
3.647398948669433594e-01
3.182417452335357666e-01
8.336098492145538330e-02
1.130972132086753845e-01
1.959408521652221680e-01
2.052164375782012939e-01
1.531517654657363892e-01
2.031130194664001465e-01
2.533769607543945312e-01
3.605273365974426270e-01
3.081891834735870361e-01
8.628623187541961670e-02
2.800114452838897705e-01
3.271812200546264648e-01
3.002155125141143799e-01
2.348550409078598022e-01
1.327838748693466187e-01
2.213617265224456787e-01
1.588620543479919434e-01
3.855341076850891113e-01
1.341306716203689575e-01
4.506433382630348206e-02
1.077380627393722534e-01
6.749419867992401123e-02
1.710934340953826904e-01
8.384267240762710571e-02
1.453400403261184692e-01
2.019786834716796875e-01
1.478406041860580444e-01
2.366813719272613525e-01
9.138046950101852417e-02
3.015672266483306885e-01
2.028989642858505249e-01
1.431024074554443359e-01
1.308869868516921997e-01
1.457744091749191284e-01
2.309762835502624512e-01
2.404649257659912109e-01
9.014961123466491699e-02
9.040392190217971802e-02
5.920244380831718445e-02
2.603006958961486816e-01
3.508891463279724121e-01
5.919966101646423340e-02
2.559891939163208008e-01
3.011747598648071289e-01
1.864996701478958130e-01
1.096784472465515137e-01
4.553729891777038574e-01
1.174825727939605713e-01
3.654100894927978516e-01
9.463012218475341797e-02
1.059791445732116699e-01
3.777259290218353271e-01
3.012015223503112793e-01
1.754399836063385010e-01
1.409357637166976929e-01
2.088518887758255005e-01
6.215564906597137451e-02
1.583396941423416138e-01
1.825212240219116211e-01
2.645111083984375000e-01
2.903336286544799805e-01
1.205836758017539978e-01
2.756826281547546387e-01
2.540927231311798096e-01
3.728974461555480957e-01
2.109226584434509277e-01
2.188919782638549805e-01
2.210716605186462402e-01
1.262791603803634644e-01
2.079687863588333130e-01
9.211356192827224731e-02
1.669978648424148560e-01
9.639716148376464844e-02
3.643241822719573975e-01
3.769868910312652588e-01
2.603768110275268555e-01
2.373419553041458130e-01
1.306765824556350708e-01
1.732272207736968994e-01
1.346845477819442749e-01
1.931305378675460815e-01
2.264734953641891479e-01
1.778282821178436279e-01
1.477696895599365234e-01
7.301269471645355225e-02
1.903786361217498779e-01
1.446755528450012207e-01
1.638579815626144409e-01
1.116530224680900574e-01
9.230200946331024170e-02
1.503396034240722656e-01
1.163021624088287354e-01
2.843605279922485352e-01
8.409170806407928467e-02
2.613776922225952148e-01
2.429153621196746826e-01
3.132234513759613037e-01
1.504957973957061768e-01
2.961765229701995850e-01
1.302331686019897461e-01
7.144842296838760376e-02
1.093428656458854675e-01
6.241481006145477295e-02
2.237178087234497070e-01
3.410923480987548828e-01
2.422275096178054810e-01
7.093103975057601929e-02
1.287177950143814087e-01
1.766409277915954590e-01
1.422582417726516724e-01
1.311794966459274292e-01
3.294025659561157227e-01
1.497016698122024536e-01
3.191014528274536133e-01
2.136502563953399658e-01
1.157249063253402710e-01
2.224952131509780884e-01
8.560423552989959717e-02
6.722400188446044922e-01
1.431774348020553589e-01
7.262201607227325439e-02
1.358428597450256348e-01
6.624853610992431641e-01
1.397373527288436890e-01
3.228587806224822998e-01
1.551103889942169189e-01
4.834997281432151794e-02
1.595511436462402344e-01
1.126363947987556458e-01
2.210091352462768555e-01
3.293265700340270996e-01
1.927028000354766846e-01
4.684656262397766113e-01
2.483079731464385986e-01
1.608780473470687866e-01
6.856340914964675903e-02
3.116274476051330566e-01
1.899063885211944580e-01
2.172471880912780762e-01
7.453757524490356445e-02
2.375178933143615723e-01
2.193585485219955444e-01
1.053175628185272217e-01
5.810973644256591797e-01
1.919189691543579102e-01
9.694585204124450684e-02
2.102322727441787720e-01
1.629983186721801758e-01
1.498369723558425903e-01
3.128952085971832275e-01
2.406515479087829590e-01
1.387404501438140869e-01
2.364545762538909912e-01
1.422586292028427124e-01
2.663157880306243896e-01
3.023741841316223145e-01
1.359938085079193115e-01
8.909406512975692749e-02
9.626509994268417358e-02
2.888174355030059814e-01
1.302178800106048584e-01
2.094423025846481323e-01
5.404882878065109253e-02
4.066229760646820068e-01
2.798486351966857910e-01
2.559272348880767822e-01
1.473748683929443359e-01
2.726835310459136963e-01
8.108715713024139404e-02
4.534189403057098389e-01
2.692981958389282227e-01
1.195577159523963928e-01
2.721418142318725586e-01
1.417544782161712646e-01
1.684489101171493530e-01
2.167147696018218994e-01
2.985044419765472412e-01
1.958059966564178467e-01
5.550886392593383789e-01
4.848162084817886353e-02
2.055723667144775391e-01
2.764758653938770294e-02
2.203444987535476685e-01
1.969389319419860840e-01
2.965413033962249756e-01
3.983753919601440430e-01
1.191103309392929077e-01
2.362178564071655273e-01
3.649275302886962891e-01
3.251438140869140625e-01
1.373407840728759766e-01
1.478713899850845337e-01
5.896889790892601013e-02
1.157877072691917419e-01
4.305301308631896973e-01
2.559283375740051270e-02
1.877854466438293457e-01
4.623430371284484863e-01
2.506937384605407715e-01
2.531329095363616943e-01
2.547649145126342773e-01
1.128678023815155029e-01
2.393709719181060791e-01
2.203803807497024536e-01
1.683997064828872681e-01
3.785355687141418457e-01
6.040621548891067505e-02
1.761908084154129028e-01
1.722027659416198730e-01
8.324526250362396240e-02
4.136652648448944092e-01
1.676850020885467529e-01
1.938020586967468262e-01
2.504394948482513428e-01
1.445016115903854370e-01
2.473095506429672241e-01
2.474063634872436523e-01
3.137978017330169678e-01
1.607255339622497559e-01
1.379333436489105225e-01
8.926027268171310425e-02
1.808659434318542480e-01
4.602789282798767090e-01
8.476413041353225708e-02
1.307697743177413940e-01
3.970994353294372559e-01
2.223040610551834106e-01
7.963164895772933960e-02
2.483477145433425903e-01
3.060122728347778320e-01
1.562825739383697510e-01
2.480029761791229248e-01
1.254438161849975586e-01
6.505444645881652832e-02
2.267898619174957275e-01
2.204974889755249023e-01
2.137753367424011230e-01
2.776116132736206055e-01
2.626185417175292969e-01
7.682121545076370239e-02
3.630875349044799805e-01
2.549220323562622070e-01
2.948990464210510254e-01
1.097786352038383484e-01
1.180618554353713989e-01
3.166214823722839355e-01
4.190602898597717285e-02
1.898369789123535156e-01
1.870963275432586670e-01
7.820167392492294312e-02
7.981958985328674316e-02
1.473429650068283081e-01
1.867557466030120850e-01
1.744833290576934814e-01
1.822081357240676880e-01
2.554565668106079102e-01
2.770223915576934814e-01
2.325180172920227051e-01
9.060259908437728882e-02
1.220610663294792175e-01
1.658108532428741455e-01
8.915302157402038574e-02
3.079313933849334717e-01
1.152922064065933228e-01
2.331910431385040283e-01
2.806628644466400146e-01
4.380311667919158936e-01
1.826543360948562622e-01
2.174992859363555908e-01
2.111412733793258667e-01
1.310200840234756470e-01
2.589117288589477539e-01
2.563054263591766357e-01
1.028180196881294250e-01
4.974892735481262207e-02
1.374478191137313843e-01
5.384850874543190002e-02
2.213550209999084473e-01
1.218665465712547302e-01
3.315408825874328613e-01
1.432868540287017822e-01
1.920397877693176270e-01
1.638527512550354004e-01
1.468209773302078247e-01
2.942335009574890137e-01
4.770465940237045288e-02
1.954651176929473877e-01
3.239195346832275391e-01
2.551618814468383789e-01
3.506335020065307617e-01
4.276581406593322754e-01
8.596844971179962158e-02
2.051394730806350708e-01
9.876654297113418579e-02
3.501739799976348877e-01
1.537515521049499512e-01
5.970935821533203125e-01
1.560187935829162598e-01
2.809487879276275635e-01
1.826998889446258545e-01
3.220770061016082764e-01
2.006880044937133789e-01
1.104949712753295898e-01
1.786640733480453491e-01
2.233991920948028564e-01
1.903747767210006714e-01
2.060983628034591675e-01
1.537799537181854248e-01
1.914897412061691284e-01
3.544848561286926270e-01
6.173743307590484619e-02
3.098421990871429443e-01
3.367472290992736816e-01
2.185203880071640015e-01
3.252099752426147461e-01
3.475242555141448975e-01
2.763305008411407471e-01
2.866064310073852539e-01
2.301526218652725220e-01
1.935919821262359619e-01
1.576717644929885864e-01
1.004935204982757568e-01
4.693513512611389160e-01
3.201417326927185059e-01
1.860883235931396484e-01
2.142950147390365601e-01
2.382501214742660522e-01
7.454247027635574341e-02
2.126920521259307861e-01
1.192435547709465027e-01
1.060646623373031616e-01
2.889593839645385742e-01
1.772562712430953979e-01
1.463924348354339600e-01
2.549434602260589600e-01
1.315744519233703613e-01
1.561233401298522949e-01
2.606211900711059570e-01
2.274598181247711182e-01
1.680501550436019897e-01
6.463512778282165527e-02
2.175345569849014282e-01
2.806663140654563904e-02
3.681571781635284424e-01
1.631757915019989014e-01
5.409089475870132446e-02
1.229097545146942139e-01
2.118851393461227417e-01
1.456494033336639404e-01
2.040050178766250610e-01
1.364614665508270264e-01
9.809527546167373657e-02
2.068792879581451416e-01
1.371392607688903809e-01
3.977383971214294434e-01
1.264928728342056274e-01
4.231742918491363525e-01
1.611934006214141846e-01
3.101880550384521484e-01
1.846240311861038208e-01
1.008191257715225220e-01
3.798123300075531006e-01
1.863141655921936035e-01
3.056165575981140137e-01
1.533037126064300537e-01
2.508722841739654541e-01
4.718658328056335449e-02
1.067305058240890503e-01
3.711240291595458984e-01
2.840687036514282227e-01
2.827780842781066895e-01
2.906599640846252441e-01
1.340048462152481079e-01
4.910787940025329590e-01
1.345642060041427612e-01
6.121240928769111633e-02
2.340151816606521606e-01
3.667491674423217773e-01
1.708112061023712158e-01
1.320043355226516724e-01
3.278474807739257812e-01
3.604446649551391602e-01
1.944857537746429443e-01
3.001965880393981934e-01
2.029703855514526367e-01
1.622912734746932983e-01
1.287493109703063965e-01
3.017857074737548828e-01
1.457840949296951294e-01
3.507194519042968750e-01
4.104313254356384277e-01
1.750532984733581543e-01
2.152675986289978027e-01
2.519506812095642090e-01
1.658848524093627930e-01
9.784139692783355713e-02
1.065335273742675781e-01
5.050173401832580566e-01
1.098727062344551086e-01
2.454629838466644287e-01
3.971493616700172424e-02
3.043173849582672119e-01
3.063887059688568115e-01
1.669684946537017822e-01
2.032786160707473755e-01
3.016423583030700684e-01
1.844654977321624756e-01
2.764108180999755859e-01
3.881384432315826416e-01
2.828938886523246765e-02
6.324640512466430664e-01
3.832284212112426758e-01
4.641472101211547852e-01
1.796683371067047119e-01
2.631694674491882324e-01
2.991866767406463623e-01
2.875043153762817383e-01
9.619884192943572998e-02
2.799946963787078857e-01
2.595495581626892090e-01
3.916849792003631592e-01
1.671622097492218018e-01
1.071982383728027344e-01
1.516939997673034668e-01
2.173714786767959595e-01
2.773829698562622070e-01
6.135846674442291260e-02
1.794273257255554199e-01
8.919384330511093140e-02
1.241037920117378235e-01
3.253980875015258789e-01
1.601972281932830811e-01
2.988901138305664062e-01
9.418803453445434570e-02
5.418814420700073242e-01
2.797998189926147461e-01
1.570292115211486816e-01
1.779070049524307251e-01
1.274045109748840332e-01
2.048732340335845947e-01
1.840637177228927612e-01
1.145194619894027710e-01
2.457621693611145020e-01
4.296144247055053711e-01
2.301264703273773193e-01
5.470938980579376221e-02
3.748536109924316406e-01
1.223337501287460327e-01
3.266356885433197021e-01
9.621955454349517822e-02
1.500503718852996826e-01
2.380260080099105835e-01
1.365095376968383789e-01
1.659605354070663452e-01
1.359700858592987061e-01
1.525878310203552246e-01
1.065736040472984314e-01
2.966122925281524658e-01
1.369115561246871948e-01
1.798093765974044800e-01
2.185794860124588013e-01
4.000242948532104492e-01
1.028778851032257080e-01
1.835110187530517578e-01
1.762489378452301025e-01
3.485978841781616211e-01
3.062700927257537842e-01
1.347547471523284912e-01
1.110493242740631104e-01
2.447891384363174438e-01
7.058976590633392334e-02
1.012685745954513550e-01
2.168266922235488892e-01
2.770336270332336426e-01
2.661002874374389648e-01
1.882530152797698975e-01
2.010774910449981689e-01
1.342580467462539673e-01
6.742527335882186890e-02
7.842766493558883667e-02
1.281764507293701172e-01
6.861321628093719482e-02
1.014488115906715393e-01
2.277002185583114624e-01
2.484102249145507812e-01
1.290543675422668457e-01
3.106619715690612793e-01
1.448394358158111572e-01
2.452608644962310791e-01
6.211237981915473938e-02
3.035483360290527344e-01
1.709546297788619995e-01
1.068905666470527649e-01
5.886221304535865784e-02
4.340558499097824097e-02
4.978444799780845642e-02
9.029275178909301758e-02
2.149632871150970459e-01
3.584488034248352051e-01
9.101776778697967529e-02
2.367736399173736572e-01
5.453228950500488281e-01
2.447875887155532837e-01
4.696411639451980591e-02
2.055739313364028931e-01
3.224049806594848633e-01
1.787360459566116333e-01
2.526888549327850342e-01
1.582438647747039795e-01
1.057237982749938965e-01
3.254117369651794434e-01
9.442347288131713867e-02
2.289182543754577637e-01
7.921386510133743286e-02
2.029725909233093262e-01
1.869098246097564697e-01
1.313421428203582764e-01
4.430262446403503418e-01
1.444805711507797241e-01
5.876500159502029419e-02
1.721282303333282471e-01
5.965653806924819946e-02
2.587959170341491699e-01
2.473892271518707275e-01
3.301579356193542480e-01
1.171855255961418152e-01
2.004461884498596191e-01
2.204295396804809570e-01
1.304149329662322998e-01
2.651508450508117676e-01
1.970423161983489990e-01
1.220887750387191772e-01
3.618628382682800293e-01
1.879632622003555298e-01
1.607607901096343994e-01
4.095047116279602051e-01
1.607825756072998047e-01
2.082712054252624512e-01
1.137028187513351440e-01
2.896339893341064453e-01
1.513594537973403931e-01
1.937467753887176514e-01
3.835611045360565186e-01
2.977283000946044922e-01
1.389543563127517700e-01
1.744105666875839233e-01
1.424429267644882202e-01
1.904666125774383545e-01
3.151565194129943848e-01
2.149202227592468262e-01
3.367075920104980469e-01
2.057130038738250732e-01
9.410823136568069458e-02
1.089486777782440186e-01
4.900006055831909180e-01
1.316433548927307129e-01
1.676462888717651367e-01
3.169525265693664551e-01
1.391970664262771606e-01
1.160226464271545410e-01
1.762602031230926514e-01
5.281378328800201416e-02
2.308029234409332275e-01
4.362618029117584229e-01
1.297466158866882324e-01
9.033440053462982178e-02
4.056373238563537598e-01
3.410411477088928223e-01
3.049961030483245850e-01
5.044561624526977539e-01
4.344398900866508484e-02
4.706744104623794556e-02
2.043038159608840942e-01
1.343332529067993164e-01
1.543976366519927979e-01
2.882490754127502441e-01
1.812699735164642334e-01
3.258196711540222168e-01
1.434140205383300781e-01
2.799386382102966309e-01
9.937375783920288086e-02
2.231646478176116943e-01
4.499253332614898682e-01
1.222687736153602600e-01
4.884964823722839355e-01
1.500354260206222534e-01
9.193811565637588501e-02
3.188299536705017090e-01
1.381888985633850098e-01
1.311449557542800903e-01
1.548064053058624268e-01
1.403353065252304077e-01
2.166875600814819336e-01
2.112727612257003784e-01
2.272189408540725708e-01
3.654962778091430664e-01
2.406002134084701538e-01
2.352702617645263672e-01
5.296150445938110352e-01
9.032698720693588257e-02
2.148471325635910034e-01
2.209690064191818237e-01
3.683763742446899414e-01
1.778778433799743652e-01
1.770414710044860840e-01
1.832344233989715576e-01
2.522518932819366455e-01
1.795294433832168579e-01
1.181235760450363159e-01
2.314876317977905273e-01
3.305054903030395508e-01
3.066197037696838379e-01
2.410221248865127563e-01
2.399344891309738159e-01
3.496944010257720947e-01
2.740352451801300049e-01
1.442835628986358643e-01
1.727810055017471313e-01
3.607399463653564453e-01
1.594402492046356201e-01
3.885945677757263184e-01
1.854762732982635498e-01
1.767872571945190430e-01
2.500636577606201172e-01
1.745551228523254395e-01
2.144941687583923340e-01
8.498702943325042725e-02
3.137594163417816162e-01
1.368081569671630859e-01
2.323604822158813477e-01
1.216622292995452881e-01
2.395099103450775146e-01
2.498312890529632568e-01
1.286635398864746094e-01
1.444110572338104248e-01
2.260569930076599121e-01
1.929379105567932129e-01
2.081664949655532837e-01
3.501845896244049072e-01
4.626253843307495117e-01
1.430679261684417725e-01
2.220919430255889893e-01
2.297796308994293213e-01
1.599768996238708496e-01
2.601458132266998291e-01
1.228232011198997498e-01
1.302284300327301025e-01
2.856194972991943359e-01
5.082678794860839844e-01
4.565463587641716003e-02
2.239964753389358521e-01
2.087465077638626099e-01
2.600311338901519775e-01
3.512466549873352051e-01
3.573829233646392822e-01
2.138772904872894287e-01
2.003473937511444092e-01
2.235762923955917358e-01
1.480881273746490479e-01
9.790429472923278809e-02
2.275371551513671875e-01
5.836990848183631897e-02
1.929514110088348389e-01
2.483981698751449585e-01
3.679361641407012939e-01
1.714291125535964966e-01
1.593369543552398682e-01
3.210909366607666016e-01
4.165149629116058350e-01
2.740387916564941406e-01
2.809509038925170898e-01
1.975648254156112671e-01
1.190702617168426514e-01
7.357673346996307373e-02
2.810103297233581543e-01
1.429535746574401855e-01
2.528983354568481445e-01
2.749345898628234863e-01
1.152663826942443848e-01
2.397508323192596436e-01
2.393535077571868896e-01
2.666816711425781250e-01
2.079906910657882690e-01
2.942031025886535645e-01
1.142788454890251160e-01
4.355077147483825684e-01
1.425055563449859619e-01
1.772517263889312744e-01
1.578806489706039429e-01
9.539742767810821533e-02
1.424154192209243774e-01
2.551102340221405029e-01
1.630634516477584839e-01
1.020053029060363770e-01
3.316807746887207031e-01
3.940029740333557129e-01
2.685342431068420410e-01
9.308097511529922485e-02
8.849360048770904541e-02
1.947906017303466797e-01
1.621925234794616699e-01
2.557569742202758789e-01
1.835960000753402710e-01
1.537397801876068115e-01
2.081628441810607910e-01
1.790001690387725830e-01
7.097693532705307007e-02
2.013348937034606934e-01
1.824563741683959961e-01
2.717914879322052002e-01
3.149417638778686523e-01
5.081405043601989746e-01
1.345318555831909180e-01
6.197974085807800293e-02
1.073421612381935120e-01
3.630363345146179199e-01
4.074846506118774414e-01
2.251409888267517090e-01
5.943279713392257690e-02
2.745786011219024658e-01
3.557829260826110840e-01
3.597235977649688721e-01
1.763250380754470825e-01
2.069937139749526978e-01
1.402590274810791016e-01
9.423715621232986450e-02
1.162254214286804199e-01
9.639625251293182373e-02
1.723383963108062744e-01
2.205852568149566650e-01
4.471900314092636108e-02
1.572512835264205933e-01
1.116710454225540161e-01
2.364750504493713379e-01
2.192957997322082520e-01
2.425171434879302979e-01
1.373107284307479858e-01
1.833045035600662231e-01
1.092994883656501770e-01
1.494157314300537109e-01
1.036177948117256165e-01
2.281605899333953857e-01
2.533431351184844971e-01
2.964505553245544434e-01
1.057418435811996460e-01
2.504319250583648682e-01
4.181799590587615967e-01
1.427678465843200684e-01
1.988064348697662354e-01
3.087311685085296631e-01
1.454564332962036133e-01
2.993957996368408203e-01
5.222754180431365967e-02
2.074343562126159668e-01
2.720140218734741211e-01
1.582821011543273926e-01
6.784148514270782471e-02
1.979597657918930054e-01
8.809056133031845093e-02
2.807076573371887207e-01
1.184462457895278931e-01
1.279700100421905518e-01
3.118982315063476562e-01
2.948544621467590332e-01
2.028474658727645874e-01
2.898992598056793213e-01
3.586862683296203613e-01
1.720328778028488159e-01
2.321085035800933838e-01
1.338156163692474365e-01
7.740868628025054932e-02
2.926919460296630859e-01
2.766300737857818604e-01
6.377476453781127930e-02
2.029950767755508423e-01
2.333979904651641846e-01
1.737415790557861328e-01
2.038012742996215820e-01
1.347021162509918213e-01
9.468612819910049438e-02
2.393528819084167480e-01
1.642596721649169922e-01
1.229320317506790161e-01
2.065407633781433105e-01
2.661274373531341553e-01
4.097451865673065186e-01
1.586783826351165771e-01
3.363040685653686523e-01
1.320826411247253418e-01
2.185145616531372070e-01
2.648462057113647461e-01
3.621447831392288208e-02
1.133003383874893188e-01
8.341921865940093994e-02
3.802572488784790039e-01
8.233557641506195068e-02
3.401993811130523682e-01
2.352569401264190674e-01
1.910793334245681763e-01
1.794024109840393066e-01
2.099384516477584839e-01
4.426085352897644043e-01
2.070462256669998169e-01
1.811830103397369385e-01
7.440978288650512695e-02
9.077552706003189087e-02
4.775198996067047119e-01
5.122981220483779907e-02
9.476634860038757324e-02
2.424549758434295654e-01
4.234717786312103271e-02
2.537349164485931396e-01
2.960481047630310059e-01
2.903614342212677002e-01
5.701916217803955078e-01
1.771618425846099854e-01
3.152503371238708496e-01
1.629556566476821899e-01
1.457358747720718384e-01
1.091076582670211792e-01
9.321673959493637085e-02
2.053639888763427734e-01
2.111065089702606201e-01
2.019451111555099487e-01
2.000703513622283936e-01
1.400849372148513794e-01
2.722440361976623535e-01
1.898105293512344360e-01
1.673673391342163086e-01
2.240209877490997314e-01
2.837602235376834869e-02
1.619035750627517700e-01
3.921690881252288818e-01
2.839508056640625000e-01
6.679539084434509277e-01
1.204405575990676880e-01
2.164898663759231567e-01
4.051728844642639160e-01
2.285746335983276367e-01
1.089373901486396790e-01
1.160805225372314453e-01
1.929019987583160400e-01
3.309964537620544434e-01
9.828426688909530640e-02
3.699173331260681152e-01
2.942800223827362061e-01
2.098805308341979980e-01
7.184560596942901611e-02
1.633864939212799072e-01
4.825355410575866699e-01
3.148597180843353271e-01
2.242673039436340332e-01
2.624205350875854492e-01
2.530766427516937256e-01
1.476507782936096191e-01
5.484169349074363708e-02
2.994512021541595459e-01
1.947112977504730225e-01
9.786137938499450684e-02
2.566961348056793213e-01
1.764074265956878662e-01
4.957366362214088440e-02
