3.884959220886230469e-01
9.875242412090301514e-02
2.783279418945312500e-01
1.696791052818298340e-01
1.592432260513305664e-01
3.236958980560302734e-01
1.101595088839530945e-01
1.449046581983566284e-01
2.421422451734542847e-01
2.320140004158020020e-01
1.899228692054748535e-01
2.903703451156616211e-01
1.689105331897735596e-01
1.223526298999786377e-01
1.852040588855743408e-01
4.789214581251144409e-02
2.389921545982360840e-01
4.584517478942871094e-01
1.636609435081481934e-01
2.739976644515991211e-01
1.285895705223083496e-01
1.264197528362274170e-01
1.326140463352203369e-01
2.490666210651397705e-01
1.936146616935729980e-01
1.379047632217407227e-01
2.187107503414154053e-01
2.821703553199768066e-01
2.939675152301788330e-01
3.298116922378540039e-01
4.576461911201477051e-01
2.027539759874343872e-01
2.468836307525634766e-01
2.508447170257568359e-01
5.619578957557678223e-01
1.449290513992309570e-01
2.277868092060089111e-01
2.959764897823333740e-01
1.325435936450958252e-01
2.041920870542526245e-01
2.600192725658416748e-01
1.763957291841506958e-01
2.768481969833374023e-01
2.133019715547561646e-01
2.226007431745529175e-01
3.936488926410675049e-01
1.941440254449844360e-01
2.910332381725311279e-01
2.133222222328186035e-01
3.202522397041320801e-01
2.223451435565948486e-01
1.647019833326339722e-01
1.631217151880264282e-01
3.425987362861633301e-01
2.016552090644836426e-01
1.536054462194442749e-01
3.306494653224945068e-01
4.227504134178161621e-01
2.914269864559173584e-01
1.244808062911033630e-01
3.744786977767944336e-01
3.948557376861572266e-01
1.891345381736755371e-01
4.285628199577331543e-01
4.720938801765441895e-01
7.202485203742980957e-02
4.658955335617065430e-01
3.049947023391723633e-01
3.089186549186706543e-01
4.123231768608093262e-01
1.011941134929656982e-01
3.545467257499694824e-01
1.268911361694335938e-01
2.078728526830673218e-01
1.029548794031143188e-01
2.235980927944183350e-01
2.123012393712997437e-01
6.684155464172363281e-01
2.755437195301055908e-01
1.943499743938446045e-01
1.589070707559585571e-01
2.173478007316589355e-01
1.617694199085235596e-01
4.931916892528533936e-01
2.276486456394195557e-01
3.662056326866149902e-01
1.717412173748016357e-01
2.289871275424957275e-01
1.327271312475204468e-01
2.113819867372512817e-01
9.726925939321517944e-02
1.374491453170776367e-01
3.911242783069610596e-01
1.282211095094680786e-01
3.901468515396118164e-01
3.141742348670959473e-01
1.333253383636474609e-01
1.601608693599700928e-01
9.992873668670654297e-02
2.427280247211456299e-01
1.883214116096496582e-01
2.563025355339050293e-01
1.806613206863403320e-01
2.805330753326416016e-01
1.802120655775070190e-01
2.802722454071044922e-01
5.062183737754821777e-01
2.068275809288024902e-01
1.711155772209167480e-01
2.276624739170074463e-01
3.413855135440826416e-01
2.588700950145721436e-01
1.303360462188720703e-01
1.049853414297103882e-01
1.109744161367416382e-01
3.987613320350646973e-01
9.567910432815551758e-02
3.624058663845062256e-01
3.577811121940612793e-01
1.947833299636840820e-01
1.917226463556289673e-01
2.908077836036682129e-01
5.173448324203491211e-01
2.476096600294113159e-01
1.366474330425262451e-01
4.515936374664306641e-01
1.300221085548400879e-01
3.373727500438690186e-01
2.224429547786712646e-01
1.781275570392608643e-01
2.273419201374053955e-01
1.094727143645286560e-01
2.820160686969757080e-01
1.102140396833419800e-01
5.870097875595092773e-01
1.891850233078002930e-01
1.219707354903221130e-01
1.194539964199066162e-01
4.620557427406311035e-01
1.084321588277816772e-01
1.552250385284423828e-01
4.091016054153442383e-01
4.020556509494781494e-01
1.387299001216888428e-01
2.305425554513931274e-01
5.225010514259338379e-01
1.896692365407943726e-01
1.247358173131942749e-01
2.178501784801483154e-01
2.438571602106094360e-01
1.921010166406631470e-01
1.736181825399398804e-01
5.426817536354064941e-01
2.039615511894226074e-01
2.130265831947326660e-01
2.523719668388366699e-01
2.031964063644409180e-01
2.630817294120788574e-01
1.874665170907974243e-01
2.829716801643371582e-01
3.168116211891174316e-01
1.478788107633590698e-01
2.085022777318954468e-01
1.259599179029464722e-01
1.657542586326599121e-01
2.027634978294372559e-01
3.587476611137390137e-01
1.435912698507308960e-01
1.438011825084686279e-01
4.421924352645874023e-01
1.011929959058761597e-01
3.617622256278991699e-01
1.173005476593971252e-01
4.019910395145416260e-01
1.022629216313362122e-01
2.473293244838714600e-01
1.815527081489562988e-01
2.152155786752700806e-01
2.222433537244796753e-01
1.612576246261596680e-01
2.983790338039398193e-01
2.168156802654266357e-01
4.643311202526092529e-01
1.990094929933547974e-01
1.735738813877105713e-01
3.737716078758239746e-01
1.546626687049865723e-01
1.534769088029861450e-01
2.103241384029388428e-01
2.853009104728698730e-01
1.329395622014999390e-01
2.198380529880523682e-01
2.656520605087280273e-01
1.318439543247222900e-01
9.652892500162124634e-02
3.033372163772583008e-01
4.351849555969238281e-01
3.090765178203582764e-01
2.646107673645019531e-01
3.642719686031341553e-01
3.633031249046325684e-01
1.807230114936828613e-01
1.384057253599166870e-01
2.421182692050933838e-01
1.217429339885711670e-01
1.680723130702972412e-01
1.863208562135696411e-01
4.148092865943908691e-01
1.781946718692779541e-01
3.567818403244018555e-01
3.408182263374328613e-01
2.437396943569183350e-01
5.282936096191406250e-01
3.564121127128601074e-01
2.878012359142303467e-01
1.004227846860885620e-01
1.385268568992614746e-01
3.676479160785675049e-01
1.706097126007080078e-01
2.007413208484649658e-01
1.506341099739074707e-01
5.201340913772583008e-01
2.878180444240570068e-01
5.556370019912719727e-01
4.700729548931121826e-01
1.644183695316314697e-01
2.405291497707366943e-01
3.703198730945587158e-01
1.273245513439178467e-01
4.234459400177001953e-01
1.160013824701309204e-01
2.213847637176513672e-01
3.485855460166931152e-01
2.806762456893920898e-01
2.317308187484741211e-01
3.633825778961181641e-01
1.118034049868583679e-01
2.962386012077331543e-01
2.052280753850936890e-01
1.090426295995712280e-01
1.212292611598968506e-01
3.368745446205139160e-01
2.820839881896972656e-01
3.559657335281372070e-01
1.859867870807647705e-01
2.831625044345855713e-01
3.722786307334899902e-01
1.153065264225006104e-01
1.087139099836349487e-01
1.401395946741104126e-01
1.919592916965484619e-01
4.996100068092346191e-01
2.945282459259033203e-01
3.173669874668121338e-01
1.919845938682556152e-01
3.102158308029174805e-01
2.994207143783569336e-01
1.420250833034515381e-01
1.632100045680999756e-01
3.359926342964172363e-01
2.294371426105499268e-01
2.153574824333190918e-01
2.720158696174621582e-01
1.817291676998138428e-01
1.840035170316696167e-01
2.392789125442504883e-01
2.337607741355895996e-01
3.477256894111633301e-01
1.681065112352371216e-01
1.785367727279663086e-01
1.459045112133026123e-01
1.975091993808746338e-01
2.062407433986663818e-01
2.457060664892196655e-01
1.499954462051391602e-01
3.937821984291076660e-01
1.100582703948020935e-01
9.071063995361328125e-02
2.112875133752822876e-01
2.290785908699035645e-01
1.820777356624603271e-01
9.961353242397308350e-02
1.840002983808517456e-01
2.348361760377883911e-01
3.387948870658874512e-01
3.953515291213989258e-01
2.727903425693511963e-01
2.855005264282226562e-01
4.110029041767120361e-01
2.876760363578796387e-01
2.425091713666915894e-01
2.515355944633483887e-01
4.390258193016052246e-01
2.538247704505920410e-01
1.131569445133209229e-01
1.755267977714538574e-01
1.053941175341606140e-01
1.300533413887023926e-01
2.387697845697402954e-01
1.358275413513183594e-01
1.586178243160247803e-01
1.996757686138153076e-01
1.976332366466522217e-01
2.084030359983444214e-01
7.233421504497528076e-02
1.374946087598800659e-01
1.727053523063659668e-01
5.031508803367614746e-01
8.299276977777481079e-02
1.329283714294433594e-01
4.302399456501007080e-01
2.307778596878051758e-01
1.250582933425903320e-01
1.617367565631866455e-01
2.115366756916046143e-01
1.450587809085845947e-01
2.177692651748657227e-01
2.175726592540740967e-01
5.959867313504219055e-02
1.927731335163116455e-01
2.047701478004455566e-01
2.028184831142425537e-01
2.350990474224090576e-01
2.155836522579193115e-01
1.424308866262435913e-01
2.562521398067474365e-01
5.725358724594116211e-01
3.426448404788970947e-01
1.890084147453308105e-01
1.023028269410133362e-01
5.887458324432373047e-01
2.656833529472351074e-01
1.226054653525352478e-01
2.169346809387207031e-01
1.710239648818969727e-01
3.185862600803375244e-01
2.268421351909637451e-01
2.674814164638519287e-01
3.508850336074829102e-01
2.797012925148010254e-01
1.865277886390686035e-01
4.753435552120208740e-01
2.576812505722045898e-01
2.641676962375640869e-01
3.503450155258178711e-01
1.606530696153640747e-01
2.169228047132492065e-01
4.279448986053466797e-01
1.533436030149459839e-01
1.437332034111022949e-01
3.052453994750976562e-01
2.595140635967254639e-01
6.131508201360702515e-02
2.674061059951782227e-01
3.703812658786773682e-01
2.762541770935058594e-01
2.384413778781890869e-01
1.072271093726158142e-01
3.407604396343231201e-01
2.076530605554580688e-01
2.007677108049392700e-01
1.340185701847076416e-01
1.322479844093322754e-01
1.048967093229293823e-01
2.124075144529342651e-01
2.963316440582275391e-01
7.621677964925765991e-02
2.916880249977111816e-01
2.106539607048034668e-01
3.386329412460327148e-01
1.080382317304611206e-01
8.705720305442810059e-02
1.794312298297882080e-01
1.411554813385009766e-01
3.891091942787170410e-01
1.561281532049179077e-01
1.531748473644256592e-01
1.504834592342376709e-01
2.070962786674499512e-01
2.803041636943817139e-01
3.943924605846405029e-01
2.264097034931182861e-01
4.508880078792572021e-01
1.091814711689949036e-01
1.166303083300590515e-01
1.347135454416275024e-01
3.514340519905090332e-01
2.770205140113830566e-01
3.484103679656982422e-01
3.789736926555633545e-01
4.155325889587402344e-01
3.819049894809722900e-01
3.273774683475494385e-01
1.958460956811904907e-01
2.346404492855072021e-01
2.157804965972900391e-01
1.883363872766494751e-01
2.419879138469696045e-01
4.562423229217529297e-01
1.365960240364074707e-01
3.227818012237548828e-01
1.303603053092956543e-01
1.551750898361206055e-01
2.322384119033813477e-01
1.001998782157897949e-01
1.296326518058776855e-01
2.552960813045501709e-01
1.866621524095535278e-01
3.087378740310668945e-01
2.073704004287719727e-01
3.046034574508666992e-01
3.122096955776214600e-01
1.641877293586730957e-01
3.491597175598144531e-01
2.003152668476104736e-01
3.599408864974975586e-01
1.014514863491058350e-01
1.468449532985687256e-01
1.852720975875854492e-01
1.696670651435852051e-01
2.989864945411682129e-01
2.797978520393371582e-01
2.427846491336822510e-01
2.473937869071960449e-01
1.500048637390136719e-01
2.829784750938415527e-01
2.747108340263366699e-01
3.303826451301574707e-01
1.754273921251296997e-01
2.898707091808319092e-01
1.384478807449340820e-01
3.761245608329772949e-01
2.389152050018310547e-01
1.855065822601318359e-01
1.283898502588272095e-01
2.027059197425842285e-01
2.432062476873397827e-01
4.231626987457275391e-01
3.393834233283996582e-01
2.631213963031768799e-01
2.439194917678833008e-01
3.121030032634735107e-01
1.321024298667907715e-01
9.333918988704681396e-02
1.371181905269622803e-01
2.128894329071044922e-01
2.288442105054855347e-01
2.519578039646148682e-01
8.596356958150863647e-02
2.890444397926330566e-01
1.406912207603454590e-01
2.601133882999420166e-01
2.287607491016387939e-01
2.948344647884368896e-01
1.132630631327629089e-01
1.533350795507431030e-01
2.336138784885406494e-01
2.070155143737792969e-01
1.729835569858551025e-01
1.374289542436599731e-01
3.090415596961975098e-01
2.821590006351470947e-01
2.111122906208038330e-01
1.558798998594284058e-01
3.632106781005859375e-01
1.831373721361160278e-01
3.278404176235198975e-01
7.032208442687988281e-01
4.640423655509948730e-01
1.285778731107711792e-01
1.280019283294677734e-01
1.358968317508697510e-01
1.900497972965240479e-01
4.091631472110748291e-01
5.384361147880554199e-01
2.561572194099426270e-01
2.154455929994583130e-01
1.763066202402114868e-01
3.973459303379058838e-01
1.990233808755874634e-01
4.240701794624328613e-01
4.404949545860290527e-01
2.694368064403533936e-01
1.365420818328857422e-01
2.976757884025573730e-01
1.910162866115570068e-01
1.693745255470275879e-01
1.992505192756652832e-01
2.197008728981018066e-01
1.987326294183731079e-01
2.216491997241973877e-01
2.236370742321014404e-01
4.016683399677276611e-01
2.374306321144104004e-01
2.673076391220092773e-01
4.124543070793151855e-01
2.195787429809570312e-01
2.134051918983459473e-01
2.155277431011199951e-01
4.832153320312500000e-01
3.643891811370849609e-01
1.099061965942382812e-01
1.041944622993469238e-01
2.254146039485931396e-01
1.934242248535156250e-01
2.207563519477844238e-01
2.474211156368255615e-01
4.566777050495147705e-01
1.552212089300155640e-01
3.872017264366149902e-01
3.786569237709045410e-01
2.655487060546875000e-01
1.279674768447875977e-01
2.729757130146026611e-01
2.481946796178817749e-01
3.233282566070556641e-01
3.354758620262145996e-01
3.088823258876800537e-01
1.306447535753250122e-01
2.622647881507873535e-01
4.261678457260131836e-01
1.388198137283325195e-01
4.393466711044311523e-01
2.145902067422866821e-01
3.353537917137145996e-01
2.308339476585388184e-01
1.670637279748916626e-01
1.138451546430587769e-01
1.228049248456954956e-01
4.548422992229461670e-01
2.112202793359756470e-01
1.381059288978576660e-01
4.081992506980895996e-01
5.246430039405822754e-01
4.311355352401733398e-01
4.772668480873107910e-01
2.123607993125915527e-01
3.989903628826141357e-01
5.109485983848571777e-01
4.015847444534301758e-01
3.055756688117980957e-01
4.413952231407165527e-01
1.046746298670768738e-01
3.093229830265045166e-01
2.767224013805389404e-01
2.425739765167236328e-01
2.512444555759429932e-01
3.709045350551605225e-01
5.270142555236816406e-01
2.926528751850128174e-01
2.888418436050415039e-01
2.337675541639328003e-01
2.752324938774108887e-01
1.277500987052917480e-01
1.665979772806167603e-01
1.640476882457733154e-01
1.133123710751533508e-01
1.375308632850646973e-01
2.703003883361816406e-01
2.190272659063339233e-01
3.506198525428771973e-01
2.390806376934051514e-01
3.852770924568176270e-01
1.056171804666519165e-01
4.797441065311431885e-01
2.433341145515441895e-01
4.484131932258605957e-01
4.221164882183074951e-01
2.153213322162628174e-01
2.641357779502868652e-01
9.365739673376083374e-02
2.511301636695861816e-01
3.324783444404602051e-01
2.745104432106018066e-01
3.479464948177337646e-01
1.516029536724090576e-01
5.731193721294403076e-02
1.791290938854217529e-01
1.107676476240158081e-01
2.667079567909240723e-01
1.147084832191467285e-01
2.260495275259017944e-01
2.142779082059860229e-01
2.373127639293670654e-01
1.615486741065979004e-01
7.382488995790481567e-02
2.479134351015090942e-01
6.226562857627868652e-01
3.276251554489135742e-01
1.886221766471862793e-01
2.013461142778396606e-01
2.911759614944458008e-01
2.548571825027465820e-01
2.154047787189483643e-01
1.511929333209991455e-01
1.963655501604080200e-01
1.143352016806602478e-01
2.447388619184494019e-01
2.961229979991912842e-01
2.869874238967895508e-01
9.631307423114776611e-02
1.732125580310821533e-01
2.796834707260131836e-01
2.223937213420867920e-01
2.658911645412445068e-01
1.985130906105041504e-01
2.218189388513565063e-01
3.249833285808563232e-01
2.817801237106323242e-01
1.544113606214523315e-01
2.462399899959564209e-01
2.155418992042541504e-01
2.910127341747283936e-01
3.217266201972961426e-01
3.019330799579620361e-01
3.230976164340972900e-01
4.015247821807861328e-01
1.208877414464950562e-01
2.173964977264404297e-01
1.241775751113891602e-01
1.277049183845520020e-01
2.181712836027145386e-01
3.595612645149230957e-01
1.091890186071395874e-01
2.286016941070556641e-01
9.886816889047622681e-02
1.284182518720626831e-01
3.328468203544616699e-01
1.449825316667556763e-01
2.267416864633560181e-01
1.677884161472320557e-01
9.898239374160766602e-02
8.022981882095336914e-02
1.133359670639038086e-01
1.637345850467681885e-01
3.435688018798828125e-01
2.062956839799880981e-01
1.260579228401184082e-01
3.793410658836364746e-01
1.726696938276290894e-01
1.406047493219375610e-01
1.132125705480575562e-01
1.908002942800521851e-01
1.826870143413543701e-01
2.773030102252960205e-01
1.545749306678771973e-01
1.370588243007659912e-01
3.138933181762695312e-01
2.918479144573211670e-01
7.416512817144393921e-02
1.325725913047790527e-01
5.594077706336975098e-01
2.202469408512115479e-01
3.378805518150329590e-01
1.274905502796173096e-01
3.435738682746887207e-01
1.125568300485610962e-01
1.542467623949050903e-01
4.151659607887268066e-01
4.325763583183288574e-01
2.484816163778305054e-01
2.152839004993438721e-01
1.364381909370422363e-01
1.970086991786956787e-01
1.731850057840347290e-01
1.154223233461380005e-01
1.007512956857681274e-01
2.960917949676513672e-01
2.826251387596130371e-01
1.686360538005828857e-01
8.237147331237792969e-02
2.879373729228973389e-01
1.580603122711181641e-01
2.818707823753356934e-01
5.332078337669372559e-01
2.412904500961303711e-01
3.200393915176391602e-01
4.020499587059020996e-01
1.866655945777893066e-01
3.082563877105712891e-01
2.263769209384918213e-01
1.347857415676116943e-01
2.311952412128448486e-01
1.442188471555709839e-01
2.456287890672683716e-01
8.632107079029083252e-02
9.321634471416473389e-02
1.367282867431640625e-01
4.089153110980987549e-01
3.153305947780609131e-01
2.798943221569061279e-01
2.506752610206604004e-01
1.960678696632385254e-01
1.341606527566909790e-01
1.601442098617553711e-01
1.050980165600776672e-01
2.011131048202514648e-01
1.200769990682601929e-01
3.026324212551116943e-01
1.850169450044631958e-01
3.412649631500244141e-01
2.154712080955505371e-01
2.263313531875610352e-01
2.068867534399032593e-01
2.068655937910079956e-01
5.909151434898376465e-01
1.765767335891723633e-01
2.211494892835617065e-01
2.426640391349792480e-01
2.241383194923400879e-01
3.876637816429138184e-01
1.810249686241149902e-01
2.160350084304809570e-01
1.337643563747406006e-01
2.865967154502868652e-01
2.305273413658142090e-01
2.270313352346420288e-01
7.813404500484466553e-02
2.145160138607025146e-01
3.140394985675811768e-01
2.138458788394927979e-01
4.166891574859619141e-01
9.372851997613906860e-02
3.637287914752960205e-01
6.126295030117034912e-02
2.457190006971359253e-01
6.105546280741691589e-02
9.502820670604705811e-02
2.116972357034683228e-01
2.276574820280075073e-01
1.332561373710632324e-01
1.184384897351264954e-01
1.180409640073776245e-01
3.962191939353942871e-01
1.777375936508178711e-01
4.604244828224182129e-01
2.541303336620330811e-01
2.777204513549804688e-01
3.580287694931030273e-01
8.213988691568374634e-02
1.710314154624938965e-01
9.434493631124496460e-02
6.607370823621749878e-02
4.266525506973266602e-01
3.007335066795349121e-01
2.060667276382446289e-01
2.784775793552398682e-01
1.991333067417144775e-01
1.545990258455276489e-01
1.733542531728744507e-01
2.563921213150024414e-01
2.484789639711380005e-01
1.390484720468521118e-01
2.318714261054992676e-01
1.375416517257690430e-01
1.787326186895370483e-01
1.427596658468246460e-01
3.890519738197326660e-01
1.787939667701721191e-01
2.748610675334930420e-01
2.636922597885131836e-01
2.056255638599395752e-01
9.224796295166015625e-02
4.251635074615478516e-01
1.925967484712600708e-01
5.102082490921020508e-01
2.576458752155303955e-01
2.692910730838775635e-01
1.058789715170860291e-01
1.352124810218811035e-01
1.900584995746612549e-01
3.681703209877014160e-01
2.088708579540252686e-01
1.252743750810623169e-01
9.292727708816528320e-02
2.350559234619140625e-01
1.773698627948760986e-01
5.192451924085617065e-02
1.866388171911239624e-01
1.019860506057739258e-01
1.048697605729103088e-01
2.380492538213729858e-01
3.159722685813903809e-01
6.665841937065124512e-01
2.867731750011444092e-01
1.426502913236618042e-01
2.952557802200317383e-01
2.085095047950744629e-01
1.246893778443336487e-01
2.665647864341735840e-01
1.513518989086151123e-01
2.737647593021392822e-01
3.821563422679901123e-01
9.256353974342346191e-02
2.686656117439270020e-01
9.594291448593139648e-02
1.570039093494415283e-01
2.088582813739776611e-01
4.215329289436340332e-01
1.606020331382751465e-01
2.082165777683258057e-01
2.089797407388687134e-01
2.152993381023406982e-01
4.078273475170135498e-01
1.154652237892150879e-01
1.498830914497375488e-01
5.110098123550415039e-01
2.054499536752700806e-01
1.594413369894027710e-01
2.284683585166931152e-01
1.983823329210281372e-01
1.492039561271667480e-01
8.479839563369750977e-02
1.806265711784362793e-01
3.531559705734252930e-01
2.823707461357116699e-01
2.339953482151031494e-01
2.049156278371810913e-01
2.968847751617431641e-01
3.949579596519470215e-01
8.053012192249298096e-02
4.934491813182830811e-01
2.194173038005828857e-01
4.671964049339294434e-01
2.524527311325073242e-01
2.091992050409317017e-01
2.218622416257858276e-01
2.101642042398452759e-01
2.596021294593811035e-01
4.227391257882118225e-02
2.895033955574035645e-01
1.419669240713119507e-01
3.976593315601348877e-01
1.266897320747375488e-01
3.621602058410644531e-01
6.449263542890548706e-02
2.794896662235260010e-01
2.238088250160217285e-01
3.138803243637084961e-01
1.402173787355422974e-01
1.994771361351013184e-01
2.207665741443634033e-01
2.807843983173370361e-01
2.425072640180587769e-01
3.285272419452667236e-01
8.440141379833221436e-02
1.492746472358703613e-01
3.965465724468231201e-01
1.609050780534744263e-01
3.182649612426757812e-01
1.401146650314331055e-01
3.143066465854644775e-01
1.479870826005935669e-01
3.807108998298645020e-01
2.410010248422622681e-01
2.713075876235961914e-01
2.697835564613342285e-01
2.732577621936798096e-01
1.521823108196258545e-01
1.607675105333328247e-01
1.382493227720260620e-01
3.757099211215972900e-01
3.552315831184387207e-01
2.244348526000976562e-01
1.390671730041503906e-01
4.149029254913330078e-01
2.126934081315994263e-01
1.625213623046875000e-01
2.363608479499816895e-01
2.016907930374145508e-01
6.333664655685424805e-01
4.482550621032714844e-01
2.706701755523681641e-01
2.560551762580871582e-01
3.130979835987091064e-01
2.949613928794860840e-01
1.909232288599014282e-01
2.282810211181640625e-01
3.803850412368774414e-01
1.456314474344253540e-01
9.144832193851470947e-02
2.112733423709869385e-01
8.981810510158538818e-02
1.400850564241409302e-01
1.422941535711288452e-01
1.690430790185928345e-01
4.434148073196411133e-01
2.323217839002609253e-01
2.257566452026367188e-01
1.494484841823577881e-01
2.189729511737823486e-01
1.158972233533859253e-01
1.278183311223983765e-01
1.194950267672538757e-01
2.451054453849792480e-01
7.381025701761245728e-02
1.803121566772460938e-01
1.534213572740554810e-01
3.575198352336883545e-01
2.411863207817077637e-01
3.259016573429107666e-01
1.905152648687362671e-01
3.070086836814880371e-01
3.582245111465454102e-01
1.216110289096832275e-01
2.898318171501159668e-01
2.681089639663696289e-01
3.506261110305786133e-01
3.045856952667236328e-01
1.589410603046417236e-01
5.457725524902343750e-01
4.461290538311004639e-01
2.800794839859008789e-01
3.296835422515869141e-01
2.468576729297637939e-01
1.668374538421630859e-01
2.431983798742294312e-01
1.637084484100341797e-01
1.411220431327819824e-01
4.482421278953552246e-01
3.013175725936889648e-01
2.016334086656570435e-01
2.246182858943939209e-01
7.797163724899291992e-02
2.582315504550933838e-01
1.669428497552871704e-01
3.902204036712646484e-01
3.959525823593139648e-01
2.996273338794708252e-01
2.210891544818878174e-01
2.090977281332015991e-01
2.438033074140548706e-01
1.745009124279022217e-01
1.297836005687713623e-01
8.230853080749511719e-02
3.867378830909729004e-01
8.199756592512130737e-02
2.568556964397430420e-01
3.587573766708374023e-01
2.009912878274917603e-01
1.066692844033241272e-01
2.714277803897857666e-01
8.786165714263916016e-02
5.183756351470947266e-01
2.212107479572296143e-01
3.730369806289672852e-01
1.751325726509094238e-01
3.899926841259002686e-01
2.491599619388580322e-01
1.551182270050048828e-01
1.814404129981994629e-01
2.208812236785888672e-01
2.126114815473556519e-01
3.105259537696838379e-01
2.821009755134582520e-01
9.842807054519653320e-02
2.868252992630004883e-01
3.010654449462890625e-01
1.980008482933044434e-01
4.219679832458496094e-01
1.641077101230621338e-01
3.981688916683197021e-01
3.186634480953216553e-01
2.281375229358673096e-01
4.880267381668090820e-01
2.404743880033493042e-01
1.875398010015487671e-01
1.111021414399147034e-01
1.739755570888519287e-01
1.884708404541015625e-01
9.393359720706939697e-02
3.942715227603912354e-01
9.061228483915328979e-02
1.857724785804748535e-01
1.459857672452926636e-01
2.095227986574172974e-01
1.668609231710433960e-01
1.645494401454925537e-01
2.908544242382049561e-01
2.828449904918670654e-01
1.192252188920974731e-01
1.385602951049804688e-01
1.877679228782653809e-01
2.652100920677185059e-01
3.013050854206085205e-01
2.386556118726730347e-01
2.184389084577560425e-01
5.006652474403381348e-01
2.822183966636657715e-01
3.312404155731201172e-01
4.428341984748840332e-01
4.058126211166381836e-01
1.926819980144500732e-01
2.056267559528350830e-01
2.633904218673706055e-01
3.737741112709045410e-01
3.800807893276214600e-01
3.117389976978302002e-01
1.963301301002502441e-01
3.016083240509033203e-01
4.173462092876434326e-01
2.895455956459045410e-01
3.141465187072753906e-01
1.270840317010879517e-01
1.227046772837638855e-01
1.539537459611892700e-01
2.189294248819351196e-01
7.958005368709564209e-02
4.997083246707916260e-01
2.868002355098724365e-01
2.645880281925201416e-01
1.333099901676177979e-01
3.995899260044097900e-01
2.936275005340576172e-01
4.489550590515136719e-01
1.782511472702026367e-01
2.384685724973678589e-01
3.555893301963806152e-01
2.521374523639678955e-01
1.192808002233505249e-01
2.592807412147521973e-01
5.717212557792663574e-01
2.315196096897125244e-01
2.378429025411605835e-01
2.161513268947601318e-01
3.199802637100219727e-01
2.374168634414672852e-01
1.587464809417724609e-01
1.217814087867736816e-01
1.905812919139862061e-01
2.009826749563217163e-01
4.096975326538085938e-01
2.868164777755737305e-01
1.558296680450439453e-01
4.000539779663085938e-01
5.174517631530761719e-01
1.462026089429855347e-01
3.618491590023040771e-01
5.114774703979492188e-01
2.869290411472320557e-01
3.628839850425720215e-01
1.242091655731201172e-01
2.616635560989379883e-01
2.788613438606262207e-01
3.374158143997192383e-01
3.492146432399749756e-01
1.847376823425292969e-01
3.276328444480895996e-01
2.770103812217712402e-01
2.291437685489654541e-01
4.985501766204833984e-01
2.788049280643463135e-01
2.741194963455200195e-01
1.655808985233306885e-01
2.091722488403320312e-01
4.960891604423522949e-01
1.737072169780731201e-01
1.511329710483551025e-01
1.471587568521499634e-01
2.360173612833023071e-01
1.911338269710540771e-01
1.501810550689697266e-01
1.748753935098648071e-01
2.783831954002380371e-01
1.701234728097915649e-01
8.204652369022369385e-02
2.756453752517700195e-01
1.976659297943115234e-01
4.239678680896759033e-01
3.644581735134124756e-01
3.890928328037261963e-01
2.145697176456451416e-01
1.521278768777847290e-01
3.195958137512207031e-01
2.305251955986022949e-01
9.132866561412811279e-02
1.604343056678771973e-01
2.191267460584640503e-01
2.706749141216278076e-01
3.485561311244964600e-01
1.326012909412384033e-01
9.805140644311904907e-02
2.141318470239639282e-01
3.985354900360107422e-01
2.069390118122100830e-01
4.942251741886138916e-01
2.320768237113952637e-01
1.660078167915344238e-01
3.721131086349487305e-01
1.444909572601318359e-01
6.442371010780334473e-01
3.735604882240295410e-01
2.146136462688446045e-01
2.871991097927093506e-01
1.403852999210357666e-01
4.292427003383636475e-01
1.631700843572616577e-01
2.502253949642181396e-01
1.211926639080047607e-01
3.851097524166107178e-01
2.563099265098571777e-01
2.339446544647216797e-01
5.320674180984497070e-01
2.180836498737335205e-01
2.935805022716522217e-01
2.873415052890777588e-01
1.128813549876213074e-01
4.115734994411468506e-01
1.116840988397598267e-01
4.031153619289398193e-01
3.376140594482421875e-01
1.270326673984527588e-01
1.503394842147827148e-01
2.142381668090820312e-01
2.032683044672012329e-01
2.155502736568450928e-01
3.044483065605163574e-01
2.234136164188385010e-01
1.973318755626678467e-01
2.516431212425231934e-01
5.397099852561950684e-01
2.351114153861999512e-01
1.260352283716201782e-01
1.833007335662841797e-01
1.476921439170837402e-01
2.699114680290222168e-01
3.032012283802032471e-01
1.486329734325408936e-01
1.972410827875137329e-01
2.302596718072891235e-01
3.953118920326232910e-01
1.428638696670532227e-01
4.383429288864135742e-01
3.315520584583282471e-01
4.954819679260253906e-01
2.022775411605834961e-01
3.270593583583831787e-01
2.108945548534393311e-01
1.037402004003524780e-01
2.473569959402084351e-01
2.277808487415313721e-01
1.862161755561828613e-01
2.032103240489959717e-01
2.090601325035095215e-01
3.644894361495971680e-01
2.945830821990966797e-01
6.968470662832260132e-02
3.134477734565734863e-01
1.052418947219848633e-01
2.642374038696289062e-01
1.941078305244445801e-01
2.130084037780761719e-01
3.379911184310913086e-01
1.688067615032196045e-01
2.949293851852416992e-01
1.379371583461761475e-01
3.620525896549224854e-01
1.351548731327056885e-01
3.747681975364685059e-01
1.399129033088684082e-01
3.689191341400146484e-01
1.583335399627685547e-01
1.521660983562469482e-01
2.642103433609008789e-01
1.465921401977539062e-01
3.157542347908020020e-01
1.254526078701019287e-01
9.415715932846069336e-02
2.276073545217514038e-01
2.192999720573425293e-01
1.062390357255935669e-01
2.333879470825195312e-01
2.244759351015090942e-01
7.232157886028289795e-02
1.468086242675781250e-01
1.524067968130111694e-01
2.921476960182189941e-01
1.765577197074890137e-01
3.902376890182495117e-01
4.571473598480224609e-01
4.018081724643707275e-01
2.535274028778076172e-01
5.431205034255981445e-01
2.854495942592620850e-01
2.379603385925292969e-01
2.871019542217254639e-01
1.089195907115936279e-01
2.734960615634918213e-01
2.947890758514404297e-01
2.367143332958221436e-01
2.493657171726226807e-01
3.354473114013671875e-01
2.026653736829757690e-01
6.820526719093322754e-02
3.798729777336120605e-01
2.836130261421203613e-01
1.701114773750305176e-01
1.630100607872009277e-01
1.887814998626708984e-01
2.169546782970428467e-01
1.980172097682952881e-01
3.752648830413818359e-01
2.009192556142807007e-01
1.965296864509582520e-01
2.213247716426849365e-01
2.717905044555664062e-01
1.563614606857299805e-01
2.698198556900024414e-01
9.879551827907562256e-02
2.541996240615844727e-01
2.712603211402893066e-01
2.463404536247253418e-01
2.771853208541870117e-01
1.216445267200469971e-01
1.407560706138610840e-01
1.068136394023895264e-01
1.854159682989120483e-01
1.676396578550338745e-01
1.542619019746780396e-01
1.666537523269653320e-01
2.077524214982986450e-01
3.288357853889465332e-01
1.496025770902633667e-01
9.627753496170043945e-02
3.049045503139495850e-01
1.393950134515762329e-01
6.345736384391784668e-01
2.347853779792785645e-01
2.367293983697891235e-01
3.585588037967681885e-01
2.629478871822357178e-01
2.820777297019958496e-01
1.340895593166351318e-01
3.345121741294860840e-01
1.202308312058448792e-01
3.924055099487304688e-01
1.726438254117965698e-01
8.300927281379699707e-02
1.850128620862960815e-01
2.431147992610931396e-01
6.961052417755126953e-01
1.214286088943481445e-01
2.591813206672668457e-01
1.565482616424560547e-01
2.044661045074462891e-01
2.683141529560089111e-01
