3.254507780075073242e-01
2.862031757831573486e-01
4.561198055744171143e-01
3.246949315071105957e-01
2.641412317752838135e-01
5.226292610168457031e-01
5.892497301101684570e-01
4.440043866634368896e-01
3.753917813301086426e-01
3.729541599750518799e-01
2.494848668575286865e-01
2.491671442985534668e-01
2.256429493427276611e-01
5.114101171493530273e-01
3.870176076889038086e-01
2.777854204177856445e-01
2.408192157745361328e-01
5.719106793403625488e-01
2.675779759883880615e-01
2.837044000625610352e-01
1.684603989124298096e-01
3.741601407527923584e-01
3.997801542282104492e-01
5.036567449569702148e-01
3.201914429664611816e-01
3.467884659767150879e-01
3.135766088962554932e-01
4.730008244514465332e-01
4.410723447799682617e-01
6.475306749343872070e-01
2.916855216026306152e-01
2.028553634881973267e-01
3.092045783996582031e-01
2.160239964723587036e-01
2.648425996303558350e-01
6.340956687927246094e-01
4.149663746356964111e-01
2.300722301006317139e-01
5.488146543502807617e-01
2.472245991230010986e-01
2.906092703342437744e-01
2.782852649688720703e-01
3.857806921005249023e-01
1.997218430042266846e-01
3.791567981243133545e-01
3.508407473564147949e-01
5.103273987770080566e-01
3.991563916206359863e-01
5.190333127975463867e-01
2.531255781650543213e-01
2.681456506252288818e-01
2.349012196063995361e-01
3.997134864330291748e-01
3.393288254737854004e-01
3.594045639038085938e-01
2.339854538440704346e-01
2.160569131374359131e-01
3.488475084304809570e-01
4.447613954544067383e-01
3.529015183448791504e-01
7.294558882713317871e-01
3.102218806743621826e-01
1.820010244846343994e-01
2.879279255867004395e-01
4.082553088665008545e-01
5.422810316085815430e-01
2.743948698043823242e-01
5.265904664993286133e-01
4.696140587329864502e-01
5.368035435676574707e-01
6.565977632999420166e-02
2.844264507293701172e-01
3.230333924293518066e-01
1.570558547973632812e-01
4.201960563659667969e-01
2.882237434387207031e-01
4.017641544342041016e-01
2.404538094997406006e-01
4.677445888519287109e-01
3.298180103302001953e-01
2.033137679100036621e-01
2.225136756896972656e-01
1.896203756332397461e-01
5.093360543251037598e-01
6.832504272460937500e-01
2.434648573398590088e-01
5.120674371719360352e-01
5.577645301818847656e-01
3.599475324153900146e-01
3.173004090785980225e-01
1.790112107992172241e-01
5.380695462226867676e-01
5.303388833999633789e-01
2.956650853157043457e-01
4.569369554519653320e-01
2.590979039669036865e-01
4.818090796470642090e-01
3.753258585929870605e-01
5.017172098159790039e-01
2.300562560558319092e-01
6.790997982025146484e-01
2.373139709234237671e-01
2.918405830860137939e-01
3.150440156459808350e-01
3.014361262321472168e-01
5.013830661773681641e-01
2.917753159999847412e-01
2.892625927925109863e-01
4.259244203567504883e-01
3.706556558609008789e-01
3.644230067729949951e-01
2.197435796260833740e-01
1.913665235042572021e-01
2.743791341781616211e-01
3.095017075538635254e-01
4.863850176334381104e-01
7.290941476821899414e-01
5.742847323417663574e-01
5.837770700454711914e-01
1.707787513732910156e-01
5.646953582763671875e-01
5.012207031250000000e-01
2.517919838428497314e-01
4.021462798118591309e-01
4.690629541873931885e-01
2.503849267959594727e-01
3.114897012710571289e-01
3.802451491355895996e-01
5.194122791290283203e-01
5.159421563148498535e-01
3.631992936134338379e-01
2.594057917594909668e-01
5.046926140785217285e-01
2.756541669368743896e-01
4.925107359886169434e-01
7.748825848102569580e-02
4.628185331821441650e-01
3.745915293693542480e-01
2.719996869564056396e-01
3.414300978183746338e-01
3.453233838081359863e-01
4.500271379947662354e-01
3.355503976345062256e-01
3.776424825191497803e-01
2.398540079593658447e-01
3.858243823051452637e-01
3.214598894119262695e-01
2.317558676004409790e-01
2.786882519721984863e-01
5.579686164855957031e-01
3.955890536308288574e-01
4.817725419998168945e-01
4.083474278450012207e-01
2.811139523983001709e-01
5.122220516204833984e-01
2.416296303272247314e-01
4.626542925834655762e-01
2.783130407333374023e-01
2.744069695472717285e-01
7.393220067024230957e-01
4.288540780544281006e-01
7.632931470870971680e-01
4.772818684577941895e-01
5.267199277877807617e-01
5.498028397560119629e-01
5.454574227333068848e-01
5.982464551925659180e-01
5.805184841156005859e-01
5.289573669433593750e-01
5.128127336502075195e-01
5.386252403259277344e-01
7.778373360633850098e-01
3.411201536655426025e-01
4.966439604759216309e-01
3.857081532478332520e-01
4.517422318458557129e-01
3.428630232810974121e-01
3.964879810810089111e-01
5.120623111724853516e-01
4.312078356742858887e-01
4.610977172851562500e-01
4.472029805183410645e-01
4.470597505569458008e-01
2.019499838352203369e-01
6.648218035697937012e-01
2.513163983821868896e-01
4.931408762931823730e-01
3.858562111854553223e-01
2.736896276473999023e-01
1.656170785427093506e-01
5.198535323143005371e-01
2.624101638793945312e-01
5.819865465164184570e-01
4.958408474922180176e-01
3.345715403556823730e-01
2.599058747291564941e-01
7.218834161758422852e-01
4.279469549655914307e-01
2.996071279048919678e-01
2.257227748632431030e-01
4.836498796939849854e-01
3.320183157920837402e-01
3.376983404159545898e-01
6.008238196372985840e-01
1.779268682003021240e-01
3.245045840740203857e-01
5.504453182220458984e-01
2.807474434375762939e-01
6.462911367416381836e-01
4.753586649894714355e-01
2.585213482379913330e-01
4.101982712745666504e-01
3.358452320098876953e-01
3.531677722930908203e-01
2.973741888999938965e-01
4.577891230583190918e-01
2.208966612815856934e-01
4.700811505317687988e-01
5.429884195327758789e-01
4.239099025726318359e-01
5.239236354827880859e-01
3.605043888092041016e-01
2.571097016334533691e-01
3.814019262790679932e-01
3.343342244625091553e-01
2.033377885818481445e-01
4.105168581008911133e-01
4.194367527961730957e-01
3.505431115627288818e-01
2.980193197727203369e-01
2.682209610939025879e-01
5.117816925048828125e-01
3.146666586399078369e-01
2.608126401901245117e-01
4.170493781566619873e-01
2.202520370483398438e-01
4.412654340267181396e-01
4.768170416355133057e-01
2.184612154960632324e-01
3.575083017349243164e-01
4.279564917087554932e-01
3.384162187576293945e-01
2.192278951406478882e-01
3.779308795928955078e-01
5.822048187255859375e-01
4.791859090328216553e-01
3.774375319480895996e-01
6.635397672653198242e-01
3.244189918041229248e-01
5.960487723350524902e-01
3.802582025527954102e-01
3.879330754280090332e-01
3.762069940567016602e-01
4.942428767681121826e-01
3.105528354644775391e-01
4.529087841510772705e-01
3.231469988822937012e-01
3.801301419734954834e-01
4.012694954872131348e-01
2.819744050502777100e-01
1.915213167667388916e-01
1.946345269680023193e-01
2.315771728754043579e-01
4.327088296413421631e-01
3.833130896091461182e-01
3.520399034023284912e-01
4.140897393226623535e-01
3.227623403072357178e-01
6.019076108932495117e-01
6.253206133842468262e-01
5.631834268569946289e-01
4.154461026191711426e-01
2.820332646369934082e-01
4.259803295135498047e-01
3.416026234626770020e-01
3.359291851520538330e-01
2.862272560596466064e-01
4.917430877685546875e-01
3.193270564079284668e-01
2.695711255073547363e-01
6.162055730819702148e-01
5.517535209655761719e-01
2.202957123517990112e-01
3.058692812919616699e-01
4.851977825164794922e-01
5.772715806961059570e-01
4.277712404727935791e-01
5.044382810592651367e-01
2.178456038236618042e-01
6.442980766296386719e-01
1.835413873195648193e-01
3.186630606651306152e-01
4.801344275474548340e-01
1.877182424068450928e-01
5.255004167556762695e-01
3.357572257518768311e-01
2.463416457176208496e-01
3.711348772048950195e-01
4.609119892120361328e-01
1.593214422464370728e-01
3.617486357688903809e-01
2.592729628086090088e-01
2.376835495233535767e-01
4.313130378723144531e-01
4.139774143695831299e-01
2.822003364562988281e-01
2.745594978332519531e-01
3.333661556243896484e-01
5.855686664581298828e-01
6.393080353736877441e-01
2.664185762405395508e-01
5.319440364837646484e-01
2.766462564468383789e-01
5.011655688285827637e-01
3.189895749092102051e-01
2.666798830032348633e-01
4.217822551727294922e-01
2.473493814468383789e-01
4.222080111503601074e-01
2.265872210264205933e-01
5.038108229637145996e-01
2.446333765983581543e-01
1.886219680309295654e-01
3.383946716785430908e-01
2.845514416694641113e-01
2.081794142723083496e-01
2.965540885925292969e-01
3.002381622791290283e-01
4.443814158439636230e-01
4.501579701900482178e-01
2.870269119739532471e-01
4.964091777801513672e-01
2.525655925273895264e-01
2.810034155845642090e-01
2.629529535770416260e-01
4.663652181625366211e-01
3.147389888763427734e-01
5.149527192115783691e-01
4.300153851509094238e-01
3.406531810760498047e-01
2.008936107158660889e-01
6.746037006378173828e-01
2.246440947055816650e-01
3.549695014953613281e-01
3.456537127494812012e-01
4.021111726760864258e-01
3.318973183631896973e-01
3.489156067371368408e-01
3.575197160243988037e-01
4.731305539608001709e-01
4.797968268394470215e-01
2.939952909946441650e-01
2.345502972602844238e-01
2.858811020851135254e-01
2.958176136016845703e-01
2.977500259876251221e-01
4.750449359416961670e-01
4.204273223876953125e-01
5.595922470092773438e-01
2.892593145370483398e-01
4.228869676589965820e-01
4.312884211540222168e-01
4.820710420608520508e-01
3.635915815830230713e-01
3.464076519012451172e-01
2.293275892734527588e-01
2.806530296802520752e-01
4.076634049415588379e-01
2.348038703203201294e-01
4.743570089340209961e-01
2.546807527542114258e-01
3.503124713897705078e-01
3.076027631759643555e-01
1.122873872518539429e-01
3.944315910339355469e-01
3.091494441032409668e-01
2.368915975093841553e-01
3.180934786796569824e-01
5.428858995437622070e-01
3.614295125007629395e-01
2.105543762445449829e-01
4.870301485061645508e-01
4.101305902004241943e-01
3.522906303405761719e-01
4.993429183959960938e-01
2.123810201883316040e-01
4.981073141098022461e-01
2.557404935359954834e-01
6.107257604598999023e-01
5.189565420150756836e-01
5.703688859939575195e-01
7.328153848648071289e-01
3.377025127410888672e-01
3.043087720870971680e-01
2.517161965370178223e-01
3.944059014320373535e-01
3.890821933746337891e-01
3.901464343070983887e-01
1.606755256652832031e-01
3.219284117221832275e-01
4.945540726184844971e-01
4.815343022346496582e-01
3.231999278068542480e-01
4.911779165267944336e-01
3.421360850334167480e-01
2.593449354171752930e-01
4.759098887443542480e-01
4.667059183120727539e-01
4.686873555183410645e-01
2.616396844387054443e-01
4.036290645599365234e-01
4.971205592155456543e-01
2.423368841409683228e-01
4.057267904281616211e-01
3.144092559814453125e-01
3.709974288940429688e-01
3.869806528091430664e-01
2.797968387603759766e-01
4.201971292495727539e-01
3.384401500225067139e-01
4.116604030132293701e-01
3.941255807876586914e-01
2.858552336692810059e-01
3.359146416187286377e-01
4.541516900062561035e-01
4.307579398155212402e-01
5.574470758438110352e-01
2.124026715755462646e-01
3.258396983146667480e-01
3.953783512115478516e-01
5.225770473480224609e-01
2.001290619373321533e-01
3.050422668457031250e-01
3.430635929107666016e-01
5.069454312324523926e-01
2.957666516304016113e-01
3.389123678207397461e-01
6.731973290443420410e-01
4.177640080451965332e-01
3.165659308433532715e-01
3.032459914684295654e-01
2.474054992198944092e-01
3.714243769645690918e-01
1.507963836193084717e-01
2.721433043479919434e-01
5.143095850944519043e-01
5.263721942901611328e-01
4.853789806365966797e-01
3.746879100799560547e-01
3.398601412773132324e-01
4.930306673049926758e-01
3.632361292839050293e-01
1.472912132740020752e-01
3.949140906333923340e-01
1.962378919124603271e-01
2.222355455160140991e-01
1.067540794610977173e-01
1.930901408195495605e-01
2.721524834632873535e-01
4.294665455818176270e-01
4.484443664550781250e-01
3.028547763824462891e-01
4.205581247806549072e-01
2.873798608779907227e-01
1.785561740398406982e-01
1.795500218868255615e-01
3.126560449600219727e-01
1.819457411766052246e-01
3.621335923671722412e-01
3.267547488212585449e-01
3.245438039302825928e-01
3.574454188346862793e-01
3.727730512619018555e-01
1.902328729629516602e-01
2.793731093406677246e-01
4.701916873455047607e-01
4.136956334114074707e-01
3.344357609748840332e-01
6.006833314895629883e-01
3.840106427669525146e-01
4.709890186786651611e-01
3.279949426651000977e-01
5.278980731964111328e-01
2.721565961837768555e-01
4.604507684707641602e-01
5.245797634124755859e-01
4.673574864864349365e-01
3.141438961029052734e-01
4.598415791988372803e-01
3.863008618354797363e-01
4.287355840206146240e-01
5.352978706359863281e-01
5.894767642021179199e-01
3.773514032363891602e-01
4.751362204551696777e-01
4.203599691390991211e-01
5.299974679946899414e-01
3.708309531211853027e-01
6.152794361114501953e-01
3.322036564350128174e-01
3.918576240539550781e-01
4.643471539020538330e-01
4.063315391540527344e-01
4.145153164863586426e-01
4.455649852752685547e-01
2.553172409534454346e-01
3.668151795864105225e-01
4.199089705944061279e-01
2.585246860980987549e-01
4.010821580886840820e-01
7.216120958328247070e-01
3.744096159934997559e-01
3.931923210620880127e-01
3.862563967704772949e-01
3.291147947311401367e-01
2.284550070762634277e-01
3.526181876659393311e-01
7.472318410873413086e-01
1.360660940408706665e-01
3.721266090869903564e-01
2.138655185699462891e-01
3.372556865215301514e-01
1.407527774572372437e-01
2.098219245672225952e-01
7.714862823486328125e-01
2.423965334892272949e-01
2.315259277820587158e-01
7.356318831443786621e-01
4.636828303337097168e-01
3.017210066318511963e-01
3.232698440551757812e-01
4.296464920043945312e-01
3.493176102638244629e-01
1.216660737991333008e-01
3.090275526046752930e-01
3.851693570613861084e-01
2.923852801322937012e-01
4.863224923610687256e-01
6.591307520866394043e-01
1.940318048000335693e-01
1.800199449062347412e-01
4.216315746307373047e-01
4.819707572460174561e-01
3.586153984069824219e-01
2.631533741950988770e-01
2.962912023067474365e-01
3.596751689910888672e-01
4.868304133415222168e-01
2.210890501737594604e-01
2.006323188543319702e-01
2.041798233985900879e-01
5.092179179191589355e-01
4.250587224960327148e-01
3.218733668327331543e-01
5.356481075286865234e-01
6.161420941352844238e-01
6.100935339927673340e-01
1.947258412837982178e-01
4.474971890449523926e-01
1.887966245412826538e-01
4.639461636543273926e-01
3.033856153488159180e-01
3.119394779205322266e-01
3.451784253120422363e-01
2.525057196617126465e-01
5.320223569869995117e-01
3.687185645103454590e-01
1.645162701606750488e-01
3.119505643844604492e-01
4.916030168533325195e-01
3.489015400409698486e-01
1.409337669610977173e-01
2.450842857360839844e-01
2.890951633453369141e-01
4.301284849643707275e-01
4.260026216506958008e-01
4.238203167915344238e-01
3.368948698043823242e-01
5.360800027847290039e-01
4.875796437263488770e-01
2.147034555673599243e-01
3.839629292488098145e-01
3.343693912029266357e-01
5.745798349380493164e-01
4.545448720455169678e-01
6.946485042572021484e-01
3.320812582969665527e-01
3.152146339416503906e-01
4.573492705821990967e-01
5.238566994667053223e-01
5.902480483055114746e-01
4.007146060466766357e-01
3.421739935874938965e-01
5.840022563934326172e-01
5.339965224266052246e-01
6.544775962829589844e-01
6.739521622657775879e-01
5.189107060432434082e-01
3.464965224266052246e-01
3.723789453506469727e-01
3.554731607437133789e-01
4.594739079475402832e-01
2.772451639175415039e-01
4.527701735496520996e-01
2.750022411346435547e-01
3.667669892311096191e-01
3.790320158004760742e-01
3.566368222236633301e-01
5.117694735527038574e-01
3.064234256744384766e-01
3.699371218681335449e-01
2.910631299018859863e-01
3.289379179477691650e-01
3.840541839599609375e-01
3.541975021362304688e-01
4.298319816589355469e-01
2.533284723758697510e-01
3.132844269275665283e-01
2.666209340095520020e-01
6.665915250778198242e-01
4.052217602729797363e-01
4.774650931358337402e-01
2.388546168804168701e-01
4.087107181549072266e-01
3.220944404602050781e-01
2.081321775913238525e-01
2.765491902828216553e-01
4.652661979198455811e-01
4.550125002861022949e-01
2.730877697467803955e-01
4.114468097686767578e-01
3.959027528762817383e-01
2.074467241764068604e-01
4.729958474636077881e-01
4.846628904342651367e-01
2.443052828311920166e-01
4.683974981307983398e-01
3.124497532844543457e-01
2.443924099206924438e-01
2.136042118072509766e-01
4.122381508350372314e-01
4.081897139549255371e-01
3.028385043144226074e-01
5.510760545730590820e-01
1.840554326772689819e-01
5.454357862472534180e-01
2.167897224426269531e-01
4.248808026313781738e-01
2.191778570413589478e-01
4.368672370910644531e-01
3.313008844852447510e-01
3.667954802513122559e-01
2.526292204856872559e-01
4.355382025241851807e-01
3.799914717674255371e-01
2.907551527023315430e-01
3.693378567695617676e-01
2.613782882690429688e-01
2.188970893621444702e-01
3.510112166404724121e-01
2.863525748252868652e-01
5.147897601127624512e-01
5.424460172653198242e-01
3.640194535255432129e-01
3.154294490814208984e-01
4.136882424354553223e-01
3.346091508865356445e-01
2.331436872482299805e-01
2.434466183185577393e-01
3.058636188507080078e-01
5.045932531356811523e-01
4.090329110622406006e-01
4.348796606063842773e-01
2.941668033599853516e-01
1.974144577980041504e-01
3.751579821109771729e-01
5.094323754310607910e-01
4.467340707778930664e-01
4.505667090415954590e-01
4.059833288192749023e-01
3.109811544418334961e-01
2.126017212867736816e-01
5.578083992004394531e-01
2.154611349105834961e-01
3.684774637222290039e-01
2.335890680551528931e-01
2.974838912487030029e-01
5.676634311676025391e-01
3.176363706588745117e-01
1.378189027309417725e-01
2.818089127540588379e-01
3.762319087982177734e-01
3.356992900371551514e-01
3.346242010593414307e-01
5.287101864814758301e-01
4.578585028648376465e-01
3.440089821815490723e-01
2.503581345081329346e-01
2.724305689334869385e-01
2.794039845466613770e-01
3.762831389904022217e-01
2.799786329269409180e-01
2.644964456558227539e-01
6.368238925933837891e-01
6.256545186042785645e-01
3.996809124946594238e-01
4.032254815101623535e-01
4.610333442687988281e-01
5.662188529968261719e-01
4.771575033664703369e-01
2.659586369991302490e-01
6.437170505523681641e-01
3.553180694580078125e-01
4.369597434997558594e-01
2.498001009225845337e-01
4.043656587600708008e-01
2.394772917032241821e-01
2.813132107257843018e-01
4.510294198989868164e-01
4.069046378135681152e-01
4.814298450946807861e-01
3.059054315090179443e-01
4.080037176609039307e-01
4.755689501762390137e-01
2.850759923458099365e-01
4.156159162521362305e-01
5.133595466613769531e-01
3.577399551868438721e-01
3.619527816772460938e-01
6.040965318679809570e-01
2.844569385051727295e-01
2.387477010488510132e-01
2.744705677032470703e-01
4.368654489517211914e-01
2.448832392692565918e-01
2.868019044399261475e-01
3.390672206878662109e-01
4.098705649375915527e-01
5.918104648590087891e-01
1.851845681667327881e-01
2.173355519771575928e-01
4.117564558982849121e-01
2.360196113586425781e-01
2.132669687271118164e-01
3.963192701339721680e-01
5.454099178314208984e-01
4.178539216518402100e-01
5.576956272125244141e-01
3.771309554576873779e-01
2.147900611162185669e-01
1.343511044979095459e-01
3.858864009380340576e-01
3.834528326988220215e-01
3.659243583679199219e-01
2.304071187973022461e-01
4.235229492187500000e-01
2.811317443847656250e-01
3.618905246257781982e-01
4.161456823348999023e-01
4.424035549163818359e-01
4.115380644798278809e-01
3.098207414150238037e-01
4.789882004261016846e-01
3.187064528465270996e-01
2.880283892154693604e-01
4.764090776443481445e-01
3.366304337978363037e-01
4.180096685886383057e-01
2.295077145099639893e-01
3.335102796554565430e-01
3.366092443466186523e-01
6.375865936279296875e-01
3.483837246894836426e-01
3.742151856422424316e-01
2.681684494018554688e-01
3.790093064308166504e-01
1.507328301668167114e-01
5.270282030105590820e-01
5.305969715118408203e-01
4.275352656841278076e-01
6.771539449691772461e-01
5.903522968292236328e-01
5.387148261070251465e-01
2.525390386581420898e-01
3.372517526149749756e-01
3.151905536651611328e-01
1.947435438632965088e-01
5.591113567352294922e-01
4.257974028587341309e-01
1.937620788812637329e-01
3.392710387706756592e-01
6.145210266113281250e-01
3.622339367866516113e-01
4.566521644592285156e-01
4.848045110702514648e-01
2.373022735118865967e-01
3.397762179374694824e-01
3.512868881225585938e-01
4.057534337043762207e-01
7.762771844863891602e-01
4.787202775478363037e-01
3.642082214355468750e-01
3.597911596298217773e-01
6.600271463394165039e-01
3.060186207294464111e-01
3.598569631576538086e-01
3.241691589355468750e-01
3.239268064498901367e-01
7.317997813224792480e-01
3.970328271389007568e-01
4.299373626708984375e-01
3.359194993972778320e-01
2.871764898300170898e-01
3.510004878044128418e-01
3.401128351688385010e-01
2.360646724700927734e-01
4.376151561737060547e-01
3.223127126693725586e-01
2.671197354793548584e-01
4.107860922813415527e-01
4.484522938728332520e-01
4.192091822624206543e-01
2.675841450691223145e-01
2.172373980283737183e-01
4.225250780582427979e-01
3.589423000812530518e-01
2.532192468643188477e-01
4.023412168025970459e-01
4.180170297622680664e-01
3.373079299926757812e-01
2.846643328666687012e-01
2.537667751312255859e-01
3.805194497108459473e-01
6.298905611038208008e-01
4.556583166122436523e-01
3.095017969608306885e-01
3.640735745429992676e-01
3.405702412128448486e-01
1.963820457458496094e-01
4.327829480171203613e-01
3.004525601863861084e-01
3.462476432323455811e-01
3.221994042396545410e-01
2.547987699508666992e-01
3.873597085475921631e-01
5.203474164009094238e-01
3.910495638847351074e-01
2.273761928081512451e-01
2.954864203929901123e-01
2.826808989048004150e-01
5.798589587211608887e-01
2.344920784235000610e-01
3.747864961624145508e-01
3.780770599842071533e-01
5.017571449279785156e-01
5.181053876876831055e-01
2.268559634685516357e-01
2.534052133560180664e-01
4.239996075630187988e-01
5.265485048294067383e-01
2.308547198772430420e-01
4.102977216243743896e-01
5.384196043014526367e-01
3.676595687866210938e-01
4.123109281063079834e-01
2.855009138584136963e-01
5.887119770050048828e-01
6.150276064872741699e-01
3.655542731285095215e-01
2.486593723297119141e-01
3.302606642246246338e-01
2.263735532760620117e-01
5.632718801498413086e-01
4.236270189285278320e-01
2.562725841999053955e-01
3.529894351959228516e-01
3.574177324771881104e-01
4.255229830741882324e-01
6.910328269004821777e-01
2.011644840240478516e-01
3.885499536991119385e-01
3.797650635242462158e-01
2.632482945919036865e-01
5.528967976570129395e-01
1.947874426841735840e-01
5.835959315299987793e-01
3.847649395465850830e-01
5.310246944427490234e-01
2.542714774608612061e-01
3.423676192760467529e-01
3.798186779022216797e-01
4.101265668869018555e-01
3.862765431404113770e-01
3.415044546127319336e-01
2.728959619998931885e-01
2.266122996807098389e-01
3.440877497196197510e-01
3.033924400806427002e-01
1.762411296367645264e-01
2.832678556442260742e-01
3.967844247817993164e-01
3.415141701698303223e-01
3.973142206668853760e-01
4.102361500263214111e-01
3.893612623214721680e-01
3.698318600654602051e-01
4.950011968612670898e-01
4.647191762924194336e-01
8.370065689086914062e-01
4.718962609767913818e-01
2.708220183849334717e-01
5.341458916664123535e-01
5.203890800476074219e-01
4.021684527397155762e-01
5.106421113014221191e-01
6.809731721878051758e-01
6.349545717239379883e-01
5.345255136489868164e-01
4.451145231723785400e-01
3.245203197002410889e-01
3.309261798858642578e-01
3.641179203987121582e-01
3.662570118904113770e-01
4.394781589508056641e-01
4.850206971168518066e-01
3.252357542514801025e-01
3.277762234210968018e-01
5.557007193565368652e-01
3.008804917335510254e-01
4.042100012302398682e-01
3.966383337974548340e-01
3.026668727397918701e-01
4.357632398605346680e-01
5.579503774642944336e-01
1.922536045312881470e-01
6.721357703208923340e-01
3.062500059604644775e-01
5.390286445617675781e-01
3.081378936767578125e-01
3.923669457435607910e-01
3.844698667526245117e-01
2.834646701812744141e-01
3.194760680198669434e-01
4.744594097137451172e-01
3.221931457519531250e-01
3.715072870254516602e-01
3.759355545043945312e-01
3.378621339797973633e-01
3.767838180065155029e-01
3.771753311157226562e-01
3.252522945404052734e-01
4.390549957752227783e-01
2.989312410354614258e-01
4.662089645862579346e-01
3.968149125576019287e-01
2.518685460090637207e-01
2.986200451850891113e-01
4.390027523040771484e-01
2.390178442001342773e-01
1.996409893035888672e-01
4.212416410446166992e-01
3.385851383209228516e-01
3.820492625236511230e-01
2.327462285757064819e-01
3.758037090301513672e-01
4.147152006626129150e-01
4.152992367744445801e-01
3.778209090232849121e-01
4.418196082115173340e-01
3.100038766860961914e-01
4.611194133758544922e-01
3.534083962440490723e-01
2.561264336109161377e-01
1.396188139915466309e-01
3.722573518753051758e-01
1.874135583639144897e-01
4.152593016624450684e-01
2.561207413673400879e-01
3.456873297691345215e-01
2.785739898681640625e-01
2.356859147548675537e-01
3.849754035472869873e-01
2.771931588649749756e-01
5.895415544509887695e-01
1.853618919849395752e-01
3.796209990978240967e-01
1.927767395973205566e-01
6.501905322074890137e-01
4.582787156105041504e-01
3.801402449607849121e-01
5.710104703903198242e-01
4.586576819419860840e-01
5.851559638977050781e-01
2.346083372831344604e-01
4.424316287040710449e-01
3.506292104721069336e-01
2.309568226337432861e-01
5.925609469413757324e-01
3.907272815704345703e-01
3.958470821380615234e-01
2.566853165626525879e-01
4.002886712551116943e-01
2.748420536518096924e-01
4.375641644001007080e-01
3.503722846508026123e-01
3.188620209693908691e-01
2.984150052070617676e-01
4.467211365699768066e-01
6.837439537048339844e-01
2.981834411621093750e-01
3.289683461189270020e-01
3.278726041316986084e-01
4.632721543312072754e-01
2.138335257768630981e-01
3.161348104476928711e-01
3.988665342330932617e-01
3.508283495903015137e-01
1.893272995948791504e-01
1.869626343250274658e-01
6.001527309417724609e-01
5.002550482749938965e-01
3.378486633300781250e-01
2.773051261901855469e-01
6.163795590400695801e-01
3.335278034210205078e-01
2.675807476043701172e-01
3.137798607349395752e-01
2.734236717224121094e-01
3.748034834861755371e-01
3.863928914070129395e-01
2.817558944225311279e-01
4.256960451602935791e-01
5.690503120422363281e-01
6.245557069778442383e-01
2.425890266895294189e-01
2.714848518371582031e-01
3.039057850837707520e-01
6.044532656669616699e-01
2.205686122179031372e-01
3.742412626743316650e-01
3.360315859317779541e-01
3.448179364204406738e-01
3.350478112697601318e-01
4.270747005939483643e-01
1.558711677789688110e-01
3.510009050369262695e-01
3.313927352428436279e-01
5.323612093925476074e-01
3.216902613639831543e-01
3.385629057884216309e-01
3.787873685359954834e-01
4.756039381027221680e-01
3.608948588371276855e-01
3.798048496246337891e-01
3.321355581283569336e-01
1.942696422338485718e-01
2.289332747459411621e-01
2.085061967372894287e-01
3.829058408737182617e-01
1.915237456560134888e-01
3.420676290988922119e-01
3.308843076229095459e-01
4.148921370506286621e-01
2.458032965660095215e-01
3.111580610275268555e-01
5.156265497207641602e-01
4.321604669094085693e-01
3.911412358283996582e-01
1.656579971313476562e-01
3.703751862049102783e-01
3.582010269165039062e-01
4.486923217773437500e-01
5.011866092681884766e-01
7.519736289978027344e-01
3.474732041358947754e-01
2.720540165901184082e-01
3.461398780345916748e-01
2.161926031112670898e-01
6.161105632781982422e-01
3.278124928474426270e-01
3.243384659290313721e-01
3.028740286827087402e-01
3.105612695217132568e-01
3.396548926830291748e-01
4.541911780834197998e-01
3.839786648750305176e-01
2.067193984985351562e-01
1.385957002639770508e-01
4.051879346370697021e-01
5.062403678894042969e-01
2.459029853343963623e-01
5.115929841995239258e-01
5.887754559516906738e-01
2.693664431571960449e-01
1.957853585481643677e-01
5.390599370002746582e-01
3.081082105636596680e-01
2.382235229015350342e-01
2.375932037830352783e-01
4.154492020606994629e-01
2.376789748668670654e-01
3.116892278194427490e-01
4.186319112777709961e-01
3.470771908760070801e-01
5.679424405097961426e-01
3.019746541976928711e-01
2.794459164142608643e-01
5.072284936904907227e-01
3.437010645866394043e-01
4.795562028884887695e-01
5.391819477081298828e-01
2.557251751422882080e-01
2.245925366878509521e-01
2.089184075593948364e-01
4.268075823783874512e-01
3.749684095382690430e-01
3.024446964263916016e-01
2.517173290252685547e-01
5.527445077896118164e-01
3.466990292072296143e-01
3.570918142795562744e-01
6.227273344993591309e-01
4.201421737670898438e-01
3.759935796260833740e-01
3.102864623069763184e-01
5.052232742309570312e-01
8.434785604476928711e-01
4.412527084350585938e-01
3.655630648136138916e-01
2.651803791522979736e-01
3.161258995532989502e-01
5.496119856834411621e-01
5.229456424713134766e-01
3.131251037120819092e-01
5.362392067909240723e-01
2.341669201850891113e-01
3.351621031761169434e-01
6.027369499206542969e-01
3.152332305908203125e-01
2.982083559036254883e-01
2.925440371036529541e-01
3.263033032417297363e-01
3.468205034732818604e-01
3.853441774845123291e-01
3.147850334644317627e-01
1.803242266178131104e-01
1.916086077690124512e-01
3.739712238311767578e-01
3.855034112930297852e-01
4.753409922122955322e-01
4.763114750385284424e-01
5.108087658882141113e-01
3.712146878242492676e-01
5.596309900283813477e-01
4.215226173400878906e-01
3.750246763229370117e-01
4.194094538688659668e-01
3.591855168342590332e-01
4.617701172828674316e-01
4.212339520454406738e-01
2.147105038166046143e-01
4.111497402191162109e-01
4.086632430553436279e-01
3.096759915351867676e-01
6.313720941543579102e-01
3.522445559501647949e-01
2.357533574104309082e-01
4.246511161327362061e-01
3.247902095317840576e-01
4.185380637645721436e-01
3.212874531745910645e-01
4.178749322891235352e-01
3.079256713390350342e-01
3.167362213134765625e-01
2.247278690338134766e-01
1.737637519836425781e-01
2.289454489946365356e-01
3.957854509353637695e-01
4.861720800399780273e-01
1.760488450527191162e-01
2.184767425060272217e-01
3.568998575210571289e-01
2.616769373416900635e-01
2.620872855186462402e-01
1.344353258609771729e-01
2.969366312026977539e-01
5.895859003067016602e-01
4.849871397018432617e-01
3.546261787414550781e-01
1.629091352224349976e-01
1.024048477411270142e-01
1.158710569143295288e-01
4.389993548393249512e-01
3.488259017467498779e-01
3.072870969772338867e-01
2.596401870250701904e-01
1.782795637845993042e-01
3.264016211032867432e-01
3.699885904788970947e-01
5.378380417823791504e-01
6.014919877052307129e-01
4.500742256641387939e-01
2.458169758319854736e-01
1.934730708599090576e-01
3.901073038578033447e-01
4.354285001754760742e-01
2.042047530412673950e-01
4.662492871284484863e-01
3.364727497100830078e-01
4.400843083858489990e-01
2.661415636539459229e-01
2.781322598457336426e-01
3.092233836650848389e-01
2.814272046089172363e-01
4.529610276222229004e-01
3.881933689117431641e-01
3.425901532173156738e-01
3.678039014339447021e-01
2.178921401500701904e-01
4.540416002273559570e-01
3.417174816131591797e-01
2.723299860954284668e-01
2.107047736644744873e-01
5.526111125946044922e-01
3.470500707626342773e-01
4.013136923313140869e-01
5.193051099777221680e-01
6.371955275535583496e-01
3.715812563896179199e-01
5.177308320999145508e-01
4.025194942951202393e-01
3.433319032192230225e-01
3.879889249801635742e-01
4.670419692993164062e-01
2.467014342546463013e-01
3.337755501270294189e-01
2.847756743431091309e-01
6.032416820526123047e-01
4.862939715385437012e-01
6.284679770469665527e-01
3.035969734191894531e-01
3.004162013530731201e-01
3.702834844589233398e-01
4.198972582817077637e-01
1.423088312149047852e-01
1.436700522899627686e-01
