4.694898724555969238e-01
6.014353781938552856e-02
1.385872513055801392e-01
3.237441778182983398e-01
3.235439211130142212e-02
1.682171970605850220e-01
1.534038633108139038e-01
2.033606767654418945e-01
3.737207055091857910e-01
7.630866020917892456e-02
1.544229686260223389e-01
2.148111164569854736e-01
1.813843250274658203e-01
1.989247500896453857e-01
7.475522905588150024e-02
1.839442700147628784e-01
2.775940895080566406e-01
2.570148408412933350e-01
1.789291799068450928e-01
9.174237400293350220e-02
1.372569799423217773e-01
7.369738072156906128e-02
1.364190280437469482e-01
3.286363482475280762e-01
1.735490858554840088e-01
7.781156152486801147e-02
2.430105805397033691e-01
2.012503743171691895e-01
1.238166391849517822e-01
2.887908518314361572e-01
3.935302197933197021e-01
6.510898470878601074e-02
2.717253565788269043e-01
1.021724492311477661e-01
1.409817934036254883e-01
1.186958849430084229e-01
1.764440238475799561e-01
1.941865533590316772e-01
1.390531212091445923e-01
5.990343168377876282e-02
1.001941263675689697e-01
9.546100348234176636e-02
2.294381707906723022e-01
2.463802248239517212e-01
3.546566367149353027e-01
1.619311571121215820e-01
2.986834645271301270e-01
1.505014598369598389e-01
2.427842468023300171e-01
3.383795320987701416e-01
2.853118181228637695e-01
8.912821114063262939e-02
2.720385789871215820e-01
2.643817663192749023e-01
1.394408345222473145e-01
1.071130037307739258e-01
9.374660253524780273e-02
1.734818518161773682e-01
1.903180330991744995e-01
1.679247319698333740e-01
8.401112258434295654e-02
1.197055727243423462e-01
3.783431649208068848e-01
1.380174160003662109e-01
1.114153116941452026e-01
3.479168713092803955e-01
3.070049583911895752e-01
1.703986525535583496e-01
1.523907035589218140e-01
6.589172035455703735e-02
2.026849091053009033e-01
4.639507830142974854e-02
4.459524154663085938e-01
4.039671719074249268e-01
1.755525022745132446e-01
8.808600902557373047e-02
1.288079470396041870e-01
2.525178194046020508e-01
1.967012286186218262e-01
1.831616163253784180e-01
2.704056203365325928e-01
2.504016160964965820e-01
3.399771749973297119e-01
2.563026547431945801e-01
8.835220336914062500e-02
1.188357621431350708e-01
5.729357153177261353e-02
1.917708516120910645e-01
1.399824023246765137e-01
2.498912811279296875e-01
2.173380851745605469e-01
9.972035139799118042e-02
2.698153555393218994e-01
3.564459085464477539e-01
1.164845228195190430e-01
1.701748222112655640e-01
1.099904850125312805e-01
7.982049137353897095e-02
1.503194272518157959e-01
8.784800022840499878e-02
1.427129507064819336e-01
2.548733651638031006e-01
1.642452776432037354e-01
4.733824431896209717e-01
2.939810231328010559e-02
1.989935636520385742e-01
1.703682988882064819e-01
1.169572174549102783e-01
6.977713108062744141e-02
1.054965779185295105e-01
3.127332329750061035e-01
5.700144171714782715e-02
3.069726824760437012e-01
3.023897111415863037e-01
2.588531076908111572e-01
1.386271566152572632e-01
9.478054940700531006e-02
2.620799541473388672e-01
2.465076744556427002e-01
2.928922176361083984e-01
4.107521474361419678e-01
1.121798455715179443e-01
2.183384001255035400e-01
1.763554960489273071e-01
6.732650101184844971e-02
1.365936696529388428e-01
1.414586156606674194e-01
2.097946405410766602e-01
2.149215191602706909e-01
5.080010741949081421e-02
1.669753044843673706e-01
5.354578793048858643e-02
4.351119697093963623e-01
1.406145244836807251e-01
3.292907476425170898e-01
2.178048640489578247e-01
1.397414058446884155e-01
8.578287065029144287e-02
2.868865132331848145e-01
1.818720102310180664e-01
8.395000547170639038e-02
8.437895774841308594e-02
5.193575844168663025e-02
3.980164974927902222e-02
7.890886068344116211e-02
2.398176789283752441e-01
3.247639834880828857e-01
1.405466198921203613e-01
2.619084119796752930e-01
1.786066740751266479e-01
1.112215667963027954e-01
2.044898271560668945e-01
1.032986566424369812e-01
2.446911036968231201e-01
6.156646087765693665e-02
2.750350236892700195e-01
2.918678820133209229e-01
6.507706642150878906e-02
1.874398887157440186e-01
8.917225897312164307e-02
1.706097424030303955e-01
1.371787190437316895e-01
1.243520677089691162e-01
1.065326854586601257e-01
1.183307394385337830e-01
8.507524430751800537e-02
1.936381459236145020e-01
1.770641207695007324e-01
2.516273260116577148e-01
4.020725190639495850e-01
1.920917481184005737e-01
1.720027178525924683e-01
1.291784495115280151e-01
2.079312950372695923e-01
3.403857946395874023e-01
1.528643965721130371e-01
1.553467214107513428e-01
1.893267035484313965e-01
2.766627073287963867e-01
2.095179259777069092e-01
2.225904762744903564e-01
3.256719112396240234e-01
1.114714890718460083e-01
1.165590137243270874e-01
1.152082234621047974e-01
9.954057633876800537e-02
1.161652430891990662e-01
4.484659433364868164e-02
6.286472082138061523e-02
2.001426666975021362e-01
8.789360523223876953e-02
5.206046998500823975e-02
1.951075196266174316e-01
1.338745653629302979e-01
2.477008253335952759e-01
2.508912086486816406e-01
1.115446567535400391e+00
5.238571763038635254e-01
2.558262050151824951e-01
3.999345898628234863e-01
3.504127860069274902e-01
1.372472196817398071e-01
5.922983884811401367e-01
9.628714621067047119e-02
2.228345572948455811e-01
1.034427881240844727e-01
1.825950741767883301e-01
5.274604558944702148e-01
2.789981961250305176e-01
5.519685745239257812e-01
1.194334402680397034e-01
4.039542675018310547e-01
4.109646081924438477e-01
1.171801686286926270e-01
3.536043167114257812e-01
5.065758228302001953e-01
4.475772380828857422e-01
1.514040231704711914e-01
3.650069534778594971e-01
3.544376790523529053e-01
1.212497204542160034e-01
1.541703343391418457e-01
3.297658860683441162e-01
2.260957062244415283e-01
2.878910303115844727e-01
8.129309117794036865e-02
1.736162602901458740e-01
3.007946014404296875e-01
2.628462314605712891e-01
2.237332761287689209e-01
4.930276274681091309e-01
2.882528305053710938e-01
2.668448388576507568e-01
2.093236744403839111e-01
2.446034401655197144e-01
6.285032629966735840e-02
2.081270664930343628e-01
2.738233208656311035e-01
1.854378283023834229e-01
6.787952780723571777e-02
3.797036409378051758e-01
1.680156439542770386e-01
1.966806352138519287e-01
1.145559176802635193e-01
2.488304972648620605e-01
1.996587663888931274e-01
7.989653944969177246e-02
6.045950204133987427e-02
3.243273198604583740e-01
6.390141695737838745e-02
1.968266069889068604e-01
7.955111563205718994e-02
1.311893612146377563e-01
2.034822553396224976e-01
6.992049515247344971e-02
1.452905982732772827e-01
2.175504267215728760e-01
4.038573205471038818e-01
1.058048978447914124e-01
8.534699678421020508e-02
3.743745684623718262e-01
8.698186278343200684e-02
2.478180080652236938e-01
3.374190926551818848e-01
3.317639231681823730e-01
2.646516263484954834e-01
1.476365923881530762e-01
1.644693017005920410e-01
1.844124346971511841e-01
2.452952712774276733e-01
3.264293074607849121e-02
1.310330778360366821e-01
7.597927749156951904e-02
2.339215427637100220e-01
2.921282649040222168e-01
5.085763931274414062e-01
3.425933122634887695e-01
1.306753158569335938e-01
4.100540876388549805e-01
2.239516675472259521e-01
1.850509643554687500e-01
2.780061364173889160e-01
1.585856229066848755e-01
4.975881576538085938e-01
2.679232656955718994e-01
1.688071489334106445e-01
1.680656969547271729e-01
2.453017234802246094e-01
9.491617977619171143e-02
3.095761537551879883e-01
3.160793185234069824e-01
8.640335500240325928e-02
1.337853968143463135e-01
5.124358534812927246e-01
2.761750817298889160e-01
1.039533838629722595e-01
1.564507186412811279e-01
1.512932479381561279e-01
1.713291853666305542e-01
3.062429428100585938e-01
1.294734627008438110e-01
2.940128445625305176e-01
2.640897929668426514e-01
3.357991576194763184e-01
1.873427033424377441e-01
3.307732641696929932e-01
3.163325786590576172e-01
1.758785843849182129e-01
3.477081358432769775e-01
1.732097566127777100e-01
2.635785937309265137e-01
3.304595351219177246e-01
2.458476424217224121e-01
2.849313616752624512e-01
1.648837774991989136e-01
5.511887744069099426e-02
2.618504762649536133e-01
2.852450013160705566e-01
2.448975443840026855e-01
1.261000037193298340e-01
2.832038104534149170e-01
6.832382082939147949e-02
1.543774753808975220e-01
2.787190675735473633e-01
1.005667746067047119e-01
8.464907109737396240e-02
2.682981491088867188e-01
1.420034766197204590e-01
1.427117735147476196e-01
1.607341021299362183e-01
8.031028509140014648e-02
3.242601156234741211e-01
2.418935000896453857e-01
3.329716026782989502e-01
2.517645061016082764e-01
8.450017869472503662e-02
1.946562230587005615e-01
2.976809144020080566e-01
2.149475216865539551e-01
1.291145831346511841e-01
2.804885506629943848e-01
2.708231210708618164e-01
2.854336500167846680e-01
2.755081057548522949e-01
1.873474419116973877e-01
2.614082694053649902e-01
2.166004329919815063e-01
1.681276708841323853e-01
1.717627346515655518e-01
1.250663399696350098e-01
2.267616391181945801e-01
7.661798596382141113e-02
9.967350214719772339e-02
2.560643553733825684e-01
2.401991486549377441e-01
3.130291998386383057e-01
1.295703798532485962e-01
1.010012626647949219e-01
3.350630402565002441e-01
1.854505389928817749e-01
2.865589261054992676e-01
1.015811115503311157e-01
1.829707920551300049e-01
1.897682249546051025e-01
2.261927723884582520e-01
4.429987967014312744e-01
5.142848491668701172e-01
1.311601996421813965e-01
1.178868412971496582e-01
1.428064256906509399e-01
2.912789881229400635e-01
1.941202729940414429e-01
1.660941690206527710e-01
2.612805068492889404e-01
1.271945685148239136e-01
3.118444681167602539e-01
1.812206208705902100e-01
1.542194634675979614e-01
9.052781760692596436e-02
2.120790779590606689e-01
2.823380231857299805e-01
2.582794725894927979e-01
4.072420597076416016e-01
3.106808662414550781e-01
1.468431502580642700e-01
1.681656688451766968e-01
1.014487743377685547e-01
2.029400020837783813e-01
1.887010037899017334e-01
2.346380203962326050e-01
1.284679472446441650e-01
1.436648517847061157e-01
1.060336530208587646e-01
3.952198028564453125e-01
1.890032589435577393e-01
3.447262048721313477e-01
1.418649852275848389e-01
1.644885390996932983e-01
1.373369395732879639e-01
2.208612263202667236e-01
1.903211176395416260e-01
7.042900472879409790e-02
1.038561165332794189e-01
4.253313541412353516e-01
3.057407401502132416e-02
2.743748426437377930e-01
1.573109775781631470e-01
1.539130806922912598e-01
1.571401357650756836e-01
8.619182556867599487e-02
8.095991611480712891e-02
1.157853081822395325e-01
3.722206875681877136e-02
8.130524307489395142e-02
5.202035903930664062e-01
5.880835652351379395e-01
1.422234922647476196e-01
1.145277842879295349e-01
4.692903161048889160e-01
3.739573359489440918e-01
9.351651370525360107e-02
2.785567045211791992e-01
1.885919272899627686e-01
1.957258135080337524e-01
1.129777431488037109e-01
2.164320945739746094e-01
2.886352315545082092e-02
4.550905227661132812e-01
2.442633956670761108e-01
6.089013069868087769e-02
2.011390775442123413e-01
9.688024222850799561e-02
2.224082201719284058e-01
1.550937294960021973e-01
1.962043642997741699e-01
2.099648863077163696e-01
2.978136539459228516e-01
6.012829393148422241e-02
7.066951692104339600e-02
1.498226523399353027e-01
1.194192171096801758e-01
2.439870238304138184e-01
2.259516417980194092e-01
6.537900120019912720e-02
5.991473793983459473e-02
1.506168991327285767e-01
5.213878154754638672e-01
7.685554027557373047e-02
2.593318223953247070e-01
1.910543143749237061e-01
1.141869649291038513e-01
1.071770191192626953e-01
1.754169613122940063e-01
3.360514640808105469e-01
4.730539023876190186e-01
2.517163753509521484e-01
3.291576504707336426e-01
1.754282861948013306e-01
4.235186278820037842e-01
1.366321444511413574e-01
1.512001305818557739e-01
2.857691943645477295e-01
8.937533944845199585e-02
7.340879738330841064e-02
8.671368658542633057e-02
3.279094398021697998e-01
1.112288460135459900e-01
1.302732825279235840e-01
3.158432543277740479e-01
3.131616115570068359e-01
8.384003490209579468e-02
2.149904519319534302e-01
1.246498227119445801e-01
2.295218557119369507e-01
1.122956126928329468e-01
2.279336452484130859e-01
1.705002486705780029e-01
1.380506753921508789e-01
1.574609130620956421e-01
4.226288571953773499e-02
1.854788064956665039e-01
1.054216027259826660e-01
7.587943226099014282e-02
5.903735384345054626e-02
3.059244751930236816e-01
3.750313222408294678e-01
3.104564249515533447e-01
1.103795692324638367e-01
1.309408098459243774e-01
2.489001154899597168e-01
1.570155620574951172e-01
2.258855700492858887e-01
2.176059037446975708e-01
2.465560734272003174e-01
2.240561544895172119e-01
2.546079158782958984e-01
9.949329495429992676e-02
1.297262161970138550e-01
3.138961791992187500e-01
2.700174450874328613e-01
1.082423254847526550e-01
1.485249549150466919e-01
3.184105753898620605e-01
1.341782212257385254e-01
2.171492874622344971e-01
5.722121521830558777e-02
6.881427764892578125e-02
2.944262921810150146e-01
1.219582036137580872e-01
2.111637294292449951e-01
1.951336860656738281e-01
1.637514084577560425e-01
1.565593779087066650e-01
1.005619168281555176e-01
2.054083049297332764e-01
1.839687824249267578e-01
1.936756074428558350e-01
1.553936600685119629e-01
4.137115776538848877e-01
2.111657112836837769e-01
2.509850263595581055e-01
1.181896850466728210e-01
1.692952513694763184e-01
1.363579034805297852e-01
1.471834033727645874e-01
1.284496188163757324e-01
4.344424009323120117e-01
1.294327825307846069e-01
6.558654457330703735e-02
6.726201623678207397e-02
9.903071820735931396e-02
1.466388106346130371e-01
1.558365821838378906e-01
3.207687139511108398e-01
1.601208299398422241e-01
9.927942603826522827e-02
1.576603949069976807e-01
3.114944696426391602e-01
1.397432237863540649e-01
2.969982102513313293e-02
2.497893869876861572e-01
2.251608222723007202e-01
2.320456057786941528e-01
4.721393287181854248e-01
6.437428295612335205e-02
7.338120788335800171e-02
3.350371718406677246e-01
5.371872186660766602e-01
3.535367250442504883e-01
1.107179224491119385e-01
2.164712995290756226e-01
1.446854323148727417e-01
9.009577333927154541e-02
2.939192056655883789e-01
1.437119394540786743e-01
4.013856127858161926e-02
4.537485912442207336e-02
3.936556577682495117e-01
2.455902248620986938e-01
2.867218255996704102e-01
1.660490930080413818e-01
1.574125140905380249e-01
1.102799922227859497e-01
2.316915392875671387e-01
2.759333848953247070e-01
2.041532099246978760e-01
7.944935560226440430e-02
3.334765434265136719e-01
2.672727704048156738e-01
7.690104842185974121e-02
2.622439861297607422e-01
1.579436063766479492e-01
3.451660275459289551e-01
9.157033264636993408e-02
1.239094883203506470e-01
2.689985632896423340e-01
1.880687177181243896e-01
1.297615319490432739e-01
1.498955786228179932e-01
4.578881263732910156e-01
8.764772117137908936e-02
1.305566430091857910e-01
1.204512119293212891e-01
2.300954759120941162e-01
1.333710700273513794e-01
1.823513954877853394e-01
1.026486605405807495e-01
1.825851202011108398e-01
4.512090384960174561e-01
4.812725260853767395e-02
2.675638794898986816e-01
1.847731024026870728e-01
2.256430685520172119e-01
1.014315858483314514e-01
4.303523302078247070e-01
1.302072107791900635e-01
1.424259543418884277e-01
1.625913232564926147e-01
1.593819409608840942e-01
1.319694221019744873e-01
1.524159014225006104e-01
1.363505274057388306e-01
1.059377044439315796e-01
3.126550316810607910e-01
1.196576505899429321e-01
2.948229908943176270e-01
5.615925192832946777e-01
1.600085943937301636e-02
9.088302403688430786e-02
2.119948565959930420e-01
1.377786993980407715e-01
1.478584110736846924e-01
1.526673138141632080e-01
7.756493985652923584e-02
1.344680488109588623e-01
1.458513736724853516e-01
1.516879349946975708e-01
1.037560552358627319e-01
1.737094372510910034e-01
1.517637670040130615e-01
1.323287487030029297e-01
2.526730298995971680e-01
2.282259017229080200e-01
2.011593282222747803e-01
9.676831960678100586e-02
1.500623971223831177e-01
2.730181217193603516e-01
1.079202443361282349e-01
2.201599776744842529e-01
2.565352916717529297e-01
3.745213150978088379e-02
4.258227944374084473e-01
1.267947256565093994e-01
2.534078061580657959e-01
7.508472353219985962e-02
2.162069231271743774e-01
1.119036227464675903e-01
6.191071122884750366e-02
9.692640602588653564e-02
1.829073131084442139e-01
3.235585093498229980e-01
2.802370488643646240e-01
2.225261628627777100e-01
9.766341000795364380e-02
1.231405064463615417e-01
9.993233531713485718e-02
2.334022372961044312e-01
1.098587363958358765e-01
1.061769127845764160e-01
2.876993417739868164e-01
1.601562798023223877e-01
4.014639258384704590e-01
1.398602575063705444e-01
6.643139570951461792e-02
3.330185115337371826e-01
7.629100978374481201e-02
9.172781556844711304e-02
5.686613917350769043e-02
3.877549767494201660e-01
5.066582188010215759e-02
9.694279730319976807e-02
4.844224154949188232e-01
1.560140848159790039e-01
2.080941796302795410e-01
2.036059647798538208e-01
1.697787791490554810e-01
3.328697383403778076e-01
2.397221177816390991e-01
4.041250050067901611e-02
1.762575209140777588e-01
3.064068853855133057e-01
1.096872165799140930e-01
9.231002628803253174e-02
3.028292059898376465e-01
1.165519207715988159e-01
2.099102139472961426e-01
3.917142152786254883e-01
1.004878580570220947e-01
2.688201069831848145e-01
1.943983137607574463e-01
1.557468175888061523e-01
4.969950318336486816e-01
1.459363996982574463e-01
3.583924770355224609e-01
3.254690766334533691e-01
1.410476267337799072e-01
2.146199047565460205e-01
1.530876904726028442e-01
2.156561911106109619e-01
1.987464278936386108e-01
2.020817399024963379e-01
1.353790014982223511e-01
1.707612872123718262e-01
3.329317569732666016e-01
5.723402649164199829e-02
1.676369756460189819e-01
4.264741390943527222e-02
1.641027927398681641e-01
6.394675374031066895e-02
2.031049430370330811e-01
6.259775906801223755e-02
1.460637450218200684e-01
1.496495902538299561e-01
7.920327037572860718e-02
3.185305893421173096e-01
4.264693707227706909e-02
4.943976104259490967e-01
8.910559117794036865e-02
1.182354241609573364e-01
1.188354566693305969e-01
2.762874364852905273e-01
1.184141561388969421e-01
6.297682225704193115e-02
2.814073562622070312e-01
2.662418782711029053e-01
2.233598232269287109e-01
1.901521235704421997e-01
7.221443951129913330e-02
6.728806346654891968e-02
1.544554829597473145e-01
1.249662786722183228e-01
5.143159627914428711e-02
2.809153497219085693e-01
1.926940977573394775e-01
2.759314477443695068e-01
1.001123934984207153e-01
9.885982424020767212e-02
2.340362221002578735e-01
2.769442200660705566e-01
1.787362992763519287e-01
7.222360372543334961e-02
2.156446427106857300e-01
1.622805595397949219e-01
8.843401819467544556e-02
1.203543767333030701e-01
2.405215203762054443e-01
6.792800128459930420e-02
1.245866939425468445e-01
6.112062186002731323e-02
1.169192045927047729e-01
3.030778467655181885e-01
1.667051911354064941e-01
1.765608787536621094e-01
5.006549358367919922e-01
3.305269181728363037e-01
2.291014790534973145e-01
8.844785392284393311e-02
1.705189347267150879e-01
8.779564499855041504e-02
4.446030408143997192e-02
3.607289865612983704e-02
2.312401533126831055e-01
6.271606683731079102e-02
1.529368907213211060e-01
8.735547959804534912e-02
1.792701631784439087e-01
3.154838681221008301e-01
1.559711098670959473e-01
8.384433388710021973e-02
1.676841378211975098e-01
5.193256959319114685e-02
1.610541045665740967e-01
5.367355793714523315e-02
1.747902333736419678e-01
7.687605917453765869e-02
8.325149118900299072e-02
1.745437085628509521e-01
2.602485120296478271e-01
1.454452276229858398e-01
3.044664561748504639e-01
7.464440912008285522e-02
1.493714600801467896e-01
2.465552389621734619e-01
1.869111061096191406e-01
2.147018015384674072e-01
1.420075595378875732e-01
3.168529868125915527e-01
3.432991355657577515e-02
2.473043948411941528e-01
1.115828678011894226e-01
1.885822266340255737e-01
4.368752613663673401e-02
4.102173745632171631e-01
1.722039282321929932e-01
2.293253540992736816e-01
1.178982555866241455e-01
6.009575724601745605e-02
1.495482325553894043e-01
1.105026453733444214e-01
2.648442089557647705e-01
1.146093755960464478e-01
2.178588658571243286e-01
6.990200281143188477e-02
4.000446796417236328e-01
1.109589934349060059e-01
1.753904968500137329e-01
1.120313107967376709e-01
1.717383861541748047e-01
9.080290794372558594e-02
4.580939412117004395e-01
2.279753386974334717e-01
2.636853754520416260e-01
2.814597189426422119e-01
1.347585171461105347e-01
1.364296972751617432e-01
1.321581304073333740e-01
4.267953336238861084e-01
2.283281385898590088e-01
1.753017753362655640e-01
4.822468757629394531e-02
9.767316281795501709e-02
4.513512551784515381e-02
2.501732110977172852e-01
2.143495827913284302e-01
3.522307574748992920e-01
1.899933516979217529e-01
1.691883206367492676e-01
1.414216756820678711e-01
2.277056127786636353e-01
3.315702676773071289e-01
1.259820014238357544e-01
2.440814375877380371e-01
1.400519907474517822e-01
2.592357695102691650e-01
1.878367662429809570e-01
1.561694741249084473e-01
1.802575737237930298e-01
1.351656317710876465e-01
3.770314455032348633e-01
1.361283659934997559e-01
1.057788580656051636e-01
1.076395213603973389e-01
1.890615969896316528e-01
1.652422249317169189e-01
1.117157787084579468e-01
2.167055010795593262e-01
2.167401760816574097e-01
3.090649843215942383e-01
2.303078025579452515e-01
3.365797176957130432e-02
2.427691072225570679e-01
9.735633432865142822e-02
1.271820664405822754e-01
1.373531371355056763e-01
1.783934086561203003e-01
1.649908423423767090e-01
4.785337448120117188e-01
1.360561847686767578e-01
3.006707429885864258e-01
2.266041189432144165e-01
8.732660114765167236e-02
3.522698879241943359e-01
1.165669411420822144e-01
1.998109817504882812e-01
1.865173429250717163e-01
2.772073149681091309e-01
8.853113651275634766e-02
2.268492281436920166e-01
1.711682379245758057e-01
8.843203634023666382e-02
3.685246407985687256e-01
2.885127067565917969e-01
3.372834324836730957e-01
1.056023240089416504e-01
2.878128886222839355e-01
1.746354997158050537e-01
2.694457769393920898e-01
2.016234844923019409e-01
1.612329781055450439e-01
1.400171965360641479e-01
1.262657046318054199e-01
1.684567332267761230e-01
1.080578863620758057e-01
3.001133725047111511e-02
1.166902333498001099e-01
9.961789846420288086e-02
1.185173019766807556e-01
2.470343708992004395e-01
3.117103576660156250e-01
9.292989224195480347e-02
3.085203766822814941e-01
1.505487561225891113e-01
3.195554614067077637e-01
1.077448204159736633e-01
1.165740042924880981e-01
2.339408695697784424e-01
1.338244378566741943e-01
1.716910004615783691e-01
2.319601178169250488e-01
3.266812562942504883e-01
1.341991275548934937e-01
1.252683550119400024e-01
8.058250695466995239e-02
2.088691890239715576e-01
1.389768272638320923e-01
1.887773722410202026e-01
9.745825827121734619e-02
3.071662187576293945e-01
4.426230862736701965e-02
2.223714143037796021e-01
2.887402847409248352e-02
4.592690616846084595e-02
3.412820398807525635e-01
9.923015534877777100e-02
1.311301887035369873e-01
7.875698059797286987e-02
6.740855425596237183e-02
2.974047362804412842e-01
4.973771795630455017e-02
1.131057664752006531e-01
1.892423331737518311e-01
1.627917736768722534e-01
1.076888740062713623e-01
3.780365735292434692e-02
3.034215867519378662e-01
1.422358453273773193e-01
2.608387358486652374e-02
1.706832498311996460e-01
1.374730169773101807e-01
2.445704787969589233e-01
3.487167954444885254e-01
2.220397591590881348e-01
1.851682960987091064e-01
7.999560236930847168e-02
2.858252227306365967e-01
2.469989806413650513e-01
1.350487023591995239e-01
1.736610829830169678e-01
6.472049653530120850e-02
2.661544978618621826e-01
6.509245187044143677e-02
2.763915061950683594e-01
3.640036284923553467e-01
5.951430276036262512e-02
1.299494206905364990e-01
8.651100099086761475e-02
1.454431712627410889e-01
4.899532347917556763e-02
1.426672339439392090e-01
8.136236667633056641e-02
7.891730219125747681e-02
1.518935710191726685e-01
1.148919835686683655e-01
4.583661556243896484e-01
7.834174484014511108e-02
2.482726573944091797e-01
3.438184559345245361e-01
1.902252733707427979e-01
2.001387476921081543e-01
2.234964966773986816e-01
3.381562232971191406e-01
1.212102249264717102e-01
1.940154731273651123e-01
3.275701403617858887e-01
1.056015938520431519e-01
9.413966536521911621e-02
3.987521678209304810e-02
2.191263139247894287e-01
4.131052643060684204e-02
1.688456237316131592e-01
1.762281358242034912e-01
2.694149613380432129e-01
8.913108706474304199e-02
1.291468590497970581e-01
2.276818752288818359e-01
2.745720148086547852e-01
3.321685194969177246e-01
1.348871290683746338e-01
8.234851062297821045e-02
2.418546527624130249e-01
1.233305409550666809e-01
2.746434807777404785e-01
2.117508500814437866e-01
3.754814267158508301e-01
1.680117845535278320e-01
1.305332779884338379e-01
1.675009429454803467e-01
2.818377017974853516e-01
1.220593005418777466e-01
1.578565686941146851e-01
2.825627923011779785e-01
1.003904640674591064e-01
1.843710839748382568e-01
1.595380902290344238e-01
3.068297803401947021e-01
2.661157846450805664e-01
1.630530357360839844e-01
6.637173891067504883e-02
5.886510759592056274e-02
2.499430179595947266e-01
2.725042998790740967e-01
2.094634771347045898e-01
1.565481871366500854e-01
1.263476610183715820e-01
6.073724031448364258e-01
7.930777966976165771e-02
9.884042292833328247e-02
3.286631405353546143e-01
1.852423697710037231e-01
1.690964698791503906e-01
5.287428572773933411e-02
1.753209382295608521e-01
1.599203646183013916e-01
8.454239368438720703e-02
1.799957454204559326e-01
1.685571968555450439e-01
1.064746603369712830e-01
9.351508319377899170e-02
1.658067405223846436e-01
8.472366631031036377e-02
1.584453284740447998e-01
9.775197505950927734e-02
3.332660719752311707e-02
7.221557945013046265e-02
3.349559903144836426e-01
2.122859507799148560e-01
4.925792217254638672e-01
5.438032746315002441e-02
5.225391685962677002e-02
2.061599493026733398e-01
4.744715988636016846e-01
2.076050788164138794e-01
2.414355576038360596e-01
2.525778412818908691e-01
1.514659225940704346e-01
2.668750286102294922e-01
4.908839613199234009e-02
1.155168637633323669e-01
2.315046340227127075e-01
1.530926674604415894e-01
1.627263724803924561e-01
3.735110163688659668e-01
3.109834492206573486e-01
2.929463386535644531e-01
1.407677680253982544e-01
2.284573763608932495e-02
8.195170760154724121e-02
2.055523097515106201e-01
2.058180570602416992e-01
7.767562568187713623e-02
2.341655194759368896e-01
4.887659549713134766e-01
1.489140391349792480e-01
1.519425809383392334e-01
2.399860620498657227e-01
1.956659853458404541e-01
2.021930813789367676e-01
2.422529906034469604e-01
2.736333012580871582e-01
1.831317692995071411e-01
5.062201619148254395e-01
2.186333090066909790e-01
9.623722732067108154e-02
1.513077467679977417e-01
2.000037282705307007e-01
7.652372866868972778e-02
2.968668341636657715e-01
3.016499876976013184e-01
1.054808422923088074e-01
1.577167809009552002e-01
7.280199229717254639e-02
1.089221462607383728e-01
1.642750054597854614e-01
1.553856134414672852e-01
1.815258339047431946e-02
1.251174658536911011e-01
3.639683127403259277e-01
4.645661115646362305e-01
4.622006416320800781e-02
1.888543963432312012e-01
9.686270356178283691e-02
1.015338450670242310e-01
3.046346604824066162e-01
1.018954366445541382e-01
1.863113939762115479e-01
1.330171376466751099e-01
1.481833755970001221e-01
1.970036476850509644e-01
1.972053498029708862e-01
3.088523149490356445e-01
1.897450238466262817e-01
8.505798876285552979e-02
1.783206909894943237e-01
2.091685533523559570e-01
1.438914686441421509e-01
2.192637771368026733e-01
1.914725452661514282e-02
2.475609481334686279e-01
1.594132035970687866e-01
1.329126060009002686e-01
1.498443633317947388e-01
1.827832460403442383e-01
2.255160361528396606e-01
1.647327542304992676e-01
7.147130370140075684e-02
2.775123119354248047e-01
1.890689283609390259e-01
1.827314794063568115e-01
1.891617774963378906e-01
1.038084328174591064e-01
2.270449697971343994e-01
1.484036892652511597e-01
4.481569677591323853e-02
4.779771566390991211e-01
9.535928070545196533e-02
7.408244907855987549e-02
8.644793927669525146e-02
1.235177516937255859e-01
3.049580752849578857e-01
1.052927523851394653e-01
2.239065617322921753e-01
1.286735087633132935e-01
9.827582538127899170e-02
9.352356195449829102e-02
1.540281176567077637e-01
1.821441054344177246e-01
1.793356388807296753e-01
1.825190782546997070e-01
2.321469038724899292e-01
2.469469755887985229e-01
2.337661087512969971e-01
2.225695252418518066e-01
2.680247724056243896e-01
9.550545364618301392e-02
3.398838043212890625e-01
1.912922710180282593e-01
2.357997596263885498e-01
1.651739180088043213e-01
2.518513500690460205e-01
7.753695547580718994e-02
7.964524626731872559e-02
1.397908329963684082e-01
2.772682011127471924e-01
5.818693339824676514e-02
2.683420181274414062e-01
2.986358702182769775e-01
1.957752704620361328e-01
3.066745400428771973e-01
4.695835337042808533e-02
2.037985622882843018e-01
6.382834911346435547e-02
2.262343913316726685e-01
1.832294315099716187e-01
1.667000055313110352e-01
2.459318041801452637e-01
1.777498237788677216e-02
3.120512701570987701e-02
2.476231455802917480e-01
1.105917543172836304e-01
1.420131623744964600e-01
8.347427099943161011e-02
7.526148855686187744e-02
3.073861598968505859e-01
2.376969456672668457e-01
1.893284320831298828e-01
2.582852840423583984e-01
2.336429059505462646e-01
2.339183986186981201e-01
1.467322111129760742e-01
2.695216238498687744e-01
1.779660582542419434e-01
2.839951515197753906e-01
1.252193301916122437e-01
1.854933202266693115e-01
2.163504213094711304e-01
3.552277088165283203e-01
6.414604187011718750e-02
2.768812775611877441e-01
1.651016473770141602e-01
2.047193050384521484e-01
1.871729046106338501e-01
2.384347617626190186e-01
1.607674658298492432e-01
2.085295915603637695e-01
1.367194801568984985e-01
3.306717872619628906e-01
9.939784556627273560e-02
1.242811158299446106e-01
3.664149940013885498e-01
1.483697444200515747e-01
1.826985031366348267e-01
3.080034255981445312e-01
1.259237378835678101e-01
6.924168765544891357e-02
2.999936342239379883e-01
1.721079647541046143e-01
1.884512305259704590e-01
1.589644700288772583e-01
1.615300774574279785e-01
8.585160970687866211e-02
1.367603242397308350e-01
1.994028836488723755e-01
1.229315102100372314e-01
9.985429048538208008e-02
4.419308900833129883e-01
4.547021910548210144e-02
2.498159110546112061e-01
3.983004093170166016e-01
4.347089529037475586e-01
1.995894312858581543e-01
9.530385583639144897e-02
1.180317997932434082e-01
1.555706560611724854e-01
6.711003929376602173e-02
2.145782262086868286e-01
1.041505187749862671e-01
1.964247971773147583e-02
8.713909983634948730e-02
4.743240177631378174e-01
1.897935867309570312e-01
1.408354938030242920e-01
2.158015072345733643e-01
2.814502120018005371e-01
1.124485656619071960e-01
9.276850521564483643e-02
2.115114927291870117e-01
1.056538969278335571e-01
8.663658797740936279e-02
1.090575829148292542e-01
7.447154819965362549e-02
1.120195612311363220e-01
3.928193449974060059e-02
9.411382675170898438e-02
6.577704846858978271e-02
5.210102796554565430e-01
2.387689650058746338e-01
1.510456949472427368e-01
1.359284222126007080e-01
1.929981410503387451e-01
1.786922216415405273e-01
1.209607273340225220e-01
2.072421014308929443e-01
1.821141541004180908e-01
1.716129183769226074e-01
6.607265025377273560e-02
7.220476865768432617e-02
1.289592087268829346e-01
1.812048256397247314e-01
5.915625095367431641e-01
2.380717545747756958e-01
6.074119359254837036e-02
1.295056939125061035e-01
6.671462953090667725e-02
9.263065457344055176e-02
2.133417874574661255e-01
4.959429800510406494e-02
