5.841047763824462891e-01
7.355742454528808594e-01
8.764352798461914062e-01
6.545496582984924316e-01
8.073701262474060059e-01
5.635920763015747070e-01
1.050209999084472656e+00
7.415755987167358398e-01
7.049453258514404297e-01
8.994494676589965820e-01
7.227022647857666016e-01
6.643644571304321289e-01
6.968761086463928223e-01
8.633178472518920898e-01
9.450777173042297363e-01
8.788002133369445801e-01
7.633243799209594727e-01
8.289513587951660156e-01
6.957608461380004883e-01
9.597057104110717773e-01
6.605341434478759766e-01
4.989172816276550293e-01
3.652083873748779297e-01
4.571374058723449707e-01
6.718614101409912109e-01
5.679593682289123535e-01
8.172038197517395020e-01
1.125669002532958984e+00
3.985538184642791748e-01
7.292448878288269043e-01
6.802803277969360352e-01
6.987639665603637695e-01
8.531033992767333984e-01
1.099851608276367188e+00
6.905130147933959961e-01
8.843598365783691406e-01
1.063328862190246582e+00
7.718736529350280762e-01
1.004997849464416504e+00
1.105236053466796875e+00
7.693301439285278320e-01
5.581903457641601562e-01
8.279805183410644531e-01
7.587877511978149414e-01
8.028574585914611816e-01
7.063734531402587891e-01
7.478828430175781250e-01
1.030091285705566406e+00
8.546634316444396973e-01
4.699554443359375000e-01
7.887903451919555664e-01
7.434331178665161133e-01
6.605343818664550781e-01
5.676906108856201172e-01
1.041624784469604492e+00
7.415970563888549805e-01
5.123140215873718262e-01
6.848651170730590820e-01
7.425178289413452148e-01
6.078040599822998047e-01
6.323953866958618164e-01
6.777039170265197754e-01
8.373231887817382812e-01
7.035648226737976074e-01
8.493513464927673340e-01
8.233976364135742188e-01
5.013350248336791992e-01
7.040135860443115234e-01
4.716175496578216553e-01
8.197505474090576172e-01
9.540076255798339844e-01
5.224437117576599121e-01
7.438014149665832520e-01
7.570709586143493652e-01
8.411260247230529785e-01
5.628414154052734375e-01
9.095335602760314941e-01
8.202662467956542969e-01
7.828818559646606445e-01
5.845856666564941406e-01
7.840657234191894531e-01
7.373558282852172852e-01
4.027460217475891113e-01
5.632334947586059570e-01
9.250203967094421387e-01
5.289583206176757812e-01
6.985924839973449707e-01
6.868262290954589844e-01
6.318511962890625000e-01
6.948193311691284180e-01
7.057511806488037109e-01
7.499450445175170898e-01
1.003385782241821289e+00
8.456740379333496094e-01
5.582998991012573242e-01
6.952412724494934082e-01
7.194972038269042969e-01
9.773795008659362793e-01
7.751809358596801758e-01
7.278881072998046875e-01
8.930154442787170410e-01
3.955610990524291992e-01
7.062658071517944336e-01
7.308567166328430176e-01
8.825543522834777832e-01
5.306588411331176758e-01
8.377559781074523926e-01
5.278956294059753418e-01
9.275458455085754395e-01
8.887842893600463867e-01
7.557315230369567871e-01
8.526262044906616211e-01
6.073116064071655273e-01
5.585528612136840820e-01
6.298182010650634766e-01
8.266611099243164062e-01
6.784028410911560059e-01
6.056336164474487305e-01
9.288963079452514648e-01
5.611971020698547363e-01
7.468882203102111816e-01
5.865911245346069336e-01
9.056140184402465820e-01
6.452434659004211426e-01
7.424412965774536133e-01
8.589343428611755371e-01
8.799136281013488770e-01
5.977479219436645508e-01
6.085674762725830078e-01
8.658588528633117676e-01
7.177541255950927734e-01
6.936036944389343262e-01
5.331568121910095215e-01
6.708610057830810547e-01
7.019470334053039551e-01
6.946274042129516602e-01
6.139891147613525391e-01
8.247960805892944336e-01
6.330539584159851074e-01
6.226394176483154297e-01
7.409601211547851562e-01
7.246667146682739258e-01
8.602026104927062988e-01
7.826442718505859375e-01
6.201214194297790527e-01
8.335734009742736816e-01
9.812300205230712891e-01
9.662318825721740723e-01
5.668013095855712891e-01
7.710062265396118164e-01
7.864315509796142578e-01
7.496311664581298828e-01
8.161729574203491211e-01
6.153197288513183594e-01
6.350820064544677734e-01
6.784245371818542480e-01
5.103170871734619141e-01
9.077167510986328125e-01
6.946682929992675781e-01
5.538915991783142090e-01
8.942971825599670410e-01
5.855654478073120117e-01
7.939023971557617188e-01
8.747310638427734375e-01
6.307176351547241211e-01
8.935402631759643555e-01
5.702224373817443848e-01
5.339721441268920898e-01
7.887630462646484375e-01
7.048078775405883789e-01
5.480006933212280273e-01
6.672129034996032715e-01
6.141228675842285156e-01
6.430373191833496094e-01
7.218185663223266602e-01
6.837077736854553223e-01
9.748513698577880859e-01
6.998834013938903809e-01
6.462813615798950195e-01
9.922278523445129395e-01
6.859055757522583008e-01
9.086081981658935547e-01
7.241609096527099609e-01
8.652579784393310547e-01
7.834974527359008789e-01
6.813951730728149414e-01
7.110589742660522461e-01
7.439131736755371094e-01
7.252207398414611816e-01
5.493688583374023438e-01
6.566305160522460938e-01
7.303217649459838867e-01
7.299164533615112305e-01
9.028444290161132812e-01
6.481570601463317871e-01
5.554909706115722656e-01
6.609402894973754883e-01
8.536572456359863281e-01
7.404945492744445801e-01
7.602589130401611328e-01
7.477661371231079102e-01
6.968839168548583984e-01
7.835454940795898438e-01
5.104812979698181152e-01
7.363104820251464844e-01
6.735804080963134766e-01
9.996905326843261719e-01
7.312465906143188477e-01
5.788056850433349609e-01
7.122133970260620117e-01
8.564130663871765137e-01
6.779724359512329102e-01
6.143831014633178711e-01
7.598032951354980469e-01
8.431993126869201660e-01
6.469907164573669434e-01
6.376837491989135742e-01
7.918246984481811523e-01
8.154608607292175293e-01
6.123616695404052734e-01
8.599159717559814453e-01
7.811908721923828125e-01
7.095881104469299316e-01
5.784366726875305176e-01
9.672005176544189453e-01
9.926681518554687500e-01
7.891587615013122559e-01
1.042105793952941895e+00
7.578159570693969727e-01
8.412340879440307617e-01
7.761419415473937988e-01
9.973657727241516113e-01
8.729488849639892578e-01
1.050883293151855469e+00
5.824263095855712891e-01
6.233966350555419922e-01
5.284626483917236328e-01
5.922738313674926758e-01
5.453082323074340820e-01
5.479206442832946777e-01
5.197494029998779297e-01
7.531355619430541992e-01
9.292104840278625488e-01
6.516401767730712891e-01
8.753126859664916992e-01
9.795351028442382812e-01
9.769880175590515137e-01
5.848626494407653809e-01
7.412015199661254883e-01
6.864366531372070312e-01
6.777403354644775391e-01
6.649394631385803223e-01
7.507328987121582031e-01
7.410696744918823242e-01
1.196406245231628418e+00
5.884257555007934570e-01
6.198998093605041504e-01
6.712000370025634766e-01
1.059972643852233887e+00
6.783798933029174805e-01
5.765349268913269043e-01
6.725990176200866699e-01
8.061261177062988281e-01
9.737676382064819336e-01
6.163179874420166016e-01
8.759056329727172852e-01
6.405509710311889648e-01
6.412047147750854492e-01
6.537564992904663086e-01
8.623520135879516602e-01
7.203332185745239258e-01
8.608402013778686523e-01
8.734091520309448242e-01
7.959254980087280273e-01
7.098867893218994141e-01
9.447439908981323242e-01
4.578209817409515381e-01
6.836856603622436523e-01
6.359668970108032227e-01
7.807914018630981445e-01
7.681518197059631348e-01
8.402609229087829590e-01
6.597959995269775391e-01
6.999820470809936523e-01
7.977392673492431641e-01
1.001346349716186523e+00
7.664757370948791504e-01
6.279385089874267578e-01
6.680523157119750977e-01
7.631925940513610840e-01
9.843268394470214844e-01
5.958546400070190430e-01
7.042215466499328613e-01
7.185338735580444336e-01
7.123370766639709473e-01
4.768869578838348389e-01
6.305485963821411133e-01
9.775243997573852539e-01
6.425861120223999023e-01
6.413727998733520508e-01
7.416273355484008789e-01
5.978128910064697266e-01
6.171060204505920410e-01
8.762503266334533691e-01
1.051382184028625488e+00
7.416899204254150391e-01
7.072148323059082031e-01
6.027907729148864746e-01
6.339389085769653320e-01
7.305982708930969238e-01
8.709425926208496094e-01
8.006191253662109375e-01
5.901390314102172852e-01
7.996745109558105469e-01
6.202287673950195312e-01
6.888999938964843750e-01
8.373885154724121094e-01
7.717258930206298828e-01
8.656839132308959961e-01
6.198798418045043945e-01
8.722601532936096191e-01
7.286500334739685059e-01
8.370090723037719727e-01
7.188496589660644531e-01
6.059772968292236328e-01
7.229006290435791016e-01
6.916612982749938965e-01
5.420126914978027344e-01
6.468907594680786133e-01
5.502325296401977539e-01
7.543650865554809570e-01
6.590536236763000488e-01
6.777572631835937500e-01
6.955078840255737305e-01
7.027996182441711426e-01
7.192870378494262695e-01
3.801396489143371582e-01
8.738434910774230957e-01
8.104760646820068359e-01
4.856032431125640869e-01
6.999152302742004395e-01
7.842954993247985840e-01
6.606255769729614258e-01
7.191343307495117188e-01
6.127178072929382324e-01
7.806385755538940430e-01
7.500360012054443359e-01
8.213251233100891113e-01
9.537382721900939941e-01
7.014343738555908203e-01
5.816239118576049805e-01
7.204048633575439453e-01
7.499936819076538086e-01
5.628270506858825684e-01
7.258453965187072754e-01
6.817650794982910156e-01
9.200339317321777344e-01
8.112655878067016602e-01
6.730180978775024414e-01
7.523424625396728516e-01
7.200378179550170898e-01
7.578681707382202148e-01
8.242229223251342773e-01
5.897945761680603027e-01
6.404148340225219727e-01
8.501552343368530273e-01
6.749684810638427734e-01
6.797541975975036621e-01
7.431523203849792480e-01
8.573961257934570312e-01
8.610292077064514160e-01
6.336933374404907227e-01
6.713881492614746094e-01
1.106457591056823730e+00
6.529808044433593750e-01
7.011418342590332031e-01
8.543192148208618164e-01
6.501430273056030273e-01
8.518320918083190918e-01
6.234333515167236328e-01
9.731249809265136719e-01
7.067978382110595703e-01
7.329376935958862305e-01
7.786322832107543945e-01
5.903869867324829102e-01
6.771064996719360352e-01
6.781421899795532227e-01
7.571923136711120605e-01
7.254013419151306152e-01
6.294409036636352539e-01
6.156680583953857422e-01
7.513440847396850586e-01
8.514385223388671875e-01
8.386128544807434082e-01
9.682472944259643555e-01
1.117529153823852539e+00
5.020928382873535156e-01
7.984668016433715820e-01
8.345581293106079102e-01
1.116754889488220215e+00
8.993870019912719727e-01
6.713302731513977051e-01
7.339642047882080078e-01
5.608714222908020020e-01
6.667571663856506348e-01
8.760072588920593262e-01
8.404753804206848145e-01
5.605140924453735352e-01
7.014122009277343750e-01
7.436358928680419922e-01
6.516749262809753418e-01
9.036015272140502930e-01
6.603497266769409180e-01
7.984169721603393555e-01
6.638222932815551758e-01
7.009987831115722656e-01
9.782935976982116699e-01
8.850725293159484863e-01
6.239945292472839355e-01
1.000188827514648438e+00
7.055808305740356445e-01
4.893476366996765137e-01
8.326575160026550293e-01
6.045364141464233398e-01
8.579089641571044922e-01
7.048723697662353516e-01
5.241047143936157227e-01
7.845959663391113281e-01
9.365823268890380859e-01
8.548627495765686035e-01
8.071552515029907227e-01
8.312348127365112305e-01
7.583564519882202148e-01
9.178389310836791992e-01
7.766917943954467773e-01
7.802922725677490234e-01
6.030837297439575195e-01
6.249259710311889648e-01
6.667395830154418945e-01
6.434217691421508789e-01
8.690157532691955566e-01
8.060975074768066406e-01
7.974662780761718750e-01
6.679026484489440918e-01
7.280275225639343262e-01
6.783523559570312500e-01
6.677402257919311523e-01
7.795596122741699219e-01
9.204879403114318848e-01
6.801792383193969727e-01
7.119400501251220703e-01
7.475342750549316406e-01
7.213786840438842773e-01
9.602765440940856934e-01
8.346223235130310059e-01
8.476143479347229004e-01
7.262163162231445312e-01
5.742860436439514160e-01
8.120043277740478516e-01
8.828287124633789062e-01
8.986787796020507812e-01
6.722090840339660645e-01
5.222557187080383301e-01
1.014550209045410156e+00
6.066384315490722656e-01
7.039861679077148438e-01
6.977487206459045410e-01
7.314367294311523438e-01
5.569281578063964844e-01
8.394937515258789062e-01
5.953277349472045898e-01
8.232512474060058594e-01
6.698418855667114258e-01
9.297246932983398438e-01
8.060163259506225586e-01
5.764146447181701660e-01
5.802008509635925293e-01
7.126579284667968750e-01
6.906276345252990723e-01
8.996721506118774414e-01
7.560862898826599121e-01
1.095657706260681152e+00
7.728031873703002930e-01
7.316937446594238281e-01
6.591067314147949219e-01
5.696046352386474609e-01
5.448536872863769531e-01
7.033034563064575195e-01
9.340173006057739258e-01
6.728209853172302246e-01
7.743988037109375000e-01
6.549946069717407227e-01
8.618412613868713379e-01
5.538513660430908203e-01
7.892638444900512695e-01
6.896886825561523438e-01
9.187533259391784668e-01
7.679805755615234375e-01
5.947525501251220703e-01
5.947581529617309570e-01
7.444181442260742188e-01
7.307613492012023926e-01
7.257319688796997070e-01
6.744125485420227051e-01
7.042266130447387695e-01
7.368969917297363281e-01
7.167456150054931641e-01
7.346767187118530273e-01
9.721467494964599609e-01
5.636484622955322266e-01
7.089393138885498047e-01
1.003952503204345703e+00
7.118078470230102539e-01
9.370059967041015625e-01
8.753935098648071289e-01
7.995985150337219238e-01
8.201594352722167969e-01
8.029503822326660156e-01
8.046357035636901855e-01
7.469209432601928711e-01
8.531743288040161133e-01
5.881047248840332031e-01
8.247002959251403809e-01
7.316938638687133789e-01
6.684997677803039551e-01
5.800601243972778320e-01
1.148273944854736328e+00
7.660764455795288086e-01
9.139510393142700195e-01
7.072384357452392578e-01
7.192841768264770508e-01
6.351889371871948242e-01
5.615488290786743164e-01
1.076845407485961914e+00
8.114663362503051758e-01
9.664066433906555176e-01
4.783732295036315918e-01
7.391015887260437012e-01
5.242346525192260742e-01
7.471412420272827148e-01
6.594268679618835449e-01
4.723641276359558105e-01
9.155207276344299316e-01
6.424294710159301758e-01
6.496605277061462402e-01
7.136657238006591797e-01
6.180386543273925781e-01
6.284822225570678711e-01
6.724545359611511230e-01
6.347174644470214844e-01
7.524734139442443848e-01
6.025149226188659668e-01
6.659660339355468750e-01
9.046061038970947266e-01
6.996033191680908203e-01
7.037981748580932617e-01
6.783177852630615234e-01
7.115042209625244141e-01
8.140038847923278809e-01
5.708807110786437988e-01
7.183294296264648438e-01
8.683125972747802734e-01
5.540645122528076172e-01
6.107199788093566895e-01
6.629922986030578613e-01
6.157081723213195801e-01
6.564285755157470703e-01
7.765119075775146484e-01
8.083044290542602539e-01
9.784650802612304688e-01
5.672014951705932617e-01
6.456890106201171875e-01
1.012279987335205078e+00
6.381806135177612305e-01
8.865799307823181152e-01
5.567057728767395020e-01
9.025502204895019531e-01
1.008717775344848633e+00
7.180904746055603027e-01
5.977213382720947266e-01
7.288681864738464355e-01
7.302770018577575684e-01
6.807386279106140137e-01
7.363247871398925781e-01
7.397564053535461426e-01
7.726025581359863281e-01
6.597936749458312988e-01
4.111233055591583252e-01
8.299147486686706543e-01
8.324476480484008789e-01
5.884672403335571289e-01
5.276815295219421387e-01
6.436295509338378906e-01
6.125798225402832031e-01
4.630401730537414551e-01
7.694073319435119629e-01
8.398028612136840820e-01
7.952653169631958008e-01
6.109293103218078613e-01
6.361849308013916016e-01
8.460004329681396484e-01
6.903456449508666992e-01
4.979290366172790527e-01
7.370386719703674316e-01
5.517528653144836426e-01
7.189330458641052246e-01
6.245539188385009766e-01
7.288651466369628906e-01
8.048076629638671875e-01
8.255196809768676758e-01
5.598831176757812500e-01
6.782547831535339355e-01
7.197739481925964355e-01
9.514275789260864258e-01
5.753294825553894043e-01
6.777402162551879883e-01
7.779654860496520996e-01
8.562949895858764648e-01
5.580562353134155273e-01
6.158602237701416016e-01
7.616004347801208496e-01
7.073748707771301270e-01
5.652805566787719727e-01
5.973581075668334961e-01
7.370896339416503906e-01
6.527661681175231934e-01
7.101750373840332031e-01
6.269855499267578125e-01
5.438300967216491699e-01
6.208231449127197266e-01
8.496510982513427734e-01
7.806877493858337402e-01
7.018911838531494141e-01
6.872450113296508789e-01
7.620294094085693359e-01
8.295244574546813965e-01
7.604839801788330078e-01
8.543075323104858398e-01
7.154642343521118164e-01
7.934728264808654785e-01
5.560082197189331055e-01
6.817009449005126953e-01
8.949012756347656250e-01
8.551888465881347656e-01
6.012558341026306152e-01
7.624263763427734375e-01
7.602041959762573242e-01
6.106293797492980957e-01
7.289565801620483398e-01
9.045920968055725098e-01
6.442991495132446289e-01
6.147594451904296875e-01
6.821887493133544922e-01
5.687595605850219727e-01
6.445213556289672852e-01
6.435804367065429688e-01
5.916391611099243164e-01
5.352205634117126465e-01
6.757234930992126465e-01
6.388717293739318848e-01
6.938574314117431641e-01
6.990913152694702148e-01
7.175140380859375000e-01
6.189833879470825195e-01
7.336966991424560547e-01
7.580082416534423828e-01
6.221856474876403809e-01
8.365699648857116699e-01
8.034826517105102539e-01
6.153981089591979980e-01
6.238946914672851562e-01
5.693606138229370117e-01
9.364706277847290039e-01
7.955731153488159180e-01
6.867952346801757812e-01
6.499643921852111816e-01
8.421555757522583008e-01
8.094511032104492188e-01
7.521506547927856445e-01
7.695664167404174805e-01
7.305626273155212402e-01
8.440224528312683105e-01
1.104934096336364746e+00
1.108844041824340820e+00
6.908491849899291992e-01
5.864115357398986816e-01
7.249728441238403320e-01
6.397820711135864258e-01
6.694324016571044922e-01
6.313037872314453125e-01
8.135910034179687500e-01
6.524535417556762695e-01
6.170954108238220215e-01
4.505682885646820068e-01
5.470085740089416504e-01
6.560936570167541504e-01
7.585117816925048828e-01
8.014218211174011230e-01
6.192305088043212891e-01
1.009473681449890137e+00
6.840900182723999023e-01
8.553698062896728516e-01
8.539775609970092773e-01
5.845686793327331543e-01
1.150133371353149414e+00
7.114987969398498535e-01
7.691332101821899414e-01
9.872730970382690430e-01
6.295102834701538086e-01
5.244203805923461914e-01
7.308996319770812988e-01
8.143495321273803711e-01
7.140924930572509766e-01
5.087919235229492188e-01
7.414185404777526855e-01
5.380183458328247070e-01
8.378248214721679688e-01
5.987408161163330078e-01
9.100641012191772461e-01
6.377004384994506836e-01
8.292512297630310059e-01
5.286645293235778809e-01
9.018709659576416016e-01
7.141488194465637207e-01
6.147945523262023926e-01
9.820201992988586426e-01
7.229453325271606445e-01
6.482855081558227539e-01
5.493997931480407715e-01
6.560945510864257812e-01
7.638382911682128906e-01
5.893522500991821289e-01
9.956678152084350586e-01
5.240736007690429688e-01
8.741853237152099609e-01
5.889302492141723633e-01
6.221160888671875000e-01
8.698710203170776367e-01
7.025171518325805664e-01
7.736325263977050781e-01
5.634719133377075195e-01
6.669367551803588867e-01
7.221562862396240234e-01
5.707397460937500000e-01
6.939631700515747070e-01
6.534362435340881348e-01
7.619774341583251953e-01
7.092272639274597168e-01
5.996554493904113770e-01
7.097755670547485352e-01
7.463018894195556641e-01
8.864213228225708008e-01
7.449314594268798828e-01
6.177225708961486816e-01
9.257748723030090332e-01
8.623457551002502441e-01
1.484033823013305664e+00
7.002561092376708984e-01
9.820992946624755859e-01
7.055717706680297852e-01
6.103004217147827148e-01
8.504027128219604492e-01
7.109789252281188965e-01
4.821384847164154053e-01
8.857721090316772461e-01
7.548897266387939453e-01
7.724845409393310547e-01
6.250029802322387695e-01
8.794466853141784668e-01
5.101193189620971680e-01
5.984530448913574219e-01
8.713606595993041992e-01
5.507503747940063477e-01
6.965823173522949219e-01
6.541626453399658203e-01
8.247728347778320312e-01
6.424961686134338379e-01
6.548635959625244141e-01
5.882259607315063477e-01
8.513845801353454590e-01
8.362234234809875488e-01
5.079879760742187500e-01
6.629588603973388672e-01
7.311071157455444336e-01
6.144749522209167480e-01
9.089156389236450195e-01
7.847230434417724609e-01
5.424662232398986816e-01
6.238464117050170898e-01
6.734912395477294922e-01
1.068662285804748535e+00
6.060100197792053223e-01
6.089953780174255371e-01
7.634487748146057129e-01
9.440504908561706543e-01
8.362765908241271973e-01
7.194495201110839844e-01
7.790553569793701172e-01
6.676474809646606445e-01
5.217911005020141602e-01
7.993735074996948242e-01
7.537004947662353516e-01
7.174065113067626953e-01
6.915369033813476562e-01
6.873474717140197754e-01
9.716501235961914062e-01
7.841454744338989258e-01
9.204124212265014648e-01
6.977513432502746582e-01
5.811334848403930664e-01
8.692126870155334473e-01
6.313869953155517578e-01
8.508691787719726562e-01
6.623934507369995117e-01
7.798457741737365723e-01
7.027840614318847656e-01
6.287038326263427734e-01
6.926523447036743164e-01
7.882062196731567383e-01
1.108113288879394531e+00
8.575398325920104980e-01
6.093758344650268555e-01
8.779879808425903320e-01
5.772022008895874023e-01
4.731014966964721680e-01
7.431285381317138672e-01
9.804705381393432617e-01
6.934626102447509766e-01
8.991358876228332520e-01
6.017042398452758789e-01
6.415781974792480469e-01
6.466383934020996094e-01
7.511343955993652344e-01
5.010212659835815430e-01
5.600643157958984375e-01
8.045998811721801758e-01
1.021934270858764648e+00
7.919064760208129883e-01
7.578183412551879883e-01
8.011263608932495117e-01
9.509833455085754395e-01
1.031637430191040039e+00
7.412592172622680664e-01
6.298840045928955078e-01
9.933751225471496582e-01
8.646342754364013672e-01
5.544572472572326660e-01
7.067791223526000977e-01
6.173880100250244141e-01
6.831343173980712891e-01
7.713510394096374512e-01
8.998421430587768555e-01
6.277234554290771484e-01
8.760432004928588867e-01
7.257522940635681152e-01
7.785803079605102539e-01
8.626714944839477539e-01
7.423031926155090332e-01
6.268632411956787109e-01
6.689531803131103516e-01
5.251973867416381836e-01
5.586839914321899414e-01
6.705887317657470703e-01
6.165013909339904785e-01
8.121465444564819336e-01
7.489857673645019531e-01
6.066401600837707520e-01
6.339313983917236328e-01
9.614565372467041016e-01
7.921468019485473633e-01
8.177936077117919922e-01
7.159750461578369141e-01
6.488176584243774414e-01
6.044098138809204102e-01
9.574882984161376953e-01
6.430385112762451172e-01
7.081750035285949707e-01
7.640557885169982910e-01
7.357269525527954102e-01
9.617083668708801270e-01
5.932245254516601562e-01
6.123547554016113281e-01
7.237375974655151367e-01
6.051743626594543457e-01
8.934752941131591797e-01
8.868947625160217285e-01
8.230594396591186523e-01
7.573020458221435547e-01
5.130919814109802246e-01
6.910464763641357422e-01
9.014678001403808594e-01
8.543341159820556641e-01
6.043132543563842773e-01
5.888367891311645508e-01
5.463290214538574219e-01
9.569668769836425781e-01
6.687601804733276367e-01
8.036115169525146484e-01
5.682779550552368164e-01
7.706498503684997559e-01
6.430239677429199219e-01
6.974316835403442383e-01
8.619732260704040527e-01
6.056386232376098633e-01
5.763652324676513672e-01
8.786004781723022461e-01
5.534162521362304688e-01
6.717740893363952637e-01
7.403529882431030273e-01
8.219342231750488281e-01
6.177475452423095703e-01
5.765503644943237305e-01
6.252916455268859863e-01
5.167185068130493164e-01
7.667589187622070312e-01
5.466713905334472656e-01
6.616771221160888672e-01
6.171665191650390625e-01
7.388578057289123535e-01
6.333842277526855469e-01
7.545022368431091309e-01
5.534628629684448242e-01
7.375971674919128418e-01
5.977581739425659180e-01
8.287425637245178223e-01
5.301085710525512695e-01
6.667375564575195312e-01
6.578627824783325195e-01
7.672673463821411133e-01
8.678175210952758789e-01
7.041229009628295898e-01
6.785531044006347656e-01
1.192787766456604004e+00
9.825311899185180664e-01
6.059908866882324219e-01
6.765716075897216797e-01
7.088259458541870117e-01
7.053955793380737305e-01
5.909161567687988281e-01
8.507761359214782715e-01
7.183083891868591309e-01
7.790706157684326172e-01
7.519497871398925781e-01
5.608721971511840820e-01
6.762709617614746094e-01
7.295345067977905273e-01
6.692379713058471680e-01
9.196739196777343750e-01
6.102351546287536621e-01
7.141611576080322266e-01
8.117120862007141113e-01
1.003032922744750977e+00
7.327468991279602051e-01
8.088963031768798828e-01
6.560428142547607422e-01
8.582928180694580078e-01
7.660045623779296875e-01
6.550382375717163086e-01
8.013094067573547363e-01
8.386576175689697266e-01
8.265976309776306152e-01
7.886934280395507812e-01
6.346347928047180176e-01
8.009164333343505859e-01
7.190677523612976074e-01
6.733253598213195801e-01
8.027670979499816895e-01
7.725034356117248535e-01
8.440958857536315918e-01
9.467902183532714844e-01
8.436423540115356445e-01
6.971181035041809082e-01
9.385199546813964844e-01
6.805744171142578125e-01
7.441303133964538574e-01
7.193953990936279297e-01
6.716694831848144531e-01
7.414754629135131836e-01
5.907102823257446289e-01
9.550783634185791016e-01
6.350378990173339844e-01
7.199608087539672852e-01
6.767984628677368164e-01
6.519396305084228516e-01
9.323561787605285645e-01
5.808228850364685059e-01
9.801107048988342285e-01
6.610729694366455078e-01
8.606537580490112305e-01
4.799129068851470947e-01
6.976623535156250000e-01
9.074922204017639160e-01
6.450900435447692871e-01
7.443782091140747070e-01
8.981561660766601562e-01
8.222004175186157227e-01
6.927130222320556641e-01
7.603448033332824707e-01
8.826040029525756836e-01
7.775512337684631348e-01
7.619094252586364746e-01
4.675129354000091553e-01
6.379507184028625488e-01
6.036592721939086914e-01
4.881911873817443848e-01
5.787570476531982422e-01
6.149609088897705078e-01
8.102974295616149902e-01
6.828223466873168945e-01
5.883520841598510742e-01
5.554472208023071289e-01
5.578894615173339844e-01
6.501283049583435059e-01
7.780863046646118164e-01
9.085277318954467773e-01
5.164798498153686523e-01
6.899671554565429688e-01
7.061266899108886719e-01
5.783703327178955078e-01
7.593600749969482422e-01
7.617264389991760254e-01
5.690432190895080566e-01
6.137496232986450195e-01
7.894105911254882812e-01
9.156270623207092285e-01
6.041560173034667969e-01
7.730958461761474609e-01
6.163103580474853516e-01
7.165825366973876953e-01
6.323710680007934570e-01
5.465831160545349121e-01
5.130102634429931641e-01
8.748829364776611328e-01
6.765534877777099609e-01
6.153373718261718750e-01
5.882759690284729004e-01
5.219885110855102539e-01
6.993849277496337891e-01
7.239489555358886719e-01
7.207893729209899902e-01
6.712379455566406250e-01
7.113704085350036621e-01
6.642231941223144531e-01
7.284561395645141602e-01
5.807749629020690918e-01
6.857599020004272461e-01
9.663703441619873047e-01
6.304370164871215820e-01
8.819387555122375488e-01
7.809622287750244141e-01
7.803835272789001465e-01
1.295055270195007324e+00
8.150240182876586914e-01
8.395704030990600586e-01
7.109692692756652832e-01
7.497378587722778320e-01
6.441870927810668945e-01
7.691912651062011719e-01
7.280710935592651367e-01
9.080994129180908203e-01
6.946313977241516113e-01
6.198910474777221680e-01
9.558700323104858398e-01
7.300453186035156250e-01
6.605382561683654785e-01
8.466277718544006348e-01
7.095564603805541992e-01
8.980180621147155762e-01
9.386211633682250977e-01
8.062115311622619629e-01
6.415291428565979004e-01
7.773756980895996094e-01
6.838797926902770996e-01
7.471064329147338867e-01
8.842178583145141602e-01
8.770458102226257324e-01
7.955336570739746094e-01
6.964845657348632812e-01
5.992988348007202148e-01
7.565871477127075195e-01
7.230914235115051270e-01
8.425559997558593750e-01
7.666956186294555664e-01
6.040900945663452148e-01
5.472139716148376465e-01
8.201391696929931641e-01
5.028867125511169434e-01
1.101023912429809570e+00
6.110383272171020508e-01
6.654496788978576660e-01
8.958296775817871094e-01
7.882992625236511230e-01
7.695360779762268066e-01
5.983060598373413086e-01
6.898025274276733398e-01
4.975432455539703369e-01
6.380460262298583984e-01
6.391548514366149902e-01
5.612137913703918457e-01
7.729452848434448242e-01
8.969028592109680176e-01
7.319579124450683594e-01
5.472145080566406250e-01
6.901217699050903320e-01
8.333376646041870117e-01
7.178382873535156250e-01
1.000737905502319336e+00
5.102563500404357910e-01
7.683570384979248047e-01
7.475907802581787109e-01
7.463570833206176758e-01
7.748623490333557129e-01
7.010419368743896484e-01
4.839040935039520264e-01
5.779954195022583008e-01
7.281074523925781250e-01
6.583235263824462891e-01
5.765379071235656738e-01
1.041466593742370605e+00
5.772074460983276367e-01
6.870119571685791016e-01
5.738493204116821289e-01
7.574970126152038574e-01
7.261015772819519043e-01
8.767423033714294434e-01
7.279104590415954590e-01
6.259084939956665039e-01
7.746208310127258301e-01
4.184600710868835449e-01
7.397286891937255859e-01
9.967795014381408691e-01
7.387319803237915039e-01
6.747828125953674316e-01
9.012609124183654785e-01
8.390437364578247070e-01
8.252013921737670898e-01
8.784916400909423828e-01
7.522495985031127930e-01
8.161488771438598633e-01
8.649106025695800781e-01
7.559867501258850098e-01
3.653860092163085938e-01
7.109379768371582031e-01
8.456478714942932129e-01
7.897413969039916992e-01
5.993900299072265625e-01
6.790241599082946777e-01
6.285208463668823242e-01
1.156222105026245117e+00
7.574911117553710938e-01
7.902320623397827148e-01
6.628831624984741211e-01
7.758131027221679688e-01
7.046217322349548340e-01
6.578883528709411621e-01
7.653688192367553711e-01
9.100469350814819336e-01
7.753059267997741699e-01
5.906176567077636719e-01
6.709553003311157227e-01
1.070026159286499023e+00
7.524649500846862793e-01
5.846819877624511719e-01
7.738635540008544922e-01
5.930353999137878418e-01
7.514334321022033691e-01
7.374497056007385254e-01
7.642615437507629395e-01
8.393279910087585449e-01
9.636532068252563477e-01
7.653115987777709961e-01
8.341614007949829102e-01
5.529721975326538086e-01
6.165372133255004883e-01
5.126389265060424805e-01
6.892675161361694336e-01
7.394186258316040039e-01
6.130515336990356445e-01
8.893191218376159668e-01
7.396009564399719238e-01
9.144403934478759766e-01
7.107235193252563477e-01
7.793506979942321777e-01
6.989964246749877930e-01
7.320482134819030762e-01
7.587637901306152344e-01
9.217733144760131836e-01
7.262753248214721680e-01
8.047446012496948242e-01
6.539762616157531738e-01
9.553245306015014648e-01
1.133998870849609375e+00
7.410317659378051758e-01
7.022792696952819824e-01
8.035048246383666992e-01
6.679337024688720703e-01
7.155836820602416992e-01
8.764747977256774902e-01
7.773853540420532227e-01
7.753768563270568848e-01
8.433970212936401367e-01
7.407882213592529297e-01
6.562942266464233398e-01
6.454206705093383789e-01
8.139348626136779785e-01
9.561914205551147461e-01
7.036135792732238770e-01
7.238889336585998535e-01
7.490458488464355469e-01
6.680121421813964844e-01
8.717830777168273926e-01
8.226318359375000000e-01
6.234062314033508301e-01
6.499941349029541016e-01
7.080949544906616211e-01
6.444925069808959961e-01
8.270657062530517578e-01
6.552782058715820312e-01
7.730973362922668457e-01
7.312844395637512207e-01
1.034798622131347656e+00
6.583925485610961914e-01
6.522839665412902832e-01
5.657966136932373047e-01
6.683877706527709961e-01
7.782937884330749512e-01
8.584021329879760742e-01
7.199684977531433105e-01
6.806818246841430664e-01
9.605482816696166992e-01
5.086865425109863281e-01
1.026396632194519043e+00
8.367538452148437500e-01
6.660917997360229492e-01
1.260981917381286621e+00
8.067954778671264648e-01
5.781767964363098145e-01
6.424233913421630859e-01
7.008353471755981445e-01
8.085005879402160645e-01
7.689310908317565918e-01
6.775391697883605957e-01
8.410756587982177734e-01
9.182571172714233398e-01
8.804478645324707031e-01
7.715973258018493652e-01
