2.334928959608078003e-01
3.887830972671508789e-01
2.671900391578674316e-01
2.221208661794662476e-01
1.140470132231712341e-01
3.845610022544860840e-01
2.559994161128997803e-01
1.763173937797546387e-01
1.780037283897399902e-01
2.295895814895629883e-01
8.383794128894805908e-02
1.065663397312164307e-01
2.550735473632812500e-01
1.041851714253425598e-01
2.034476697444915771e-01
2.388032823801040649e-01
1.051081269979476929e-01
2.183694839477539062e-01
4.195828139781951904e-01
1.677300333976745605e-01
9.703733026981353760e-02
3.688309788703918457e-01
3.969894945621490479e-01
1.501134186983108521e-01
1.152303516864776611e-01
1.326868534088134766e-01
1.758152246475219727e-01
1.771548241376876831e-01
1.153345182538032532e-01
1.468163132667541504e-01
1.788993775844573975e-01
2.971564531326293945e-01
2.225586920976638794e-01
1.363732069730758667e-01
2.412116527557373047e-01
2.648726403713226318e-01
1.600939333438873291e-01
1.834572851657867432e-01
2.207271456718444824e-01
7.414522022008895874e-02
2.427000850439071655e-01
2.020607888698577881e-01
3.933258652687072754e-01
9.051887691020965576e-02
1.748127192258834839e-01
2.555834352970123291e-01
8.869948983192443848e-02
3.622348010540008545e-01
1.456935703754425049e-01
1.534417122602462769e-01
1.175861358642578125e-01
1.960814893245697021e-01
1.680046021938323975e-01
6.069403514266014099e-02
1.119402348995208740e-01
2.235558927059173584e-01
2.744194269180297852e-01
1.038024425506591797e-01
1.484263837337493896e-01
1.594832092523574829e-01
1.101569011807441711e-01
1.849947571754455566e-01
4.218563809990882874e-02
2.224951684474945068e-01
8.206456899642944336e-02
3.405663371086120605e-01
2.641094624996185303e-01
8.360737562179565430e-02
3.957027196884155273e-02
6.341789662837982178e-02
6.793221086263656616e-02
1.272734850645065308e-01
3.887276649475097656e-01
3.819914162158966064e-01
3.579654097557067871e-01
7.679894566535949707e-02
2.585637569427490234e-01
2.119996994733810425e-01
1.483437716960906982e-01
2.538225054740905762e-01
3.835579752922058105e-02
7.617138326168060303e-02
7.991527020931243896e-02
2.279089838266372681e-01
8.608874678611755371e-02
2.497673481702804565e-01
4.846141487360000610e-02
3.485553860664367676e-01
1.718746125698089600e-01
1.918443292379379272e-01
1.119520589709281921e-01
9.989583492279052734e-01
1.243090108036994934e-01
1.800530701875686646e-01
3.683603405952453613e-01
4.825257062911987305e-01
3.697090148925781250e-01
7.596214860677719116e-02
1.519374549388885498e-01
1.396023482084274292e-01
2.384669184684753418e-01
2.430876940488815308e-01
1.934072673320770264e-01
1.978519260883331299e-01
2.802367806434631348e-01
2.890927195549011230e-01
1.313954740762710571e-01
2.755874097347259521e-01
2.740700542926788330e-01
2.176196277141571045e-01
2.620953917503356934e-01
2.030487060546875000e-01
3.053303956985473633e-01
2.638229429721832275e-01
2.649823427200317383e-01
1.122340112924575806e-01
1.670896112918853760e-01
1.078789457678794861e-01
2.776731252670288086e-01
8.986054360866546631e-02
1.286783218383789062e-01
1.502262055873870850e-01
2.506047189235687256e-01
3.139470815658569336e-01
3.254248797893524170e-01
1.383661329746246338e-01
2.250366955995559692e-01
1.408172696828842163e-01
2.412997484207153320e-01
8.642834424972534180e-02
1.279196143150329590e-01
2.955512702465057373e-01
3.181532621383666992e-01
3.079240918159484863e-01
3.508000373840332031e-01
4.266548454761505127e-01
2.951868176460266113e-01
1.579251438379287720e-01
1.164141297340393066e-01
2.445130497217178345e-01
2.162491232156753540e-01
3.897082805633544922e-01
2.971237599849700928e-01
1.461640298366546631e-01
1.242656409740447998e-01
1.925629973411560059e-01
1.611803025007247925e-01
3.359737992286682129e-01
1.955462694168090820e-01
2.499225735664367676e-01
2.228273749351501465e-01
1.930498778820037842e-01
1.743426322937011719e-01
3.049864172935485840e-01
1.609016954898834229e-01
2.637393474578857422e-01
1.533357799053192139e-01
2.542327642440795898e-01
1.333901882171630859e-01
2.682930827140808105e-01
1.956787407398223877e-01
2.020226567983627319e-01
3.367476463317871094e-01
1.685797721147537231e-01
1.113736480474472046e-01
2.574383020401000977e-01
1.941084861755371094e-01
1.322730481624603271e-01
9.503234922885894775e-02
3.605448603630065918e-01
9.899652004241943359e-02
3.192854523658752441e-01
1.396159678697586060e-01
1.703797280788421631e-01
9.036570787429809570e-02
1.950220912694931030e-01
1.337216496467590332e-01
3.138491809368133545e-01
3.008416891098022461e-01
3.651280403137207031e-01
1.637492924928665161e-01
1.512585729360580444e-01
2.101590782403945923e-01
3.331642746925354004e-01
2.106265425682067871e-01
1.138661205768585205e-01
1.937672197818756104e-01
1.803901493549346924e-01
2.034870684146881104e-01
1.542650014162063599e-01
2.498898208141326904e-01
2.143734991550445557e-01
1.399627327919006348e-01
1.962848603725433350e-01
1.777943968772888184e-01
1.825763583183288574e-01
2.600699067115783691e-01
5.746437981724739075e-02
3.469500839710235596e-01
1.426856517791748047e-01
1.861769556999206543e-01
2.418403178453445435e-01
3.889134526252746582e-02
1.500403583049774170e-01
1.994170248508453369e-01
5.267809629440307617e-01
8.937436342239379883e-02
2.337403744459152222e-01
1.927778124809265137e-01
1.209820285439491272e-01
9.473697841167449951e-02
3.155149519443511963e-01
2.724215984344482422e-01
2.095713913440704346e-01
1.359653472900390625e-01
1.134870275855064392e-01
7.555400580167770386e-02
1.515767574310302734e-01
2.047976851463317871e-01
9.814135730266571045e-02
1.646445691585540771e-01
1.939155161380767822e-01
1.284920424222946167e-01
1.983835846185684204e-01
1.415013670921325684e-01
8.568054437637329102e-02
1.630827486515045166e-01
1.895800530910491943e-01
2.376813739538192749e-01
2.462068647146224976e-01
7.694618403911590576e-02
1.846510469913482666e-01
1.460043936967849731e-01
1.078510358929634094e-01
1.540759801864624023e-01
1.546925157308578491e-01
3.246052563190460205e-01
1.319801360368728638e-01
1.135266423225402832e-01
1.154111549258232117e-01
1.076629459857940674e-01
2.627895772457122803e-01
1.129074990749359131e-01
2.471919208765029907e-01
2.325435578823089600e-01
1.884565055370330811e-01
3.738425672054290771e-01
1.590935885906219482e-01
2.343113422393798828e-01
7.109163701534271240e-02
4.285549819469451904e-01
1.673762053251266479e-01
1.821106970310211182e-01
1.354941129684448242e-01
1.508647054433822632e-01
1.598797440528869629e-01
1.433100402355194092e-01
2.366967946290969849e-01
4.129672646522521973e-01
7.610873132944107056e-02
3.350401520729064941e-01
1.738767772912979126e-01
2.192317396402359009e-01
4.231444001197814941e-02
2.945390641689300537e-01
3.027497529983520508e-01
2.213929444551467896e-01
1.326957345008850098e-01
1.751145571470260620e-01
2.882404029369354248e-01
3.904792070388793945e-01
3.277087807655334473e-01
1.334745734930038452e-01
2.076913267374038696e-01
5.698129534721374512e-02
2.711434364318847656e-01
7.616344094276428223e-02
1.425099521875381470e-01
1.295139491558074951e-01
1.260146796703338623e-01
9.325762838125228882e-02
8.657046407461166382e-02
1.586655974388122559e-01
6.348295509815216064e-02
8.220756053924560547e-02
3.859980776906013489e-02
1.497037857770919800e-01
2.377000153064727783e-01
2.487972527742385864e-01
1.139021664857864380e-01
5.521534755825996399e-02
3.301100730895996094e-01
1.601598858833312988e-01
2.453607767820358276e-01
1.551145315170288086e-01
2.466899752616882324e-01
1.487344801425933838e-01
2.284874916076660156e-01
2.951338887214660645e-01
1.977178156375885010e-01
9.993781149387359619e-02
9.788518399000167847e-02
2.546852231025695801e-01
2.195241451263427734e-01
1.069196909666061401e-01
1.482297480106353760e-01
1.284024566411972046e-01
5.169044807553291321e-02
1.877619922161102295e-01
3.078057765960693359e-01
2.121938765048980713e-01
9.160631895065307617e-02
1.792230904102325439e-01
1.253897398710250854e-01
2.656595110893249512e-01
1.469506323337554932e-01
1.144079193472862244e-01
3.196270167827606201e-01
2.586830854415893555e-01
3.045938014984130859e-01
1.110332459211349487e-01
4.493257105350494385e-01
1.076947972178459167e-01
1.141618266701698303e-01
2.512509524822235107e-01
1.295518130064010620e-01
5.890221148729324341e-02
3.832460045814514160e-01
1.606767028570175171e-01
3.702596426010131836e-01
2.114850282669067383e-01
5.518687367439270020e-01
2.298642098903656006e-01
4.152203500270843506e-01
1.708118319511413574e-01
1.735787987709045410e-01
2.381175458431243896e-01
6.102029979228973389e-02
1.784051656723022461e-01
3.239767551422119141e-01
1.865257322788238525e-01
1.167352572083473206e-01
9.821689128875732422e-02
1.888015121221542358e-01
2.424214780330657959e-01
2.700882554054260254e-01
2.549528479576110840e-01
3.069375455379486084e-01
3.636990487575531006e-01
1.531990170478820801e-01
9.740015864372253418e-02
4.003270864486694336e-01
2.934958636760711670e-01
2.608803808689117432e-01
2.619681954383850098e-01
1.287362724542617798e-01
5.570759773254394531e-01
2.609533965587615967e-01
2.570145726203918457e-01
1.482231020927429199e-01
2.660447657108306885e-01
2.652716934680938721e-01
9.467995911836624146e-02
9.831754863262176514e-02
1.615985333919525146e-01
7.604502886533737183e-02
2.276178002357482910e-01
2.122277021408081055e-01
3.110918402671813965e-01
9.563080966472625732e-02
4.719015210866928101e-02
1.435442566871643066e-01
1.947137713432312012e-01
1.220521703362464905e-01
4.786863029003143311e-01
1.662538349628448486e-01
1.292110383510589600e-01
1.332554370164871216e-01
7.338476181030273438e-02
1.378135085105895996e-01
1.225261688232421875e-01
1.151031702756881714e-01
1.762047260999679565e-01
3.831563144922256470e-02
3.509130328893661499e-02
7.355348020792007446e-02
3.045617640018463135e-01
2.481182217597961426e-01
1.458729505538940430e-01
5.023073777556419373e-02
1.920128762722015381e-01
2.802219688892364502e-01
1.553846150636672974e-01
6.041948497295379639e-02
1.113760918378829956e-01
1.220784336328506470e-01
1.829914897680282593e-01
1.622733622789382935e-01
2.149527221918106079e-01
2.167358696460723877e-01
2.316324561834335327e-01
1.006415337324142456e-01
3.550066947937011719e-01
1.844288706779479980e-01
2.311258018016815186e-01
1.843966543674468994e-01
1.638054549694061279e-01
5.790316313505172729e-02
2.475084662437438965e-01
2.391670346260070801e-01
1.517073959112167358e-01
1.977669447660446167e-01
1.689719557762145996e-01
1.552210301160812378e-01
2.868980765342712402e-01
6.632173061370849609e-02
1.722560375928878784e-01
2.888643145561218262e-01
1.152054518461227417e-01
1.397890150547027588e-01
1.823908388614654541e-01
1.156161203980445862e-01
2.897295355796813965e-01
2.824761271476745605e-01
5.432898551225662231e-02
1.383997797966003418e-01
2.878901660442352295e-01
2.679928839206695557e-01
2.918525338172912598e-01
3.102025091648101807e-01
1.437051147222518921e-01
1.396934390068054199e-01
2.432202398777008057e-01
7.001191377639770508e-02
2.034852504730224609e-01
2.634858489036560059e-01
2.129383087158203125e-01
6.930115073919296265e-02
2.258430272340774536e-01
1.610213518142700195e-01
1.399152725934982300e-01
9.560512751340866089e-02
1.505548059940338135e-01
6.837088614702224731e-02
1.427616328001022339e-01
2.455235421657562256e-01
9.999856352806091309e-02
3.587330281734466553e-01
2.210957407951354980e-01
2.171166837215423584e-01
4.144205451011657715e-01
2.140634506940841675e-01
2.852573394775390625e-01
1.025754660367965698e-01
1.800971627235412598e-01
4.303086400032043457e-01
1.249959617853164673e-01
4.378727078437805176e-02
1.198222339153289795e-01
3.634682595729827881e-01
8.666300028562545776e-02
7.035052031278610229e-02
1.479802578687667847e-01
2.185967564582824707e-01
2.599857151508331299e-01
4.991912096738815308e-02
1.105059012770652771e-01
6.757824867963790894e-02
1.239805966615676880e-01
2.176597714424133301e-01
1.118173673748970032e-01
3.324143290519714355e-01
1.667841672897338867e-01
8.680463582277297974e-02
1.197431087493896484e-01
3.007232546806335449e-01
2.664051651954650879e-01
1.419414877891540527e-01
4.002338051795959473e-01
2.484426051378250122e-01
7.959614694118499756e-02
1.235377937555313110e-01
2.822820246219635010e-01
3.941750526428222656e-01
3.570636734366416931e-02
2.509590983390808105e-01
2.631119191646575928e-01
1.763257682323455811e-01
3.834979534149169922e-01
2.890359461307525635e-01
2.733121812343597412e-01
1.094986051321029663e-01
1.810409724712371826e-01
8.862953633069992065e-02
6.185377389192581177e-02
1.004041954874992371e-01
2.407142072916030884e-01
5.027520656585693359e-02
2.122600376605987549e-01
1.024869754910469055e-01
7.978272438049316406e-02
4.484220445156097412e-01
2.523186504840850830e-01
3.462246656417846680e-01
4.863185435533523560e-02
8.966410160064697266e-02
2.107894718647003174e-01
2.475342750549316406e-01
4.893079400062561035e-02
1.537074595689773560e-01
1.011575087904930115e-01
1.170252412557601929e-01
1.295197755098342896e-01
2.608672976493835449e-01
1.759621351957321167e-01
1.584199666976928711e-01
1.019759997725486755e-01
5.425497293472290039e-01
9.263752400875091553e-02
2.216413021087646484e-01
1.414621621370315552e-01
1.604056060314178467e-01
1.747851669788360596e-01
1.858072578907012939e-01
1.693695187568664551e-01
1.642847359180450439e-01
5.442367121577262878e-02
3.162803649902343750e-01
2.555007338523864746e-01
1.850594580173492432e-01
2.652227580547332764e-01
8.097890019416809082e-02
1.212321072816848755e-01
2.859396040439605713e-01
3.452551737427711487e-02
4.741995036602020264e-02
1.621505916118621826e-01
3.559273183345794678e-01
2.307526469230651855e-01
3.565410524606704712e-02
2.336309105157852173e-01
2.361779510974884033e-01
1.895919591188430786e-01
6.019203066825866699e-01
2.481200248003005981e-01
1.926073282957077026e-01
1.655682325363159180e-01
3.905578851699829102e-01
7.888046652078628540e-02
1.852140426635742188e-01
1.836604326963424683e-01
1.920605301856994629e-01
1.890046596527099609e-01
8.460856974124908447e-02
2.243548035621643066e-01
2.636859118938446045e-01
2.518414258956909180e-01
1.544809788465499878e-01
3.855225443840026855e-01
6.908825784921646118e-02
9.306621551513671875e-02
1.417704224586486816e-01
8.487796783447265625e-02
6.531357765197753906e-02
1.632835566997528076e-01
2.310357242822647095e-01
9.456568956375122070e-02
2.366929650306701660e-01
1.000550389289855957e-01
1.541745662689208984e-01
1.946657001972198486e-01
1.491400152444839478e-01
1.011353209614753723e-01
3.222554922103881836e-01
1.640984565019607544e-01
2.162597328424453735e-01
1.343701481819152832e-01
3.506709337234497070e-01
2.485715895891189575e-01
8.462861180305480957e-02
2.243770062923431396e-01
2.846159338951110840e-01
8.814118057489395142e-02
2.276473343372344971e-01
2.711154222488403320e-01
2.993412017822265625e-01
5.445257425308227539e-01
1.459246724843978882e-01
1.159110367298126221e-01
1.845808178186416626e-01
1.684652864933013916e-01
1.869846135377883911e-01
2.677419781684875488e-01
1.793713569641113281e-01
2.784837782382965088e-01
4.463737010955810547e-01
1.854697465896606445e-01
2.098598480224609375e-01
2.046074420213699341e-01
1.186129674315452576e-01
1.438687443733215332e-01
9.524048864841461182e-02
1.861752122640609741e-01
2.420604825019836426e-01
1.976884901523590088e-01
1.416857540607452393e-01
2.684364318847656250e-01
1.209275349974632263e-01
3.841148614883422852e-01
1.745776981115341187e-01
2.374153435230255127e-01
1.024837195873260498e-01
4.638901725411415100e-02
2.419659793376922607e-01
2.139025032520294189e-01
6.448114663362503052e-02
2.203545719385147095e-01
1.405476331710815430e-01
4.039932489395141602e-01
1.376409679651260376e-01
4.374271631240844727e-01
1.306260675191879272e-01
1.829729229211807251e-01
2.448007762432098389e-01
7.582715153694152832e-02
1.395603120326995850e-01
1.722153127193450928e-01
3.104012310504913330e-01
2.840285301208496094e-01
1.617776155471801758e-01
2.213957607746124268e-01
1.685451716184616089e-01
1.175125166773796082e-01
8.073911070823669434e-02
8.377182483673095703e-02
2.825234532356262207e-01
1.210586726665496826e-01
1.336970925331115723e-01
1.278565973043441772e-01
9.132084995508193970e-02
3.374298214912414551e-01
2.376239001750946045e-01
7.577237486839294434e-02
2.081275433301925659e-01
4.278119802474975586e-01
9.598460048437118530e-02
2.382615059614181519e-01
3.037889301776885986e-01
2.507684826850891113e-01
1.474391520023345947e-01
1.528074741363525391e-01
4.314667582511901855e-01
8.362599462270736694e-02
2.174337208271026611e-01
2.093118280172348022e-01
2.470263838768005371e-01
1.527327299118041992e-01
1.630043238401412964e-01
1.615463048219680786e-01
1.265721321105957031e-01
2.280974686145782471e-01
1.483915895223617554e-01
4.059799611568450928e-01
2.926642298698425293e-01
3.195155858993530273e-01
2.635106146335601807e-01
2.875544130802154541e-01
1.643324047327041626e-01
1.772503852844238281e-01
1.351085305213928223e-01
1.302008926868438721e-01
1.315003186464309692e-01
1.617939919233322144e-01
2.234419286251068115e-01
3.004229664802551270e-01
1.278363317251205444e-01
8.137743175029754639e-02
8.273431658744812012e-02
3.067846894264221191e-01
2.483174204826354980e-01
2.502292692661285400e-01
1.330246329307556152e-01
1.756881922483444214e-01
1.117693930864334106e-01
9.548184275627136230e-02
2.975954413414001465e-01
1.859969198703765869e-01
1.570094972848892212e-01
3.135417103767395020e-01
2.855344116687774658e-01
1.989654302597045898e-01
2.089834064245223999e-01
8.874888718128204346e-02
1.422003805637359619e-01
1.352815926074981689e-01
1.765298247337341309e-01
1.381381452083587646e-01
1.333166509866714478e-01
1.900788247585296631e-01
2.028701305389404297e-01
4.895130395889282227e-01
2.439253181219100952e-01
1.742738336324691772e-01
2.429201602935791016e-01
3.552806973457336426e-01
4.979681596159934998e-02
7.820218801498413086e-02
2.070397734642028809e-01
2.848850190639495850e-01
1.837123632431030273e-01
2.141012102365493774e-01
3.449006974697113037e-01
1.091045364737510681e-01
1.666108220815658569e-01
1.777360737323760986e-01
9.922571480274200439e-02
2.953281104564666748e-01
3.367532491683959961e-01
1.733930557966232300e-01
1.423617005348205566e-01
2.874107956886291504e-01
8.909146487712860107e-02
3.745084404945373535e-01
1.370578706264495850e-01
2.231990993022918701e-01
1.582622230052947998e-01
3.209984302520751953e-01
7.944080978631973267e-02
2.621478401124477386e-02
1.023837774991989136e-01
3.325575590133666992e-01
2.654930576682090759e-02
2.016541510820388794e-01
1.315009742975234985e-01
2.981245219707489014e-01
2.710950970649719238e-01
1.222010925412178040e-01
2.323663532733917236e-01
2.576094269752502441e-01
1.763803362846374512e-01
1.275622397661209106e-01
2.589090764522552490e-01
4.295664429664611816e-01
1.660354882478713989e-01
2.381205260753631592e-01
1.409038901329040527e-01
2.625480592250823975e-01
1.163547709584236145e-01
1.564963161945343018e-01
2.355499267578125000e-01
1.940985918045043945e-01
4.078898429870605469e-01
1.484357565641403198e-01
2.233275175094604492e-01
8.836230635643005371e-02
3.607245087623596191e-01
1.702854633331298828e-01
7.090138643980026245e-02
3.800145685672760010e-01
1.847980022430419922e-01
1.047586202621459961e-01
1.098706722259521484e-01
2.684841156005859375e-01
1.200012788176536560e-01
1.979954838752746582e-01
2.888206243515014648e-01
1.610606312751770020e-01
2.169144451618194580e-01
8.796381950378417969e-02
3.178567290306091309e-01
1.176951974630355835e-01
1.513910889625549316e-01
1.557035148143768311e-01
1.771238744258880615e-01
9.355200827121734619e-02
3.277361989021301270e-01
6.916601210832595825e-02
1.377738565206527710e-01
3.350960016250610352e-01
3.119044005870819092e-01
2.115431427955627441e-01
1.307812929153442383e-01
2.187544703483581543e-01
1.223942264914512634e-01
1.506405174732208252e-01
2.030629813671112061e-01
2.991293966770172119e-01
2.283025383949279785e-01
3.154042661190032959e-01
2.312988489866256714e-01
1.472112387418746948e-01
1.541203111410140991e-01
1.093123331665992737e-01
8.336757123470306396e-02
3.583827912807464600e-01
2.031094878911972046e-01
2.869554758071899414e-01
3.542066216468811035e-01
1.361336112022399902e-01
1.523931473493576050e-01
9.222076088190078735e-02
1.693369746208190918e-01
2.146739959716796875e-01
1.287839859724044800e-01
1.556360274553298950e-01
8.152092993259429932e-02
9.332704544067382812e-02
3.961921632289886475e-01
1.028381586074829102e-01
3.313652873039245605e-01
4.753010571002960205e-01
2.425683140754699707e-01
1.611104458570480347e-01
8.849041908979415894e-02
2.554385364055633545e-01
3.940632343292236328e-01
1.941007077693939209e-01
2.441660314798355103e-01
1.426018476486206055e-01
1.715464890003204346e-01
2.252193540334701538e-01
2.541965842247009277e-01
1.351159512996673584e-01
2.011578083038330078e-01
2.655590176582336426e-01
2.991861402988433838e-01
1.721969544887542725e-01
2.817754149436950684e-01
2.837084531784057617e-01
1.252386569976806641e-01
1.084025651216506958e-01
5.407972261309623718e-02
9.069177508354187012e-02
2.037799656391143799e-01
4.130697250366210938e-01
8.487014472484588623e-02
1.921404302120208740e-01
2.952603101730346680e-01
1.569130569696426392e-01
8.351489901542663574e-02
9.367696195840835571e-02
2.753277719020843506e-01
1.066358089447021484e-01
1.318539381027221680e-01
2.320271879434585571e-01
1.540899574756622314e-01
7.977104187011718750e-02
8.044403791427612305e-02
6.220330297946929932e-02
2.213609814643859863e-01
1.850956827402114868e-01
1.951038241386413574e-01
8.098388463258743286e-02
2.597287893295288086e-01
5.240866541862487793e-02
3.155974745750427246e-01
1.166497915983200073e-01
1.845181733369827271e-01
8.394244313240051270e-02
1.388643682003021240e-01
3.358276188373565674e-01
3.132930994033813477e-01
9.880234301090240479e-02
1.743350923061370850e-01
1.217193156480789185e-01
1.360972225666046143e-01
5.799480676651000977e-01
1.920354962348937988e-01
1.466354131698608398e-01
9.963093698024749756e-02
2.940278649330139160e-01
2.432512938976287842e-01
7.412977516651153564e-02
1.989881247282028198e-01
3.645690083503723145e-01
1.904896348714828491e-01
3.027981519699096680e-01
2.643495202064514160e-01
1.800605654716491699e-01
1.617140471935272217e-01
2.125433832406997681e-01
2.365624904632568359e-01
1.391482204198837280e-01
3.300818800926208496e-01
2.419114857912063599e-01
1.762868016958236694e-01
9.242630749940872192e-02
8.427464216947555542e-02
3.821927905082702637e-01
3.270218968391418457e-01
8.279374241828918457e-02
1.699105799198150635e-01
2.013477385044097900e-01
1.622043550014495850e-01
9.957288950681686401e-02
1.922510564327239990e-01
1.974625885486602783e-01
1.745882630348205566e-01
1.774174124002456665e-01
8.990147709846496582e-02
1.571982204914093018e-01
1.770332902669906616e-01
3.056434988975524902e-01
3.711377978324890137e-01
3.574861586093902588e-01
2.046760320663452148e-01
1.554253995418548584e-01
2.252979874610900879e-01
1.849696338176727295e-01
5.473256483674049377e-02
1.783697307109832764e-01
2.140347808599472046e-01
2.522971332073211670e-01
3.743425011634826660e-01
2.068801224231719971e-01
1.064062938094139099e-01
3.168284147977828979e-02
1.424274742603302002e-01
9.066952764987945557e-02
1.796517968177795410e-01
1.286681592464447021e-01
8.871473371982574463e-02
1.503644287586212158e-01
3.040726482868194580e-01
8.651252090930938721e-02
2.210457175970077515e-01
2.528686821460723877e-01
4.659210145473480225e-01
1.160774379968643188e-01
4.738622307777404785e-01
9.759873151779174805e-02
2.301656603813171387e-01
7.018136233091354370e-02
2.751094996929168701e-01
1.976272314786911011e-01
1.506359875202178955e-01
1.154886782169342041e-01
1.099623963236808777e-01
3.450585007667541504e-01
2.523911297321319580e-01
2.751044929027557373e-01
4.361499547958374023e-01
1.382015794515609741e-01
1.332152932882308960e-01
3.634058535099029541e-01
8.750572800636291504e-02
6.343387067317962646e-02
1.857064813375473022e-01
8.516771346330642700e-02
2.228781282901763916e-01
1.455937623977661133e-01
1.290268301963806152e-01
1.141210347414016724e-01
6.925897300243377686e-02
1.123659610748291016e-01
1.613426804542541504e-01
2.000297009944915771e-01
2.719720900058746338e-01
1.719420850276947021e-01
2.662482261657714844e-01
1.570435166358947754e-01
4.110626876354217529e-02
4.137597382068634033e-01
2.424380630254745483e-01
1.713453233242034912e-01
2.661308646202087402e-01
2.083410918712615967e-01
1.485753506422042847e-01
1.272113025188446045e-01
1.314829438924789429e-01
2.061146050691604614e-01
1.887281835079193115e-01
2.674591243267059326e-01
4.304260611534118652e-01
3.134879767894744873e-01
5.100534111261367798e-02
1.478166282176971436e-01
1.719930469989776611e-01
2.786544561386108398e-01
7.550576329231262207e-02
4.696353524923324585e-02
1.409502029418945312e-01
2.520603537559509277e-01
2.080548703670501709e-01
3.898594081401824951e-01
3.191080391407012939e-01
2.927379906177520752e-01
3.332263827323913574e-01
2.498732507228851318e-01
3.501856923103332520e-01
1.144920438528060913e-01
1.619162261486053467e-01
1.909696757793426514e-01
1.735075712203979492e-01
3.760384321212768555e-01
1.924624741077423096e-01
1.433966755867004395e-01
2.682574391365051270e-01
2.199880480766296387e-01
2.798718214035034180e-01
2.364773005247116089e-01
2.011313438415527344e-01
1.346233338117599487e-01
2.953853011131286621e-01
9.073881804943084717e-02
2.699304819107055664e-01
3.416011929512023926e-01
1.470887511968612671e-01
2.397452145814895630e-01
2.185488343238830566e-01
1.235038191080093384e-01
2.502751946449279785e-01
6.701788306236267090e-02
1.487999409437179565e-01
3.212271332740783691e-01
3.603733181953430176e-01
1.509144455194473267e-01
3.157664835453033447e-01
3.442554473876953125e-01
3.858035206794738770e-01
3.328197598457336426e-01
2.162327617406845093e-01
1.473652273416519165e-01
3.825954198837280273e-01
3.075795769691467285e-01
1.560624688863754272e-01
1.091255396604537964e-01
2.185767889022827148e-01
1.239749714732170105e-01
3.126191198825836182e-01
1.459755301475524902e-01
1.630199104547500610e-01
1.490915864706039429e-01
4.066563546657562256e-01
2.659925520420074463e-01
1.954069584608078003e-01
6.494746357202529907e-02
3.524638414382934570e-01
3.112574219703674316e-01
2.166690826416015625e-01
4.450331926345825195e-01
1.153684556484222412e-01
1.167032644152641296e-01
3.360871076583862305e-01
3.523663878440856934e-01
1.063215881586074829e-01
2.428283095359802246e-01
3.070802986621856689e-01
3.527696430683135986e-01
3.112478852272033691e-01
7.256705313920974731e-02
9.766457974910736084e-02
4.617298245429992676e-01
3.133334517478942871e-01
1.673979908227920532e-01
1.698664724826812744e-01
2.436548173427581787e-01
2.925368845462799072e-01
2.288544774055480957e-01
8.093066513538360596e-02
2.858120501041412354e-01
2.861919105052947998e-01
1.878426671028137207e-01
3.393137156963348389e-01
3.414123058319091797e-01
4.667828083038330078e-01
2.791832983493804932e-01
3.438328504562377930e-01
1.297735571861267090e-01
1.060530990362167358e-01
1.010147407650947571e-01
1.636960953474044800e-01
2.597877681255340576e-01
2.124409824609756470e-01
2.421354949474334717e-01
2.093708813190460205e-01
8.560340106487274170e-02
1.260211169719696045e-01
1.403099000453948975e-01
9.795375168323516846e-02
1.542961299419403076e-01
1.082208380103111267e-01
1.207629740238189697e-01
2.394566833972930908e-01
1.058553308248519897e-01
1.115335300564765930e-01
1.974773854017257690e-01
5.855337977409362793e-01
1.519495844841003418e-01
3.819350898265838623e-01
2.228156328201293945e-01
1.674253642559051514e-01
1.428604722023010254e-01
1.923380494117736816e-01
2.214498072862625122e-01
1.694610416889190674e-01
2.693377733230590820e-01
3.284241855144500732e-01
1.550527513027191162e-01
3.239387273788452148e-01
1.142287105321884155e-01
2.503198087215423584e-01
1.385585516691207886e-01
1.505741029977798462e-01
1.681808084249496460e-01
2.506564855575561523e-01
1.932103931903839111e-01
2.147196531295776367e-01
2.329609096050262451e-01
1.451636850833892822e-01
2.775058150291442871e-01
9.079485386610031128e-02
7.675293087959289551e-02
1.940408945083618164e-01
2.749033868312835693e-01
2.550141811370849609e-01
1.411709934473037720e-01
1.898290216922760010e-01
1.714208573102951050e-01
1.934439241886138916e-01
1.364995092153549194e-01
1.564686447381973267e-01
1.487766951322555542e-01
1.960742622613906860e-01
1.004220247268676758e-01
2.070561051368713379e-01
2.710486650466918945e-01
8.550130575895309448e-02
1.362656652927398682e-01
1.043205112218856812e-01
4.572483897209167480e-02
6.208745390176773071e-02
1.191150397062301636e-01
2.164505422115325928e-01
1.942068636417388916e-01
2.258419394493103027e-01
1.270001530647277832e-01
2.667728960514068604e-01
9.955265372991561890e-02
1.534117907285690308e-01
2.752848863601684570e-01
1.061992198228836060e-01
7.051902264356613159e-02
7.386359572410583496e-02
8.055348694324493408e-02
2.553289532661437988e-01
2.221155315637588501e-01
1.153656467795372009e-01
2.285795658826828003e-01
1.274857223033905029e-01
1.663459539413452148e-01
4.587564617395401001e-02
3.850118815898895264e-02
2.465967833995819092e-01
2.532014250755310059e-01
4.055962711572647095e-02
3.243914842605590820e-01
2.637780308723449707e-01
1.259365826845169067e-01
1.000820249319076538e-01
2.985628247261047363e-01
3.352603614330291748e-01
3.088656067848205566e-01
2.100727856159210205e-01
2.400608211755752563e-01
1.684105992317199707e-01
2.596632242202758789e-01
1.614769995212554932e-01
2.414609938859939575e-01
1.422870010137557983e-01
2.567015290260314941e-01
2.311745882034301758e-01
1.864883899688720703e-01
4.503449499607086182e-01
2.345455437898635864e-01
2.950323224067687988e-01
1.456998437643051147e-01
2.006363719701766968e-01
1.925075650215148926e-01
2.828944325447082520e-01
1.849300712347030640e-01
2.867504060268402100e-01
1.323144286870956421e-01
9.942653775215148926e-02
2.601342201232910156e-01
2.827022373676300049e-01
2.012865692377090454e-01
1.391828209161758423e-01
2.648453414440155029e-01
1.781402379274368286e-01
1.622011363506317139e-01
1.908851414918899536e-01
1.154589727520942688e-01
2.786261439323425293e-01
2.980176508426666260e-01
1.381539702415466309e-01
3.282909393310546875e-01
2.873185575008392334e-01
2.619403004646301270e-01
1.929612457752227783e-01
2.988182604312896729e-01
2.619220614433288574e-01
1.005920916795730591e-01
7.173405587673187256e-02
4.188279509544372559e-01
3.702066838741302490e-01
2.220815122127532959e-01
4.676198959350585938e-01
2.404655516147613525e-01
1.726762056350708008e-01
1.396577507257461548e-01
1.620127707719802856e-01
2.212457060813903809e-01
1.520799398422241211e-01
4.838450253009796143e-02
2.736515998840332031e-01
1.431083679199218750e-01
1.335162371397018433e-01
7.138651609420776367e-02
1.833076775074005127e-01
1.199476718902587891e-01
1.570357084274291992e-01
2.332514673471450806e-01
2.756881117820739746e-01
3.840099573135375977e-01
6.352527439594268799e-02
2.729963064193725586e-01
7.433443516492843628e-02
2.302952408790588379e-01
4.930880665779113770e-01
2.299100160598754883e-01
3.613898158073425293e-01
5.404780432581901550e-02
1.618742644786834717e-01
2.718218564987182617e-01
1.683828532695770264e-01
8.006319403648376465e-02
1.015592366456985474e-01
1.571716964244842529e-01
1.226364374160766602e-01
3.813696801662445068e-01
1.452125459909439087e-01
1.505570709705352783e-01
2.567309737205505371e-01
1.244076266884803772e-01
6.557184457778930664e-01
