2.659505009651184082e-01
4.273163676261901855e-01
3.141083121299743652e-01
8.944841474294662476e-02
1.648210883140563965e-01
1.516595333814620972e-01
2.156418710947036743e-01
1.526938527822494507e-01
1.804635226726531982e-01
1.989561915397644043e-01
2.370811253786087036e-01
2.462354600429534912e-01
1.830008327960968018e-01
1.599804162979125977e-01
1.378273069858551025e-01
1.291052252054214478e-01
1.246000677347183228e-01
3.062710165977478027e-01
1.403541415929794312e-01
1.151058673858642578e-01
8.700378239154815674e-02
1.436159908771514893e-01
2.514774203300476074e-01
1.735906600952148438e-01
1.082054004073143005e-01
7.961578667163848877e-02
2.315879911184310913e-01
1.602465063333511353e-01
1.047923415899276733e-01
1.248591989278793335e-01
1.971856057643890381e-01
9.858546406030654907e-02
1.358181387186050415e-01
3.232025206089019775e-01
2.231844961643218994e-01
3.483145833015441895e-01
3.718274235725402832e-01
3.407699465751647949e-01
2.738896012306213379e-01
3.386648297309875488e-01
2.012279033660888672e-01
3.374737203121185303e-01
1.412674784660339355e-01
1.249190419912338257e-01
1.686214208602905273e-01
1.337239593267440796e-01
9.977015852928161621e-02
8.931455016136169434e-02
1.250109672546386719e-01
8.684746921062469482e-02
1.487410962581634521e-01
3.696227669715881348e-01
1.397173851728439331e-01
3.515586555004119873e-01
2.672926783561706543e-01
4.787476658821105957e-01
3.249625861644744873e-01
1.113860011100769043e-01
3.147367238998413086e-01
1.490607559680938721e-01
3.572157919406890869e-01
2.548658847808837891e-01
1.412568837404251099e-01
3.270199894905090332e-01
2.209541797637939453e-01
2.239774465560913086e-01
2.433724552392959595e-01
2.891609370708465576e-01
2.445069402456283569e-01
2.464323937892913818e-01
2.184923589229583740e-01
2.158590257167816162e-01
3.946761190891265869e-01
2.028633654117584229e-01
5.988440290093421936e-02
1.769702285528182983e-01
1.166838109493255615e-01
1.698597967624664307e-01
3.344996571540832520e-01
3.080278337001800537e-01
1.896451264619827271e-01
2.085793614387512207e-01
2.335473001003265381e-01
1.077787876129150391e-01
1.836854517459869385e-01
6.227014064788818359e-01
2.098263651132583618e-01
1.152339205145835876e-01
1.139155104756355286e-01
1.879665851593017578e-01
1.182933449745178223e-01
6.161149218678474426e-02
2.119342610239982605e-02
1.757298111915588379e-01
1.597803086042404175e-01
1.646351218223571777e-01
4.232651889324188232e-01
2.829822301864624023e-01
1.421208083629608154e-01
2.324965149164199829e-01
3.294951915740966797e-01
3.602620065212249756e-01
4.132694751024246216e-02
1.037711203098297119e-01
2.119230628013610840e-01
1.666299402713775635e-01
2.604724168777465820e-01
9.143041074275970459e-02
1.165669709444046021e-01
2.218073010444641113e-01
2.628966867923736572e-01
2.291128337383270264e-01
1.397042870521545410e-01
1.352707147598266602e-01
2.268479019403457642e-01
1.522750705480575562e-01
3.895704746246337891e-01
1.984679400920867920e-01
2.499673962593078613e-01
2.525924146175384521e-01
2.487292289733886719e-01
1.790817081928253174e-01
3.912931382656097412e-01
2.515428066253662109e-01
2.123002707958221436e-01
1.882290840148925781e-01
1.749027371406555176e-01
1.927564740180969238e-01
3.097661733627319336e-01
4.355359971523284912e-01
1.889869272708892822e-01
1.906195431947708130e-01
7.704058289527893066e-02
2.118971347808837891e-01
1.116110011935234070e-01
3.440673053264617920e-01
2.529521584510803223e-01
2.202352583408355713e-01
2.539203763008117676e-01
2.878168225288391113e-01
3.120855391025543213e-01
2.511941492557525635e-01
2.103092372417449951e-01
2.805775403976440430e-01
2.029090821743011475e-01
1.483527719974517822e-01
2.358495593070983887e-01
2.652139067649841309e-01
7.136901468038558960e-02
1.665670126676559448e-01
2.115492895245552063e-02
2.505955100059509277e-01
2.160095870494842529e-01
4.551726952195167542e-02
2.799457311630249023e-01
1.335895657539367676e-01
3.251533806324005127e-01
3.958942294120788574e-01
1.294401437044143677e-01
1.083143427968025208e-01
5.568445101380348206e-02
1.094167307019233704e-01
3.113732337951660156e-01
1.545307636260986328e-01
8.686831593513488770e-02
3.955190181732177734e-01
3.153968974947929382e-02
1.943460404872894287e-01
1.926440745592117310e-01
1.323381066322326660e-01
1.507130563259124756e-01
1.961550414562225342e-01
1.405855715274810791e-01
1.879293471574783325e-01
2.167657613754272461e-01
5.342359468340873718e-02
1.923779547214508057e-01
1.315894722938537598e-01
2.221198230981826782e-01
2.179802805185317993e-01
8.317740261554718018e-02
3.970180079340934753e-02
9.016616642475128174e-02
3.973546028137207031e-01
3.662503957748413086e-01
1.036552190780639648e-01
1.191684082150459290e-01
1.685685068368911743e-01
1.989822685718536377e-01
2.386038303375244141e-01
2.041748464107513428e-01
2.224407941102981567e-01
1.162054389715194702e-01
2.892872393131256104e-01
2.794110774993896484e-01
8.156324923038482666e-02
1.424212902784347534e-01
9.687617421150207520e-02
2.084152102470397949e-01
1.883112192153930664e-01
7.317353039979934692e-02
1.711027026176452637e-01
2.578231692314147949e-01
8.373719453811645508e-02
3.315142095088958740e-01
8.446823060512542725e-02
1.467743963003158569e-01
2.383248209953308105e-01
1.398424655199050903e-01
1.994391679763793945e-01
1.331654787063598633e-01
1.309297680854797363e-01
3.110279440879821777e-01
1.816244721412658691e-01
2.982577085494995117e-01
1.072869747877120972e-01
1.568388491868972778e-01
1.047365888953208923e-01
6.220356747508049011e-02
9.815786033868789673e-02
1.486764252185821533e-01
3.162317872047424316e-01
2.203285694122314453e-01
1.051460877060890198e-01
1.675922125577926636e-01
1.056214049458503723e-01
6.565312296152114868e-02
2.119944095611572266e-01
1.023232415318489075e-01
1.338298320770263672e-01
1.717630475759506226e-01
1.227155029773712158e-01
2.173568308353424072e-01
2.313189804553985596e-01
6.018944829702377319e-02
1.651620715856552124e-01
2.135180532932281494e-01
1.115985661745071411e-01
4.092892408370971680e-01
1.235781684517860413e-01
1.927924454212188721e-01
1.197810024023056030e-01
1.746602803468704224e-01
4.706419408321380615e-01
1.311221718788146973e-01
1.320392787456512451e-01
1.458687335252761841e-01
3.580779731273651123e-01
4.006296992301940918e-01
7.143983244895935059e-02
1.073865145444869995e-01
1.175798177719116211e-01
9.912735223770141602e-02
1.398290097713470459e-01
4.534929692745208740e-01
8.773958683013916016e-02
8.602435141801834106e-02
2.654667794704437256e-01
3.316779732704162598e-01
1.181499809026718140e-01
1.332685351371765137e-01
2.749782502651214600e-01
1.409209668636322021e-01
2.916623950004577637e-01
9.985020756721496582e-02
1.914596259593963623e-01
2.906896770000457764e-01
2.930165827274322510e-01
1.434263586997985840e-01
7.718785107135772705e-02
2.017814479768276215e-02
1.156524121761322021e-01
2.604614794254302979e-01
2.316603511571884155e-01
1.509270370006561279e-01
9.840984642505645752e-02
1.532643735408782959e-01
9.327912330627441406e-02
1.709275841712951660e-01
9.218108654022216797e-02
2.293914109468460083e-01
2.768047153949737549e-01
4.754909873008728027e-02
1.339806318283081055e-01
1.904876232147216797e-01
1.286261528730392456e-01
1.179156154394149780e-01
2.269863784313201904e-01
1.111839562654495239e-01
1.403042972087860107e-01
4.765636846423149109e-02
5.797677114605903625e-02
1.211484968662261963e-01
2.327973842620849609e-01
2.770147100090980530e-02
1.684709787368774414e-01
4.930690675973892212e-02
9.407146275043487549e-02
6.225259974598884583e-02
1.166075766086578369e-01
2.066332101821899414e-01
1.770768016576766968e-01
3.651033639907836914e-01
1.508371233940124512e-01
1.831792443990707397e-01
2.142374664545059204e-01
7.328235357999801636e-02
8.815995603799819946e-02
7.930181175470352173e-02
1.361180543899536133e-01
2.641058564186096191e-01
1.160020008683204651e-01
2.409634739160537720e-02
1.878181695938110352e-01
3.166790902614593506e-01
2.181623578071594238e-01
1.483631879091262817e-01
1.774709522724151611e-01
1.651599258184432983e-01
2.964528203010559082e-01
1.938817799091339111e-01
4.638437181711196899e-02
1.300372630357742310e-01
1.153282597661018372e-01
3.022428452968597412e-01
1.032199487090110779e-01
3.180242478847503662e-01
4.734614491462707520e-02
2.766505181789398193e-01
3.101356029510498047e-01
1.555575877428054810e-01
9.625259041786193848e-02
2.920512259006500244e-01
2.803483307361602783e-01
1.825256943702697754e-01
1.746376603841781616e-01
1.278422027826309204e-01
2.948988974094390869e-01
1.089207977056503296e-01
1.555769741535186768e-01
1.030696034431457520e-01
1.822594404220581055e-01
9.112025797367095947e-02
2.460037767887115479e-01
2.389722913503646851e-01
1.397756338119506836e-01
3.307745605707168579e-02
3.750783950090408325e-02
8.401711285114288330e-02
4.244346618652343750e-01
2.144560217857360840e-01
1.319689750671386719e-01
6.149023771286010742e-02
1.142611056566238403e-01
1.521256715059280396e-01
4.020901918411254883e-01
9.239982813596725464e-02
2.837547957897186279e-01
2.181699126958847046e-01
2.562605142593383789e-01
2.094162851572036743e-01
1.038988754153251648e-01
3.690171241760253906e-02
1.078118756413459778e-01
1.277942657470703125e-01
8.300716429948806763e-02
2.888149023056030273e-01
2.357344776391983032e-01
2.086137235164642334e-01
2.272303104400634766e-01
2.176888585090637207e-01
3.536781668663024902e-02
4.468755722045898438e-01
2.815410494804382324e-01
1.604458838701248169e-01
2.217146456241607666e-01
1.498537659645080566e-01
1.809841990470886230e-01
1.345697492361068726e-01
2.752148211002349854e-01
2.027101814746856689e-01
1.991193890571594238e-01
2.976967096328735352e-01
1.592960804700851440e-01
1.252464354038238525e-01
8.837577700614929199e-02
1.473680436611175537e-01
1.919311583042144775e-01
2.443063557147979736e-01
1.540504097938537598e-01
7.745586335659027100e-02
2.127301096916198730e-01
2.358411997556686401e-01
2.243913859128952026e-01
2.278725504875183105e-01
4.009277373552322388e-02
1.683716028928756714e-01
7.221692800521850586e-02
2.730742692947387695e-01
1.358200311660766602e-01
2.783108353614807129e-01
8.105655014514923096e-02
2.640407085418701172e-01
1.615207791328430176e-01
2.193308323621749878e-01
6.181525811553001404e-02
2.420194000005722046e-01
1.497334092855453491e-01
8.608563244342803955e-02
1.040069535374641418e-01
2.187207788228988647e-01
1.784682571887969971e-01
1.253578811883926392e-01
1.867960840463638306e-01
1.164975389838218689e-01
1.425400823354721069e-01
1.574187129735946655e-01
1.273980587720870972e-01
1.083222031593322754e-01
9.152491390705108643e-02
6.959061324596405029e-02
2.720298171043395996e-01
9.628916531801223755e-02
3.843708336353302002e-02
5.081495642662048340e-02
4.427092522382736206e-02
7.713247835636138916e-02
2.146665602922439575e-01
3.021680712699890137e-01
3.657437562942504883e-01
1.082826778292655945e-01
1.347432136535644531e-01
1.418680250644683838e-01
2.345705479383468628e-01
2.059364467859268188e-01
1.269720643758773804e-01
3.068329095840454102e-01
1.525410711765289307e-01
2.537209391593933105e-01
3.073293268680572510e-01
9.183199703693389893e-02
2.962282299995422363e-01
3.215003609657287598e-01
2.389576286077499390e-01
2.984626293182373047e-01
2.847303450107574463e-01
1.094265878200531006e-01
7.804284989833831787e-02
5.847246944904327393e-02
1.361103653907775879e-01
3.453882932662963867e-01
1.272611916065216064e-01
1.540374755859375000e-01
2.247303575277328491e-01
2.618182301521301270e-01
3.939379751682281494e-02
1.383202150464057922e-02
9.881421923637390137e-02
1.419640332460403442e-01
2.315397933125495911e-02
1.867079287767410278e-01
5.910835266113281250e-01
1.446044743061065674e-01
1.725480258464813232e-01
7.993656396865844727e-02
3.896705806255340576e-02
3.735495805740356445e-01
7.515320181846618652e-02
7.188053429126739502e-02
3.142367005348205566e-01
1.023339405655860901e-01
2.019825279712677002e-01
2.470565736293792725e-01
1.416238397359848022e-01
2.685935497283935547e-01
1.801823377609252930e-01
2.236099988222122192e-01
1.088012829422950745e-01
2.015090584754943848e-01
2.077515274286270142e-01
3.904284834861755371e-01
1.730826497077941895e-01
1.415212601423263550e-01
1.005634367465972900e-01
9.418982267379760742e-02
3.974663317203521729e-01
1.234257444739341736e-01
1.975619047880172729e-01
3.790538609027862549e-01
8.634673058986663818e-02
1.403787136077880859e-01
1.712615787982940674e-01
1.417057216167449951e-01
6.676267087459564209e-02
1.347953081130981445e-01
9.206973761320114136e-02
3.649835288524627686e-02
1.139835715293884277e-01
1.694755554199218750e-01
1.735205650329589844e-01
1.951778531074523926e-01
1.185230016708374023e-01
2.756386250257492065e-02
8.387454599142074585e-02
1.640985161066055298e-01
2.614274919033050537e-01
2.383309453725814819e-01
1.432720869779586792e-01
3.325368836522102356e-02
1.137306541204452515e-01
1.704286038875579834e-01
8.920541405677795410e-02
3.201542049646377563e-02
6.912106275558471680e-02
1.669772267341613770e-01
7.329172641038894653e-02
7.906419038772583008e-02
9.850803017616271973e-02
1.300147622823715210e-01
8.168350905179977417e-02
7.958768308162689209e-02
1.876489818096160889e-01
1.552992612123489380e-01
1.775375455617904663e-01
3.899902850389480591e-02
1.342217326164245605e-01
1.064246743917465210e-01
8.536981046199798584e-02
1.444799453020095825e-01
2.667959928512573242e-01
2.689987421035766602e-01
1.271300017833709717e-01
1.837216466665267944e-01
2.287325859069824219e-01
9.927776455879211426e-02
1.602656692266464233e-01
5.773677304387092590e-02
4.135702848434448242e-01
2.407565116882324219e-01
1.640898883342742920e-01
1.037694960832595825e-01
7.508251070976257324e-02
8.215543627738952637e-02
1.155811995267868042e-01
1.997345387935638428e-01
1.698238551616668701e-01
7.551974803209304810e-02
1.158258169889450073e-01
1.329869478940963745e-01
7.893374562263488770e-02
2.370040118694305420e-01
6.778197735548019409e-02
7.239588350057601929e-02
1.606458127498626709e-01
1.036587506532669067e-01
4.757180809974670410e-02
1.563956737518310547e-01
6.282592564821243286e-02
3.359624147415161133e-01
1.378011703491210938e-01
1.596007198095321655e-01
9.943813085556030273e-02
1.082643494009971619e-01
1.062301024794578552e-01
1.287404298782348633e-01
1.208686381578445435e-01
3.471419960260391235e-02
1.310510486364364624e-01
2.717182226479053497e-02
2.643961310386657715e-01
1.493186503648757935e-01
2.016796469688415527e-01
1.059697791934013367e-01
2.503362298011779785e-01
1.192938312888145447e-01
6.885409355163574219e-02
1.882320940494537354e-01
4.072313010692596436e-01
1.189758032560348511e-01
7.239019870758056641e-02
1.667299717664718628e-01
1.529297530651092529e-01
3.077211081981658936e-01
2.044874727725982666e-01
2.124826312065124512e-01
1.513119935989379883e-01
2.550660669803619385e-01
1.165283024311065674e-01
1.472417414188385010e-01
3.160751461982727051e-01
2.258066534996032715e-01
1.631667017936706543e-01
3.881160616874694824e-01
4.892157763242721558e-02
2.754852771759033203e-01
1.835794746875762939e-01
2.184428870677947998e-01
1.388423740863800049e-01
3.471249639987945557e-01
1.484856456518173218e-01
2.909297645092010498e-01
4.393370151519775391e-01
1.151020899415016174e-01
1.407666504383087158e-01
1.867084056138992310e-01
1.849595010280609131e-01
1.623076498508453369e-01
6.705322116613388062e-02
3.004844859242439270e-02
2.580504119396209717e-01
7.302439957857131958e-02
7.519112527370452881e-02
1.178975999355316162e-01
1.862615644931793213e-01
3.908244147896766663e-02
7.579457759857177734e-02
2.459636032581329346e-01
3.720499873161315918e-01
3.115442693233489990e-01
2.535769939422607422e-01
3.892752230167388916e-01
3.787106871604919434e-01
4.454813897609710693e-01
4.465695023536682129e-01
1.923180967569351196e-01
2.516264915466308594e-01
2.977139651775360107e-01
7.689324021339416504e-02
5.145172029733657837e-02
1.842738240957260132e-01
2.808007597923278809e-01
1.878274381160736084e-01
4.519506692886352539e-01
6.005874276161193848e-02
8.435667306184768677e-02
1.575847566127777100e-01
1.623421311378479004e-01
2.601712346076965332e-01
3.231635391712188721e-01
1.516803652048110962e-01
2.403138577938079834e-01
8.638017624616622925e-02
1.041388511657714844e-01
5.804383382201194763e-02
4.043893516063690186e-01
1.474209129810333252e-01
2.834513187408447266e-01
2.053436934947967529e-01
2.394758462905883789e-01
1.325893998146057129e-01
1.925192475318908691e-01
3.235266804695129395e-01
1.259887218475341797e-01
3.323602080345153809e-01
4.686586856842041016e-01
1.628365367650985718e-01
1.849020272493362427e-01
7.820095866918563843e-02
2.817025780677795410e-01
2.490925788879394531e-01
1.699487566947937012e-01
3.738593161106109619e-01
1.829162389039993286e-01
1.714768707752227783e-01
1.025340482592582703e-01
7.574854791164398193e-02
2.019381970167160034e-01
7.062933593988418579e-02
1.862057149410247803e-01
2.898385524749755859e-01
2.148809880018234253e-01
5.053608864545822144e-02
8.107985556125640869e-02
2.692922949790954590e-01
1.526199281215667725e-01
8.429978042840957642e-02
1.391547322273254395e-01
3.015506863594055176e-01
1.760496348142623901e-01
1.522740721702575684e-01
1.147627085447311401e-01
1.195968762040138245e-01
1.450441330671310425e-01
1.111921519041061401e-01
1.911009848117828369e-01
4.202251136302947998e-01
1.709015071392059326e-01
1.210978254675865173e-01
1.839574426412582397e-01
3.321510553359985352e-01
1.235508322715759277e-01
3.713992834091186523e-01
7.323102653026580811e-02
7.007003575563430786e-02
2.081439048051834106e-01
3.064416050910949707e-01
3.118670359253883362e-02
1.097508221864700317e-01
2.295485734939575195e-01
2.439668625593185425e-01
8.703796565532684326e-02
9.011650085449218750e-02
1.858576834201812744e-01
4.352489486336708069e-02
1.335814297199249268e-01
2.773087322711944580e-01
3.433731794357299805e-01
5.999847501516342163e-02
1.616555079817771912e-02
2.189582288265228271e-01
1.903512775897979736e-01
1.573674231767654419e-01
7.709834724664688110e-02
1.858452409505844116e-01
7.761994004249572754e-02
1.027105003595352173e-01
2.036471664905548096e-01
2.317835688591003418e-01
1.035513877868652344e-01
1.895632296800613403e-01
4.358350485563278198e-02
1.468709856271743774e-01
1.417154818773269653e-01
2.939455509185791016e-01
9.455255419015884399e-02
2.112485766410827637e-01
1.906708925962448120e-01
1.427586078643798828e-01
1.492603868246078491e-01
2.949705347418785095e-02
1.266062557697296143e-01
2.386359572410583496e-01
2.492478787899017334e-01
2.113245129585266113e-01
1.887421011924743652e-01
2.534590661525726318e-01
3.370651304721832275e-01
2.240811437368392944e-01
1.769586503505706787e-01
1.730611175298690796e-01
7.795575261116027832e-02
1.701034903526306152e-01
3.095995187759399414e-01
1.320967078208923340e-01
5.066698044538497925e-02
1.341349333524703979e-01
2.504398226737976074e-01
1.100108772516250610e-01
1.543520987033843994e-01
1.985868513584136963e-01
2.205322533845901489e-01
9.472363442182540894e-02
9.220139682292938232e-02
2.233487516641616821e-01
5.220501869916915894e-02
1.054272204637527466e-01
1.396059393882751465e-01
1.554888039827346802e-01
1.394164860248565674e-01
2.282756865024566650e-01
7.466052472591400146e-02
2.158324718475341797e-01
3.665238022804260254e-01
2.198928594589233398e-01
2.216398119926452637e-01
1.391533017158508301e-01
3.203933835029602051e-01
2.679759450256824493e-02
3.531877994537353516e-01
9.203144907951354980e-02
1.498589813709259033e-01
1.127091199159622192e-01
1.739426404237747192e-01
2.549141049385070801e-01
1.871404945850372314e-01
6.760957837104797363e-02
5.755288898944854736e-02
1.935198158025741577e-01
7.291764765977859497e-02
3.588018417358398438e-01
1.266034245491027832e-01
3.047912716865539551e-01
2.225863188505172729e-01
2.116823494434356689e-01
1.947142332792282104e-01
2.602847218513488770e-01
9.334166347980499268e-02
2.953180670738220215e-01
1.208700090646743774e-01
1.995425522327423096e-01
3.287481069564819336e-01
1.839067637920379639e-01
1.419873982667922974e-01
9.563808143138885498e-02
1.455444842576980591e-01
1.879638731479644775e-01
1.789453774690628052e-01
7.135459780693054199e-02
1.657313108444213867e-01
3.182885646820068359e-01
1.456888020038604736e-01
2.563050985336303711e-01
1.343076080083847046e-01
2.205110192298889160e-01
1.911758631467819214e-01
2.044748663902282715e-01
1.212020814418792725e-01
1.205243617296218872e-01
1.851418316364288330e-01
1.224325671792030334e-01
2.342429757118225098e-01
3.437282145023345947e-01
3.995086550712585449e-01
3.059913516044616699e-01
9.136398136615753174e-02
8.218047022819519043e-02
4.964151978492736816e-02
1.291871964931488037e-01
3.827054798603057861e-02
2.735966444015502930e-01
2.436284273862838745e-01
1.778478324413299561e-01
1.407973766326904297e-01
1.158038079738616943e-01
2.160475552082061768e-01
2.862816751003265381e-01
4.805101081728935242e-02
5.366530269384384155e-02
3.348873555660247803e-01
1.968827694654464722e-01
1.520679295063018799e-01
8.624166250228881836e-02
1.862684339284896851e-01
4.492647200822830200e-02
8.340157568454742432e-02
2.367217652499675751e-02
1.526150703430175781e-01
2.273745276033878326e-02
1.145159825682640076e-01
1.098796576261520386e-01
3.536903113126754761e-02
2.472605183720588684e-02
3.039782047271728516e-01
1.427960395812988281e-01
2.445599287748336792e-01
2.463972568511962891e-01
2.677400708198547363e-01
7.941041886806488037e-02
4.063437879085540771e-02
1.363372802734375000e-01
9.278314560651779175e-02
1.394350528717041016e-01
1.038745939731597900e-01
1.256836354732513428e-01
3.491495251655578613e-01
1.388912498950958252e-01
1.612733453512191772e-01
1.787101477384567261e-01
2.770365178585052490e-01
3.645878136157989502e-01
1.017287373542785645e-01
1.260467618703842163e-01
1.201303228735923767e-01
2.922170758247375488e-01
1.321059018373489380e-01
9.614983201026916504e-02
1.636296957731246948e-01
1.989501714706420898e-01
4.116960167884826660e-01
2.167421430349349976e-01
3.907075822353363037e-01
9.639187157154083252e-02
2.253358960151672363e-01
1.179957911372184753e-01
1.184232011437416077e-01
1.211320832371711731e-01
7.166770100593566895e-02
3.239819407463073730e-01
1.394221633672714233e-01
3.329353928565979004e-01
1.504012346267700195e-01
3.639865219593048096e-01
1.964042931795120239e-01
1.360753774642944336e-01
1.035588085651397705e-01
2.057506740093231201e-01
2.402422577142715454e-01
7.801686972379684448e-02
3.127062618732452393e-01
7.242144644260406494e-02
1.972405761480331421e-01
2.068445980548858643e-01
2.094485014677047729e-01
1.807666718959808350e-01
2.510648369789123535e-01
1.745567023754119873e-01
2.477709650993347168e-01
4.513775110244750977e-01
1.563111096620559692e-01
1.025148481130599976e-01
1.501195281744003296e-01
1.930620968341827393e-01
1.181914955377578735e-01
4.380738735198974609e-01
1.413688212633132935e-01
1.016317605972290039e-01
1.167932450771331787e-01
1.100092083215713501e-01
7.191894948482513428e-02
1.673109084367752075e-01
4.326235502958297729e-02
1.840631365776062012e-01
3.278217911720275879e-01
1.891244798898696899e-01
1.239904463291168213e-01
1.861404180526733398e-01
9.543215483427047729e-02
1.832577288150787354e-01
1.873223930597305298e-01
9.334558248519897461e-02
1.100613251328468323e-01
3.084619939327239990e-01
2.636100351810455322e-01
1.361669749021530151e-01
1.044881418347358704e-01
2.091137617826461792e-01
1.544316858053207397e-01
6.321031600236892700e-02
1.463403105735778809e-01
1.504682600498199463e-01
1.636236608028411865e-01
1.964579969644546509e-01
2.730579078197479248e-01
6.411203742027282715e-02
1.095264256000518799e-01
2.526196241378784180e-01
2.104969769716262817e-01
5.637858062982559204e-02
7.031150162220001221e-02
1.051243469119071960e-01
1.342366784811019897e-01
1.112890541553497314e-01
1.903791725635528564e-01
1.413306742906570435e-01
5.440934747457504272e-02
2.662203907966613770e-01
1.720715165138244629e-01
1.783994734287261963e-01
1.377777159214019775e-01
2.272608280181884766e-01
1.464157253503799438e-01
3.740947842597961426e-01
2.460004538297653198e-01
9.056518971920013428e-02
1.880917847156524658e-01
8.684901148080825806e-02
1.373373568058013916e-01
1.860468685626983643e-01
1.638435572385787964e-01
2.259360849857330322e-01
9.512144327163696289e-02
9.393615275621414185e-02
3.124874234199523926e-01
2.935847640037536621e-01
1.767280846834182739e-01
2.024151682853698730e-01
2.872202992439270020e-01
4.150883853435516357e-02
2.421955615282058716e-01
2.456661462783813477e-01
1.848692893981933594e-01
5.531895533204078674e-02
1.473253816366195679e-01
1.992739886045455933e-01
2.225818932056427002e-01
2.852299213409423828e-01
1.193818077445030212e-01
3.113954961299896240e-01
2.592880427837371826e-01
3.197193741798400879e-01
2.886476516723632812e-01
9.958831965923309326e-02
9.584531188011169434e-02
2.174186706542968750e-01
3.325768709182739258e-01
2.269959002733230591e-01
1.158971786499023438e-01
1.711035519838333130e-01
3.562861680984497070e-01
3.246371746063232422e-01
3.599626421928405762e-01
1.723188161849975586e-01
3.156090378761291504e-01
2.208209186792373657e-01
2.150829434394836426e-01
1.050246804952621460e-01
2.130334973335266113e-01
2.253203839063644409e-01
4.987368881702423096e-01
2.083816826343536377e-01
2.123435586690902710e-01
1.037897616624832153e-01
2.112735211849212646e-01
5.734620988368988037e-02
2.130579948425292969e-01
3.574587404727935791e-01
2.196251451969146729e-01
3.880843520164489746e-01
3.074871301651000977e-01
6.706511974334716797e-01
2.444908916950225830e-01
2.364873588085174561e-01
2.810444235801696777e-01
2.894534468650817871e-01
3.153298497200012207e-01
1.595847308635711670e-01
1.292456537485122681e-01
8.351612091064453125e-02
2.701737284660339355e-01
1.891787946224212646e-01
2.197863012552261353e-01
6.630733609199523926e-02
1.327951103448867798e-01
1.488078981637954712e-01
1.708524674177169800e-01
1.668347716331481934e-01
2.499812841415405273e-01
1.013972163200378418e-01
7.351678609848022461e-02
1.097263693809509277e-01
4.126873612403869629e-02
1.076088994741439819e-01
2.301343381404876709e-01
2.689252495765686035e-01
1.801081150770187378e-01
3.292202204465866089e-02
9.930986911058425903e-02
8.376006782054901123e-02
8.158403635025024414e-02
1.744038760662078857e-01
2.974697947502136230e-01
4.500310868024826050e-02
1.428078114986419678e-01
5.834371596574783325e-02
1.214919388294219971e-01
1.732729375362396240e-01
2.719731628894805908e-01
4.929820001125335693e-01
3.182578086853027344e-02
1.337847709655761719e-01
1.541403532028198242e-01
2.016318440437316895e-01
1.203565075993537903e-01
1.232317462563514709e-01
1.722435057163238525e-01
1.444310843944549561e-01
1.851681470870971680e-01
1.513637751340866089e-01
1.758444011211395264e-01
1.741355508565902710e-01
3.769297599792480469e-01
1.595918834209442139e-01
1.164748296141624451e-01
5.151385813951492310e-02
1.494806110858917236e-01
3.067902326583862305e-01
1.835229247808456421e-01
8.597826957702636719e-02
1.342366039752960205e-01
1.486204266548156738e-01
7.300177216529846191e-02
1.378973871469497681e-01
1.456920504570007324e-01
6.196694076061248779e-02
3.626210093498229980e-01
4.959786683320999146e-02
3.041715919971466064e-01
2.868962287902832031e-01
2.121752947568893433e-01
5.966664105653762817e-02
1.642453372478485107e-01
5.336547270417213440e-02
7.452723383903503418e-02
2.306792438030242920e-01
1.700489223003387451e-01
1.113763675093650818e-01
2.383781522512435913e-01
2.578098475933074951e-01
5.719431489706039429e-02
3.688942193984985352e-01
6.441730260848999023e-02
7.904055714607238770e-02
4.688163474202156067e-02
4.285764694213867188e-01
3.387486934661865234e-01
1.857230365276336670e-01
1.688750982284545898e-01
7.210149616003036499e-02
8.698789775371551514e-02
8.947923779487609863e-02
7.638330757617950439e-02
9.519692510366439819e-02
1.814025044441223145e-01
4.794507473707199097e-02
2.902185320854187012e-01
1.975363492965698242e-01
1.082840710878372192e-01
7.819980382919311523e-02
1.346501410007476807e-01
1.901125907897949219e-01
9.444205462932586670e-02
2.048714160919189453e-01
1.720921248197555542e-01
2.513981163501739502e-01
3.364191353321075439e-01
7.541095465421676636e-02
1.882382333278656006e-01
6.724652647972106934e-02
8.665571361780166626e-02
1.415242403745651245e-01
3.692691624164581299e-01
3.081608004868030548e-02
3.596075773239135742e-01
7.789145410060882568e-02
9.633644670248031616e-02
4.489643126726150513e-02
1.212324053049087524e-01
6.333437561988830566e-02
3.925293311476707458e-02
1.236672103404998779e-01
7.214906811714172363e-02
3.332300484180450439e-02
6.730826199054718018e-02
2.664096951484680176e-01
7.381360232830047607e-02
1.257351636886596680e-01
1.428157985210418701e-01
4.239151775836944580e-01
6.243250519037246704e-02
3.041462898254394531e-01
2.803156077861785889e-01
2.261703312397003174e-01
7.409007847309112549e-02
1.149532347917556763e-01
9.324860572814941406e-02
8.008962124586105347e-02
3.286913633346557617e-01
2.916266396641731262e-02
2.793474197387695312e-01
2.794616669416427612e-02
7.924411445856094360e-02
5.769425630569458008e-02
1.703889220952987671e-01
4.911883175373077393e-02
9.780558943748474121e-02
1.411457806825637817e-01
5.348004773259162903e-02
4.310387745499610901e-02
1.622068881988525391e-01
9.838058054447174072e-02
4.227856397628784180e-01
2.562609873712062836e-02
7.577940821647644043e-02
3.928785026073455811e-01
1.572240293025970459e-01
3.109375238418579102e-01
2.245668470859527588e-01
2.126747667789459229e-01
1.846662163734436035e-01
2.056024670600891113e-01
4.082836583256721497e-02
4.462567716836929321e-02
9.134276211261749268e-02
1.243164837360382080e-01
4.261299669742584229e-01
2.631654143333435059e-01
1.317053884267807007e-01
2.290155887603759766e-01
8.629311621189117432e-02
9.532989561557769775e-02
1.758615821599960327e-01
4.709305986762046814e-02
1.860413849353790283e-01
1.753588467836380005e-01
1.624982208013534546e-01
1.422712951898574829e-01
2.418965399265289307e-01
1.444106251001358032e-01
9.968557208776473999e-02
3.802206739783287048e-02
6.421443074941635132e-02
1.157061606645584106e-01
8.073024451732635498e-02
2.322930246591567993e-01
1.088375523686408997e-01
8.811153471469879150e-02
8.653121441602706909e-02
1.053889766335487366e-01
2.521616816520690918e-01
6.903999298810958862e-02
1.089589819312095642e-01
3.286612629890441895e-01
5.860994383692741394e-02
1.137883886694908142e-01
1.683750450611114502e-01
1.886762678623199463e-01
2.057291269302368164e-01
1.579806208610534668e-01
1.962380707263946533e-01
1.584038138389587402e-01
1.894279718399047852e-01
1.550226509571075439e-01
1.121035367250442505e-01
1.938948631286621094e-01
1.034042909741401672e-01
7.864121347665786743e-02
7.687466591596603394e-02
3.342387080192565918e-02
6.089686602354049683e-02
4.329035058617591858e-02
4.679802656173706055e-01
1.184470951557159424e-01
2.618222832679748535e-01
4.654245078563690186e-02
2.089977711439132690e-01
1.831224709749221802e-01
9.396070241928100586e-02
3.897981345653533936e-02
1.161847934126853943e-01
1.123995855450630188e-01
2.446363270282745361e-01
1.755638122558593750e-01
2.268850058317184448e-01
1.405731886625289917e-01
8.319003880023956299e-02
1.116663515567779541e-01
7.370300590991973877e-02
1.124484837055206299e-01
1.657779812812805176e-01
2.593384087085723877e-01
1.863561868667602539e-01
6.823945045471191406e-02
2.235483527183532715e-01
8.687697350978851318e-02
9.231552481651306152e-02
1.290582353249192238e-03
