8.907040953636169434e-02
1.548816561698913574e-01
3.692563772201538086e-01
8.296125382184982300e-02
1.622654646635055542e-01
5.576263368129730225e-02
1.345488280057907104e-01
1.526099443435668945e-01
2.014942914247512817e-01
1.774980425834655762e-01
1.237200424075126648e-01
4.502395391464233398e-01
9.166660159826278687e-02
3.686405420303344727e-01
4.369940757751464844e-01
1.575689613819122314e-01
1.296210736036300659e-01
1.479120850563049316e-01
2.975105643272399902e-01
1.211469918489456177e-01
1.748633980751037598e-01
5.658776760101318359e-01
2.886748313903808594e-01
3.185093998908996582e-01
2.299307584762573242e-01
2.130153924226760864e-01
1.643310934305191040e-01
2.190006077289581299e-01
8.490247279405593872e-02
1.645231544971466064e-01
1.727188825607299805e-01
1.891391873359680176e-01
1.393693387508392334e-01
1.376525759696960449e-01
3.927759528160095215e-01
3.446996212005615234e-01
2.645890712738037109e-01
2.106889337301254272e-01
2.172506451606750488e-01
2.465508431196212769e-01
1.047254726290702820e-01
1.039390191435813904e-01
1.991256922483444214e-01
7.952180504798889160e-02
4.174302518367767334e-01
2.670436203479766846e-01
2.233596891164779663e-01
1.074845865368843079e-01
9.903955459594726562e-02
7.829222083091735840e-02
1.261812448501586914e-01
2.686193883419036865e-01
1.740650236606597900e-01
3.031833469867706299e-01
1.223913133144378662e-01
1.258402019739151001e-01
3.379124104976654053e-01
1.740212589502334595e-01
2.184655070304870605e-01
2.291011661291122437e-01
2.601523995399475098e-01
3.530594110488891602e-01
1.773250401020050049e-01
5.095586776733398438e-01
8.009301126003265381e-02
1.825302243232727051e-01
5.623286366462707520e-01
2.869744896888732910e-01
1.027859970927238464e-01
4.355416893959045410e-01
2.159616351127624512e-01
2.159896045923233032e-01
2.379920184612274170e-01
6.462465226650238037e-02
2.035155892372131348e-01
1.627241522073745728e-01
4.337810575962066650e-01
4.657065570354461670e-01
2.319677323102951050e-01
1.016444861888885498e-01
1.312480568885803223e-01
2.193609327077865601e-01
2.528343796730041504e-01
4.859479069709777832e-01
6.693395972251892090e-02
3.756377100944519043e-01
1.437527686357498169e-01
1.558094322681427002e-01
1.912260204553604126e-01
1.923460960388183594e-01
1.110154390335083008e-01
1.410806775093078613e-01
1.930839568376541138e-01
1.490437686443328857e-01
3.374622762203216553e-01
2.941833138465881348e-01
1.867254376411437988e-01
1.197040081024169922e-01
1.956552565097808838e-01
1.199494451284408569e-01
2.224095165729522705e-01
1.412592977285385132e-01
9.616304934024810791e-02
1.465458422899246216e-01
4.782976210117340088e-01
7.174512743949890137e-02
1.359257698059082031e-01
1.488427817821502686e-01
2.755761444568634033e-01
1.377680003643035889e-01
5.173675715923309326e-02
2.191417217254638672e-01
1.417823284864425659e-01
9.790411591529846191e-02
1.886225789785385132e-01
1.395172029733657837e-01
2.853037789463996887e-02
2.599292993545532227e-01
1.788023412227630615e-01
1.844041943550109863e-01
1.175496280193328857e-01
2.188726812601089478e-01
2.947634458541870117e-01
2.480039894580841064e-01
2.688521742820739746e-01
1.851431131362915039e-01
7.033864408731460571e-02
2.501235604286193848e-01
8.927944302558898926e-02
6.604836881160736084e-02
1.368065774440765381e-01
1.799298524856567383e-01
9.627649188041687012e-02
3.460383415222167969e-01
1.859519481658935547e-01
2.724247276782989502e-01
2.287795841693878174e-01
1.528966426849365234e-01
2.354199141263961792e-01
1.760721206665039062e-01
4.301351308822631836e-02
2.800364792346954346e-01
1.743091344833374023e-01
1.855818629264831543e-01
1.307631880044937134e-01
1.977239698171615601e-01
9.354867041110992432e-02
7.223130762577056885e-02
1.762323230504989624e-01
7.609571516513824463e-02
1.563559621572494507e-01
1.040257513523101807e-01
1.339900195598602295e-01
2.478728443384170532e-01
2.673690319061279297e-01
2.161310762166976929e-01
1.539216935634613037e-01
2.356028854846954346e-01
1.142409518361091614e-01
2.933673262596130371e-01
1.958421468734741211e-01
2.725902795791625977e-01
7.566565275192260742e-02
2.389314770698547363e-01
4.036206305027008057e-01
2.076954841613769531e-01
2.833687663078308105e-01
1.283247172832489014e-01
2.127103805541992188e-01
7.941651344299316406e-02
2.920407056808471680e-01
2.322378158569335938e-01
1.848488450050354004e-01
7.254563271999359131e-02
2.238964438438415527e-01
1.997404396533966064e-01
2.841624617576599121e-01
3.059323132038116455e-01
3.464459180831909180e-01
1.146424859762191772e-01
3.170856833457946777e-01
4.625228345394134521e-01
1.641371995210647583e-01
2.038802355527877808e-01
2.159807682037353516e-01
6.552644073963165283e-02
9.422697126865386963e-02
2.055214345455169678e-01
1.746989190578460693e-01
1.845507025718688965e-01
1.390949785709381104e-01
3.221316337585449219e-01
1.937774568796157837e-01
2.618438005447387695e-01
2.262808084487915039e-01
3.351343572139739990e-01
7.636372745037078857e-02
6.095417216420173645e-02
5.977652221918106079e-02
2.872807085514068604e-01
2.066759616136550903e-01
1.883132308721542358e-01
6.858357042074203491e-02
1.163973286747932434e-01
1.192161217331886292e-01
3.291624784469604492e-01
1.887149214744567871e-01
1.349969655275344849e-01
1.669445186853408813e-01
2.933026552200317383e-01
7.058121263980865479e-02
1.554924845695495605e-01
9.205666184425354004e-02
2.412649989128112793e-01
5.307711660861968994e-02
1.135484203696250916e-01
1.031313985586166382e-01
8.264161646366119385e-02
1.573472917079925537e-01
1.700237765908241272e-02
2.947600483894348145e-01
1.771949231624603271e-01
3.626928627490997314e-01
1.037556678056716919e-01
3.051453828811645508e-01
1.853416562080383301e-01
4.898841977119445801e-01
9.560494869947433472e-02
1.831271052360534668e-01
1.776326894760131836e-01
2.661686837673187256e-01
2.538135647773742676e-01
1.808808743953704834e-01
2.108380794525146484e-01
2.111361324787139893e-01
1.476815491914749146e-01
1.106333136558532715e-01
2.486871480941772461e-01
3.883145004510879517e-02
1.458694636821746826e-01
2.784857451915740967e-01
6.903012096881866455e-02
2.116563022136688232e-01
3.467426300048828125e-01
2.969457954168319702e-02
1.564762145280838013e-01
1.432914435863494873e-01
2.522784173488616943e-01
2.179495096206665039e-01
3.898250162601470947e-01
2.653246521949768066e-01
2.311814725399017334e-01
1.983713805675506592e-01
6.941477954387664795e-02
1.808226704597473145e-01
6.469456106424331665e-02
1.172556951642036438e-01
2.011184692382812500e-01
1.429284811019897461e-01
1.447509080171585083e-01
6.608679890632629395e-02
1.170623600482940674e-01
7.420741021633148193e-02
1.508076190948486328e-01
3.561579585075378418e-01
1.191745996475219727e-01
2.070179879665374756e-01
1.934003680944442749e-01
2.308723926544189453e-01
1.597609221935272217e-01
3.136846721172332764e-01
1.166753917932510376e-01
2.262581437826156616e-01
1.433305740356445312e-01
2.100232243537902832e-01
3.664448261260986328e-01
1.584319025278091431e-01
8.561775833368301392e-02
3.540232181549072266e-01
1.556802392005920410e-01
3.808808326721191406e-01
2.933984994888305664e-01
1.837086826562881470e-01
7.804183661937713623e-02
2.214117944240570068e-01
1.053185760974884033e-01
2.222619056701660156e-01
1.084585785865783691e-01
1.451242864131927490e-01
1.242346167564392090e-01
3.125292658805847168e-01
3.724457919597625732e-01
1.140815764665603638e-01
1.313064098358154297e-01
2.290212512016296387e-01
3.493011891841888428e-01
3.839976191520690918e-01
2.192519009113311768e-01
4.425257444381713867e-01
1.552068591117858887e-01
5.317246913909912109e-01
9.960625320672988892e-02
1.983753144741058350e-01
2.148577272891998291e-01
1.504300385713577271e-01
2.180016338825225830e-01
7.378551363945007324e-02
1.225440576672554016e-01
1.492800265550613403e-01
1.429189741611480713e-01
1.957409530878067017e-01
1.396030783653259277e-01
1.448661684989929199e-01
2.453215792775154114e-02
1.058977767825126648e-01
1.073514297604560852e-01
3.524034619331359863e-01
1.298885792493820190e-01
1.131722703576087952e-01
6.530569791793823242e-01
2.076661884784698486e-01
2.413936555385589600e-01
2.244830429553985596e-01
1.789305508136749268e-01
1.597106456756591797e-01
2.395341098308563232e-01
3.014723658561706543e-01
2.346807122230529785e-01
1.731301248073577881e-01
6.654185801744461060e-02
2.857899665832519531e-01
9.492126852273941040e-02
4.624631702899932861e-01
3.777867555618286133e-01
3.181343078613281250e-01
2.782288193702697754e-01
2.276479452848434448e-01
1.223779469728469849e-01
3.611285090446472168e-01
1.965301334857940674e-01
2.437121570110321045e-01
4.803146123886108398e-01
1.684603989124298096e-01
9.664408862590789795e-02
3.189052939414978027e-01
3.881031870841979980e-01
1.896865665912628174e-01
2.896449565887451172e-01
1.994145512580871582e-01
2.059145420789718628e-01
4.015141725540161133e-02
8.393697440624237061e-02
5.097790360450744629e-01
2.719467878341674805e-01
8.486752212047576904e-02
2.311510443687438965e-01
1.044454276561737061e-01
9.678532928228378296e-02
1.237676292657852173e-01
5.589446052908897400e-02
1.695760190486907959e-01
5.109596997499465942e-02
2.005772888660430908e-01
1.423461288213729858e-01
4.911746382713317871e-01
1.550199687480926514e-01
3.005250394344329834e-01
3.226549029350280762e-01
8.606354892253875732e-02
1.367245912551879883e-01
2.368753552436828613e-01
1.770324110984802246e-01
2.167646139860153198e-01
1.675841212272644043e-01
2.831532359123229980e-01
1.018226668238639832e-01
1.404381841421127319e-01
1.877955794334411621e-01
1.424930542707443237e-01
1.096874177455902100e-01
1.552810668945312500e-01
2.314983159303665161e-01
5.884878337383270264e-02
3.337788283824920654e-01
4.658298939466476440e-02
4.258977174758911133e-01
1.717202365398406982e-01
2.220166623592376709e-01
1.590863764286041260e-01
2.361043989658355713e-01
1.320340335369110107e-01
2.031860500574111938e-01
6.279198527336120605e-01
4.091682285070419312e-02
4.410254359245300293e-01
3.208056092262268066e-01
1.194708198308944702e-01
2.081037610769271851e-01
1.201112121343612671e-01
4.638232588768005371e-01
5.798801034688949585e-02
2.311353683471679688e-01
1.229690313339233398e-01
1.374861598014831543e-01
2.975161075592041016e-01
2.092152535915374756e-01
2.065057605504989624e-01
3.706390857696533203e-01
1.039700806140899658e-01
1.558209359645843506e-01
3.797096312046051025e-01
1.492305994033813477e-01
2.036280632019042969e-01
4.638239741325378418e-02
8.006218075752258301e-02
1.181979030370712280e-01
4.698268696665763855e-02
3.611049056053161621e-01
6.187205761671066284e-02
3.597792237997055054e-02
1.233047097921371460e-01
1.035026013851165771e-01
1.108082011342048645e-01
2.629169225692749023e-01
1.239209771156311035e-01
4.613914489746093750e-01
1.757129132747650146e-01
2.364536672830581665e-01
3.448999524116516113e-01
3.402227163314819336e-01
1.681507527828216553e-01
1.406758725643157959e-01
1.800385564565658569e-01
1.030729860067367554e-01
1.631381213665008545e-01
3.870203197002410889e-01
3.192126750946044922e-01
1.646582037210464478e-01
1.347148865461349487e-01
7.112296670675277710e-02
1.800076961517333984e-01
3.132980763912200928e-01
1.532652676105499268e-01
1.494415402412414551e-01
1.378576755523681641e-01
2.049540877342224121e-01
4.250603914260864258e-02
2.059837281703948975e-01
1.819741427898406982e-01
1.816620826721191406e-01
1.002922058105468750e-01
4.499993622303009033e-01
1.599390208721160889e-01
1.417591422796249390e-01
8.681887388229370117e-02
1.042274385690689087e-01
1.079808324575424194e-01
4.407531768083572388e-02
1.054874137043952942e-01
2.342709600925445557e-01
3.756630420684814453e-01
6.347249448299407959e-02
4.860938191413879395e-01
1.682222336530685425e-01
2.540508508682250977e-01
1.450833678245544434e-01
1.443793624639511108e-01
8.204881846904754639e-02
1.667898297309875488e-01
2.764083147048950195e-01
1.156365573406219482e-01
4.293882101774215698e-02
1.359107196331024170e-01
1.087804213166236877e-01
1.232060268521308899e-01
1.445147991180419922e-01
8.156224340200424194e-02
2.938529849052429199e-02
1.210097223520278931e-01
3.084111213684082031e-01
8.876077830791473389e-02
2.060430347919464111e-01
2.035840153694152832e-01
2.415936291217803955e-01
1.936132311820983887e-01
2.358797565102577209e-02
1.983736455440521240e-01
1.041985750198364258e-01
1.013743504881858826e-01
3.453401029109954834e-01
1.611362993717193604e-01
2.441244721412658691e-01
1.260820031166076660e-01
1.209876313805580139e-01
1.383298039436340332e-01
2.254858762025833130e-01
4.111628830432891846e-01
1.166381388902664185e-01
1.878675818443298340e-01
1.942348331212997437e-01
3.283748030662536621e-01
1.091608703136444092e-01
2.699399292469024658e-01
1.825290918350219727e-01
2.421132624149322510e-01
3.146714568138122559e-01
3.485349416732788086e-01
1.672896444797515869e-01
2.124870866537094116e-01
1.009484082460403442e-01
1.597034037113189697e-01
1.213599964976310730e-01
1.267660111188888550e-01
8.536753058433532715e-02
1.712037920951843262e-01
1.568582504987716675e-01
1.954204589128494263e-01
6.438925862312316895e-02
3.103329241275787354e-01
3.967036008834838867e-01
1.705065667629241943e-01
1.411173939704895020e-01
4.720427095890045166e-02
4.216964542865753174e-01
1.424363255500793457e-01
5.499790981411933899e-02
1.152717992663383484e-01
1.431847959756851196e-01
8.956794440746307373e-02
2.203229814767837524e-01
1.864831000566482544e-01
2.244910001754760742e-01
2.204225957393646240e-01
3.898212313652038574e-01
2.840314507484436035e-01
1.669439077377319336e-01
1.458615660667419434e-01
1.279816925525665283e-01
9.608565270900726318e-02
1.021120697259902954e-01
2.139681279659271240e-01
1.711096763610839844e-01
1.616608351469039917e-01
2.818455100059509277e-01
1.606887578964233398e-01
2.304273247718811035e-01
4.108842462301254272e-02
3.815297186374664307e-01
3.418318629264831543e-01
1.683588027954101562e-01
3.253624737262725830e-01
2.314463555812835693e-01
2.003353238105773926e-01
2.239951044321060181e-01
1.171497181057929993e-01
2.432545423507690430e-01
3.610140681266784668e-01
1.775724440813064575e-01
8.951327204704284668e-02
2.110406309366226196e-01
1.546487510204315186e-01
1.791862547397613525e-01
4.475078284740447998e-01
3.601482510566711426e-01
1.159009113907814026e-01
1.508814543485641479e-01
2.011237591505050659e-01
1.710885465145111084e-01
1.191400662064552307e-01
3.973063230514526367e-01
2.654126286506652832e-01
9.915159642696380615e-02
1.751758903264999390e-01
1.921926289796829224e-01
2.216160595417022705e-01
1.579278707504272461e-01
2.671724259853363037e-01
1.706170886754989624e-01
1.171179711818695068e-01
1.235591843724250793e-01
9.153012931346893311e-02
4.253324568271636963e-01
1.955574005842208862e-01
2.702293992042541504e-01
5.575833320617675781e-01
1.471516788005828857e-01
1.702354848384857178e-01
3.060473799705505371e-01
1.021946147084236145e-01
1.892654299736022949e-01
9.517396986484527588e-02
1.088066771626472473e-01
5.239528417587280273e-02
4.961768984794616699e-01
1.640358418226242065e-01
8.316007256507873535e-02
2.204708606004714966e-01
4.831023514270782471e-02
2.111604660749435425e-01
2.592817246913909912e-01
4.820498228073120117e-01
1.857939511537551880e-01
4.027686417102813721e-01
2.542783319950103760e-01
3.017223477363586426e-01
2.005806565284729004e-01
1.763429045677185059e-01
1.215273439884185791e-01
1.373827159404754639e-01
1.536654382944107056e-01
2.627007365226745605e-01
6.871145218610763550e-02
1.108320802450180054e-01
9.368635714054107666e-02
2.079023420810699463e-01
3.729823827743530273e-01
4.987395554780960083e-02
1.448510140180587769e-01
1.360121369361877441e-01
8.224669843912124634e-02
3.060292005538940430e-01
3.802197426557540894e-02
1.309027224779129028e-01
3.494274318218231201e-01
2.008240669965744019e-01
2.178961485624313354e-01
2.148803919553756714e-01
3.855185955762863159e-02
3.147174417972564697e-02
1.496905982494354248e-01
1.796691119670867920e-01
9.657228738069534302e-02
1.359110623598098755e-01
1.118040978908538818e-01
3.679820299148559570e-01
1.319887489080429077e-01
1.780079454183578491e-01
1.034317612648010254e-01
9.827020764350891113e-02
1.798937022686004639e-01
1.398231089115142822e-01
1.038247346878051758e-01
1.635521501302719116e-01
2.533266246318817139e-01
1.476130187511444092e-01
1.852036118507385254e-01
2.463680207729339600e-01
1.354467421770095825e-01
2.531004250049591064e-01
3.028358817100524902e-01
5.311238765716552734e-02
1.206077262759208679e-01
1.412639468908309937e-01
9.605864435434341431e-02
4.112969711422920227e-02
3.538449108600616455e-01
1.081990003585815430e-01
1.931727677583694458e-01
9.502185881137847900e-02
3.234030008316040039e-01
2.170420289039611816e-01
2.278619706630706787e-01
8.749531954526901245e-02
6.327453255653381348e-02
1.967128515243530273e-01
1.428248584270477295e-01
1.467815935611724854e-01
8.047764003276824951e-02
2.303171753883361816e-01
1.225811839103698730e-01
2.507772445678710938e-01
1.706945002079010010e-01
1.568104177713394165e-01
1.359204798936843872e-01
1.004471406340599060e-01
4.182872176170349121e-01
1.576003283262252808e-01
9.095500409603118896e-02
4.900127053260803223e-01
2.240367531776428223e-01
1.174173653125762939e-01
1.623517721891403198e-01
1.098998039960861206e-01
3.729029893875122070e-01
1.961849927902221680e-01
2.114429771900177002e-01
1.421233862638473511e-01
1.221596002578735352e-01
2.445345669984817505e-01
1.845789849758148193e-01
1.059156656265258789e-01
1.679729968309402466e-01
3.053669929504394531e-01
1.721625477075576782e-01
2.271999269723892212e-01
1.939793527126312256e-01
3.355258107185363770e-01
1.955927908420562744e-01
2.942433953285217285e-01
3.705101013183593750e-01
5.497527122497558594e-02
1.905246675014495850e-01
2.005784064531326294e-01
6.695376336574554443e-02
2.581029534339904785e-01
1.857881993055343628e-01
1.342613995075225830e-01
5.169973373413085938e-01
1.900393515825271606e-01
2.457006275653839111e-01
2.583110630512237549e-01
9.816337376832962036e-02
1.758695244789123535e-01
3.832584023475646973e-01
1.276309937238693237e-01
1.774203479290008545e-01
4.538664221763610840e-02
2.001096457242965698e-01
3.688508272171020508e-01
9.130663424730300903e-02
2.243589758872985840e-01
2.488912194967269897e-01
7.689752429723739624e-02
1.675270646810531616e-01
2.871929407119750977e-01
2.074985653162002563e-01
2.150385081768035889e-01
2.595190405845642090e-01
5.368809700012207031e-01
3.105736672878265381e-01
3.858388364315032959e-01
2.781828641891479492e-01
2.388439774513244629e-01
2.694490551948547363e-01
3.407647907733917236e-01
3.499827980995178223e-01
9.668624401092529297e-02
3.870111703872680664e-01
2.328568100929260254e-01
1.675476878881454468e-01
2.282480001449584961e-01
2.517379522323608398e-01
3.032724857330322266e-01
2.085620462894439697e-01
2.221465706825256348e-01
1.985382884740829468e-01
6.017339974641799927e-02
1.372253149747848511e-01
2.293557226657867432e-01
1.298765540122985840e-01
9.246563911437988281e-02
2.043380737304687500e-01
2.369937449693679810e-01
2.094985842704772949e-01
3.597330451011657715e-01
2.202103137969970703e-01
1.285494118928909302e-01
1.065814346075057983e-01
2.696006894111633301e-01
1.307450830936431885e-01
1.010329872369766235e-01
4.329526424407958984e-02
2.960481345653533936e-01
9.312501549720764160e-02
1.229182630777359009e-01
2.801133394241333008e-01
1.622184962034225464e-01
4.333633780479431152e-01
2.272369563579559326e-01
3.111456036567687988e-01
2.024255394935607910e-01
2.230532467365264893e-01
2.206072211265563965e-01
1.447556316852569580e-01
1.988365948200225830e-01
8.013373613357543945e-02
1.214755028486251831e-01
3.624011948704719543e-02
1.851471066474914551e-01
1.626391559839248657e-01
1.167493909597396851e-01
9.888446331024169922e-02
1.619851887226104736e-01
7.967056334018707275e-02
8.905839920043945312e-02
2.360907346010208130e-01
1.346138566732406616e-01
7.619419097900390625e-01
9.686824679374694824e-02
1.191095635294914246e-01
2.373023927211761475e-01
2.781473696231842041e-01
3.828107565641403198e-02
8.383744955062866211e-02
4.122469127178192139e-01
4.034857749938964844e-01
6.635290384292602539e-02
1.362282037734985352e-01
2.609694600105285645e-01
3.730556964874267578e-01
3.143258392810821533e-01
7.012502849102020264e-02
4.254248142242431641e-01
4.338927567005157471e-01
2.061055451631546021e-01
1.438550502061843872e-01
3.343082070350646973e-01
2.149334698915481567e-01
7.128666341304779053e-02
2.191902399063110352e-01
3.412882685661315918e-01
1.428526937961578369e-01
7.818421721458435059e-02
5.639957189559936523e-01
8.344246447086334229e-02
1.866713166236877441e-01
1.022245362401008606e-01
7.255997508764266968e-02
1.862926185131072998e-01
9.619167447090148926e-02
2.342072725296020508e-01
7.292098551988601685e-02
1.458016037940979004e-01
8.680558204650878906e-02
2.720524370670318604e-01
1.316123455762863159e-01
5.286734104156494141e-01
2.542986571788787842e-01
1.213824898004531860e-01
3.172456473112106323e-02
2.205938994884490967e-01
3.975960612297058105e-01
3.427335619926452637e-01
1.561243683099746704e-01
2.164339423179626465e-01
1.654543727636337280e-01
3.219366371631622314e-01
2.101050317287445068e-01
2.447255253791809082e-01
3.771370649337768555e-01
1.186964660882949829e-01
3.102371394634246826e-01
1.756039857864379883e-01
3.233009576797485352e-01
2.066199779510498047e-01
1.174105405807495117e-01
2.335708439350128174e-01
1.434124708175659180e-01
1.323403418064117432e-01
1.074627488851547241e-01
1.726632118225097656e-01
3.102979063987731934e-01
1.270676553249359131e-01
8.392128348350524902e-02
2.601183950901031494e-01
3.907202184200286865e-02
2.422006726264953613e-01
1.337081938982009888e-01
1.531387716531753540e-01
9.103024750947952271e-02
5.029974877834320068e-02
2.373069226741790771e-01
1.037842854857444763e-01
2.923820540308952332e-02
1.085746884346008301e-01
5.849250778555870056e-02
2.166131734848022461e-01
2.040815502405166626e-01
3.227796554565429688e-01
1.200154125690460205e-01
1.250794529914855957e-01
1.646194458007812500e-01
1.626264452934265137e-01
1.797039210796356201e-01
3.481230139732360840e-01
1.980337053537368774e-01
1.515094637870788574e-01
2.779500186443328857e-01
3.485066816210746765e-02
5.453828349709510803e-02
2.470458745956420898e-01
1.036753356456756592e-01
1.286850571632385254e-01
1.135828867554664612e-01
8.953585475683212280e-02
1.022581011056900024e-01
7.857518643140792847e-02
2.179306596517562866e-01
2.335191220045089722e-01
2.697950005531311035e-01
7.349786162376403809e-02
4.124368429183959961e-01
1.442853808403015137e-01
1.300051808357238770e-01
2.323233485221862793e-01
2.220893949270248413e-01
1.963222026824951172e-01
1.559289544820785522e-01
1.646056920289993286e-01
1.856747865676879883e-01
2.461766004562377930e-01
3.264587223529815674e-01
2.297949492931365967e-01
2.507961392402648926e-01
1.840335279703140259e-01
2.488771378993988037e-01
1.804344356060028076e-01
1.947436928749084473e-01
1.349000036716461182e-01
1.517271995544433594e-01
1.821907609701156616e-01
2.268955707550048828e-01
1.277743875980377197e-01
1.433941125869750977e-01
9.892123937606811523e-02
1.384035348892211914e-01
1.487342864274978638e-01
3.198632001876831055e-01
1.066552102565765381e-01
2.828687131404876709e-01
2.335941642522811890e-01
1.840842068195343018e-01
1.969798505306243896e-01
2.419178634881973267e-01
1.282777041196823120e-01
1.224960833787918091e-01
2.295778691768646240e-01
2.368141263723373413e-01
1.680883765220642090e-01
2.487066686153411865e-01
1.594473123550415039e-01
3.152861595153808594e-01
3.399255275726318359e-01
2.385811805725097656e-01
3.379645049571990967e-01
6.144192814826965332e-02
1.031450182199478149e-01
3.216085135936737061e-01
1.698263436555862427e-01
2.472512871026992798e-01
2.311303615570068359e-01
2.108782827854156494e-01
1.775416582822799683e-01
2.788461744785308838e-01
6.304445862770080566e-02
8.063303679227828979e-02
2.377644181251525879e-01
1.606569886207580566e-01
7.497274875640869141e-02
2.144498825073242188e-01
1.633949130773544312e-01
1.199455708265304565e-01
1.256965100765228271e-01
2.331720888614654541e-01
2.466612458229064941e-01
5.230940133333206177e-02
1.400589048862457275e-01
1.748978942632675171e-01
2.967846095561981201e-01
2.318247258663177490e-01
1.273307055234909058e-01
2.771142125129699707e-01
2.059416770935058594e-01
1.857937127351760864e-01
2.442545294761657715e-01
1.909806430339813232e-01
4.615917205810546875e-01
2.894564270973205566e-01
3.718267381191253662e-01
1.803713887929916382e-01
2.073720395565032959e-01
2.566117048263549805e-01
2.409851849079132080e-01
1.034058034420013428e-01
2.127141654491424561e-01
1.514713913202285767e-01
1.559038013219833374e-01
5.156185477972030640e-02
9.482091665267944336e-02
2.401987761259078979e-01
1.321691721677780151e-01
2.364546656608581543e-01
2.046567201614379883e-01
1.293585151433944702e-01
3.804676532745361328e-01
2.215797007083892822e-01
1.512635201215744019e-01
1.738777458667755127e-01
9.257109463214874268e-02
5.922913551330566406e-02
2.630855143070220947e-01
3.905169367790222168e-01
1.553350836038589478e-01
1.046825125813484192e-01
2.476594895124435425e-01
1.327136009931564331e-01
3.673707842826843262e-01
2.556872963905334473e-01
1.235795840620994568e-01
6.603730469942092896e-02
8.910468220710754395e-02
1.379697769880294800e-01
3.640566766262054443e-02
1.535826921463012695e-01
1.319893002510070801e-01
1.539404094219207764e-01
2.116412520408630371e-01
7.154962420463562012e-02
1.542479097843170166e-01
1.713862419128417969e-01
6.934873014688491821e-02
4.664513766765594482e-01
1.370595693588256836e-01
1.404033899307250977e-01
1.552465856075286865e-01
1.831361353397369385e-01
1.801125556230545044e-01
2.160986363887786865e-01
1.645275652408599854e-01
9.993045032024383545e-02
9.520912915468215942e-02
1.472951471805572510e-01
5.991300940513610840e-02
2.443262040615081787e-01
2.611232101917266846e-01
2.815013527870178223e-01
1.236200705170631409e-01
1.626842021942138672e-01
5.573617666959762573e-02
2.448066771030426025e-01
2.036506533622741699e-01
4.615478217601776123e-02
3.472987413406372070e-01
3.085393309593200684e-01
2.273718416690826416e-01
3.016683459281921387e-01
1.603367626667022705e-01
3.879894018173217773e-01
2.073773145675659180e-01
2.044714242219924927e-01
4.097637832164764404e-01
1.562037765979766846e-01
2.704266309738159180e-01
1.974363327026367188e-01
1.808821707963943481e-01
3.987570106983184814e-01
6.397289782762527466e-02
1.946995705366134644e-01
1.555983424186706543e-01
1.070823967456817627e-01
2.329788804054260254e-01
7.373134046792984009e-02
4.185491055250167847e-02
2.191821113228797913e-02
2.207283377647399902e-01
3.269671797752380371e-01
2.460712045431137085e-01
1.902017593383789062e-01
2.699521780014038086e-01
2.394765913486480713e-01
4.018109142780303955e-01
1.298623234033584595e-01
1.852677911520004272e-01
2.427593767642974854e-01
1.782142221927642822e-01
2.516894340515136719e-01
3.527082204818725586e-01
5.136233568191528320e-01
4.841283261775970459e-01
1.543271243572235107e-01
1.523542106151580811e-01
2.835362851619720459e-01
1.779381036758422852e-01
1.969224959611892700e-01
1.748451888561248779e-01
1.254771053791046143e-01
2.398613095283508301e-01
1.381729245185852051e-01
1.161628663539886475e-01
9.696617722511291504e-02
2.239592969417572021e-01
2.318474501371383667e-01
2.132245302200317383e-01
1.884436607360839844e-01
2.007002532482147217e-01
1.781180500984191895e-01
3.671914935111999512e-01
1.671683192253112793e-01
1.658937633037567139e-01
1.569594442844390869e-01
1.530759781599044800e-01
2.085775136947631836e-01
3.641543984413146973e-01
1.812810450792312622e-01
7.405108213424682617e-02
2.929348051548004150e-01
2.112226188182830811e-01
1.470699310302734375e-01
1.379306912422180176e-01
5.569622665643692017e-02
2.776279747486114502e-01
2.050008177757263184e-01
2.263781726360321045e-01
2.970176935195922852e-01
2.654101252555847168e-01
3.393552005290985107e-01
1.102879643440246582e-01
3.338066339492797852e-01
2.109151482582092285e-01
4.711728096008300781e-01
2.145276963710784912e-01
3.219887316226959229e-01
1.035943478345870972e-01
1.518336683511734009e-01
6.902645528316497803e-02
2.382654845714569092e-01
2.792731821537017822e-01
2.537500858306884766e-01
1.844594776630401611e-01
4.369611740112304688e-01
2.359447032213211060e-01
1.755633801221847534e-01
9.514258056879043579e-02
1.954236924648284912e-01
1.635265499353408813e-01
2.801997363567352295e-01
1.452812105417251587e-01
1.566549837589263916e-01
8.016625642776489258e-01
1.599601507186889648e-01
1.599444597959518433e-01
1.739441156387329102e-01
1.667073071002960205e-01
5.082032680511474609e-01
2.380578815937042236e-01
2.202251702547073364e-01
1.643554568290710449e-01
3.164589405059814453e-01
1.114623397588729858e-01
2.537648081779479980e-01
1.525626033544540405e-01
7.852159738540649414e-01
1.304651200771331787e-01
2.126550972461700439e-01
4.808605909347534180e-01
9.130541980266571045e-02
1.302624344825744629e-01
1.400670707225799561e-01
3.651297092437744141e-01
1.328815221786499023e-01
1.900238990783691406e-01
1.492305397987365723e-01
3.064664006233215332e-01
1.968059241771697998e-01
1.879978775978088379e-01
1.273322552442550659e-01
3.547744452953338623e-01
1.744960844516754150e-01
1.890892088413238525e-01
1.334646940231323242e-01
1.748377978801727295e-01
7.992338389158248901e-02
1.531305015087127686e-01
2.090843915939331055e-01
1.248462572693824768e-01
1.401645094156265259e-01
1.536034941673278809e-01
1.775046736001968384e-01
1.004148498177528381e-01
2.579509615898132324e-01
6.388019025325775146e-02
2.596785426139831543e-01
3.969689309597015381e-01
1.911207586526870728e-01
7.904428243637084961e-02
2.458547651767730713e-01
2.942580580711364746e-01
9.993259608745574951e-02
2.668678760528564453e-01
2.500287890434265137e-01
3.703697025775909424e-01
1.783991754055023193e-01
2.825422286987304688e-01
2.222462892532348633e-01
1.374619454145431519e-01
5.867468193173408508e-02
2.536334991455078125e-01
2.313780933618545532e-01
4.228775501251220703e-01
2.303521484136581421e-01
1.281903684139251709e-01
3.343557715415954590e-01
2.759746313095092773e-01
2.009003460407257080e-01
2.080073356628417969e-01
2.102634012699127197e-01
1.591105163097381592e-01
1.515826880931854248e-01
1.610935330390930176e-01
2.869287133216857910e-01
1.405115723609924316e-01
1.622938215732574463e-01
2.169749736785888672e-01
2.126338779926300049e-01
3.534383773803710938e-01
3.576667904853820801e-01
5.415525659918785095e-02
1.078458875417709351e-01
6.677338480949401855e-02
3.060497641563415527e-01
1.106252446770668030e-01
1.558099687099456787e-01
9.166972339153289795e-02
2.567180991172790527e-01
1.651619672775268555e-01
8.453822880983352661e-02
5.346868038177490234e-01
1.276904344558715820e-01
2.507481873035430908e-01
2.352847307920455933e-01
1.417725980281829834e-01
1.857582330703735352e-01
7.137241959571838379e-02
1.795597970485687256e-01
1.095552220940589905e-01
1.594671458005905151e-01
3.134671151638031006e-01
1.816200315952301025e-01
3.962815403938293457e-01
5.293946340680122375e-02
3.548644483089447021e-01
2.420799434185028076e-01
9.681136906147003174e-02
1.402284353971481323e-01
3.315803110599517822e-01
1.906707137823104858e-01
3.365428447723388672e-01
2.464787214994430542e-01
2.213241606950759888e-01
1.538012474775314331e-01
1.746991276741027832e-01
1.524841040372848511e-01
3.430954813957214355e-01
8.247886598110198975e-02
2.910748720169067383e-01
9.163683652877807617e-01
