1.021250113844871521e-01
9.026096761226654053e-02
1.740188747644424438e-01
1.266697347164154053e-01
2.509687244892120361e-01
1.542820930480957031e-01
3.125625550746917725e-01
3.296766281127929688e-01
1.108787655830383301e-01
2.157912403345108032e-01
2.614619135856628418e-01
2.626225948333740234e-01
8.208923041820526123e-02
3.491402789950370789e-02
5.250339582562446594e-02
3.981928527355194092e-02
1.279993951320648193e-01
2.809830904006958008e-01
2.051077038049697876e-01
6.016227006912231445e-01
3.236078023910522461e-01
1.121940687298774719e-01
1.477910429239273071e-01
1.597947329282760620e-01
8.985701948404312134e-02
1.996959149837493896e-01
1.989090740680694580e-01
1.260744929313659668e-01
5.717526003718376160e-02
1.892002820968627930e-01
1.122557818889617920e-01
2.637448310852050781e-01
5.901838839054107666e-02
1.902184784412384033e-01
2.942915558815002441e-01
6.710088253021240234e-02
1.920471638441085815e-01
2.358181774616241455e-01
2.262088507413864136e-01
1.442220807075500488e-01
8.830367773771286011e-02
1.818089783191680908e-01
1.093658879399299622e-01
3.509558737277984619e-01
9.001687914133071899e-02
2.359210699796676636e-01
1.030058413743972778e-01
3.073627650737762451e-01
2.733301743865013123e-02
6.445643305778503418e-02
5.247122049331665039e-02
5.809319764375686646e-02
1.693404316902160645e-01
3.583039641380310059e-01
1.428856253623962402e-01
2.476416677236557007e-01
1.531141102313995361e-01
3.636938706040382385e-02
9.248938411474227905e-02
1.436140388250350952e-01
2.095630615949630737e-01
2.645747959613800049e-01
2.514401376247406006e-01
1.495407074689865112e-01
2.018524110317230225e-01
3.469641506671905518e-02
2.477123737335205078e-01
1.431893855333328247e-01
2.132671773433685303e-01
8.044720441102981567e-02
8.463320136070251465e-02
1.242093965411186218e-01
1.110433936119079590e-01
9.003262221813201904e-02
3.738430142402648926e-01
3.140664100646972656e-01
7.029417157173156738e-02
1.998516023159027100e-01
1.021779999136924744e-01
5.739019066095352173e-02
1.507364809513092041e-01
2.093625068664550781e-01
1.148898229002952576e-01
2.651760280132293701e-01
8.941942453384399414e-02
9.123213589191436768e-02
5.205595493316650391e-02
1.095704063773155212e-01
3.041785359382629395e-01
5.309731140732765198e-02
2.110949456691741943e-01
7.662703096866607666e-02
2.030937671661376953e-01
6.410360336303710938e-02
2.375172972679138184e-01
2.112127244472503662e-01
9.511500597000122070e-02
1.348804086446762085e-01
2.225162982940673828e-01
8.706022799015045166e-02
2.973080798983573914e-02
1.041234135627746582e-01
2.099326401948928833e-01
2.569607198238372803e-01
3.786044940352439880e-02
1.433507204055786133e-01
2.002644389867782593e-01
6.638837605714797974e-02
1.632899791002273560e-01
5.639703869819641113e-01
1.367576271295547485e-01
3.112834095954895020e-01
4.814481735229492188e-02
4.230040311813354492e-01
9.820620715618133545e-02
2.124590575695037842e-01
2.205187678337097168e-01
2.188423275947570801e-01
3.348879814147949219e-01
2.697732448577880859e-01
1.819506436586380005e-01
3.109790682792663574e-01
1.221052706241607666e-01
1.473181247711181641e-01
2.460813075304031372e-01
1.527129709720611572e-01
5.556518584489822388e-02
2.046935856342315674e-01
9.372654557228088379e-02
6.129786372184753418e-02
3.332366049289703369e-02
1.139416098594665527e-01
2.274966090917587280e-01
1.615383177995681763e-01
7.918277382850646973e-02
1.779501289129257202e-01
1.905406713485717773e-01
3.763705119490623474e-02
1.984590888023376465e-01
1.741655766963958740e-01
2.498603463172912598e-01
1.791623383760452271e-01
3.861430287361145020e-01
1.708506941795349121e-01
1.676986515522003174e-01
9.670204669237136841e-02
1.648419201374053955e-01
8.678623288869857788e-02
3.107283413410186768e-01
1.827509701251983643e-01
7.992102205753326416e-02
1.066440194845199585e-01
3.167556524276733398e-01
4.799987971782684326e-01
1.590005755424499512e-01
4.362643882632255554e-02
2.776466310024261475e-02
1.302941292524337769e-01
1.360596567392349243e-01
2.974627539515495300e-02
2.796324789524078369e-01
2.147028148174285889e-01
1.831879913806915283e-01
2.911617159843444824e-01
8.669526875019073486e-02
1.331224888563156128e-01
5.730903521180152893e-02
3.013901710510253906e-01
8.591020852327346802e-02
1.625497788190841675e-01
3.534867614507675171e-02
4.457592591643333435e-02
4.873047024011611938e-02
1.119733378291130066e-01
3.485513329505920410e-01
4.650575667619705200e-02
4.231260716915130615e-02
1.549421846866607666e-01
2.358054965734481812e-01
1.185338646173477173e-01
6.143503263592720032e-02
1.082399487495422363e-01
1.698990315198898315e-01
1.064886972308158875e-01
3.610647097229957581e-02
2.841922938823699951e-01
9.413108229637145996e-02
1.079420298337936401e-01
1.221056655049324036e-01
5.580787360668182373e-02
9.135851263999938965e-02
5.569408461451530457e-02
8.343520760536193848e-02
1.282197386026382446e-01
1.656950563192367554e-01
2.493475377559661865e-01
6.016049534082412720e-02
2.087357640266418457e-02
5.355320125818252563e-02
1.178553625941276550e-01
1.049127727746963501e-01
3.818229138851165771e-01
2.935209274291992188e-01
5.968248471617698669e-02
1.065926104784011841e-01
2.263627648353576660e-01
1.474783420562744141e-01
1.852005571126937866e-01
4.450471699237823486e-02
2.951653674244880676e-02
2.625604346394538879e-02
2.180542647838592529e-01
2.264315187931060791e-01
3.284933567047119141e-01
1.918130218982696533e-01
6.525312364101409912e-02
1.118935048580169678e-01
1.810918897390365601e-01
8.063989877700805664e-02
3.627472519874572754e-01
2.408539503812789917e-01
1.160418167710304260e-01
2.024568170309066772e-01
2.012963593006134033e-01
1.844305694103240967e-01
9.082117676734924316e-02
2.671943306922912598e-01
1.779470443725585938e-01
2.497125715017318726e-01
1.767875254154205322e-01
1.866904795169830322e-01
2.108890712261199951e-01
8.190701901912689209e-02
2.642456889152526855e-01
4.391429573297500610e-02
3.699835017323493958e-02
2.668578624725341797e-01
4.669906198978424072e-01
1.633836627006530762e-01
1.954554021358489990e-01
3.467491865158081055e-01
2.073732316493988037e-01
1.905983984470367432e-01
2.283507585525512695e-01
2.220356166362762451e-01
1.851318478584289551e-01
1.230985820293426514e-01
3.505628705024719238e-01
1.607857048511505127e-01
2.416067123413085938e-01
1.135437190532684326e-01
2.238364219665527344e-01
3.594547212123870850e-01
2.439454495906829834e-01
1.878249198198318481e-01
1.567146033048629761e-01
6.115289404988288879e-02
9.642530977725982666e-02
2.002265453338623047e-01
2.029243856668472290e-01
1.427136808633804321e-01
2.268089354038238525e-01
8.913038671016693115e-02
2.170521914958953857e-01
9.676475822925567627e-02
8.061750233173370361e-02
2.705516815185546875e-01
1.723429262638092041e-01
3.190296292304992676e-01
2.984018027782440186e-01
3.871063590049743652e-01
2.430478632450103760e-01
1.516194641590118408e-01
7.163432240486145020e-02
8.142828196287155151e-02
7.310004532337188721e-02
1.845523566007614136e-01
7.997111976146697998e-02
2.719976380467414856e-02
6.286442279815673828e-02
1.627381443977355957e-01
1.316885501146316528e-01
2.281659096479415894e-01
1.948049515485763550e-01
2.060492038726806641e-01
1.637549549341201782e-01
7.903238385915756226e-02
9.451290220022201538e-02
2.849133610725402832e-01
3.768968209624290466e-02
7.046149671077728271e-02
4.522674977779388428e-01
1.914317309856414795e-01
2.211893498897552490e-01
1.302175372838973999e-01
2.630710005760192871e-01
3.979113399982452393e-01
1.807480156421661377e-01
3.309509456157684326e-01
1.786015927791595459e-01
1.010803431272506714e-01
1.134969294071197510e-01
1.444994956254959106e-01
1.491138637065887451e-01
2.121800333261489868e-01
5.418957769870758057e-02
1.719764173030853271e-01
3.478065133094787598e-02
1.610212028026580811e-01
8.529701083898544312e-02
1.725732535123825073e-01
9.745223820209503174e-02
2.230245172977447510e-01
9.986019879579544067e-02
1.076090782880783081e-01
1.411615461111068726e-01
2.993584573268890381e-01
1.037677004933357239e-01
3.248164653778076172e-01
1.743063628673553467e-01
1.479283571243286133e-01
1.120769679546356201e-01
9.410911798477172852e-02
1.304941624402999878e-01
1.053785979747772217e-01
1.846063286066055298e-01
9.012351185083389282e-02
3.218887746334075928e-01
7.719261199235916138e-02
1.781263053417205811e-01
1.070051342248916626e-01
3.642855584621429443e-02
4.913943260908126831e-02
1.136383786797523499e-01
3.062384426593780518e-01
8.553051948547363281e-02
1.831830739974975586e-01
1.779775619506835938e-01
1.431293934583663940e-01
9.825235605239868164e-02
1.903181374073028564e-01
2.061622887849807739e-01
9.859178215265274048e-02
1.023401319980621338e-01
6.433593481779098511e-02
9.640708565711975098e-02
8.152838051319122314e-02
2.080438584089279175e-01
1.184071749448776245e-01
1.986969113349914551e-01
1.630605757236480713e-01
1.937881410121917725e-01
4.991257190704345703e-02
1.303177773952484131e-01
2.219499051570892334e-01
1.748978793621063232e-01
2.087225914001464844e-01
9.150507301092147827e-02
8.765769004821777344e-02
1.143079847097396851e-01
4.461935535073280334e-02
7.078139483928680420e-02
2.026734501123428345e-01
2.962775528430938721e-01
2.384099662303924561e-01
1.124718561768531799e-01
4.379746317863464355e-02
8.697688579559326172e-02
3.075684309005737305e-01
8.586508035659790039e-02
4.609335660934448242e-01
1.289825886487960815e-01
5.881340801715850830e-02
2.056907117366790771e-01
2.351589947938919067e-01
7.173621654510498047e-02
1.260301470756530762e-01
1.565643250942230225e-01
1.959950923919677734e-01
2.532684803009033203e-01
2.467435300350189209e-01
1.393638104200363159e-01
6.285095214843750000e-02
2.788473963737487793e-01
1.748812794685363770e-01
1.883025169372558594e-01
2.907071411609649658e-01
7.444825768470764160e-02
1.790133416652679443e-01
4.288670793175697327e-02
1.428033858537673950e-01
3.126192688941955566e-01
1.779161989688873291e-01
1.809317767620086670e-01
2.729009389877319336e-01
1.351250559091567993e-01
2.915149033069610596e-01
2.035536170005798340e-01
1.249156594276428223e-01
8.499879390001296997e-02
6.132656335830688477e-02
4.241487085819244385e-01
2.764792740345001221e-01
1.874424964189529419e-01
1.444340348243713379e-01
1.419557780027389526e-01
1.020791158080101013e-01
1.497973948717117310e-01
9.112988412380218506e-02
1.587278246879577637e-01
2.837066054344177246e-01
2.711452245712280273e-01
1.757978945970535278e-01
2.075804919004440308e-01
1.485455781221389771e-01
1.042107939720153809e-01
3.047394156455993652e-01
3.373038768768310547e-01
2.871556878089904785e-01
3.899538516998291016e-01
9.452103078365325928e-02
1.601854264736175537e-01
6.251709163188934326e-02
1.842195391654968262e-01
1.757445782423019409e-01
2.326383143663406372e-01
1.276203989982604980e-01
9.066531062126159668e-02
2.082392573356628418e-01
2.560266554355621338e-01
2.035546600818634033e-01
2.007078081369400024e-01
1.992832422256469727e-01
2.843729555606842041e-01
2.582726478576660156e-01
1.789381951093673706e-01
2.803219556808471680e-01
1.578269153833389282e-01
1.386141628026962280e-01
1.071759462356567383e-01
1.086769327521324158e-01
1.651554256677627563e-01
4.619503319263458252e-01
1.255778372287750244e-01
1.537204086780548096e-01
1.668496131896972656e-01
6.764816492795944214e-02
1.851620227098464966e-01
2.014026194810867310e-01
9.484637528657913208e-02
6.953731179237365723e-02
2.603713274002075195e-01
2.133648246526718140e-01
9.268827736377716064e-02
3.164783418178558350e-01
2.820470333099365234e-01
2.490504980087280273e-01
2.963891625404357910e-01
5.555639266967773438e-01
2.512177526950836182e-01
3.340625464916229248e-01
1.461837291717529297e-01
1.122402399778366089e-01
2.420240640640258789e-01
1.481153815984725952e-01
3.523704409599304199e-01
7.789608836174011230e-02
2.716051936149597168e-01
1.319206804037094116e-01
1.353574991226196289e-01
2.569228410720825195e-01
2.189252823591232300e-01
9.969455748796463013e-02
9.050249308347702026e-02
1.095853447914123535e-01
1.805490553379058838e-01
1.199951320886611938e-01
2.895499169826507568e-01
3.657612204551696777e-02
2.297593057155609131e-01
7.660080492496490479e-02
4.550911188125610352e-01
1.497825235128402710e-01
5.203939974308013916e-02
6.328336894512176514e-02
2.187135517597198486e-01
3.498529791831970215e-01
4.003414884209632874e-02
1.561040133237838745e-01
1.852374672889709473e-01
4.257395267486572266e-01
3.154419362545013428e-02
1.831387430429458618e-01
1.064850687980651855e-01
1.187148541212081909e-01
5.737021937966346741e-02
2.542582750320434570e-01
9.295304119586944580e-02
1.585428118705749512e-01
1.365484595298767090e-01
1.591835618019104004e-01
1.444119364023208618e-01
1.544800400733947754e-01
2.444150298833847046e-02
4.203516244888305664e-02
6.240103393793106079e-02
1.600346863269805908e-01
3.426500260829925537e-01
6.209677457809448242e-02
9.728543460369110107e-02
3.368508815765380859e-02
1.065404042601585388e-01
2.456827163696289062e-01
1.430372446775436401e-01
4.602664709091186523e-02
1.770378649234771729e-01
2.236776649951934814e-01
2.905501723289489746e-01
5.058020353317260742e-02
1.330203413963317871e-01
5.430319905281066895e-02
8.688868582248687744e-02
1.508625447750091553e-01
2.434926107525825500e-02
3.096622228622436523e-02
1.819084733724594116e-01
2.861472964286804199e-01
1.076191887259483337e-01
2.004275619983673096e-01
8.265127241611480713e-02
2.350800782442092896e-01
9.301168471574783325e-02
3.497551381587982178e-01
2.624543905258178711e-01
8.702264726161956787e-02
8.726778626441955566e-02
1.083458513021469116e-01
1.061037778854370117e-01
2.743810415267944336e-02
6.665337085723876953e-02
1.421467363834381104e-01
1.505551636219024658e-01
1.202917620539665222e-01
3.554925322532653809e-02
2.709366381168365479e-01
1.611522585153579712e-01
3.429868072271347046e-02
8.739680051803588867e-02
5.721310153603553772e-02
1.567569673061370850e-01
3.606858849525451660e-02
1.147208139300346375e-01
1.721920669078826904e-01
1.916061937808990479e-01
1.234657540917396545e-01
7.586213946342468262e-02
1.567328870296478271e-01
2.064156085252761841e-01
1.580650210380554199e-01
1.659038662910461426e-01
1.456399559974670410e-01
1.619056761264801025e-01
9.817411005496978760e-02
1.164294034242630005e-01
1.536775380373001099e-01
1.926192939281463623e-01
3.229820728302001953e-01
5.609856545925140381e-02
1.699006855487823486e-01
2.261909469962120056e-02
1.138925254344940186e-01
2.852174937725067139e-01
2.697453796863555908e-01
1.118714660406112671e-01
3.632967174053192139e-01
5.759412422776222229e-02
1.489165425300598145e-01
5.612101778388023376e-02
1.181223019957542419e-01
6.580343097448348999e-02
3.020211681723594666e-02
4.159245267510414124e-02
7.753866910934448242e-02
3.566766902804374695e-02
1.886017620563507080e-01
3.543660044670104980e-02
1.390828192234039307e-01
2.043909430503845215e-01
1.283631622791290283e-01
1.017794683575630188e-01
2.106151431798934937e-01
1.097097322344779968e-01
5.915120244026184082e-02
2.208464443683624268e-01
1.077280640602111816e-01
1.256856024265289307e-01
2.976314127445220947e-01
1.869372427463531494e-01
2.685967981815338135e-01
2.837001681327819824e-01
3.661752641201019287e-01
9.875896573066711426e-02
1.991547048091888428e-01
2.733629643917083740e-01
1.422691941261291504e-01
2.642941474914550781e-01
1.073254495859146118e-01
2.101808637380599976e-01
1.187856569886207581e-01
1.561979949474334717e-01
1.941631436347961426e-01
7.297411561012268066e-02
1.538573950529098511e-01
2.458185851573944092e-01
2.741752564907073975e-02
7.283727824687957764e-02
1.537311971187591553e-01
2.615363895893096924e-01
5.747476592659950256e-02
4.454408586025238037e-01
2.332345545291900635e-01
2.998841404914855957e-01
1.682207435369491577e-01
3.053401112556457520e-01
2.196462452411651611e-01
3.105829656124114990e-01
2.748558819293975830e-01
1.954709589481353760e-01
2.050831764936447144e-01
1.069933623075485229e-01
3.461218476295471191e-01
1.648835092782974243e-01
1.162348687648773193e-01
1.330812126398086548e-01
1.311881095170974731e-01
1.626276373863220215e-01
1.789446473121643066e-01
2.522789239883422852e-01
1.069892272353172302e-01
2.606019973754882812e-01
2.217732928693294525e-02
8.526149392127990723e-02
2.042126059532165527e-01
1.745331436395645142e-01
1.833431050181388855e-02
4.269579052925109863e-01
4.626167118549346924e-01
5.841660499572753906e-02
1.310064494609832764e-01
2.273454815149307251e-01
5.551630258560180664e-02
1.424719989299774170e-01
1.717449426651000977e-01
4.310680180788040161e-02
1.212674975395202637e-01
1.526285707950592041e-01
2.323116362094879150e-01
5.566089972853660583e-02
5.641508102416992188e-01
3.098188638687133789e-01
2.088300734758377075e-01
3.107024133205413818e-01
2.973804175853729248e-01
2.441336810588836670e-01
2.040701806545257568e-01
2.202937304973602295e-01
1.436471641063690186e-01
1.216986253857612610e-01
2.192252278327941895e-01
2.361033409833908081e-01
3.229647874832153320e-01
2.237732112407684326e-01
1.706441491842269897e-01
1.689117848873138428e-01
1.552682220935821533e-01
2.351893484592437744e-01
1.806448996067047119e-01
2.703747525811195374e-02
1.440682858228683472e-01
1.173973679542541504e-01
1.140145584940910339e-01
1.582214832305908203e-01
2.572349011898040771e-01
8.336765319108963013e-02
3.642646074295043945e-01
5.353723093867301941e-02
4.177547693252563477e-01
1.965692937374114990e-01
9.262911230325698853e-02
2.146342694759368896e-01
1.921851485967636108e-01
6.096952408552169800e-02
5.671226233243942261e-02
1.273135840892791748e-01
1.645222902297973633e-01
1.578327715396881104e-01
1.035250723361968994e-01
1.425563246011734009e-01
1.582358777523040771e-01
1.395352482795715332e-01
1.074052304029464722e-01
7.863627374172210693e-02
1.962784826755523682e-01
1.576394736766815186e-01
1.527437120676040649e-01
1.362704336643218994e-01
2.129752039909362793e-01
1.976266801357269287e-01
7.264058291912078857e-02
3.867284208536148071e-02
2.408827394247055054e-01
2.714986801147460938e-01
2.189026176929473877e-01
2.080034762620925903e-01
1.198849529027938843e-01
1.573840826749801636e-01
2.592156529426574707e-01
4.158495962619781494e-01
2.768251895904541016e-01
1.362271904945373535e-01
1.196031123399734497e-01
3.303534984588623047e-01
8.813838660717010498e-02
1.776407361030578613e-01
2.572148144245147705e-01
1.112537607550621033e-01
5.394403338432312012e-01
1.895272731781005859e-01
1.139034926891326904e-01
1.520142853260040283e-01
3.859298229217529297e-01
3.157336711883544922e-01
1.350491046905517578e-01
6.757386773824691772e-02
3.539676666259765625e-01
3.605664521455764771e-02
8.761624991893768311e-02
1.375064849853515625e-01
1.972631961107254028e-01
1.328992545604705811e-01
3.386838436126708984e-01
6.509483605623245239e-02
1.829133927822113037e-01
4.398520290851593018e-02
3.665643185377120972e-02
9.931129217147827148e-02
1.421029269695281982e-01
4.272740334272384644e-02
2.948652803897857666e-01
9.878771007061004639e-02
4.605976343154907227e-01
8.685457706451416016e-02
2.298475205898284912e-01
1.863406002521514893e-01
2.789918184280395508e-01
1.368357688188552856e-01
1.759156882762908936e-01
2.250802516937255859e-01
1.605580449104309082e-01
2.428987920284271240e-01
4.131864309310913086e-01
7.955679297447204590e-02
7.055906951427459717e-02
2.462586760520935059e-01
3.208578377962112427e-02
9.136767685413360596e-02
1.192091256380081177e-01
1.629673242568969727e-01
2.100332081317901611e-01
3.562682867050170898e-02
1.196865513920783997e-01
2.348187416791915894e-01
7.186242938041687012e-02
9.801650047302246094e-02
2.307122349739074707e-01
8.227732777595520020e-02
5.054353177547454834e-02
2.973917312920093536e-02
3.985284268856048584e-02
2.573643252253532410e-02
1.435213088989257812e-01
2.795819640159606934e-01
1.890234947204589844e-01
1.781027615070343018e-01
2.157124578952789307e-01
2.561616003513336182e-01
1.303702443838119507e-01
6.802637130022048950e-02
1.242123693227767944e-01
1.214771494269371033e-01
1.895787417888641357e-01
2.011175453662872314e-01
5.634325742721557617e-02
3.106537461280822754e-01
1.570084095001220703e-01
2.402801215648651123e-01
2.484667003154754639e-01
2.959666550159454346e-01
2.611405253410339355e-01
8.843042701482772827e-02
1.085335388779640198e-01
9.526725858449935913e-02
1.460367143154144287e-01
1.199355721473693848e-01
6.224585324525833130e-02
3.681259751319885254e-01
1.321933418512344360e-01
1.119634509086608887e-01
1.352093666791915894e-01
2.321704924106597900e-01
4.150531888008117676e-01
3.206070363521575928e-01
8.416245877742767334e-02
1.053434312343597412e-01
1.597741991281509399e-01
1.040058284997940063e-01
2.085350155830383301e-01
2.507038712501525879e-01
7.953853905200958252e-02
6.407135725021362305e-02
2.124333977699279785e-01
2.434255629777908325e-01
1.720663905143737793e-01
2.836616933345794678e-01
2.772876024246215820e-01
1.112158820033073425e-01
1.808730065822601318e-01
1.042937934398651123e-01
1.070872470736503601e-01
1.645141839981079102e-01
4.388502612709999084e-02
2.737729549407958984e-01
2.196100801229476929e-01
6.053436920046806335e-02
1.468998938798904419e-01
2.215613424777984619e-01
2.310424447059631348e-01
5.106091871857643127e-02
1.664999127388000488e-01
3.628134727478027344e-01
1.096339672803878784e-01
4.067212045192718506e-01
3.965414762496948242e-01
9.884046018123626709e-02
2.447389811277389526e-01
1.469501256942749023e-01
1.320908963680267334e-01
1.884279996156692505e-01
2.013387680053710938e-01
8.865532279014587402e-02
5.154982954263687134e-02
6.645037233829498291e-02
2.879858911037445068e-01
1.401425153017044067e-01
2.234039306640625000e-01
4.480977356433868408e-02
1.342353075742721558e-01
2.133605033159255981e-01
3.534399569034576416e-01
1.668815612792968750e-01
1.288977265357971191e-01
2.214742004871368408e-01
1.924743354320526123e-01
2.296192049980163574e-01
8.558881282806396484e-02
6.741103529930114746e-02
1.510928124189376831e-01
2.586801052093505859e-01
2.248423099517822266e-01
2.027217745780944824e-01
1.042504012584686279e-01
4.622168093919754028e-02
1.450848579406738281e-01
2.245544195175170898e-01
1.704913526773452759e-01
1.940412223339080811e-01
2.994124591350555420e-02
2.972099184989929199e-01
4.000642895698547363e-01
1.784797161817550659e-01
1.618030071258544922e-01
1.700488030910491943e-01
2.864551544189453125e-01
2.045087218284606934e-01
5.634897947311401367e-01
4.034031033515930176e-01
2.197166681289672852e-01
2.580572366714477539e-01
2.071231305599212646e-01
2.253240495920181274e-01
1.562822908163070679e-01
2.017054855823516846e-01
1.398870050907135010e-01
1.971268206834793091e-01
4.093457758426666260e-01
1.229626536369323730e-01
2.900697588920593262e-01
2.353183031082153320e-01
4.791176319122314453e-02
1.982387155294418335e-01
4.795708656311035156e-01
1.562312394380569458e-01
8.807504177093505859e-02
1.183085292577743530e-01
2.638169825077056885e-01
4.919026792049407959e-02
3.041228055953979492e-01
1.699522733688354492e-01
5.322037935256958008e-01
1.219832077622413635e-01
5.282247066497802734e-02
2.170464694499969482e-01
9.999649226665496826e-02
2.460582554340362549e-01
1.623203307390213013e-01
1.045454740524291992e-01
2.243682444095611572e-01
7.124145328998565674e-02
1.435073465108871460e-01
8.733042329549789429e-02
2.020794004201889038e-01
1.013787239789962769e-01
5.672361701726913452e-02
2.110847830772399902e-01
1.500488817691802979e-01
3.843347728252410889e-02
1.212087273597717285e-01
7.086716592311859131e-02
6.851586699485778809e-02
1.257809400558471680e-01
8.155913650989532471e-02
6.239201873540878296e-02
1.955962777137756348e-01
2.372479140758514404e-01
1.734323799610137939e-01
2.783924639225006104e-01
1.865537911653518677e-01
1.421890854835510254e-01
2.389005124568939209e-01
1.774278134107589722e-01
7.648164778947830200e-02
1.863219439983367920e-01
1.949650943279266357e-01
1.828354597091674805e-01
2.659149169921875000e-01
7.978630810976028442e-02
1.266076415777206421e-01
6.623676419258117676e-02
1.625818163156509399e-01
2.025583200156688690e-02
1.911824792623519897e-01
6.278311461210250854e-02
3.318871557712554932e-01
4.294658005237579346e-01
5.979116559028625488e-01
5.466703325510025024e-02
1.079028025269508362e-01
3.741443157196044922e-01
1.542584598064422607e-01
3.081206679344177246e-01
1.553279161453247070e-01
1.093078702688217163e-01
2.433672249317169189e-01
1.638225317001342773e-01
1.180470734834671021e-01
1.169303506612777710e-01
1.574200391769409180e-01
2.052482962608337402e-01
1.250610351562500000e-01
1.173577010631561279e-01
6.508924067020416260e-02
8.339236676692962646e-02
3.033832907676696777e-01
7.302433252334594727e-02
4.795312881469726562e-02
2.849068045616149902e-01
9.444648027420043945e-02
2.128254771232604980e-01
1.893589198589324951e-01
8.840657025575637817e-02
1.151165962219238281e-01
5.230077728629112244e-02
3.329831361770629883e-01
1.842049211263656616e-01
1.161374598741531372e-01
2.230306267738342285e-01
2.383297234773635864e-01
9.559331834316253662e-02
1.638707518577575684e-01
6.160772591829299927e-02
1.795361042022705078e-01
1.562454998493194580e-01
3.415662348270416260e-01
1.780981719493865967e-01
1.113412082195281982e-01
3.457690179347991943e-01
2.992076277732849121e-01
1.095863804221153259e-01
1.154947429895401001e-01
1.117360442876815796e-01
3.120389282703399658e-01
3.467231988906860352e-02
1.010356545448303223e-01
6.768235564231872559e-02
8.568712323904037476e-02
2.585955560207366943e-01
1.399889588356018066e-01
1.423636376857757568e-01
6.026155874133110046e-02
2.974102497100830078e-01
1.338971257209777832e-01
6.228384748101234436e-02
1.382778584957122803e-01
1.186687797307968140e-01
9.460890293121337891e-02
2.563723921775817871e-01
4.338064193725585938e-01
1.744311302900314331e-01
4.441821947693824768e-02
3.006832003593444824e-01
1.537901461124420166e-01
1.118541061878204346e-01
1.296485960483551025e-01
2.195919603109359741e-01
2.631317377090454102e-01
1.327942758798599243e-01
3.254375457763671875e-01
2.899406254291534424e-01
1.338681280612945557e-01
1.568823307752609253e-01
8.158913254737854004e-02
3.379094004631042480e-01
2.489641904830932617e-01
2.567041516304016113e-01
1.264640390872955322e-01
6.140866130590438843e-02
4.772237688302993774e-02
1.574410647153854370e-01
8.672545105218887329e-02
1.577077209949493408e-01
8.332452178001403809e-02
3.409584611654281616e-02
3.206088542938232422e-01
3.340482115745544434e-01
1.759920418262481689e-01
6.099560111761093140e-02
4.673649668693542480e-01
2.282628268003463745e-01
1.139485910534858704e-01
2.528828382492065430e-01
5.509713292121887207e-01
1.560096740722656250e-01
1.359396576881408691e-01
3.601603806018829346e-01
5.390556901693344116e-02
8.019755035638809204e-02
1.664471626281738281e-01
8.026959002017974854e-02
5.223344266414642334e-02
3.299913704395294189e-01
2.286956310272216797e-01
2.027432620525360107e-01
1.707531362771987915e-01
1.157375574111938477e-01
8.196720480918884277e-02
1.770027875900268555e-01
1.855049580335617065e-01
1.337131857872009277e-01
1.377681940793991089e-01
7.897163927555084229e-02
4.976828023791313171e-02
8.876012265682220459e-02
1.447538435459136963e-01
7.087109982967376709e-02
1.395854949951171875e-01
2.383978664875030518e-01
1.355948001146316528e-01
1.486169695854187012e-01
2.357058823108673096e-01
1.236488223075866699e-01
7.952959835529327393e-02
4.280109703540802002e-02
1.946699619293212891e-01
2.394802719354629517e-01
2.041682898998260498e-01
9.970120340585708618e-02
7.149474322795867920e-02
1.795640587806701660e-01
6.888058781623840332e-02
1.779359392821788788e-02
1.644714474678039551e-01
1.828451156616210938e-01
1.475178003311157227e-01
1.827214099466800690e-02
2.574375644326210022e-02
2.267728447914123535e-01
3.147507309913635254e-01
1.688674241304397583e-01
2.641495466232299805e-01
1.361053735017776489e-01
8.136130124330520630e-02
6.085339188575744629e-02
1.492223590612411499e-01
2.296016812324523926e-01
1.443916261196136475e-01
9.088420122861862183e-02
2.808028161525726318e-01
1.358760595321655273e-01
3.344830274581909180e-01
1.778165847063064575e-01
3.930697441101074219e-01
3.443734645843505859e-01
3.696980774402618408e-01
8.594299852848052979e-02
9.540341794490814209e-02
1.757520139217376709e-01
2.712062001228332520e-01
1.038131937384605408e-01
4.064801931381225586e-01
1.203698813915252686e-01
3.819584846496582031e-01
3.257614672183990479e-01
1.881060898303985596e-01
1.739225089550018311e-01
2.056680321693420410e-01
1.620332300662994385e-01
7.844847440719604492e-02
1.625723093748092651e-01
6.932434439659118652e-02
1.207270845770835876e-01
7.659860700368881226e-02
1.397196650505065918e-01
2.953056097030639648e-01
7.259839773178100586e-02
2.832441926002502441e-01
1.655180752277374268e-01
1.624870002269744873e-01
1.146488189697265625e-01
1.566024720668792725e-01
3.214968442916870117e-01
2.591526210308074951e-01
3.225029706954956055e-01
1.620977520942687988e-01
2.927595376968383789e-01
7.111530005931854248e-02
1.945343017578125000e-01
1.607196778059005737e-01
4.349341392517089844e-01
1.115685552358627319e-01
1.872404813766479492e-01
1.427870988845825195e-01
1.472077071666717529e-01
2.321922481060028076e-01
8.330035954713821411e-02
1.600646376609802246e-01
3.411693871021270752e-01
3.058080673217773438e-01
2.327166497707366943e-01
1.309569776058197021e-01
9.221261739730834961e-02
2.229552268981933594e-01
1.560597568750381470e-01
1.226469352841377258e-01
1.858050227165222168e-01
3.499379754066467285e-01
2.374551072716712952e-02
1.472418159246444702e-01
2.489649355411529541e-01
7.865934818983078003e-02
2.225419878959655762e-01
3.276864290237426758e-01
1.923574358224868774e-01
2.119573056697845459e-01
2.487510293722152710e-01
6.630788743495941162e-02
9.324571490287780762e-02
5.985843390226364136e-02
3.442433476448059082e-02
2.605716884136199951e-01
2.239393889904022217e-01
3.668073564767837524e-02
1.149106323719024658e-01
6.088331341743469238e-02
3.440615534782409668e-01
8.413953334093093872e-02
1.841795444488525391e-01
1.397319883108139038e-01
1.703058332204818726e-01
2.159632146358489990e-01
8.020688593387603760e-02
6.519901007413864136e-02
1.135377883911132812e-01
9.951289743185043335e-02
3.879778087139129639e-01
1.255919039249420166e-01
1.240195035934448242e-01
1.279243975877761841e-01
9.374438971281051636e-02
1.275961101055145264e-01
1.016194522380828857e-01
1.285776048898696899e-01
7.525981962680816650e-02
2.205306887626647949e-01
2.345945388078689575e-01
1.016542464494705200e-01
1.015313416719436646e-01
2.958574295043945312e-01
1.738426238298416138e-01
8.802205324172973633e-02
8.472337573766708374e-02
1.773042678833007812e-01
7.241597771644592285e-02
1.320408433675765991e-01
2.715462744235992432e-01
4.107229411602020264e-02
8.572973310947418213e-02
6.039329767227172852e-01
1.210749894380569458e-01
1.815716624259948730e-01
8.226071298122406006e-02
2.255813926458358765e-01
9.248961508274078369e-02
1.247172504663467407e-01
1.355145573616027832e-01
7.835268229246139526e-02
6.715223193168640137e-02
1.382305473089218140e-01
9.673085808753967285e-02
4.461932182312011719e-02
6.577759981155395508e-02
8.567725121974945068e-02
4.332142770290374756e-01
4.184943065047264099e-02
1.886742115020751953e-01
1.600993871688842773e-01
6.481619924306869507e-02
1.833194494247436523e-01
1.206430196762084961e-01
1.003054901957511902e-01
4.749573394656181335e-02
1.177415922284126282e-01
1.355038136243820190e-01
3.710559755563735962e-02
1.930941492319107056e-01
6.982624530792236328e-02
2.829056978225708008e-02
