1.918936520814895630e-01
6.569188833236694336e-02
2.418859899044036865e-01
1.466086655855178833e-01
2.690067887306213379e-01
2.244179844856262207e-01
1.586779654026031494e-01
1.072888672351837158e-01
2.477743178606033325e-01
1.346529126167297363e-01
1.411802768707275391e-01
9.983502328395843506e-02
2.398572862148284912e-01
1.009855121374130249e-01
3.278232216835021973e-01
3.768752217292785645e-01
6.249467283487319946e-02
1.279369890689849854e-01
1.029766425490379333e-01
1.993362605571746826e-01
3.001154363155364990e-01
2.749715447425842285e-01
2.241630554199218750e-01
1.157670766115188599e-01
1.352559030055999756e-01
2.100049406290054321e-01
2.674118876457214355e-01
7.354971021413803101e-02
1.249454468488693237e-01
1.402084529399871826e-01
1.066128686070442200e-01
1.927480697631835938e-01
1.422800570726394653e-01
1.760211288928985596e-01
2.531409859657287598e-01
2.269396185874938965e-01
2.411155849695205688e-01
2.596499025821685791e-01
1.562157273292541504e-01
1.719873696565628052e-01
1.542996317148208618e-01
3.627345561981201172e-01
1.160787642002105713e-01
2.032366394996643066e-01
1.772584915161132812e-01
3.317552804946899414e-01
3.700012341141700745e-02
1.733340620994567871e-01
1.205539554357528687e-01
2.829081714153289795e-01
5.912251770496368408e-02
2.777792215347290039e-01
3.266578316688537598e-01
2.961681187152862549e-01
1.101501882076263428e-01
1.168784126639366150e-01
2.149638533592224121e-01
1.529620587825775146e-01
4.076671004295349121e-01
1.700083315372467041e-01
1.255058348178863525e-01
1.162678897380828857e-01
1.480367034673690796e-01
1.971067190170288086e-01
2.173456549644470215e-01
6.028813123703002930e-02
3.247316479682922363e-01
1.162265017628669739e-01
2.464177310466766357e-01
2.399765253067016602e-01
1.561887860298156738e-01
5.932525545358657837e-02
2.427805066108703613e-01
1.404995322227478027e-01
1.442469358444213867e-01
3.210973143577575684e-01
1.282157152891159058e-01
1.495133340358734131e-01
1.107994094491004944e-01
1.608892232179641724e-01
1.413360536098480225e-01
1.846949011087417603e-01
1.571231484413146973e-01
4.894414171576499939e-02
1.775699406862258911e-01
6.288008391857147217e-02
2.186904549598693848e-01
1.306842267513275146e-01
1.294109225273132324e-01
2.965471744537353516e-01
2.614356875419616699e-01
3.329812735319137573e-02
7.015246152877807617e-02
3.109647631645202637e-01
2.334187328815460205e-01
2.825561761856079102e-01
2.740309834480285645e-01
1.213805899024009705e-01
1.848616600036621094e-01
2.279053330421447754e-01
2.657246589660644531e-01
1.321177333593368530e-01
3.401736021041870117e-01
8.876731991767883301e-02
1.304812580347061157e-01
3.447673916816711426e-01
2.729827165603637695e-01
1.361137777566909790e-01
1.813532412052154541e-02
1.402350366115570068e-01
1.669404655694961548e-01
7.292947918176651001e-02
3.483996391296386719e-01
5.004969835281372070e-01
1.647120267152786255e-01
1.009456366300582886e-01
1.627992987632751465e-01
1.452317982912063599e-01
8.563622832298278809e-02
2.561658322811126709e-01
3.664741516113281250e-01
2.066482901573181152e-01
1.026616811752319336e+00
3.004480302333831787e-01
1.551460623741149902e-01
3.515685498714447021e-01
2.129132449626922607e-01
4.711691141128540039e-01
3.593596816062927246e-01
4.034699201583862305e-01
4.509482383728027344e-01
5.173689126968383789e-01
2.888298928737640381e-01
4.951932132244110107e-01
3.687989413738250732e-01
4.370661973953247070e-01
3.065881729125976562e-01
3.077771067619323730e-01
5.159482359886169434e-01
3.145880699157714844e-01
2.606968879699707031e-01
1.918423324823379517e-01
2.298377752304077148e-01
3.342124521732330322e-01
1.675055027008056641e-01
3.938375115394592285e-01
3.295419812202453613e-01
2.604761123657226562e-01
2.132514417171478271e-01
2.135450541973114014e-01
2.150916755199432373e-01
2.215137481689453125e-01
2.748275399208068848e-01
2.618410289287567139e-01
2.324696779251098633e-01
1.530573070049285889e-01
2.733071148395538330e-01
1.265128552913665771e-01
1.621047854423522949e-01
2.582578063011169434e-01
2.583189606666564941e-01
2.817872166633605957e-01
2.562023997306823730e-01
4.993674904108047485e-02
1.907576471567153931e-01
2.217454910278320312e-01
3.345551192760467529e-01
3.279696106910705566e-01
8.662126958370208740e-02
2.193015962839126587e-01
1.045192331075668335e-01
1.091783717274665833e-01
1.275872439146041870e-01
2.589824497699737549e-01
1.341412067413330078e-01
9.723575413227081299e-02
2.413476705551147461e-01
1.005419716238975525e-01
1.372781097888946533e-01
8.716151118278503418e-02
1.568027734756469727e-01
2.125687301158905029e-01
1.423436701297760010e-01
9.172859787940979004e-02
2.217951267957687378e-01
1.182213127613067627e-01
4.081233143806457520e-01
1.658523231744766235e-01
1.301613748073577881e-01
2.293905764818191528e-01
2.849268615245819092e-01
1.093799620866775513e-01
2.264755070209503174e-01
2.665629088878631592e-01
1.136134266853332520e-01
2.712898850440979004e-01
1.769097447395324707e-01
3.517929017543792725e-01
2.879589796066284180e-01
2.235089540481567383e-01
1.318315118551254272e-01
9.894142299890518188e-02
6.478033959865570068e-02
2.417459040880203247e-01
3.524981737136840820e-01
2.614269256591796875e-01
1.828508675098419189e-01
1.425578892230987549e-01
1.323994398117065430e-01
2.189324498176574707e-01
1.155079007148742676e-01
2.414937168359756470e-01
1.953083872795104980e-01
1.343704164028167725e-01
1.427707821130752563e-01
2.274941205978393555e-01
1.668830513954162598e-01
2.152814567089080811e-01
9.266977012157440186e-02
1.297432035207748413e-01
1.201240196824073792e-01
1.030418500304222107e-01
1.163857430219650269e-01
2.446587085723876953e-01
1.958966553211212158e-01
2.856616675853729248e-01
7.715222984552383423e-02
2.216382771730422974e-01
2.864728868007659912e-01
1.028236448764801025e-01
1.824653744697570801e-01
2.587348520755767822e-01
7.008243352174758911e-02
1.287376135587692261e-01
1.283904463052749634e-01
1.170294582843780518e-01
4.291128516197204590e-01
4.170489311218261719e-01
2.261411696672439575e-01
1.883295625448226929e-01
2.855160236358642578e-01
2.613394558429718018e-01
2.584957480430603027e-01
1.683629155158996582e-01
2.043177336454391479e-01
7.891502976417541504e-02
2.067866623401641846e-01
7.653853297233581543e-02
2.154337167739868164e-01
2.432325631380081177e-01
1.696204543113708496e-01
2.703315019607543945e-01
2.474221885204315186e-01
2.939936220645904541e-01
2.764711380004882812e-01
2.954024374485015869e-01
2.529334723949432373e-01
1.324012130498886108e-01
4.173379763960838318e-02
1.267329454421997070e-01
2.938222289085388184e-01
3.404233753681182861e-01
2.890916466712951660e-01
2.639906704425811768e-01
1.025653555989265442e-01
8.941782265901565552e-02
1.325530558824539185e-01
2.931946814060211182e-01
1.814123988151550293e-01
3.282641470432281494e-01
2.155689001083374023e-01
2.077061831951141357e-01
1.725414693355560303e-01
1.567047536373138428e-01
1.215154677629470825e-01
8.654969185590744019e-02
7.164931297302246094e-02
7.054464519023895264e-02
2.906210422515869141e-01
1.916709393262863159e-01
7.278871536254882812e-02
2.017386704683303833e-01
3.000203669071197510e-01
3.661408424377441406e-01
1.546172946691513062e-01
2.937998473644256592e-01
2.538651525974273682e-01
1.982786208391189575e-01
3.388686180114746094e-01
2.099401056766510010e-01
8.694137632846832275e-02
2.516934573650360107e-01
2.433632314205169678e-01
5.764798820018768311e-02
1.155286356806755066e-01
3.360832929611206055e-01
9.084796905517578125e-02
3.236131668090820312e-01
2.038254439830780029e-01
2.501677572727203369e-01
1.245329678058624268e-01
1.786350458860397339e-01
1.669701486825942993e-01
3.215241730213165283e-01
1.776035875082015991e-01
1.135853528976440430e-01
1.936078816652297974e-01
1.900657117366790771e-01
7.543541491031646729e-02
2.067575454711914062e-01
2.841146588325500488e-01
1.990229785442352295e-01
2.499258518218994141e-01
1.271845549345016479e-01
2.134824097156524658e-01
2.993881106376647949e-01
2.061834633350372314e-01
1.163329780101776123e-01
3.799739181995391846e-01
1.281564533710479736e-01
3.202218115329742432e-01
1.223841607570648193e-01
1.613919883966445923e-01
1.918156147003173828e-01
1.434658467769622803e-01
2.342111021280288696e-01
4.436475038528442383e-02
2.078011929988861084e-01
3.706994354724884033e-01
1.150094419717788696e-01
2.312577366828918457e-01
7.825382798910140991e-02
1.134885847568511963e-01
1.891880035400390625e-01
1.133997365832328796e-01
1.976194083690643311e-01
1.187602430582046509e-01
1.441040039062500000e-01
8.248391002416610718e-02
2.022538632154464722e-01
1.302053630352020264e-01
2.334989756345748901e-01
2.521033287048339844e-01
1.366942524909973145e-01
2.990022897720336914e-01
1.126772090792655945e-01
2.096670120954513550e-01
1.050812676548957825e-01
1.114672794938087463e-01
5.845504626631736755e-02
1.399306207895278931e-01
2.471741288900375366e-01
1.916945874691009521e-01
6.066643446683883667e-02
1.471608430147171021e-01
2.372058033943176270e-01
2.308606505393981934e-01
4.647587835788726807e-01
3.908063098788261414e-02
1.037118434906005859e-01
1.787850707769393921e-01
2.832286655902862549e-01
7.644550502300262451e-02
1.434286385774612427e-01
1.244406104087829590e-01
1.584331542253494263e-01
2.727508842945098877e-01
2.451849281787872314e-01
2.882267832756042480e-01
2.419770359992980957e-01
2.336263507604598999e-01
2.879552841186523438e-01
1.823190301656723022e-01
2.231878787279129028e-01
2.198880761861801147e-01
1.905133426189422607e-01
2.165439128875732422e-01
8.039253950119018555e-02
4.197498410940170288e-02
1.077339053153991699e-01
1.573188006877899170e-01
4.240900650620460510e-02
1.590806841850280762e-01
1.556607484817504883e-01
2.062397897243499756e-01
1.195214986801147461e-01
4.464535117149353027e-01
4.063896536827087402e-01
2.459222823381423950e-01
2.707362473011016846e-01
9.676285833120346069e-02
8.734865486621856689e-02
3.527951240539550781e-01
7.562644034624099731e-02
8.755444735288619995e-02
2.666202187538146973e-01
5.094473809003829956e-02
4.484516978263854980e-01
7.441729307174682617e-02
2.688288986682891846e-01
8.694626390933990479e-02
1.908663809299468994e-01
2.134718745946884155e-01
9.954552352428436279e-02
2.119514644145965576e-01
2.162943184375762939e-01
5.288579314947128296e-02
9.823698550462722778e-02
4.773293808102607727e-02
1.449215561151504517e-01
3.107481598854064941e-01
2.126325517892837524e-01
2.164305448532104492e-01
2.348101139068603516e-01
1.461154520511627197e-01
1.067950055003166199e-01
1.646331846714019775e-01
1.261670589447021484e-01
1.451745480298995972e-01
4.427999556064605713e-01
3.454487025737762451e-01
1.742345541715621948e-01
1.697111278772354126e-01
2.624884843826293945e-01
1.054451391100883484e-01
2.753812670707702637e-01
1.825451999902725220e-01
1.536842584609985352e-01
2.454815208911895752e-01
8.966369181871414185e-02
2.305986583232879639e-01
1.516174674034118652e-01
2.561758756637573242e-01
2.973281741142272949e-01
4.246358871459960938e-01
2.138465195894241333e-01
3.713245391845703125e-01
2.428342401981353760e-01
8.551199734210968018e-02
8.200386166572570801e-02
1.779912710189819336e-01
1.937660723924636841e-01
1.944842487573623657e-01
1.486036777496337891e-01
2.459242939949035645e-01
1.983948498964309692e-01
3.457471132278442383e-01
2.866451740264892578e-01
6.958303600549697876e-02
1.869398355484008789e-01
3.674499392509460449e-01
2.101014554500579834e-01
1.175574958324432373e-01
6.870382279157638550e-02
1.363598704338073730e-01
1.236773431301116943e-01
7.719489187002182007e-02
8.349986374378204346e-02
2.070176899433135986e-01
5.311418175697326660e-01
1.853179037570953369e-01
2.839746177196502686e-01
3.641307950019836426e-01
1.437012255191802979e-01
4.150542616844177246e-01
1.821086704730987549e-01
2.563075721263885498e-01
1.975805163383483887e-01
2.262990623712539673e-01
4.747806861996650696e-02
1.942409873008728027e-01
5.019384622573852539e-01
3.675010204315185547e-01
4.666987657546997070e-01
2.420645058155059814e-01
9.619300067424774170e-02
1.547821760177612305e-01
9.475535154342651367e-02
1.250465959310531616e-01
1.745640039443969727e-01
2.462104260921478271e-01
1.469741761684417725e-01
1.812430620193481445e-01
2.361795753240585327e-01
1.287849098443984985e-01
3.345367684960365295e-02
3.057901263236999512e-01
7.723470032215118408e-02
1.082045882940292358e-01
1.831050515174865723e-01
2.989267408847808838e-01
2.105624675750732422e-01
3.665015101432800293e-02
1.281719505786895752e-01
2.614365220069885254e-01
1.592963933944702148e-01
3.421192169189453125e-01
2.625527381896972656e-01
2.150573283433914185e-01
1.929561048746109009e-01
1.614755988121032715e-01
1.598580330610275269e-01
9.998377412557601929e-02
2.180739790201187134e-01
2.215624749660491943e-01
1.878283023834228516e-01
3.286768794059753418e-01
1.318026930093765259e-01
1.328819990158081055e-01
1.998281478881835938e-01
8.367293328046798706e-02
3.877428174018859863e-01
5.157591402530670166e-02
1.561034172773361206e-01
3.704545497894287109e-01
1.576224565505981445e-01
1.099407970905303955e-01
1.069482266902923584e-01
1.464181393384933472e-01
1.745979636907577515e-01
2.864906489849090576e-01
1.550001204013824463e-01
2.804138362407684326e-01
2.210261225700378418e-01
2.558094859123229980e-01
2.742176055908203125e-01
4.015312790870666504e-01
1.283439844846725464e-01
3.148729503154754639e-01
4.469909369945526123e-01
9.673570096492767334e-02
3.112437725067138672e-01
1.569723039865493774e-01
1.452249884605407715e-01
1.857979893684387207e-01
1.686455905437469482e-01
2.519374489784240723e-01
2.597784399986267090e-01
3.752852380275726318e-01
3.127428591251373291e-01
4.018717259168624878e-02
1.128238141536712646e-01
2.332625091075897217e-01
1.691060364246368408e-01
1.507933288812637329e-01
3.094662725925445557e-01
1.356252878904342651e-01
2.128379344940185547e-01
1.510900706052780151e-01
1.206035092473030090e-01
1.346302181482315063e-01
1.482864320278167725e-01
1.220294982194900513e-01
1.154675185680389404e-01
2.756246924400329590e-01
2.693218290805816650e-01
1.259980201721191406e-01
1.895252168178558350e-01
3.476500511169433594e-01
7.289726287126541138e-02
2.960194945335388184e-01
2.181439995765686035e-01
1.669189333915710449e-01
2.423279434442520142e-01
3.423773646354675293e-01
3.863056376576423645e-02
2.986627221107482910e-01
1.813022047281265259e-01
4.336205124855041504e-01
5.767264962196350098e-02
2.686076462268829346e-01
2.647161781787872314e-01
1.502765417098999023e-01
1.380438208580017090e-01
6.152350455522537231e-02
1.132123768329620361e-01
6.511021405458450317e-02
2.381985336542129517e-01
1.710218638181686401e-01
2.268292903900146484e-01
1.620963364839553833e-01
1.554885953664779663e-01
1.082339882850646973e-01
2.020508050918579102e-01
1.759961396455764771e-01
3.088788092136383057e-01
1.514704823493957520e-01
8.372996002435684204e-02
1.281581819057464600e-01
5.303766578435897827e-02
1.706525683403015137e-01
2.646555006504058838e-01
1.625022292137145996e-01
4.644478484988212585e-02
8.904714882373809814e-02
4.315177798271179199e-01
8.683229982852935791e-02
2.051868848502635956e-02
9.005684405565261841e-02
2.373316586017608643e-01
9.794807434082031250e-02
2.932476997375488281e-01
2.186708301305770874e-01
2.036274969577789307e-01
1.249542757868766785e-01
2.135880887508392334e-01
2.086871117353439331e-01
1.811580955982208252e-01
1.725410223007202148e-01
1.969430148601531982e-01
3.128534555435180664e-01
2.311023473739624023e-01
3.788230717182159424e-01
2.439766526222229004e-01
2.532512843608856201e-01
1.616374254226684570e-01
1.497040987014770508e-01
1.255740821361541748e-01
2.157705873250961304e-01
7.502056658267974854e-02
1.879351139068603516e-01
3.244134783744812012e-02
2.694353163242340088e-01
9.023316204547882080e-02
1.663882434368133545e-01
3.533950448036193848e-01
3.178399428725242615e-02
1.611110568046569824e-01
2.689856886863708496e-01
1.744630187749862671e-01
4.550553858280181885e-02
1.036552339792251587e-01
1.369477808475494385e-01
3.046509027481079102e-01
1.385096460580825806e-01
2.844651937484741211e-01
2.767175436019897461e-01
8.719168603420257568e-02
1.834939271211624146e-01
1.514120995998382568e-01
1.289679855108261108e-01
1.789725720882415771e-01
4.146011173725128174e-01
5.090250372886657715e-01
2.474242299795150757e-01
1.822839379310607910e-01
2.106915712356567383e-01
1.732589751482009888e-01
3.055517077445983887e-01
1.870710551738739014e-01
4.342780113220214844e-01
1.214161664247512817e-01
1.582923233509063721e-01
2.308668792247772217e-01
9.893783926963806152e-02
4.412960410118103027e-01
1.933354139328002930e-01
1.406994760036468506e-01
2.471270859241485596e-01
2.910985648632049561e-01
1.598173975944519043e-01
2.773253917694091797e-01
2.885086834430694580e-01
1.524131894111633301e-01
1.749280393123626709e-01
4.518859386444091797e-01
1.211069226264953613e-01
1.242576763033866882e-01
1.019570305943489075e-01
1.287953108549118042e-01
1.990071237087249756e-01
5.408456176519393921e-02
3.577676415443420410e-01
1.068417578935623169e-01
1.381241977214813232e-01
4.169269800186157227e-01
2.722397744655609131e-01
1.133607029914855957e-01
1.617348492145538330e-01
2.560197114944458008e-01
2.077902704477310181e-01
1.838443130254745483e-01
1.819920986890792847e-01
3.923866450786590576e-01
3.500452935695648193e-01
2.705761194229125977e-01
2.253267467021942139e-01
1.867145299911499023e-01
1.139062643051147461e-01
2.162523120641708374e-01
1.956832408905029297e-01
3.266866505146026611e-01
1.973920166492462158e-01
1.884770989418029785e-01
2.486888021230697632e-01
4.069722890853881836e-01
1.498552411794662476e-01
1.120598018169403076e-01
6.107164919376373291e-02
2.372807115316390991e-01
1.820346564054489136e-01
3.983160257339477539e-01
2.338079661130905151e-01
3.009874522686004639e-01
2.683447301387786865e-01
1.505409181118011475e-01
1.740860939025878906e-01
2.242429256439208984e-01
2.831431031227111816e-01
4.353452324867248535e-01
4.366313815116882324e-01
6.954605132341384888e-02
1.037791073322296143e-01
2.420105934143066406e-01
2.682889103889465332e-01
2.013531029224395752e-01
1.487982571125030518e-01
1.147913485765457153e-01
1.012991815805435181e-01
6.909127533435821533e-02
3.367591798305511475e-01
9.453518688678741455e-02
1.987575739622116089e-01
1.394448429346084595e-01
1.070026755332946777e-01
2.658194601535797119e-01
1.678382456302642822e-01
1.607283800840377808e-01
1.547891795635223389e-01
1.407648324966430664e-01
1.731750965118408203e-01
2.259930968284606934e-01
2.071301043033599854e-01
2.973146438598632812e-01
2.438351660966873169e-01
2.068164795637130737e-01
1.334701329469680786e-01
1.674825400114059448e-01
2.020796090364456177e-01
2.523051798343658447e-01
2.918535470962524414e-01
3.613183200359344482e-01
5.102312564849853516e-02
4.856550097465515137e-01
3.773579001426696777e-01
2.933799326419830322e-01
2.383238226175308228e-01
1.328235566616058350e-01
6.056710332632064819e-02
1.309615671634674072e-01
6.406882405281066895e-02
1.675520539283752441e-01
9.818796813488006592e-02
2.028382420539855957e-01
2.201506495475769043e-01
1.741788685321807861e-01
3.205610513687133789e-01
2.458062022924423218e-01
9.874938428401947021e-02
3.619037270545959473e-01
2.640197277069091797e-01
2.075040489435195923e-01
1.855938434600830078e-01
1.069374457001686096e-01
8.265822380781173706e-02
2.034522294998168945e-01
3.412735164165496826e-01
3.267083168029785156e-01
1.173573285341262817e-01
2.415408641099929810e-01
1.023570895195007324e-01
2.669717073440551758e-01
1.158543676137924194e-01
1.210397183895111084e-01
1.734334975481033325e-01
1.344475746154785156e-01
3.098616003990173340e-01
1.733092665672302246e-01
1.831778138875961304e-01
4.820998013019561768e-01
4.079898595809936523e-01
2.395056039094924927e-01
1.559377461671829224e-01
1.860027760267257690e-01
1.028399765491485596e-01
1.651621162891387939e-01
1.889428198337554932e-01
1.594603806734085083e-01
2.670669257640838623e-01
1.723286211490631104e-01
2.289678454399108887e-01
1.875544190406799316e-01
1.413769721984863281e-01
4.998450875282287598e-01
1.930397450923919678e-01
9.986776858568191528e-02
1.771137565374374390e-01
6.680825352668762207e-02
1.294913887977600098e-01
7.536141574382781982e-02
1.925969421863555908e-01
3.520019054412841797e-01
2.914314866065979004e-01
3.294044435024261475e-01
1.321555376052856445e-01
2.505336999893188477e-01
2.124339640140533447e-01
9.929611533880233765e-02
6.542428582906723022e-02
1.262733936309814453e-01
1.795512884855270386e-01
1.445263922214508057e-01
1.508804857730865479e-01
4.204626679420471191e-01
1.843781769275665283e-01
2.038796395063400269e-01
5.988874286413192749e-02
3.717902898788452148e-01
4.333260282874107361e-02
2.401910722255706787e-01
3.303351998329162598e-01
2.968362271785736084e-01
1.811745762825012207e-01
1.803990602493286133e-01
2.427217215299606323e-01
2.551333308219909668e-01
9.716979414224624634e-02
2.429234832525253296e-01
2.780674099922180176e-01
1.859047263860702515e-01
5.673478171229362488e-02
2.333461940288543701e-01
1.485400348901748657e-01
2.862606644630432129e-01
2.081627547740936279e-01
1.362353861331939697e-01
1.832439303398132324e-01
2.792923450469970703e-01
3.268651366233825684e-01
5.746779590845108032e-02
1.750642061233520508e-01
1.762550771236419678e-01
1.057389527559280396e-01
1.923380643129348755e-01
2.939014434814453125e-01
9.410859644412994385e-02
1.422028392553329468e-01
1.078539788722991943e-01
2.809893786907196045e-01
3.847202062606811523e-01
1.416622549295425415e-01
1.988032460212707520e-01
9.385173022747039795e-02
1.204557567834854126e-01
2.985459268093109131e-01
1.424565315246582031e-01
1.279862523078918457e-01
1.079037338495254517e-01
2.188274711370468140e-01
8.343058079481124878e-02
7.437487691640853882e-02
1.141788661479949951e-01
1.819261461496353149e-01
1.039108186960220337e-01
1.969746053218841553e-01
7.923260331153869629e-02
7.328063249588012695e-02
2.011177390813827515e-01
2.262411862611770630e-01
3.953812718391418457e-01
1.804792284965515137e-01
2.020590603351593018e-01
4.875255003571510315e-02
1.267146319150924683e-01
1.272232830524444580e-01
6.145467609167098999e-02
8.116663992404937744e-02
8.325958251953125000e-02
1.336264759302139282e-01
1.274631321430206299e-01
6.459930539131164551e-02
2.248925268650054932e-01
2.718350887298583984e-01
3.392257392406463623e-01
1.835281252861022949e-01
1.197569817304611206e-01
1.085998639464378357e-01
1.832911968231201172e-01
1.135893687605857849e-01
1.020912975072860718e-01
1.545625030994415283e-01
1.646633148193359375e-01
1.375990360975265503e-01
3.475593328475952148e-01
5.009822919964790344e-02
3.346863687038421631e-01
1.759843528270721436e-01
8.739732205867767334e-02
4.278810322284698486e-02
1.295892298221588135e-01
1.796272993087768555e-01
3.113985806703567505e-02
1.650484949350357056e-01
3.969390392303466797e-01
1.417747139930725098e-01
9.197323024272918701e-02
2.173927426338195801e-01
3.167340159416198730e-01
2.103708833456039429e-01
3.847100213170051575e-02
1.535347104072570801e-01
2.160849124193191528e-01
1.493970006704330444e-01
6.013884395360946655e-02
1.944797635078430176e-01
1.975146383047103882e-01
2.549671530723571777e-01
3.077468276023864746e-01
1.771283745765686035e-01
1.800397485494613647e-01
1.365857273340225220e-01
1.724861264228820801e-01
2.647030651569366455e-01
1.982211917638778687e-01
2.091268599033355713e-01
1.003890410065650940e-01
2.122184634208679199e-01
5.477820336818695068e-02
1.562451720237731934e-01
1.646153628826141357e-01
4.425425827503204346e-01
4.065918177366256714e-02
1.428678631782531738e-01
2.071528285741806030e-01
1.896107345819473267e-01
1.784331202507019043e-01
2.167220115661621094e-01
1.342315077781677246e-01
8.125708997249603271e-02
2.774904370307922363e-01
1.172873601317405701e-01
2.805008292198181152e-01
1.995106339454650879e-01
4.309718310832977295e-02
1.321657299995422363e-01
7.618382573127746582e-02
2.245172560214996338e-01
6.259435415267944336e-02
8.027383685111999512e-02
4.386587738990783691e-01
2.264170348644256592e-01
4.623103141784667969e-01
2.961082458496093750e-01
2.374823093414306641e-01
3.167890906333923340e-01
3.206688761711120605e-01
2.306199669837951660e-01
2.032236605882644653e-01
1.465092599391937256e-01
1.993881613016128540e-01
2.025634348392486572e-01
4.155406355857849121e-02
9.401489794254302979e-02
1.220223158597946167e-01
1.435962319374084473e-01
6.321091204881668091e-02
3.899903595447540283e-01
3.880832344293594360e-02
2.156299650669097900e-01
2.038265168666839600e-01
2.489999085664749146e-01
1.560810953378677368e-01
1.886236369609832764e-01
1.019619107246398926e-01
2.727997303009033203e-01
2.777075469493865967e-01
2.214279472827911377e-01
3.325833082199096680e-01
2.679133415222167969e-01
1.840795874595642090e-01
3.006677031517028809e-01
1.118052154779434204e-01
1.732842624187469482e-01
1.593421697616577148e-01
1.222421154379844666e-01
2.583898901939392090e-01
1.279538571834564209e-01
1.617721766233444214e-01
2.408758848905563354e-01
6.323484331369400024e-02
1.452035456895828247e-01
2.601450085639953613e-01
3.071036338806152344e-01
1.384636610746383667e-01
1.341413259506225586e-01
1.531467735767364502e-01
8.903300017118453979e-02
1.772958487272262573e-01
1.085091531276702881e-01
1.151052415370941162e-01
1.426199674606323242e-01
3.739793002605438232e-01
1.246564388275146484e-01
8.080674707889556885e-02
1.621076762676239014e-01
1.381996273994445801e-01
3.830932378768920898e-01
1.234880313277244568e-01
2.155312746763229370e-01
7.330150902271270752e-02
3.940494358539581299e-01
2.016225159168243408e-01
4.637288749217987061e-01
2.235845625400543213e-01
2.905843257904052734e-01
1.920246779918670654e-01
1.434907168149948120e-01
1.352964639663696289e-01
6.934708356857299805e-02
1.662987768650054932e-01
1.446849852800369263e-01
2.086198627948760986e-01
2.398874312639236450e-01
2.292762696743011475e-01
1.787917613983154297e-01
1.356012821197509766e-01
1.887354403734207153e-01
6.661701947450637817e-02
1.654036939144134521e-01
9.998883306980133057e-02
1.493745893239974976e-01
4.296646118164062500e-01
3.733403682708740234e-01
7.647527009248733521e-02
1.923718899488449097e-01
3.154652416706085205e-01
1.571257114410400391e-01
2.113579362630844116e-01
3.200142383575439453e-01
5.005775094032287598e-01
1.113405600190162659e-01
1.383565962314605713e-01
2.132949978113174438e-01
6.147602796554565430e-01
3.057716190814971924e-01
1.291579604148864746e-01
5.156649649143218994e-02
1.680227518081665039e-01
2.241121530532836914e-01
4.015986919403076172e-01
3.264844119548797607e-01
2.080625593662261963e-01
1.560262441635131836e-01
8.247560262680053711e-02
3.652244508266448975e-01
3.745535612106323242e-01
3.846354186534881592e-01
3.255974650382995605e-01
1.567187905311584473e-01
2.306978106498718262e-01
1.564787030220031738e-01
4.607572257518768311e-01
1.482244729995727539e-01
1.810094416141510010e-01
5.053758025169372559e-01
1.161694899201393127e-01
3.350756764411926270e-01
2.185916453599929810e-01
2.560294270515441895e-01
3.607336282730102539e-01
1.865268051624298096e-01
1.616167575120925903e-01
2.139855176210403442e-01
2.717920839786529541e-01
1.372995376586914062e-01
3.091281056404113770e-01
2.341520637273788452e-01
2.425645738840103149e-01
1.483974605798721313e-01
1.682220846414566040e-01
1.417347937822341919e-01
2.569045722484588623e-01
1.620647162199020386e-01
2.180997729301452637e-01
2.902898192405700684e-01
3.352820873260498047e-01
2.765518426895141602e-01
3.307031095027923584e-01
6.840084493160247803e-02
1.748341768980026245e-01
2.596179246902465820e-01
1.006851345300674438e-01
3.265196681022644043e-01
2.314598858356475830e-01
1.475784629583358765e-01
1.416875720024108887e-01
1.368963420391082764e-01
4.223042726516723633e-01
8.372832834720611572e-02
3.366384804248809814e-01
3.235150277614593506e-01
8.576275408267974854e-02
1.771993488073348999e-01
1.821802705526351929e-01
8.104112744331359863e-02
2.564237415790557861e-01
2.636863589286804199e-01
1.540128886699676514e-01
2.771574556827545166e-01
3.959337472915649414e-01
5.968527495861053467e-02
7.763085514307022095e-02
2.596978843212127686e-01
1.864575892686843872e-01
1.686039268970489502e-01
1.490059942007064819e-01
2.927896678447723389e-01
3.220592141151428223e-01
9.287540614604949951e-02
1.143989562988281250e-01
2.126606702804565430e-01
1.511471718549728394e-01
1.034041419625282288e-01
1.848144978284835815e-01
2.038302123546600342e-01
1.672952473163604736e-01
3.282985687255859375e-01
1.522374749183654785e-01
2.294754087924957275e-01
3.227072358131408691e-01
1.412688791751861572e-01
1.547632068395614624e-01
2.041005194187164307e-01
1.520985662937164307e-01
1.128611415624618530e-01
4.004523158073425293e-01
1.665596216917037964e-01
2.010727226734161377e-01
2.861663103103637695e-01
3.110620975494384766e-01
4.172924160957336426e-01
3.511937558650970459e-01
7.475377619266510010e-02
1.552197784185409546e-01
8.483396470546722412e-02
2.442643940448760986e-01
3.026294708251953125e-01
3.199347853660583496e-01
1.660982519388198853e-01
1.249670982360839844e-01
2.212108969688415527e-01
6.089235469698905945e-02
3.555051684379577637e-01
2.577151060104370117e-01
1.158178746700286865e-01
1.647261083126068115e-01
1.422860175371170044e-01
1.952389478683471680e-01
1.154436320066452026e-01
1.350415945053100586e-01
1.399428546428680420e-01
2.062237113714218140e-01
4.873146116733551025e-01
1.523493975400924683e-01
3.629231452941894531e-02
1.227782294154167175e-01
3.237048089504241943e-01
2.040850520133972168e-01
3.584702014923095703e-01
3.177274167537689209e-01
3.893655836582183838e-01
1.865260899066925049e-01
9.249512851238250732e-02
1.166151911020278931e-01
8.889050781726837158e-02
3.722810149192810059e-01
1.739273816347122192e-01
2.368078827857971191e-01
7.008968293666839600e-02
9.442906081676483154e-02
2.623035907745361328e-01
3.321779072284698486e-01
1.602385342121124268e-01
1.009920388460159302e-01
2.880827784538269043e-01
4.824762046337127686e-02
2.042223811149597168e-01
2.499454021453857422e-01
1.268968731164932251e-01
1.652916818857192993e-01
3.816356956958770752e-01
3.149098753929138184e-01
1.499943733215332031e-01
2.732951045036315918e-01
1.107471883296966553e-01
2.092839330434799194e-01
8.825306594371795654e-02
6.914573907852172852e-02
2.391723394393920898e-01
3.997190594673156738e-01
1.482619345188140869e-01
1.558746695518493652e-01
8.294013142585754395e-02
3.685595095157623291e-01
3.678993582725524902e-01
1.487424969673156738e-01
1.329621672630310059e-01
1.423798501491546631e-01
2.397148460149765015e-01
1.429886817932128906e-01
3.326887488365173340e-01
1.955975741147994995e-01
2.947250902652740479e-01
1.508306264877319336e-01
1.285148561000823975e-01
8.040392398834228516e-02
3.866471648216247559e-01
3.146115839481353760e-01
1.387980282306671143e-01
2.182968109846115112e-01
2.866792082786560059e-01
7.968156039714813232e-02
1.454307734966278076e-01
1.258006244897842407e-01
6.240931749343872070e-01
7.060127854347229004e-01
3.791095614433288574e-01
1.750318408012390137e-01
2.982285320758819580e-01
1.047893464565277100e-01
1.570615470409393311e-01
1.576266586780548096e-01
6.766205281019210815e-02
7.400024682283401489e-02
2.621059715747833252e-01
3.041844367980957031e-01
1.745015978813171387e-01
1.165864467620849609e-01
1.107617020606994629e-01
3.729411065578460693e-01
1.765788793563842773e-01
3.439968228340148926e-01
1.049121171236038208e-01
1.429873406887054443e-01
1.724715083837509155e-01
2.217430435121059418e-02
