1.650709807872772217e-01
4.389216601848602295e-01
2.348075509071350098e-01
2.977902889251708984e-01
2.395471036434173584e-01
2.431064248085021973e-01
7.440178096294403076e-02
2.067507505416870117e-01
1.991925537586212158e-01
2.729511857032775879e-01
1.224834099411964417e-01
1.916568577289581299e-01
2.061122804880142212e-01
1.791247278451919556e-01
1.177097260951995850e-01
2.383578270673751831e-01
1.526468694210052490e-01
1.521831750869750977e-01
1.547719240188598633e-01
4.258478060364723206e-02
1.340464651584625244e-01
1.995460689067840576e-01
1.249148845672607422e-01
2.526136636734008789e-01
3.128831982612609863e-01
7.770590484142303467e-02
1.213820725679397583e-01
3.260376453399658203e-01
5.136405229568481445e-01
1.721605658531188965e-01
1.892656981945037842e-01
3.913061022758483887e-01
1.695848852396011353e-01
3.110775053501129150e-01
2.285774648189544678e-01
1.797530353069305420e-01
1.477397978305816650e-01
2.888800501823425293e-01
3.232358992099761963e-01
2.400378882884979248e-01
2.970988750457763672e-01
1.219194307923316956e-01
3.767217993736267090e-01
1.406732350587844849e-01
1.899673044681549072e-01
1.323248594999313354e-01
2.573560476303100586e-01
2.060560882091522217e-01
3.849208056926727295e-01
1.558957248926162720e-01
2.513034939765930176e-01
1.304617226123809814e-01
2.827939987182617188e-01
1.801685690879821777e-01
2.285970151424407959e-01
1.989586353302001953e-01
6.859549880027770996e-02
1.029178202152252197e-01
3.427145481109619141e-01
1.582333296537399292e-01
2.442705333232879639e-01
5.737188830971717834e-02
2.764346897602081299e-01
5.046944022178649902e-01
1.625626087188720703e-01
3.111237287521362305e-01
2.025723159313201904e-01
2.427728772163391113e-01
2.809291481971740723e-01
2.601814866065979004e-01
3.256964683532714844e-01
1.590961515903472900e-01
1.043599992990493774e-01
2.588709890842437744e-01
1.944671273231506348e-01
2.918528616428375244e-01
4.520175978541374207e-02
1.116724312305450439e-01
2.239867895841598511e-01
7.197397947311401367e-02
6.800588965415954590e-02
4.039759933948516846e-01
2.584551274776458740e-01
2.267974615097045898e-01
2.924844026565551758e-01
4.517880380153656006e-01
2.042527347803115845e-01
1.032360494136810303e-01
7.578835636377334595e-02
2.466660141944885254e-01
2.061351388692855835e-01
2.361179292201995850e-01
2.794943377375602722e-02
4.224127531051635742e-02
1.281575858592987061e-01
1.601130962371826172e-01
1.945361495018005371e-01
2.454649507999420166e-01
4.995912313461303711e-01
1.918042749166488647e-01
6.080121174454689026e-02
1.191465854644775391e-01
1.045082509517669678e-01
1.925887912511825562e-01
5.341560393571853638e-02
7.057593017816543579e-02
2.204542756080627441e-01
1.774343997240066528e-01
7.290478050708770752e-02
1.615449339151382446e-01
2.816051840782165527e-01
2.257523387670516968e-01
6.366787850856781006e-02
1.641117334365844727e-01
3.139765262603759766e-01
8.181855082511901855e-02
1.449916064739227295e-01
6.570550799369812012e-02
3.374615609645843506e-01
2.224901318550109863e-01
1.485808938741683960e-01
1.622437238693237305e-01
1.368196904659271240e-01
2.825363874435424805e-01
1.221847683191299438e-01
1.747816801071166992e-01
1.476582139730453491e-01
9.653656184673309326e-02
2.103479206562042236e-01
1.563303023576736450e-01
2.363710403442382812e-01
1.097119450569152832e-01
1.263955086469650269e-01
1.761290132999420166e-01
1.249085292220115662e-01
6.237895488739013672e-01
7.451081275939941406e-02
2.228735238313674927e-01
1.890927851200103760e-01
4.970347881317138672e-02
1.350974142551422119e-01
1.616655439138412476e-01
7.825778424739837646e-02
2.810741364955902100e-01
1.890510022640228271e-01
2.242039144039154053e-01
1.498034447431564331e-01
4.705546796321868896e-02
1.025820150971412659e-01
1.701050996780395508e-01
2.382380366325378418e-01
4.554773122072219849e-02
2.329804748296737671e-01
9.311692416667938232e-02
3.042050898075103760e-01
4.358046501874923706e-02
2.015015780925750732e-01
1.458327621221542358e-01
9.720224887132644653e-02
6.552277505397796631e-02
1.814764887094497681e-01
1.861027181148529053e-01
2.194481492042541504e-01
2.355320006608963013e-01
1.642866618931293488e-02
1.672658771276473999e-01
2.616267800331115723e-01
2.168187126517295837e-02
1.634313911199569702e-01
7.829833030700683594e-01
1.268237084150314331e-01
2.410689741373062134e-01
4.476577639579772949e-01
1.005724072456359863e-01
5.501349568367004395e-01
4.621008038520812988e-01
2.150781452655792236e-01
3.259158134460449219e-01
1.914863586425781250e-01
1.162133663892745972e-01
2.281886488199234009e-01
1.661270558834075928e-01
1.669108420610427856e-01
1.240985170006752014e-01
2.487537413835525513e-01
2.510191798210144043e-01
2.960287332534790039e-01
5.963685736060142517e-02
1.603382527828216553e-01
1.341117918491363525e-01
2.043981254100799561e-01
1.862007081508636475e-01
1.905230879783630371e-01
8.309549838304519653e-02
3.205794692039489746e-01
3.261731266975402832e-01
8.550728112459182739e-02
1.338485479354858398e-01
3.530988097190856934e-01
2.417185902595520020e-01
1.280906796455383301e-01
1.269095838069915771e-01
4.288763403892517090e-01
2.248401790857315063e-01
1.908047795295715332e-01
1.894931048154830933e-01
2.778856158256530762e-01
9.956615418195724487e-02
7.431510090827941895e-02
6.157141923904418945e-02
4.799678623676300049e-01
3.012134730815887451e-01
3.168900012969970703e-01
1.976416110992431641e-01
1.348415166139602661e-01
1.268339902162551880e-01
2.915057837963104248e-01
1.940035074949264526e-01
1.468935310840606689e-01
2.563202381134033203e-01
2.484933137893676758e-01
2.526406645774841309e-01
2.505008578300476074e-01
1.815545260906219482e-01
2.035950422286987305e-01
2.677947580814361572e-01
1.315692365169525146e-01
6.367474794387817383e-02
2.086561322212219238e-01
2.402435094118118286e-01
1.946719586849212646e-01
3.886280655860900879e-01
1.235207393765449524e-01
1.037729531526565552e-01
9.221874177455902100e-02
5.504517555236816406e-01
3.913155794143676758e-01
9.267730265855789185e-02
9.236802905797958374e-02
1.230641752481460571e-01
1.411222219467163086e-01
8.632420748472213745e-02
4.152663052082061768e-01
8.742381632328033447e-02
1.426562070846557617e-01
1.110885366797447205e-01
2.735776901245117188e-01
2.813312970101833344e-02
2.503806948661804199e-01
1.410263776779174805e-01
3.006250858306884766e-01
1.893510073423385620e-01
1.665525734424591064e-01
1.793035864830017090e-01
2.391746044158935547e-01
1.605082452297210693e-01
1.487805694341659546e-01
9.968886524438858032e-02
9.571911394596099854e-02
1.118946224451065063e-01
1.480153053998947144e-01
4.856247901916503906e-01
2.756158113479614258e-01
4.890525341033935547e-02
1.661587506532669067e-01
9.303158521652221680e-02
1.430879235267639160e-01
2.012761682271957397e-01
2.090769261121749878e-01
1.553221493959426880e-01
1.467147767543792725e-01
3.817115426063537598e-01
1.477000117301940918e-01
9.516918659210205078e-02
1.954979002475738525e-01
3.058555126190185547e-01
1.911814957857131958e-01
6.587518751621246338e-02
7.450234889984130859e-02
1.004023551940917969e-01
1.648422479629516602e-01
2.641693949699401855e-01
2.375411093235015869e-01
1.679918915033340454e-01
1.212979182600975037e-01
5.046536326408386230e-01
1.106181889772415161e-01
8.114518225193023682e-02
1.566009670495986938e-01
1.957415193319320679e-01
3.301818370819091797e-01
7.480966299772262573e-02
5.133657902479171753e-02
2.958569526672363281e-01
6.326396018266677856e-02
1.499716043472290039e-01
2.230564057826995850e-01
1.196314990520477295e-01
1.295214295387268066e-01
1.863898783922195435e-01
2.340444773435592651e-01
1.971269994974136353e-01
2.120096683502197266e-01
3.140308856964111328e-01
1.827798187732696533e-01
4.236699640750885010e-01
5.844085663557052612e-02
1.093388497829437256e-01
1.549624502658843994e-01
1.582176983356475830e-01
1.693522185087203979e-01
2.143656015396118164e-01
1.143088787794113159e-01
2.240424007177352905e-01
3.092945814132690430e-01
1.812481284141540527e-01
4.486442208290100098e-01
1.837745606899261475e-01
3.719803690910339355e-01
1.960348486900329590e-01
9.707236289978027344e-02
6.737808883190155029e-02
4.922452569007873535e-02
1.197416558861732483e-01
2.788599729537963867e-01
2.969377040863037109e-01
3.881839513778686523e-01
1.462312936782836914e-01
2.278623729944229126e-01
6.069451197981834412e-02
2.883044183254241943e-01
1.952525526285171509e-01
5.123625695705413818e-02
7.507445663213729858e-02
1.008024290204048157e-01
3.935419395565986633e-02
1.125800013542175293e-01
6.711783409118652344e-01
8.776608109474182129e-02
2.309837043285369873e-01
3.122597038745880127e-01
1.720166951417922974e-01
1.779406517744064331e-01
1.656473875045776367e-01
2.520775198936462402e-01
2.391210943460464478e-01
3.122255206108093262e-01
8.440232276916503906e-02
1.734251230955123901e-01
1.493849307298660278e-01
7.220329344272613525e-02
1.849917322397232056e-01
8.667210489511489868e-02
3.658372163772583008e-01
1.575445234775543213e-01
1.892477869987487793e-01
9.264798462390899658e-02
4.152840077877044678e-01
1.877444684505462646e-01
8.533879369497299194e-02
1.200853586196899414e-01
2.342868745326995850e-01
1.830729544162750244e-01
1.941875070333480835e-01
3.906803131103515625e-01
3.287064284086227417e-02
6.395322084426879883e-02
1.978602707386016846e-01
5.036239624023437500e-01
6.988731026649475098e-02
2.055049240589141846e-01
2.378873229026794434e-01
3.603009283542633057e-01
2.819956541061401367e-01
2.253843247890472412e-01
2.443235516548156738e-01
2.025793045759201050e-01
1.947187483310699463e-01
2.098562121391296387e-01
1.956696510314941406e-01
1.558536440134048462e-01
1.826731860637664795e-01
2.026919275522232056e-01
2.142414003610610962e-01
1.803517788648605347e-01
2.218135297298431396e-01
3.002674877643585205e-01
2.143916487693786621e-01
1.958296895027160645e-01
5.447452515363693237e-02
4.703333973884582520e-01
3.734382688999176025e-01
1.836085915565490723e-01
1.801368743181228638e-01
1.084751486778259277e-01
1.346983611583709717e-01
1.226019263267517090e-01
1.082402840256690979e-01
5.234137549996376038e-02
1.794190853834152222e-01
8.766652643680572510e-02
1.467357426881790161e-01
2.806525826454162598e-01
3.640977144241333008e-01
3.332501053810119629e-01
7.078140974044799805e-02
8.264804631471633911e-02
9.541717171669006348e-02
7.832445204257965088e-02
1.982817947864532471e-01
1.117220371961593628e-01
2.491897940635681152e-01
4.335132241249084473e-02
3.864134848117828369e-01
2.505127489566802979e-01
1.637351810932159424e-01
6.254598498344421387e-02
2.663984000682830811e-01
1.590346544981002808e-01
1.222681403160095215e-01
4.451462328433990479e-01
2.195067107677459717e-01
1.696497350931167603e-01
6.872203946113586426e-02
2.654159069061279297e-01
4.629054665565490723e-02
2.531955838203430176e-01
3.157088756561279297e-01
1.713642477989196777e-01
1.469099670648574829e-01
6.877934932708740234e-02
9.580940753221511841e-02
1.684483587741851807e-01
1.904789209365844727e-01
2.699700891971588135e-01
2.295462191104888916e-01
1.895279884338378906e-01
1.623564362525939941e-01
7.129393517971038818e-02
2.589319348335266113e-01
5.330923199653625488e-02
3.321759402751922607e-02
1.908178925514221191e-01
5.161723122000694275e-02
3.372246325016021729e-01
1.277090758085250854e-01
1.788068711757659912e-01
1.192872524261474609e-01
2.693672478199005127e-01
2.823925912380218506e-01
9.153215587139129639e-02
9.348022937774658203e-02
1.683855056762695312e-01
5.899858847260475159e-02
1.355995237827301025e-01
1.011102795600891113e-01
2.061214447021484375e-01
3.104104101657867432e-01
3.045479357242584229e-01
1.154470294713973999e-01
2.652825117111206055e-01
5.232590436935424805e-02
2.538534104824066162e-01
2.002184838056564331e-02
1.942717134952545166e-01
2.798538506031036377e-01
1.296097338199615479e-01
1.384463608264923096e-01
9.579190611839294434e-02
1.294344663619995117e-01
6.972496956586837769e-02
6.563130021095275879e-02
5.375433713197708130e-02
1.407137811183929443e-01
9.155233949422836304e-02
4.651470109820365906e-02
3.260582089424133301e-01
1.567217260599136353e-01
1.862442940473556519e-01
3.716900944709777832e-01
4.488833546638488770e-01
1.224822252988815308e-01
2.743692100048065186e-01
2.496401071548461914e-01
7.692389190196990967e-02
1.068169921636581421e-01
3.270558118820190430e-01
2.112718820571899414e-01
2.878674268722534180e-01
6.794272363185882568e-02
2.212937474250793457e-01
5.816404521465301514e-02
2.547811269760131836e-01
4.228158891201019287e-01
2.489796578884124756e-01
5.245514959096908569e-02
1.212321668863296509e-01
2.545918226242065430e-01
3.015145659446716309e-01
9.133821725845336914e-02
2.060215771198272705e-01
1.240672171115875244e-01
3.054089248180389404e-01
1.892474442720413208e-01
3.044026494026184082e-01
9.683728963136672974e-02
4.896205067634582520e-01
1.909660249948501587e-01
1.861272901296615601e-01
4.208963513374328613e-01
1.488759666681289673e-01
3.299046754837036133e-01
2.475682497024536133e-01
2.104379087686538696e-01
1.584839671850204468e-01
4.010404944419860840e-01
2.655443251132965088e-01
3.340037465095520020e-01
1.621814966201782227e-01
9.216181188821792603e-02
1.651702076196670532e-01
1.202396601438522339e-01
2.174828648567199707e-01
2.529274821281433105e-01
2.650792598724365234e-01
1.366781741380691528e-01
2.384678721427917480e-01
3.061539530754089355e-01
1.507265865802764893e-01
1.708123087882995605e-01
1.661787927150726318e-01
1.412800550460815430e-01
2.191413193941116333e-01
1.936340332031250000e-01
1.566596180200576782e-01
1.064578592777252197e-01
1.724547147750854492e-01
3.441468179225921631e-01
1.301053911447525024e-01
1.567952930927276611e-01
2.633897662162780762e-01
1.506941765546798706e-01
1.325257569551467896e-01
1.068344116210937500e-01
2.060926705598831177e-01
1.649496853351593018e-01
2.715764045715332031e-01
1.262695342302322388e-01
1.519132554531097412e-01
2.010763287544250488e-01
2.628872990608215332e-01
2.306407392024993896e-01
1.113435178995132446e-01
2.401995658874511719e-01
3.921982645988464355e-01
5.029215663671493530e-02
9.485583007335662842e-02
2.786490321159362793e-01
7.312646508216857910e-02
4.438939392566680908e-01
2.298352718353271484e-01
8.227712661027908325e-02
1.858306080102920532e-01
2.432480901479721069e-01
3.304137587547302246e-01
1.233965307474136353e-01
5.388938188552856445e-01
3.523170351982116699e-01
1.224588006734848022e-01
2.097966074943542480e-01
3.750200867652893066e-01
3.556759357452392578e-01
2.290296256542205811e-01
2.358573973178863525e-01
3.581539392471313477e-01
4.397768527269363403e-02
2.889702320098876953e-01
1.522241085767745972e-01
2.378185391426086426e-01
1.445530056953430176e-01
2.419884502887725830e-01
2.408492416143417358e-01
1.790879219770431519e-01
2.288202643394470215e-01
1.943700313568115234e-01
2.397382706403732300e-01
2.146708220243453979e-01
3.268610835075378418e-01
3.957096636295318604e-01
3.251126706600189209e-01
2.257119715213775635e-01
1.822496801614761353e-01
7.206026464700698853e-02
9.279955178499221802e-02
3.086137175559997559e-01
1.655462384223937988e-01
1.515347212553024292e-01
1.246113628149032593e-01
1.002837568521499634e-01
2.217337191104888916e-01
1.787855625152587891e-01
1.173698976635932922e-01
2.814424932003021240e-01
1.260756105184555054e-01
6.630560755729675293e-02
2.882584631443023682e-01
5.025724172592163086e-01
3.497661352157592773e-01
1.318308711051940918e-01
3.216259181499481201e-01
3.284558951854705811e-01
1.581532508134841919e-01
2.535508573055267334e-01
2.857136726379394531e-01
3.752242028713226318e-01
3.611700832843780518e-01
1.993162631988525391e-01
2.930150628089904785e-01
2.170442044734954834e-01
3.467331528663635254e-01
6.444002687931060791e-02
3.198239207267761230e-01
1.550323218107223511e-01
3.115534484386444092e-01
4.195602238178253174e-02
9.320649504661560059e-02
1.262696534395217896e-01
7.410217821598052979e-02
2.870610058307647705e-01
2.252985686063766479e-01
3.037016987800598145e-01
1.954934597015380859e-01
2.724238336086273193e-01
2.837843894958496094e-01
2.556689381599426270e-01
1.588495373725891113e-01
2.007669508457183838e-01
1.297895908355712891e-01
9.417860209941864014e-02
2.044727206230163574e-01
1.135456711053848267e-01
2.332389801740646362e-01
2.230013161897659302e-01
2.868716716766357422e-01
3.327988386154174805e-01
1.896717399358749390e-01
1.376241743564605713e-01
1.377517282962799072e-01
2.188096940517425537e-01
1.952905058860778809e-01
1.346092224121093750e-01
3.866751790046691895e-01
2.559309899806976318e-01
1.099617183208465576e-01
3.090213835239410400e-01
8.030902594327926636e-02
2.425165027379989624e-01
2.466357350349426270e-01
1.121230572462081909e-01
1.968811750411987305e-01
7.479754090309143066e-02
3.341317772865295410e-01
3.551074266433715820e-01
9.055274724960327148e-02
1.973799914121627808e-01
1.157766133546829224e-01
2.145548462867736816e-01
1.768288612365722656e-01
3.862582743167877197e-01
1.220334470272064209e-01
2.471989691257476807e-01
1.629077196121215820e-01
2.010306715965270996e-01
1.068896651268005371e-01
3.812266513705253601e-02
3.370610475540161133e-01
1.093560308218002319e-01
1.927913427352905273e-01
2.621851563453674316e-01
3.570232391357421875e-01
1.046694964170455933e-01
1.574167162179946899e-01
2.970790266990661621e-01
3.301208019256591797e-01
9.489355236291885376e-02
8.521719276905059814e-02
1.513716727495193481e-01
5.821056291460990906e-02
3.146189451217651367e-01
2.327125370502471924e-01
1.724032312631607056e-01
2.611811757087707520e-01
2.513469755649566650e-01
2.540000677108764648e-01
1.645002067089080811e-01
2.298649847507476807e-01
3.161377608776092529e-01
1.447761356830596924e-01
1.606363505125045776e-01
2.459486126899719238e-01
2.033274918794631958e-01
2.509813308715820312e-01
2.006524503231048584e-01
3.164195120334625244e-01
2.547742724418640137e-01
2.642988860607147217e-01
1.426104903221130371e-01
2.619862556457519531e-01
2.599213719367980957e-01
2.314889729022979736e-01
1.903680711984634399e-01
1.766855567693710327e-01
2.980918288230895996e-01
2.523503303527832031e-01
1.910253018140792847e-01
2.158642709255218506e-01
1.252321451902389526e-01
2.819035053253173828e-01
2.064170539379119873e-01
1.392851620912551880e-01
6.921097636222839355e-02
2.485190927982330322e-01
2.015543580055236816e-01
2.562649846076965332e-01
2.585788965225219727e-01
2.060132324695587158e-01
1.991039812564849854e-01
1.585477739572525024e-01
2.614937126636505127e-01
5.900328978896141052e-02
1.302686631679534912e-01
1.022353619337081909e-01
1.733915507793426514e-01
1.174843460321426392e-01
1.666480004787445068e-01
1.738116294145584106e-01
3.802235797047615051e-02
3.435206413269042969e-02
2.183073759078979492e-01
5.548330396413803101e-02
2.571609020233154297e-01
2.979399561882019043e-01
1.025963574647903442e-01
1.321021169424057007e-01
1.121043264865875244e-01
1.446852087974548340e-01
2.775047123432159424e-01
2.267157435417175293e-01
1.035512238740921021e-01
7.781897485256195068e-02
1.500967741012573242e-01
2.511548399925231934e-01
1.638103127479553223e-01
2.227602303028106689e-01
1.276645064353942871e-01
1.833412051200866699e-01
1.085979938507080078e-01
1.901080012321472168e-01
3.160008788108825684e-01
4.032543599605560303e-01
2.383005023002624512e-01
1.165446266531944275e-01
6.052402406930923462e-02
1.030160952359437943e-02
1.478949785232543945e-01
1.834757179021835327e-01
2.626993060111999512e-01
1.427252143621444702e-01
2.466327846050262451e-01
3.788777589797973633e-01
1.320044696331024170e-01
8.915891498327255249e-02
3.192618787288665771e-01
2.592743337154388428e-01
3.626227676868438721e-01
1.818328350782394409e-01
1.051230728626251221e-01
6.492608785629272461e-02
1.663365662097930908e-01
3.316511213779449463e-01
8.623830974102020264e-02
3.093326091766357422e-01
4.299388527870178223e-01
9.843517839908599854e-02
4.283668696880340576e-01
1.519140452146530151e-01
1.999681890010833740e-01
1.337706148624420166e-01
1.666566729545593262e-01
1.238615736365318298e-01
2.659451365470886230e-01
6.375612318515777588e-02
1.919419020414352417e-01
2.587794363498687744e-01
2.064455747604370117e-01
1.751258969306945801e-01
1.822509467601776123e-01
2.797550559043884277e-01
1.432591974735260010e-01
2.154163569211959839e-01
1.532483398914337158e-01
3.087522089481353760e-01
1.636100113391876221e-01
1.618011891841888428e-01
1.882218122482299805e-01
1.161952912807464600e-01
2.270899713039398193e-01
1.635154187679290771e-01
6.380920857191085815e-02
1.317425668239593506e-01
2.994845211505889893e-01
4.707628488540649414e-02
1.511617600917816162e-01
1.303418427705764771e-01
2.513763308525085449e-01
6.755712628364562988e-02
9.792066365480422974e-02
7.479142397642135620e-02
4.359525740146636963e-01
2.384804785251617432e-01
2.990036010742187500e-01
9.086303412914276123e-02
2.492046058177947998e-01
2.446644604206085205e-01
1.807401329278945923e-01
1.213937029242515564e-01
2.472853064537048340e-01
1.010922119021415710e-01
1.703096330165863037e-01
1.372407078742980957e-01
3.167545199394226074e-01
1.833589673042297363e-01
9.727918356657028198e-02
2.417428493499755859e-01
7.769998908042907715e-02
1.302287280559539795e-01
3.767535090446472168e-01
1.421846449375152588e-01
1.967553198337554932e-01
2.904853522777557373e-01
1.843615770339965820e-01
1.251354366540908813e-01
5.641841888427734375e-02
2.696702778339385986e-01
1.185127049684524536e-01
3.516166806221008301e-01
1.156008839607238770e-01
4.798908904194831848e-02
4.164616167545318604e-01
6.258802860975265503e-02
1.095490977168083191e-01
1.204577907919883728e-01
3.213992118835449219e-01
9.980434924364089966e-02
1.146343499422073364e-01
1.150879710912704468e-01
1.892879903316497803e-01
2.599277198314666748e-01
2.162684202194213867e-01
1.867696344852447510e-01
2.765732407569885254e-01
1.222725436091423035e-01
2.611343860626220703e-01
1.254624873399734497e-01
2.641792297363281250e-01
2.495811581611633301e-01
3.193863630294799805e-01
2.512942999601364136e-02
1.916872262954711914e-01
1.527349054813385010e-01
3.565931916236877441e-01
1.029962301254272461e-01
1.661726534366607666e-01
1.921071410179138184e-01
2.072557955980300903e-01
2.787387967109680176e-01
1.305292844772338867e-01
1.994914561510086060e-01
1.137524396181106567e-01
1.274483054876327515e-01
1.414414495229721069e-01
2.721990644931793213e-01
7.122576236724853516e-02
2.057543992996215820e-01
2.756599783897399902e-01
2.036198824644088745e-01
4.216300845146179199e-01
1.602607220411300659e-01
1.692954301834106445e-01
4.138487279415130615e-01
1.285857558250427246e-01
1.299874782562255859e-01
1.450671553611755371e-01
3.508797585964202881e-01
2.171478420495986938e-01
2.050492018461227417e-01
1.281429678201675415e-01
1.386438608169555664e-01
8.944419026374816895e-02
1.632329374551773071e-01
2.115030437707901001e-01
4.059702157974243164e-01
1.012477427721023560e-01
3.415504693984985352e-01
5.607947707176208496e-02
2.260847389698028564e-01
1.652439534664154053e-01
1.439509838819503784e-01
3.157019913196563721e-01
2.629074752330780029e-01
2.847141623497009277e-01
1.357059478759765625e-01
3.128853142261505127e-01
1.553615778684616089e-01
9.245151281356811523e-02
9.293311834335327148e-02
1.541294455528259277e-01
2.678601145744323730e-01
1.590802073478698730e-01
9.194336831569671631e-02
1.208127364516258240e-01
9.958779066801071167e-02
1.328576505184173584e-01
2.398009896278381348e-01
1.879461705684661865e-01
1.545669436454772949e-01
1.998219341039657593e-01
9.672804921865463257e-02
1.935396939516067505e-01
1.609674096107482910e-01
1.945801526308059692e-01
2.174368500709533691e-01
2.155061811208724976e-01
1.311243325471878052e-01
1.306908428668975830e-01
1.464653164148330688e-01
3.138107061386108398e-01
1.943895667791366577e-01
3.368099629878997803e-01
2.203349769115447998e-01
2.623555660247802734e-01
1.511361151933670044e-01
1.670646667480468750e-01
1.951535642147064209e-01
4.071308076381683350e-01
9.844349324703216553e-02
3.105924129486083984e-01
1.351465880870819092e-01
1.250792890787124634e-01
2.239669561386108398e-01
1.382148563861846924e-01
2.235454022884368896e-01
3.064668178558349609e-01
1.160120144486427307e-01
1.115938499569892883e-01
2.967554330825805664e-01
1.617693901062011719e-01
2.497942149639129639e-01
3.556135892868041992e-01
3.021335303783416748e-01
2.474803179502487183e-01
1.885126233100891113e-01
2.009991109371185303e-01
2.262059152126312256e-01
2.322411239147186279e-01
1.985554993152618408e-01
3.234411478042602539e-01
8.079552650451660156e-02
2.063654214143753052e-01
1.078535467386245728e-01
1.040901392698287964e-01
2.378587722778320312e-01
2.485079169273376465e-01
2.164916843175888062e-01
2.169762402772903442e-01
1.798105537891387939e-01
2.978113293647766113e-01
1.715770661830902100e-01
2.226639688014984131e-01
2.188415229320526123e-01
1.621955186128616333e-01
1.987424194812774658e-01
1.772317886352539062e-01
3.439738154411315918e-01
2.014188468456268311e-01
1.601095497608184814e-01
9.024934470653533936e-02
7.895603775978088379e-02
2.602621316909790039e-01
2.870145142078399658e-01
9.908746182918548584e-02
1.119615063071250916e-01
1.693096309900283813e-01
1.154979467391967773e-01
3.161801397800445557e-02
2.196559011936187744e-01
1.481617838144302368e-01
2.351774722337722778e-01
1.759172976016998291e-01
2.423413991928100586e-01
1.629908680915832520e-01
8.630939573049545288e-02
2.969310581684112549e-01
1.597954034805297852e-01
2.494342029094696045e-01
2.036040425300598145e-01
1.471049785614013672e-01
5.963454023003578186e-02
1.939222812652587891e-01
2.201304882764816284e-01
2.435258775949478149e-01
8.523282408714294434e-02
7.695318013429641724e-02
2.506214380264282227e-01
3.832357525825500488e-01
2.497261613607406616e-01
4.409139752388000488e-01
4.055833816528320312e-01
2.285747677087783813e-01
1.923254132270812988e-01
1.897408366203308105e-01
1.946353018283843994e-01
1.230587363243103027e-01
1.876243948936462402e-01
2.923260629177093506e-01
2.102732211351394653e-01
2.064389884471893311e-01
1.799779385328292847e-01
9.167063236236572266e-02
4.423344880342483521e-02
4.115288257598876953e-01
2.230833768844604492e-01
2.529979944229125977e-01
2.580146491527557373e-01
3.270933330059051514e-01
9.988725185394287109e-02
1.774480938911437988e-01
2.111681848764419556e-01
1.227269992232322693e-01
3.082176744937896729e-01
2.546315789222717285e-01
3.036878407001495361e-01
9.824604541063308716e-02
1.693581640720367432e-01
2.625048756599426270e-01
6.121240556240081787e-02
1.685684621334075928e-01
1.063567474484443665e-01
5.176361799240112305e-01
5.751583725214004517e-02
2.113815844058990479e-01
5.210383981466293335e-02
2.673847973346710205e-01
1.407824754714965820e-01
2.114076316356658936e-01
3.719559907913208008e-01
2.080229073762893677e-01
2.597921192646026611e-01
1.609904170036315918e-01
3.211591839790344238e-01
1.486364006996154785e-01
1.336636692285537720e-01
3.860864937305450439e-01
1.259003728628158569e-01
1.534769237041473389e-01
1.077739596366882324e-01
1.228830218315124512e-01
1.686318516731262207e-01
3.734518289566040039e-01
1.761771440505981445e-01
7.127766311168670654e-02
1.711654514074325562e-01
1.845155805349349976e-01
1.163894534111022949e-01
2.895748615264892578e-01
1.873195320367813110e-01
1.258111447095870972e-01
1.940427124500274658e-01
1.928067952394485474e-01
1.130123585462570190e-01
1.335659921169281006e-01
1.673346757888793945e-01
2.500702142715454102e-01
1.760279238224029541e-01
3.732492625713348389e-01
3.348433673381805420e-01
2.782216072082519531e-01
2.254775315523147583e-01
2.025867253541946411e-01
2.587804198265075684e-01
3.704239726066589355e-01
1.906884908676147461e-01
3.660512566566467285e-01
1.426650881767272949e-01
9.463816881179809570e-02
1.246195659041404724e-01
1.635737121105194092e-01
1.275088638067245483e-01
1.067246347665786743e-01
1.949664801359176636e-01
1.408913731575012207e-01
3.725052177906036377e-01
3.726354539394378662e-01
3.341612815856933594e-01
1.610489487648010254e-01
2.283388078212738037e-01
1.394678801298141479e-01
1.886465549468994141e-01
2.031771391630172729e-01
2.353116124868392944e-01
2.023608833551406860e-01
2.057664096355438232e-01
1.496619284152984619e-01
2.622606754302978516e-01
6.699938327074050903e-02
2.766935825347900391e-01
3.567577302455902100e-01
2.339350432157516479e-01
2.565481364727020264e-01
9.750279039144515991e-02
9.860777854919433594e-02
4.516806602478027344e-01
1.268780529499053955e-01
1.626853793859481812e-01
6.546360254287719727e-02
9.505534917116165161e-02
1.125574931502342224e-01
6.745835393667221069e-02
1.685076355934143066e-01
2.235127687454223633e-01
4.017592966556549072e-01
3.393586277961730957e-01
1.009926050901412964e-01
3.950754404067993164e-01
2.234440147876739502e-01
2.977136895060539246e-02
3.253652751445770264e-01
7.280879020690917969e-01
2.213197648525238037e-01
1.292352676391601562e-01
7.063973695039749146e-02
1.907020956277847290e-01
2.097969651222229004e-01
3.619250059127807617e-01
1.044332832098007202e-01
1.561435312032699585e-01
7.485536485910415649e-02
2.745966315269470215e-01
2.080457955598831177e-01
1.550847142934799194e-01
8.604924380779266357e-02
1.652471721172332764e-01
1.700995266437530518e-01
2.817618250846862793e-01
1.078515425324440002e-01
1.143910139799118042e-01
3.304224610328674316e-01
2.120298147201538086e-01
2.261544167995452881e-01
8.176656067371368408e-02
3.026567101478576660e-01
2.373537868261337280e-01
1.745763570070266724e-01
1.699753850698471069e-01
1.061616465449333191e-01
1.748386323451995850e-01
1.205906122922897339e-01
2.264950871467590332e-01
9.167484194040298462e-02
2.739083468914031982e-01
2.791017293930053711e-01
4.227724373340606689e-01
2.397995591163635254e-01
2.602826058864593506e-01
8.909328281879425049e-02
1.496481299400329590e-01
1.377999782562255859e-01
1.422272622585296631e-01
1.208311095833778381e-01
2.041153609752655029e-01
1.431447565555572510e-01
5.536110699176788330e-02
1.182780340313911438e-01
1.934355646371841431e-01
2.033381164073944092e-01
2.042233943939208984e-01
3.062664568424224854e-01
2.601942420005798340e-01
2.284509539604187012e-01
9.957474470138549805e-02
1.636270284652709961e-01
2.604353725910186768e-01
2.127161026000976562e-01
2.416167706251144409e-01
1.297346949577331543e-01
2.091243565082550049e-01
4.286580383777618408e-01
1.483324766159057617e-01
1.067170500755310059e-01
9.042923897504806519e-02
1.778489202260971069e-01
2.406329959630966187e-01
3.344408869743347168e-01
3.087973296642303467e-01
1.100406646728515625e-01
2.781097888946533203e-01
1.959821283817291260e-01
1.916380524635314941e-01
3.048155903816223145e-01
1.978281438350677490e-01
2.292761504650115967e-01
1.807325184345245361e-01
2.529200315475463867e-01
2.013927996158599854e-01
1.863281130790710449e-01
1.640495061874389648e-01
9.582795202732086182e-02
1.878655552864074707e-01
3.104534745216369629e-01
3.897581994533538818e-01
9.127897024154663086e-02
1.651090085506439209e-01
2.125781774520874023e-01
1.543561369180679321e-01
1.934513002634048462e-01
2.640361785888671875e-01
2.975491583347320557e-01
1.953968107700347900e-01
2.229264229536056519e-01
2.657318115234375000e-01
3.452946543693542480e-01
1.926698386669158936e-01
1.847867667675018311e-01
1.359918564558029175e-01
5.050934553146362305e-01
1.698296964168548584e-01
5.723863467574119568e-02
9.869220852851867676e-02
2.966858744621276855e-01
5.754049867391586304e-02
1.022029295563697815e-01
1.251047104597091675e-01
1.903799027204513550e-01
1.451088190078735352e-01
4.561066031455993652e-01
1.049216743558645248e-02
