6.392040848731994629e-02
7.967875897884368896e-02
8.013496547937393188e-02
1.402842849493026733e-01
1.650394201278686523e-01
1.688870489597320557e-01
1.125011742115020752e-01
1.872568428516387939e-01
7.975825667381286621e-02
1.616072207689285278e-01
2.804448008537292480e-01
3.664017617702484131e-01
9.212192893028259277e-02
1.335418224334716797e-01
1.582319885492324829e-01
2.421556413173675537e-01
1.641649454832077026e-01
1.026711314916610718e-01
1.379596292972564697e-01
3.677994608879089355e-01
7.034548521041870117e-01
8.004856854677200317e-02
1.418158560991287231e-01
2.420769035816192627e-01
2.496708482503890991e-01
1.505140215158462524e-01
7.703286409378051758e-02
2.014115303754806519e-01
1.779700964689254761e-01
1.148318722844123840e-01
1.014338210225105286e-01
6.221358850598335266e-02
2.019705623388290405e-01
1.074940040707588196e-01
1.930160224437713623e-01
1.950904130935668945e-01
1.607077121734619141e-01
1.011511385440826416e-01
3.173773288726806641e-01
2.425355315208435059e-01
1.526029556989669800e-01
1.578025519847869873e-01
8.543262630701065063e-02
1.111632138490676880e-01
4.953884333372116089e-02
5.807819962501525879e-02
2.777069211006164551e-01
2.518446445465087891e-01
2.694365978240966797e-01
2.504735589027404785e-01
1.760205328464508057e-01
3.152796328067779541e-01
3.197629153728485107e-01
2.453813701868057251e-01
1.404228657484054565e-01
2.664076387882232666e-01
1.245699226856231689e-01
2.312313616275787354e-01
1.855976283550262451e-01
8.055037260055541992e-02
4.895058870315551758e-01
2.094595432281494141e-01
3.135058581829071045e-01
1.355832219123840332e-01
1.281844675540924072e-01
2.100389003753662109e-01
6.095201149582862854e-02
1.672043353319168091e-01
1.711255013942718506e-01
5.695758014917373657e-02
1.792425066232681274e-01
1.585019230842590332e-01
1.046722233295440674e-01
1.244464889168739319e-01
9.464185684919357300e-02
1.488859951496124268e-01
2.721833810210227966e-02
8.231668174266815186e-02
2.062137722969055176e-01
5.087465047836303711e-02
4.955072700977325439e-02
2.663063704967498779e-01
1.111777573823928833e-01
2.893471121788024902e-01
9.312564134597778320e-02
2.126412987709045410e-01
2.944289445877075195e-01
3.040789067745208740e-01
3.457172513008117676e-01
3.165427446365356445e-01
3.470925986766815186e-01
1.142157167196273804e-01
1.375182569026947021e-01
1.524853855371475220e-01
7.657518982887268066e-02
2.313406318426132202e-01
1.332665532827377319e-01
1.709523200988769531e-01
1.530786901712417603e-01
1.321974098682403564e-01
2.631392776966094971e-01
2.523685991764068604e-01
1.723005920648574829e-01
6.250308454036712646e-02
9.467053413391113281e-02
5.451028421521186829e-02
2.014449536800384521e-01
2.403143048286437988e-01
1.572918593883514404e-01
3.585892915725708008e-01
3.114392161369323730e-01
1.863183528184890747e-01
2.090070545673370361e-01
4.461680725216865540e-02
7.802419364452362061e-02
8.765815198421478271e-02
1.135528385639190674e-01
1.582632660865783691e-01
2.356063127517700195e-01
2.539420127868652344e-01
1.861371695995330811e-01
1.836507618427276611e-01
2.107644081115722656e-01
8.780977129936218262e-02
2.065815031528472900e-01
1.851264536380767822e-01
3.288779407739639282e-02
1.359044909477233887e-01
1.261485964059829712e-01
1.759865134954452515e-01
7.402715086936950684e-02
4.311158508062362671e-02
1.697294712066650391e-01
9.854859113693237305e-02
7.131864875555038452e-02
2.249686270952224731e-01
1.881186813116073608e-01
1.545046269893646240e-01
1.353834569454193115e-01
7.718917727470397949e-02
3.789296150207519531e-01
1.060750260949134827e-01
3.607971370220184326e-01
1.095398589968681335e-01
2.202756106853485107e-01
2.870507240295410156e-01
3.021640479564666748e-01
1.024898141622543335e-01
7.799959927797317505e-02
8.483086526393890381e-02
2.367986440658569336e-01
3.727505207061767578e-01
1.050649136304855347e-01
1.616968065500259399e-01
1.702166050672531128e-01
5.990784168243408203e-01
1.467159390449523926e-01
1.477158367633819580e-01
1.523870229721069336e-01
5.865366756916046143e-02
2.267498075962066650e-01
7.123486697673797607e-02
3.030080199241638184e-01
2.332852035760879517e-01
3.785163164138793945e-01
1.470025926828384399e-01
3.128479719161987305e-01
3.099333047866821289e-01
3.408538401126861572e-01
3.374613076448440552e-02
1.274321079254150391e-01
1.502072662115097046e-01
2.695523798465728760e-01
5.798976123332977295e-02
2.293446958065032959e-01
3.773636221885681152e-01
6.376393139362335205e-02
2.101665437221527100e-01
1.756285130977630615e-01
1.235850006341934204e-01
1.601284146308898926e-01
1.786950230598449707e-01
4.437270760536193848e-02
5.450400337576866150e-02
4.112224876880645752e-01
4.683054983615875244e-02
1.783768534660339355e-01
2.766604423522949219e-01
9.726229310035705566e-02
7.289506494998931885e-02
7.486427575349807739e-02
1.302489340305328369e-01
8.099530637264251709e-02
3.203726410865783691e-01
1.026558279991149902e-01
1.390244662761688232e-01
1.540443003177642822e-01
8.782039582729339600e-02
2.651648223400115967e-01
1.405721902847290039e-01
1.939124315977096558e-01
2.734369039535522461e-01
1.221990212798118591e-01
7.093270123004913330e-02
1.781524717807769775e-01
1.118485108017921448e-01
2.814629077911376953e-01
1.087146699428558350e-01
1.076790764927864075e-01
1.369935572147369385e-01
1.882417649030685425e-01
2.321337163448333740e-01
2.104883939027786255e-01
1.221230253577232361e-01
1.016400754451751709e-01
2.079575955867767334e-01
1.965459585189819336e-01
2.431479990482330322e-01
8.753097057342529297e-02
1.887498348951339722e-01
1.052452400326728821e-01
2.164922356605529785e-01
5.880657956004142761e-02
1.434056460857391357e-01
8.897662162780761719e-02
4.208851605653762817e-02
1.321358531713485718e-01
2.407543361186981201e-01
1.284081041812896729e-01
2.671554498374462128e-02
2.133527398109436035e-01
2.813240289688110352e-01
1.749770492315292358e-01
3.292809426784515381e-01
2.595446109771728516e-01
1.963456571102142334e-01
1.669591963291168213e-01
1.168511807918548584e-01
2.976680994033813477e-01
2.298485338687896729e-01
3.352344632148742676e-01
1.442901492118835449e-01
4.498218297958374023e-01
6.913259625434875488e-02
2.033786028623580933e-01
1.710875332355499268e-01
3.315403163433074951e-01
2.717968523502349854e-01
1.671855151653289795e-01
2.344810962677001953e-01
1.753908544778823853e-01
9.339468181133270264e-02
1.866012662649154663e-01
1.453115642070770264e-01
1.052982360124588013e-01
3.915838301181793213e-01
1.202415078878402710e-01
1.825641691684722900e-01
1.082849204540252686e-01
1.242775321006774902e-01
9.098635613918304443e-02
1.290781497955322266e-01
1.533751040697097778e-01
1.315366327762603760e-01
2.924150228500366211e-01
2.216735333204269409e-01
1.978106349706649780e-01
4.296492040157318115e-02
4.550670832395553589e-02
1.599684506654739380e-01
1.952418237924575806e-01
1.339379400014877319e-01
1.666606366634368896e-01
1.585897207260131836e-01
2.836279869079589844e-01
2.493677139282226562e-01
1.229132637381553650e-01
1.470627784729003906e-01
2.555953860282897949e-01
4.609597474336624146e-02
1.171489357948303223e-01
5.038605630397796631e-02
2.415926456451416016e-01
1.255263835191726685e-01
9.183770418167114258e-02
8.115399628877639771e-02
3.759121894836425781e-02
1.347239315509796143e-01
2.110902369022369385e-01
1.730698049068450928e-01
8.386515825986862183e-02
2.190515995025634766e-01
5.586550384759902954e-02
8.585162460803985596e-02
2.618868947029113770e-01
9.030621498823165894e-02
7.501961290836334229e-02
1.326345354318618774e-01
9.729187935590744019e-02
9.800580143928527832e-02
2.431407719850540161e-01
2.338553369045257568e-01
3.213761448860168457e-01
2.029510736465454102e-01
1.876822412014007568e-01
1.701226830482482910e-01
1.931749582290649414e-01
1.768233925104141235e-01
3.065100908279418945e-01
2.901513576507568359e-01
2.021772861480712891e-01
2.307228446006774902e-01
2.033119350671768188e-01
9.242627024650573730e-02
2.115668356418609619e-01
3.688894212245941162e-02
5.264765769243240356e-02
8.862244337797164917e-02
6.126045435667037964e-02
3.004996180534362793e-01
4.333153367042541504e-01
1.380066126585006714e-01
4.525330290198326111e-02
8.262214064598083496e-02
2.402359992265701294e-01
1.232528537511825562e-01
1.929909884929656982e-01
2.849508523941040039e-01
4.531329870223999023e-01
1.310300529003143311e-01
1.725619286298751831e-01
1.385787427425384521e-01
3.765073120594024658e-01
1.991367638111114502e-01
1.980317682027816772e-01
1.325981616973876953e-01
1.957848817110061646e-01
9.324922412633895874e-02
4.103094935417175293e-01
4.549489915370941162e-02
1.791261881589889526e-01
1.791403144598007202e-01
1.147943437099456787e-01
4.207578897476196289e-01
1.236189752817153931e-01
2.147337198257446289e-01
8.065260946750640869e-02
1.639185249805450439e-01
1.051432937383651733e-01
6.857969611883163452e-02
1.171087548136711121e-01
1.329582184553146362e-01
1.693027913570404053e-01
2.397645413875579834e-01
2.701729238033294678e-01
1.016982272267341614e-01
1.419701427221298218e-01
1.371147185564041138e-01
2.558314502239227295e-01
3.320531249046325684e-01
3.365493714809417725e-01
3.086240887641906738e-01
1.530187129974365234e-01
1.403440237045288086e-01
5.038855969905853271e-02
2.595295906066894531e-01
9.176671504974365234e-02
4.717062115669250488e-01
3.268266618251800537e-01
2.778811752796173096e-01
2.636767625808715820e-01
2.239765971899032593e-01
1.592254340648651123e-01
9.062801301479339600e-02
2.739119827747344971e-01
2.207475453615188599e-01
7.179630547761917114e-02
1.857281327247619629e-01
1.817207634449005127e-01
1.360144466161727905e-01
3.149728178977966309e-01
2.030043452978134155e-01
3.205229341983795166e-01
2.182905822992324829e-01
2.968757748603820801e-01
2.613242268562316895e-01
1.143096312880516052e-01
1.538924872875213623e-01
1.238759905099868774e-01
2.681379318237304688e-01
4.812118411064147949e-02
8.060851693153381348e-02
1.206383854150772095e-01
2.180932015180587769e-01
3.408323526382446289e-01
3.383638858795166016e-01
2.077836990356445312e-01
2.933380603790283203e-01
3.325676321983337402e-01
1.787975430488586426e-01
2.151838243007659912e-01
2.296004295349121094e-01
1.834465861320495605e-01
2.599753141403198242e-01
3.173871040344238281e-01
2.061288952827453613e-01
7.835172116756439209e-02
6.941102445125579834e-02
2.286790013313293457e-01
2.233067452907562256e-01
8.369845151901245117e-02
2.401336878538131714e-01
1.613492965698242188e-01
3.455837368965148926e-01
5.688122659921646118e-02
5.171857476234436035e-01
1.870439946651458740e-01
9.477278590202331543e-02
1.165999174118041992e-01
8.002059161663055420e-02
1.248444169759750366e-01
2.878023386001586914e-01
1.618826091289520264e-01
2.191596776247024536e-01
9.580121934413909912e-02
2.102801650762557983e-01
2.139111608266830444e-01
2.548198401927947998e-01
9.515441209077835083e-02
2.076605856418609619e-01
1.238053888082504272e-01
2.806860208511352539e-01
1.956530660390853882e-01
1.276388764381408691e-01
2.895823419094085693e-01
2.232306897640228271e-01
3.220359981060028076e-02
1.160512939095497131e-01
1.116516813635826111e-01
4.456016421318054199e-01
2.372054457664489746e-01
3.945821523666381836e-01
4.029906690120697021e-01
6.621607393026351929e-02
7.011768221855163574e-02
3.299393057823181152e-01
2.318408489227294922e-01
1.060965806245803833e-01
1.848325282335281372e-01
1.109372302889823914e-01
1.234733313322067261e-01
1.378541886806488037e-01
2.841602265834808350e-01
1.168403401970863342e-01
3.087437450885772705e-01
8.899092674255371094e-02
9.511359035968780518e-02
1.195557266473770142e-01
4.563205689191818237e-02
2.511544525623321533e-01
5.286640301346778870e-02
3.050293773412704468e-02
3.238256573677062988e-01
5.688130855560302734e-02
1.768494844436645508e-01
1.732683181762695312e-01
1.613637357950210571e-01
1.052286922931671143e-01
1.251310706138610840e-01
2.010171413421630859e-01
3.188393712043762207e-01
1.701568216085433960e-01
1.973033845424652100e-01
2.143849283456802368e-01
1.101833730936050415e-01
1.328031122684478760e-01
1.630203127861022949e-01
4.158077836036682129e-01
1.574929505586624146e-01
1.175860837101936340e-01
3.299160599708557129e-01
1.620440781116485596e-01
1.723190397024154663e-01
6.563433259725570679e-02
3.377777338027954102e-01
5.987152457237243652e-02
3.511394560337066650e-01
9.909108281135559082e-02
8.270996063947677612e-02
2.027895450592041016e-01
1.826891452074050903e-01
1.103518232703208923e-01
9.277439117431640625e-02
2.534058392047882080e-01
2.484073042869567871e-01
1.283802390098571777e-01
9.706241637468338013e-02
1.176604330539703369e-01
6.319247931241989136e-02
1.879327297210693359e-01
1.861575841903686523e-01
2.632250189781188965e-01
2.957348823547363281e-01
1.493745595216751099e-01
2.156148105859756470e-01
1.727701127529144287e-01
1.132427006959915161e-01
1.477105915546417236e-01
1.653226464986801147e-01
1.725769937038421631e-01
4.669215530157089233e-02
9.490563720464706421e-02
1.138923913240432739e-01
1.688183397054672241e-01
8.890430629253387451e-02
2.237860262393951416e-01
1.230132728815078735e-01
2.062893062829971313e-01
1.396619379520416260e-01
2.538275420665740967e-01
1.516884267330169678e-01
1.491446942090988159e-01
1.369111984968185425e-01
1.065842062234878540e-01
2.500353455543518066e-01
2.296425402164459229e-01
8.734402060508728027e-02
1.134611070156097412e-01
5.653287097811698914e-02
1.722058653831481934e-01
3.180291056632995605e-01
2.894313335418701172e-01
2.204226255416870117e-01
2.744801640510559082e-01
1.618686169385910034e-01
3.215702772140502930e-01
1.944233179092407227e-01
3.407453298568725586e-01
9.039728343486785889e-02
1.591433286666870117e-01
3.457149118185043335e-02
3.064847290515899658e-01
2.394386231899261475e-01
1.215792447328567505e-01
2.356836497783660889e-01
1.897288858890533447e-01
3.065304756164550781e-01
2.140633463859558105e-01
1.734306216239929199e-01
2.979153394699096680e-01
9.865529090166091919e-02
7.116947323083877563e-02
1.533044874668121338e-01
2.211400121450424194e-01
8.647263050079345703e-02
6.878611445426940918e-02
1.519231945276260376e-01
4.990768060088157654e-02
3.161707147955894470e-02
3.235045373439788818e-01
3.377749621868133545e-01
1.999170035123825073e-01
2.458283901214599609e-01
1.461317390203475952e-01
1.632912456989288330e-01
1.744531095027923584e-01
5.960324406623840332e-02
3.145557641983032227e-01
1.506914496421813965e-01
3.429415449500083923e-02
1.824550032615661621e-01
1.318489760160446167e-01
1.144755706191062927e-01
4.736507311463356018e-02
1.964932382106781006e-01
4.752742499113082886e-02
1.487191468477249146e-01
6.228923425078392029e-02
6.325994431972503662e-02
2.022544294595718384e-01
1.917634755373001099e-01
3.577193021774291992e-01
3.047933280467987061e-01
1.812240779399871826e-01
1.634454876184463501e-01
4.048166275024414062e-01
1.774826645851135254e-01
1.185572817921638489e-01
1.773018240928649902e-01
3.014421164989471436e-01
2.387761771678924561e-01
5.484370514750480652e-02
1.019792854785919189e-01
6.235084682703018188e-02
5.973335355520248413e-02
1.769870668649673462e-01
2.154278159141540527e-01
2.253129184246063232e-01
3.849980980157852173e-02
2.087112665176391602e-01
3.941559419035911560e-02
5.712165832519531250e-01
1.945137530565261841e-01
1.207079365849494934e-01
2.186279185116291046e-02
3.563159704208374023e-02
1.421566903591156006e-01
1.235621795058250427e-01
2.557519078254699707e-01
9.047263860702514648e-02
1.176480799913406372e-01
1.742146611213684082e-01
1.322436630725860596e-01
2.064114809036254883e-01
9.356269240379333496e-02
8.213777840137481689e-02
1.128088384866714478e-01
1.101394817233085632e-01
6.608371436595916748e-02
4.867889881134033203e-01
3.661667704582214355e-01
1.044486314058303833e-01
1.145730614662170410e-01
3.102462291717529297e-01
1.794945895671844482e-01
6.178167462348937988e-02
7.622018456459045410e-02
2.100670635700225830e-01
1.747151613235473633e-01
8.157362043857574463e-02
6.668489426374435425e-02
2.003639638423919678e-01
1.358237117528915405e-01
1.098650470376014709e-01
5.084424093365669250e-02
1.139635816216468811e-01
1.560537219047546387e-01
1.124507337808609009e-01
2.278057485818862915e-01
1.095153018832206726e-01
1.811626404523849487e-01
1.014476642012596130e-01
2.120956778526306152e-01
2.111912816762924194e-01
1.604477614164352417e-01
2.858056426048278809e-01
2.036828100681304932e-01
1.542621254920959473e-01
6.254526972770690918e-02
1.647183299064636230e-01
2.112290859222412109e-01
8.674237132072448730e-02
4.924246668815612793e-02
1.878009140491485596e-01
1.119975373148918152e-01
2.326252162456512451e-01
1.855677515268325806e-01
2.691665887832641602e-01
2.878900468349456787e-01
2.539371848106384277e-01
2.616278529167175293e-01
1.492940634489059448e-01
1.489000916481018066e-01
1.667555719614028931e-01
2.603817284107208252e-01
4.283706843852996826e-02
1.306453645229339600e-01
1.614826023578643799e-01
5.024594068527221680e-02
1.038279533386230469e-01
3.205060362815856934e-01
2.844497561454772949e-01
2.981491982936859131e-01
1.968782991170883179e-01
8.474262803792953491e-02
1.452917158603668213e-01
1.016856506466865540e-01
1.897893249988555908e-01
2.492475509643554688e-01
5.089266896247863770e-01
1.553685516119003296e-01
3.699391484260559082e-01
2.382736504077911377e-01
9.058557450771331787e-02
1.288880854845046997e-01
1.479442119598388672e-01
2.620876729488372803e-01
2.457195520401000977e-01
2.772597670555114746e-01
1.822799146175384521e-01
7.857672870159149170e-02
9.796017408370971680e-02
2.050305306911468506e-01
1.596787124872207642e-01
3.212209343910217285e-01
2.208297997713088989e-01
2.536661922931671143e-01
9.573826938867568970e-02
2.233256995677947998e-01
1.325687468051910400e-01
2.727061808109283447e-01
1.175206825137138367e-01
1.300713270902633667e-01
5.057247355580329895e-02
1.571925580501556396e-01
1.416518092155456543e-01
1.425740420818328857e-01
2.108141779899597168e-01
1.907538175582885742e-01
3.423648774623870850e-01
8.877935409545898438e-01
1.192663431167602539e+00
2.575520873069763184e-01
3.722891211509704590e-01
3.148280978202819824e-01
2.594445943832397461e-01
4.240880608558654785e-01
2.097514420747756958e-01
9.808251261711120605e-02
4.467414617538452148e-01
5.273007750511169434e-01
2.251157611608505249e-01
4.330053925514221191e-01
3.849975466728210449e-01
3.954517543315887451e-01
6.946719288825988770e-01
3.474192917346954346e-01
7.790796160697937012e-01
4.192576706409454346e-01
6.073508262634277344e-01
3.135084509849548340e-01
4.251991808414459229e-01
4.409613013267517090e-01
2.371262907981872559e-01
2.876456379890441895e-01
2.750051021575927734e-01
2.663404941558837891e-01
4.813349545001983643e-01
3.459758162498474121e-01
4.084894657135009766e-01
2.933916449546813965e-01
2.233090102672576904e-01
3.516767024993896484e-01
2.424255907535552979e-01
2.564263641834259033e-01
3.278880417346954346e-01
2.063127905130386353e-01
2.930485010147094727e-01
4.228434562683105469e-01
2.472199499607086182e-01
2.380374968051910400e-01
4.967579543590545654e-01
1.483522057533264160e-01
2.258653193712234497e-01
3.518080115318298340e-01
2.445747852325439453e-01
1.991785466670989990e-01
3.155121207237243652e-01
3.450030982494354248e-01
2.495438009500503540e-01
3.500924110412597656e-01
1.368202418088912964e-01
9.332029521465301514e-02
3.200971484184265137e-01
2.356865555047988892e-01
3.087359666824340820e-01
1.497627347707748413e-01
1.257721483707427979e-01
3.221659064292907715e-01
2.724823951721191406e-01
1.837062835693359375e-01
3.035051226615905762e-01
1.932542324066162109e-01
3.409252762794494629e-01
4.480708837509155273e-01
1.747367084026336670e-01
1.917255520820617676e-01
1.721128821372985840e-01
2.451805174350738525e-01
2.572547495365142822e-01
1.471291631460189819e-01
1.948840916156768799e-01
1.059146225452423096e-01
6.613276898860931396e-02
1.739704906940460205e-01
1.436942368745803833e-01
1.933961659669876099e-01
1.951462626457214355e-01
2.024589180946350098e-01
4.810137301683425903e-02
2.097737193107604980e-01
4.038544297218322754e-01
2.455894201993942261e-01
2.226334959268569946e-01
4.773203730583190918e-01
1.753087043762207031e-01
2.569702267646789551e-01
2.192207872867584229e-01
1.178669109940528870e-01
2.207823097705841064e-01
1.497748792171478271e-01
1.716522723436355591e-01
2.166119962930679321e-01
4.783971607685089111e-02
5.156406760215759277e-01
1.980957984924316406e-01
4.781071543693542480e-01
3.206053972244262695e-01
1.676595658063888550e-01
3.268356323242187500e-01
1.005517840385437012e-01
2.519350051879882812e-01
1.946759968996047974e-01
1.386431157588958740e-01
2.227229028940200806e-01
2.807805538177490234e-01
2.674930095672607422e-01
1.294992268085479736e-01
3.220178186893463135e-01
3.030371665954589844e-01
2.937769889831542969e-01
3.590255081653594971e-01
3.914057314395904541e-01
2.236309349536895752e-01
2.242425084114074707e-01
1.509746611118316650e-01
1.432576924562454224e-01
1.194768995046615601e-01
2.662463188171386719e-01
6.470163911581039429e-02
1.796460151672363281e-01
3.025279641151428223e-01
7.335853576660156250e-02
3.537251353263854980e-01
1.509379744529724121e-01
5.959343537688255310e-02
2.307027280330657959e-01
1.607563644647598267e-01
1.466098278760910034e-01
1.939198076725006104e-01
1.160861477255821228e-01
1.164557263255119324e-01
2.735332250595092773e-01
7.967697083950042725e-02
1.544221639633178711e-01
1.037600859999656677e-01
3.769878670573234558e-02
7.478416711091995239e-02
6.585372239351272583e-02
1.830004304647445679e-01
8.311706781387329102e-02
2.189146280288696289e-01
1.449240446090698242e-01
1.714976131916046143e-01
2.059148699045181274e-01
9.495665878057479858e-02
9.100569784641265869e-02
2.434958964586257935e-01
1.197130084037780762e-01
3.069420158863067627e-02
4.176011681556701660e-02
1.754522323608398438e-01
9.436993300914764404e-02
2.342373132705688477e-01
9.520470350980758667e-02
1.173560768365859985e-01
1.577579081058502197e-01
7.705353200435638428e-02
6.063296273350715637e-02
3.911470621824264526e-02
2.235660254955291748e-01
1.410579830408096313e-01
1.381307691335678101e-01
1.301876753568649292e-01
1.854688227176666260e-01
2.258713841438293457e-01
1.030589044094085693e-01
1.291783452033996582e-01
1.210135594010353088e-01
4.352792501449584961e-01
2.130253911018371582e-01
1.713397204875946045e-01
1.555856019258499146e-01
1.863411366939544678e-01
2.913124859333038330e-01
1.046938449144363403e-01
2.137366682291030884e-01
2.901222184300422668e-02
3.073793649673461914e-01
6.204819306731224060e-02
1.426204741001129150e-01
1.547954976558685303e-01
5.174895003437995911e-02
2.567926943302154541e-01
7.368318736553192139e-02
1.819846928119659424e-01
1.402398198843002319e-01
2.629774808883666992e-01
1.485401093959808350e-01
3.520864844322204590e-01
3.675609827041625977e-01
1.041261851787567139e-01
1.015870273113250732e-01
1.667202264070510864e-01
2.804818451404571533e-01
1.231309026479721069e-01
5.656490847468376160e-02
2.170692682266235352e-01
1.801905930042266846e-01
6.680032610893249512e-02
2.872129678726196289e-01
6.163347139954566956e-02
2.785142958164215088e-01
5.122201144695281982e-02
1.724631041288375854e-01
1.801441609859466553e-01
7.405293732881546021e-02
3.797757625579833984e-02
2.193062901496887207e-01
1.291301846504211426e-01
1.971032470464706421e-01
6.739017367362976074e-02
4.781201854348182678e-02
8.979135751724243164e-02
1.514467149972915649e-01
7.286624610424041748e-02
1.673852801322937012e-01
1.846773326396942139e-01
2.305222153663635254e-01
9.091305732727050781e-02
2.160117030143737793e-01
1.601210683584213257e-01
1.999420523643493652e-01
2.444786429405212402e-01
2.316965460777282715e-01
3.094661831855773926e-01
2.934356331825256348e-01
2.219325304031372070e-01
1.196608841419219971e-01
2.146518379449844360e-01
9.124623239040374756e-02
2.330114841461181641e-01
1.328854709863662720e-01
2.124916613101959229e-01
1.762756705284118652e-01
1.473999619483947754e-01
2.126650959253311157e-01
1.302752941846847534e-01
2.469103038311004639e-01
8.914819359779357910e-02
4.421356320381164551e-01
2.042728513479232788e-01
2.589481472969055176e-01
2.590538561344146729e-01
2.657638192176818848e-01
8.793499320745468140e-02
2.976804971694946289e-01
7.845984399318695068e-02
4.125427603721618652e-01
2.106913924217224121e-01
2.385688722133636475e-01
3.549018502235412598e-01
3.440786898136138916e-01
2.038896828889846802e-01
2.398737221956253052e-01
1.434463709592819214e-01
2.568577527999877930e-01
1.741254925727844238e-01
2.371209263801574707e-01
3.439710140228271484e-01
3.233551979064941406e-01
3.854850307106971741e-02
7.276287674903869629e-02
2.411122024059295654e-01
5.715166032314300537e-02
9.753359854221343994e-02
3.103037476539611816e-01
1.686939895153045654e-01
2.636303901672363281e-01
3.100782632827758789e-01
1.641874164342880249e-01
1.752335876226425171e-01
8.891992270946502686e-02
7.811712473630905151e-02
7.103733718395233154e-02
1.096652895212173462e-01
2.529368996620178223e-01
2.445024549961090088e-01
2.484637796878814697e-01
1.265522539615631104e-01
3.027539849281311035e-01
2.446676790714263916e-01
2.618644833564758301e-01
5.667447671294212341e-02
1.461837738752365112e-01
6.773041188716888428e-02
2.689270973205566406e-01
1.584790647029876709e-01
8.264476060867309570e-02
1.739209592342376709e-01
1.491653323173522949e-01
2.680402994155883789e-01
5.767504572868347168e-01
2.261217832565307617e-01
1.407575011253356934e-01
9.216384589672088623e-02
8.788974583148956299e-02
1.219815015792846680e-01
1.203052550554275513e-01
1.520387530326843262e-01
3.801946640014648438e-01
1.838444173336029053e-01
1.937460601329803467e-01
1.547927856445312500e-01
1.692457795143127441e-01
1.990557312965393066e-01
1.442014873027801514e-01
1.786146163940429688e-01
8.334010094404220581e-02
1.404111385345458984e-01
1.540026664733886719e-01
2.639021873474121094e-01
2.689028680324554443e-01
7.815223187208175659e-02
2.634530663490295410e-01
2.658851146697998047e-01
9.376725554466247559e-02
1.561516374349594116e-01
2.695936560630798340e-01
9.051191806793212891e-02
9.092516452074050903e-02
3.030191957950592041e-01
1.835507750511169434e-01
3.792567253112792969e-01
2.348392456769943237e-01
2.491408884525299072e-01
5.252459645271301270e-02
2.193643748760223389e-01
9.437908977270126343e-02
1.682529598474502563e-01
3.843339532613754272e-02
4.720457270741462708e-02
1.111841946840286255e-01
1.666239500045776367e-01
1.638445556163787842e-01
1.776325702667236328e-01
2.157433629035949707e-01
3.509162962436676025e-01
1.470053642988204956e-01
1.118652895092964172e-01
7.964409142732620239e-02
3.243469595909118652e-01
2.026377320289611816e-01
1.559069752693176270e-01
4.802922531962394714e-02
8.565444499254226685e-02
2.582710385322570801e-01
1.038291007280349731e-01
8.142636716365814209e-02
2.022718191146850586e-01
3.863934874534606934e-01
3.206529915332794189e-01
4.282512962818145752e-01
3.927790820598602295e-01
3.333436250686645508e-01
2.183289527893066406e-01
6.309880316257476807e-02
2.183525115251541138e-01
1.823537349700927734e-01
1.972107142210006714e-01
8.408078551292419434e-02
9.000630676746368408e-02
9.649489820003509521e-02
1.574562788009643555e-01
2.948960363864898682e-01
3.442773818969726562e-01
4.810296595096588135e-01
2.070902884006500244e-01
1.658487766981124878e-01
3.190205097198486328e-01
4.002549052238464355e-01
8.530293405055999756e-02
1.313099414110183716e-01
2.948765456676483154e-01
1.550227999687194824e-01
1.950828880071640015e-01
1.570456624031066895e-01
1.687094271183013916e-01
4.627580344676971436e-01
6.316295266151428223e-02
7.730104029178619385e-02
1.632519662380218506e-01
2.464109957218170166e-01
1.823608577251434326e-01
1.400691270828247070e-01
1.961891949176788330e-01
2.798419296741485596e-01
1.594696342945098877e-01
2.590171992778778076e-01
2.290747463703155518e-01
9.099446237087249756e-02
1.381983160972595215e-01
2.309809178113937378e-01
5.735255032777786255e-02
6.538930535316467285e-02
1.040529459714889526e-01
5.579547584056854248e-02
1.639525294303894043e-01
2.747632265090942383e-01
2.395002841949462891e-01
1.185626536607742310e-01
6.764096021652221680e-02
2.269973754882812500e-01
8.792448043823242188e-02
2.620857357978820801e-01
1.123566180467605591e-01
1.561879664659500122e-01
1.486537158489227295e-01
9.526516497135162354e-02
4.754194617271423340e-02
1.099634170532226562e-01
3.375000655651092529e-01
1.637412160634994507e-01
5.593198537826538086e-02
7.887682318687438965e-02
1.087622046470642090e-01
6.549675017595291138e-02
2.226767241954803467e-01
1.798600256443023682e-01
1.207639127969741821e-01
2.335158586502075195e-01
2.578171491622924805e-01
3.459525704383850098e-01
1.811863780021667480e-01
2.403825074434280396e-01
2.554274499416351318e-01
6.624387204647064209e-02
1.536778211593627930e-01
2.606279850006103516e-01
1.236175969243049622e-01
1.496680676937103271e-01
1.770726442337036133e-01
8.184442669153213501e-02
2.351737767457962036e-01
3.630474805831909180e-01
1.141081377863883972e-01
7.369255274534225464e-02
1.029244512319564819e-01
2.249757349491119385e-01
8.746269345283508301e-02
2.106771022081375122e-01
2.089514881372451782e-01
1.228727102279663086e-01
1.371987164020538330e-01
2.518561780452728271e-01
1.306169629096984863e-01
1.266881823539733887e-01
2.356766164302825928e-01
1.797063946723937988e-01
2.462363243103027344e-01
1.375510394573211670e-01
1.957277059555053711e-01
1.578474342823028564e-01
8.157974481582641602e-02
4.796614050865173340e-01
1.370743811130523682e-01
8.911152929067611694e-02
1.899064183235168457e-01
1.596984714269638062e-01
2.339081019163131714e-01
2.387663424015045166e-01
1.475942730903625488e-01
1.704901158809661865e-01
1.707826107740402222e-01
1.999940723180770874e-01
2.330186665058135986e-01
1.301748752593994141e-01
2.479683458805084229e-01
1.169489994645118713e-01
1.573318392038345337e-01
1.751338541507720947e-01
1.790349483489990234e-01
1.416819840669631958e-01
1.581606417894363403e-01
7.441929727792739868e-02
1.974787414073944092e-01
2.168596982955932617e-01
2.934929728507995605e-01
9.031193703413009644e-02
1.048452109098434448e-01
2.105122804641723633e-01
2.415018975734710693e-01
1.400612592697143555e-01
4.975957870483398438e-01
1.929000318050384521e-01
1.693431735038757324e-01
2.526180148124694824e-01
2.514567077159881592e-01
1.202737167477607727e-01
2.793412506580352783e-01
9.262672811746597290e-02
2.773780822753906250e-01
4.001710936427116394e-02
6.436693668365478516e-02
1.050676405429840088e-01
1.301303803920745850e-01
1.016892939805984497e-01
1.662718653678894043e-01
1.170195713639259338e-01
1.368255615234375000e-01
1.529099792242050171e-01
1.020947322249412537e-01
1.518704891204833984e-01
1.916137635707855225e-01
6.735944747924804688e-02
2.993021607398986816e-01
1.232801005244255066e-01
1.356833726167678833e-01
1.195537000894546509e-01
4.653581976890563965e-01
2.590100765228271484e-01
1.326051801443099976e-01
9.413268417119979858e-02
1.111775040626525879e-01
1.409001648426055908e-01
1.288700103759765625e-01
1.727188378572463989e-01
1.802141368389129639e-01
6.669184565544128418e-02
3.868290036916732788e-02
3.283014297485351562e-01
3.478325903415679932e-01
1.102735847234725952e-01
6.098068505525588989e-02
8.775858581066131592e-02
3.146954476833343506e-01
1.020874232053756714e-01
1.489250659942626953e-01
7.894206047058105469e-02
4.471660256385803223e-01
1.687615811824798584e-01
2.005029916763305664e-01
9.836647659540176392e-02
2.773504257202148438e-01
1.956112831830978394e-01
7.404329953715205193e-04
