2.245539128780364990e-01
2.970786690711975098e-01
3.713576793670654297e-01
2.944014668464660645e-01
3.203484117984771729e-01
8.282312750816345215e-02
3.732931315898895264e-01
2.584834396839141846e-01
1.519268155097961426e-01
1.501077115535736084e-01
2.219899147748947144e-01
5.407628789544105530e-02
1.220915988087654114e-01
4.407641291618347168e-01
1.982229650020599365e-01
4.113920629024505615e-01
1.172713488340377808e-01
1.281625628471374512e-01
2.186091244220733643e-01
1.061231046915054321e-01
3.010776340961456299e-01
1.043380424380302429e-01
2.050167173147201538e-01
8.311171829700469971e-02
3.610990941524505615e-01
1.350831389427185059e-01
9.044555574655532837e-02
1.337787657976150513e-01
1.602949351072311401e-01
1.649172902107238770e-01
3.466329574584960938e-01
1.783907413482666016e-01
1.538381576538085938e-01
3.042969405651092529e-01
2.159205377101898193e-01
1.183032542467117310e-01
1.133137717843055725e-01
8.645492792129516602e-02
2.024734020233154297e-01
6.650637835264205933e-02
1.379185169935226440e-01
1.681640446186065674e-01
1.511222422122955322e-01
2.212597727775573730e-01
9.852570295333862305e-02
2.919903695583343506e-01
1.032510623335838318e-01
4.013978838920593262e-01
3.819506764411926270e-01
8.836057037115097046e-02
1.767474710941314697e-01
1.472366601228713989e-01
1.725313216447830200e-01
2.238789647817611694e-01
8.821041882038116455e-02
1.595612764358520508e-01
2.051062881946563721e-01
4.616962671279907227e-01
3.231950402259826660e-01
3.207793533802032471e-01
2.192329168319702148e-01
1.586755812168121338e-01
2.541580200195312500e-01
5.792836844921112061e-02
2.044350355863571167e-01
2.506140470504760742e-01
1.225161924958229065e-01
1.009775847196578979e-01
1.777762174606323242e-01
3.606721162796020508e-01
5.564633607864379883e-01
1.139186844229698181e-01
1.045666337013244629e-01
2.323275655508041382e-01
9.190613031387329102e-02
2.657219171524047852e-01
2.600309252738952637e-01
4.588502645492553711e-01
1.076373606920242310e-01
3.037131428718566895e-01
1.933774501085281372e-01
2.381937503814697266e-01
1.361702233552932739e-01
1.925711631774902344e-01
1.499726176261901855e-01
1.773494333028793335e-01
3.629085719585418701e-01
9.400875866413116455e-02
1.290633380413055420e-01
1.924901753664016724e-01
1.112126260995864868e-01
1.428696215152740479e-01
1.911701709032058716e-01
5.385606735944747925e-02
1.476648151874542236e-01
2.892775535583496094e-01
1.617200225591659546e-01
4.293601512908935547e-01
2.115087658166885376e-01
3.105556368827819824e-01
3.374002873897552490e-01
8.998425304889678955e-02
1.226138770580291748e-01
8.278606832027435303e-02
1.369800716638565063e-01
2.158389836549758911e-01
2.940047979354858398e-01
1.559651345014572144e-01
9.295499324798583984e-02
2.334767729043960571e-01
1.191164553165435791e-01
2.815541625022888184e-01
9.576647728681564331e-02
1.421869844198226929e-01
1.296024620532989502e-01
1.502199470996856689e-01
1.650876253843307495e-01
2.432421594858169556e-01
2.322371900081634521e-01
3.003130555152893066e-01
1.705353260040283203e-01
2.167376577854156494e-01
1.991403996944427490e-01
3.704664111137390137e-01
1.442158520221710205e-01
2.318886518478393555e-01
9.632033109664916992e-02
6.991405785083770752e-02
1.799628734588623047e-01
2.667897343635559082e-01
5.656810104846954346e-02
1.071078628301620483e-01
1.548156142234802246e-01
2.312537431716918945e-01
1.092916652560234070e-01
5.230903252959251404e-02
1.597017049789428711e-01
3.737053871154785156e-01
1.767684370279312134e-01
3.129697144031524658e-01
1.505520045757293701e-01
1.403398215770721436e-01
1.453129947185516357e-01
1.748161166906356812e-01
3.365889489650726318e-01
3.235931396484375000e-01
1.180504709482192993e-01
3.554757237434387207e-01
1.942670494318008423e-01
3.123810291290283203e-01
3.848697990179061890e-02
9.619082510471343994e-02
1.678252518177032471e-01
2.395225167274475098e-01
2.309438139200210571e-01
3.055528402328491211e-01
3.296199142932891846e-01
1.386182010173797607e-01
1.815275251865386963e-01
1.079620718955993652e-01
6.029093638062477112e-02
1.337043493986129761e-01
1.186067685484886169e-01
2.252019643783569336e-01
2.100455909967422485e-01
1.856720000505447388e-01
1.518839597702026367e-01
2.147075533866882324e-01
2.563470602035522461e-01
3.395742177963256836e-01
2.719716727733612061e-01
8.732233941555023193e-02
2.539579570293426514e-01
1.852947175502777100e-01
2.467392683029174805e-01
1.547768414020538330e-01
1.027899980545043945e-01
1.104603856801986694e-01
3.290343880653381348e-01
5.101400613784790039e-01
3.071540296077728271e-01
1.757420003414154053e-01
2.235928773880004883e-01
1.166104078292846680e-01
1.998223662376403809e-01
5.341521501541137695e-01
1.323695927858352661e-01
7.252125442028045654e-02
2.736766338348388672e-01
2.967408895492553711e-01
9.777934849262237549e-02
4.992865324020385742e-01
1.130300015211105347e-01
6.572052836418151855e-02
9.892719984054565430e-02
1.547080278396606445e-01
1.645831763744354248e-01
4.404070973396301270e-02
5.899269878864288330e-02
9.363989531993865967e-02
2.409104108810424805e-01
2.557287216186523438e-01
4.425796270370483398e-01
6.585594266653060913e-02
3.908110260963439941e-01
2.028157860040664673e-01
1.292846798896789551e-01
2.124058008193969727e-01
1.542727053165435791e-01
1.680360436439514160e-01
1.087351590394973755e-01
2.713228464126586914e-01
1.925890147686004639e-01
1.383480131626129150e-01
2.935951948165893555e-01
1.778148710727691650e-01
1.054010987281799316e-01
3.914575278759002686e-01
8.184130489826202393e-02
3.363645970821380615e-01
1.699110120534896851e-01
2.685955762863159180e-01
1.253451257944107056e-01
2.105966806411743164e-01
1.296957135200500488e-01
1.560008227825164795e-01
9.925673902034759521e-02
3.260302841663360596e-01
3.370982408523559570e-01
1.303788721561431885e-01
1.342962235212326050e-01
3.697818517684936523e-01
2.532253265380859375e-01
5.437953770160675049e-02
5.623236894607543945e-01
7.584340870380401611e-02
2.470627427101135254e-01
9.888683259487152100e-02
7.170650362968444824e-02
1.803507506847381592e-01
3.687995374202728271e-01
7.791635394096374512e-02
2.208906710147857666e-01
1.018197685480117798e-01
3.103649616241455078e-02
2.303770780563354492e-01
2.888159155845642090e-01
4.790867120027542114e-02
1.381398141384124756e-01
1.948375701904296875e-01
1.715082526206970215e-01
4.766745269298553467e-01
5.125145316123962402e-01
8.166960626840591431e-02
2.591988146305084229e-01
1.122913360595703125e-01
1.838607788085937500e-01
1.927715986967086792e-01
3.384580016136169434e-01
8.627585321664810181e-02
1.901579052209854126e-01
2.573408186435699463e-01
1.224413067102432251e-01
1.123387739062309265e-01
1.133069694042205811e-01
2.221676111221313477e-01
6.639575213193893433e-02
3.342755436897277832e-01
2.990764081478118896e-01
3.198131918907165527e-01
3.101293444633483887e-01
1.419456601142883301e-01
1.429163962602615356e-01
8.484183251857757568e-02
1.287177056074142456e-01
1.666145920753479004e-01
4.896097630262374878e-02
2.006126493215560913e-01
1.415214538574218750e-01
2.513374090194702148e-01
3.276018500328063965e-01
2.056820988655090332e-01
1.492361128330230713e-01
2.941386699676513672e-01
1.887343078851699829e-01
2.959818840026855469e-01
2.001909613609313965e-01
3.039191365242004395e-01
4.467322826385498047e-01
2.935468554496765137e-01
1.151721030473709106e-01
2.677802443504333496e-01
1.420780271291732788e-01
6.245534867048263550e-02
1.820089221000671387e-01
8.180765807628631592e-02
1.685235947370529175e-01
6.111223250627517700e-02
1.188997477293014526e-01
6.119147688150405884e-02
2.558217644691467285e-01
1.307721883058547974e-01
1.009697169065475464e-01
2.645184397697448730e-01
4.370050430297851562e-01
1.208485513925552368e-01
4.399023950099945068e-01
1.904487758874893188e-01
2.183221876621246338e-01
1.449384093284606934e-01
2.490380108356475830e-01
1.492818892002105713e-01
2.420188188552856445e-01
2.179572731256484985e-01
2.854134440422058105e-01
1.829583644866943359e-01
5.766648799180984497e-02
2.809014916419982910e-01
2.569408416748046875e-01
4.573436453938484192e-02
2.213382422924041748e-01
3.991085588932037354e-01
4.886692762374877930e-02
3.346856534481048584e-01
1.719023585319519043e-01
1.768757998943328857e-01
2.175002694129943848e-01
2.546755671501159668e-01
1.524159908294677734e-01
1.343762576580047607e-01
1.414433121681213379e-01
6.519609689712524414e-02
1.625541895627975464e-01
1.492872089147567749e-01
1.590090692043304443e-01
3.224914073944091797e-01
3.005856573581695557e-01
1.735693663358688354e-01
3.004619777202606201e-01
2.505642175674438477e-01
1.580000817775726318e-01
3.278156220912933350e-01
2.247040718793869019e-01
7.536956667900085449e-02
5.124456882476806641e-01
1.311022937297821045e-01
1.778585910797119141e-01
1.359458714723587036e-01
3.068300485610961914e-01
2.386915981769561768e-01
8.663456887006759644e-02
1.347862929105758667e-01
4.026947319507598877e-01
2.709948420524597168e-01
3.972443342208862305e-01
2.216370999813079834e-01
3.421469330787658691e-01
1.966025382280349731e-01
7.765465974807739258e-02
2.802039384841918945e-01
9.712560474872589111e-02
2.679404914379119873e-01
1.220299750566482544e-01
1.264943778514862061e-01
2.471956014633178711e-01
3.608428835868835449e-01
2.510060369968414307e-01
1.420638561248779297e-01
2.197624742984771729e-01
3.213026225566864014e-01
8.280082046985626221e-02
1.489340364933013916e-01
7.570096850395202637e-02
2.183765321969985962e-01
1.167279705405235291e-01
1.346865594387054443e-01
1.929412633180618286e-01
1.913965344429016113e-01
1.943650841712951660e-01
5.459218025207519531e-01
9.565446525812149048e-02
1.527846306562423706e-01
2.306252419948577881e-01
1.549663245677947998e-01
1.536325514316558838e-01
1.863148212432861328e-01
1.199270039796829224e-01
1.396013945341110229e-01
6.702435016632080078e-02
3.846918046474456787e-01
1.717497259378433228e-01
3.990563154220581055e-01
2.495380192995071411e-01
4.047436416149139404e-01
1.664046049118041992e-01
1.859367191791534424e-01
4.886199533939361572e-02
3.047542572021484375e-01
3.744547069072723389e-01
3.444577157497406006e-01
1.323630511760711670e-01
1.922615170478820801e-01
3.229301571846008301e-01
2.512255311012268066e-01
1.860178112983703613e-01
3.080836534500122070e-01
2.531526088714599609e-01
2.219983935356140137e-01
6.968851387500762939e-02
2.489779889583587646e-01
8.400867879390716553e-02
2.127318978309631348e-01
2.247080206871032715e-01
5.163639783859252930e-01
2.426102161407470703e-01
1.855111718177795410e-01
1.204661726951599121e-01
1.270372569561004639e-01
1.511708945035934448e-01
4.219529032707214355e-02
9.939263761043548584e-02
6.131010502576828003e-02
8.102867007255554199e-02
5.050517916679382324e-01
2.585122287273406982e-01
6.061298847198486328e-01
2.137732505798339844e-01
8.343876898288726807e-02
1.047413796186447144e-01
2.122553288936614990e-01
1.006886065006256104e-01
2.237597107887268066e-01
5.783928632736206055e-01
2.856223583221435547e-01
4.813474416732788086e-01
4.030911624431610107e-01
2.031974047422409058e-01
2.809444665908813477e-01
1.649798303842544556e-01
1.615236103534698486e-01
3.717749714851379395e-01
3.084918856620788574e-01
6.016787290573120117e-01
2.043950259685516357e-01
3.111780881881713867e-01
3.514694273471832275e-01
3.640834689140319824e-01
2.552918791770935059e-01
1.980028748512268066e-01
3.966175913810729980e-01
1.761566549539566040e-01
3.131446838378906250e-01
2.219221591949462891e-01
9.950929880142211914e-02
1.937643885612487793e-01
2.373382747173309326e-01
2.422962337732315063e-01
2.843515872955322266e-01
1.185757294297218323e-01
1.059355884790420532e-01
1.233523637056350708e-01
1.349029541015625000e-01
5.441917479038238525e-02
4.280085563659667969e-01
2.777024507522583008e-01
3.899344801902770996e-01
3.390841782093048096e-01
3.735607266426086426e-01
2.027762681245803833e-01
3.989274799823760986e-01
1.568548381328582764e-01
1.696415394544601440e-01
1.824137121438980103e-01
6.292694061994552612e-02
2.833248376846313477e-01
3.151057362556457520e-01
2.512987256050109863e-01
2.111034244298934937e-01
1.304937899112701416e-01
1.747807562351226807e-01
1.585428714752197266e-01
4.993341565132141113e-01
1.046515405178070068e-01
7.993609458208084106e-02
9.069255739450454712e-02
1.360919773578643799e-01
1.041709408164024353e-01
1.563809216022491455e-01
3.178095519542694092e-01
1.621745675802230835e-01
2.712836861610412598e-01
1.647050529718399048e-01
1.040777117013931274e-01
1.622242480516433716e-01
1.143161654472351074e-01
3.333556056022644043e-01
7.598057389259338379e-02
7.267168909311294556e-02
9.579713642597198486e-02
1.103513538837432861e-01
3.537366986274719238e-01
1.621946990489959717e-01
1.468690186738967896e-01
3.660450875759124756e-01
1.595477014780044556e-01
1.130609661340713501e-01
2.136183232069015503e-01
1.826916635036468506e-01
1.776655614376068115e-01
2.641964256763458252e-01
2.825670540332794189e-01
1.912557780742645264e-01
6.711210310459136963e-02
3.256099820137023926e-01
2.487829923629760742e-01
1.779937744140625000e-01
2.549822330474853516e-01
2.650574147701263428e-01
1.382010579109191895e-01
5.373620986938476562e-02
4.743964970111846924e-02
1.828670203685760498e-01
9.096100926399230957e-02
2.202373147010803223e-01
1.820669174194335938e-01
1.478459089994430542e-01
2.100471109151840210e-01
1.743360459804534912e-01
1.252254247665405273e-01
4.163004457950592041e-01
4.347362816333770752e-01
4.204486608505249023e-01
1.622800081968307495e-01
1.444887965917587280e-01
2.030936777591705322e-01
1.542071700096130371e-01
7.371457666158676147e-02
8.621910214424133301e-02
1.690207719802856445e-01
6.063064187765121460e-02
2.228520512580871582e-01
1.537860333919525146e-01
1.612477004528045654e-01
1.606756895780563354e-01
2.494810074567794800e-01
2.364878654479980469e-01
5.033320188522338867e-01
6.471551209688186646e-02
8.978021889925003052e-02
3.450438082218170166e-01
1.978840380907058716e-01
2.369372546672821045e-01
2.003308534622192383e-01
2.072041630744934082e-01
2.785826027393341064e-01
2.107872962951660156e-01
1.169640868902206421e-01
4.342373013496398926e-01
1.250466406345367432e-01
3.079712390899658203e-01
1.783914566040039062e-01
1.313364058732986450e-01
1.083909198641777039e-01
1.576404869556427002e-01
1.617568731307983398e-01
1.723583489656448364e-01
3.825922012329101562e-01
1.835379600524902344e-01
2.913843989372253418e-01
7.950650900602340698e-02
2.081036269664764404e-01
3.330329060554504395e-01
2.089966982603073120e-01
4.574595391750335693e-02
2.053881287574768066e-01
2.286050319671630859e-01
1.422409266233444214e-01
3.004404306411743164e-01
1.932804286479949951e-01
8.182455599308013916e-02
1.838444471359252930e-01
1.005627363920211792e-01
1.255173236131668091e-01
1.871798634529113770e-01
3.402243256568908691e-01
1.990237981081008911e-01
1.459768116474151611e-01
2.395254671573638916e-01
1.001010239124298096e-01
6.153953447937965393e-02
1.022736728191375732e-01
1.404396295547485352e-01
2.753037214279174805e-01
1.748564690351486206e-01
2.656487822532653809e-01
1.755549907684326172e-01
3.293741941452026367e-01
1.566816866397857666e-01
2.051846683025360107e-01
4.074265062808990479e-01
4.580545425415039062e-01
8.949314057826995850e-02
3.058716952800750732e-01
8.572746813297271729e-02
1.184589415788650513e-01
2.027634829282760620e-01
8.226513862609863281e-02
1.967496126890182495e-01
5.763192474842071533e-02
1.700094640254974365e-01
2.451039105653762817e-01
3.078375756740570068e-01
9.523998945951461792e-02
9.327794611454010010e-02
4.645136371254920959e-02
1.606120616197586060e-01
5.188722908496856689e-02
1.914574503898620605e-01
2.948407828807830811e-01
1.216144561767578125e-01
2.029267400503158569e-01
2.744739949703216553e-01
1.045301407575607300e-01
6.841121315956115723e-01
2.958474159240722656e-01
3.532610461115837097e-02
2.458537220954895020e-01
2.433664351701736450e-01
1.048519462347030640e-01
1.899173557758331299e-01
2.929189205169677734e-01
7.392363250255584717e-02
7.941865175962448120e-02
1.225659027695655823e-01
2.673073709011077881e-01
1.900756657123565674e-01
9.728532284498214722e-02
1.267616301774978638e-01
8.669894188642501831e-02
9.692769497632980347e-02
2.018511891365051270e-01
2.275650799274444580e-01
8.164996653795242310e-02
2.514982223510742188e-01
8.756375312805175781e-02
2.701766490936279297e-01
1.502790153026580811e-01
9.935286641120910645e-02
7.667147368192672729e-02
1.701050251722335815e-01
3.585665225982666016e-01
2.240679413080215454e-01
2.312214672565460205e-01
4.525392502546310425e-02
1.202651262283325195e-01
1.014109402894973755e-01
1.288780868053436279e-01
1.130851060152053833e-01
1.753995120525360107e-01
3.787529766559600830e-01
4.320866465568542480e-01
1.707730740308761597e-01
7.430531084537506104e-02
2.482130378484725952e-01
2.529832422733306885e-01
1.480153948068618774e-01
3.022051155567169189e-01
1.809684336185455322e-01
1.918709576129913330e-01
1.715457141399383545e-01
2.460977435111999512e-01
3.684318959712982178e-01
3.136148750782012939e-01
1.887112557888031006e-01
1.726441383361816406e-01
2.846617400646209717e-01
2.900243997573852539e-01
3.225445747375488281e-01
1.360344588756561279e-01
2.118717133998870850e-01
1.550358831882476807e-01
1.600494682788848877e-01
2.586067318916320801e-01
6.747841089963912964e-02
3.726577758789062500e-02
1.982772052288055420e-01
4.460453689098358154e-01
9.465941041707992554e-02
1.082249954342842102e-01
1.692672371864318848e-01
1.132890582084655762e-01
1.963406205177307129e-01
5.535994470119476318e-02
1.149949505925178528e-01
3.013835549354553223e-01
6.734292954206466675e-02
2.601799666881561279e-01
4.664316475391387939e-01
1.903145611286163330e-01
3.425350189208984375e-01
1.142867207527160645e-01
1.216941475868225098e-01
3.852348923683166504e-01
2.571331560611724854e-01
1.549623310565948486e-01
1.590716987848281860e-01
1.864557266235351562e-01
1.357658505439758301e-01
1.233689486980438232e-01
1.243898943066596985e-01
4.023429006338119507e-02
3.687972426414489746e-01
2.303678244352340698e-01
1.063561886548995972e-01
2.859077751636505127e-01
2.265853583812713623e-01
4.037127792835235596e-01
2.310656607151031494e-01
2.096509933471679688e-01
3.541593551635742188e-01
1.537406146526336670e-01
1.140533462166786194e-01
1.496421396732330322e-01
1.845318675041198730e-01
1.349206119775772095e-01
4.483144283294677734e-01
8.288034796714782715e-02
5.024009197950363159e-02
2.602038979530334473e-01
8.960042148828506470e-02
1.096982806921005249e-01
3.038424849510192871e-01
1.288580298423767090e-01
2.040682137012481689e-01
2.918884456157684326e-01
3.860265314579010010e-01
7.493983209133148193e-02
2.814018130302429199e-01
2.418232262134552002e-01
2.529433071613311768e-01
2.630916833877563477e-01
5.842842161655426025e-02
3.943476080894470215e-01
1.238032132387161255e-01
1.189421713352203369e-01
1.337593197822570801e-01
5.031080245971679688e-01
2.348301559686660767e-01
3.416894376277923584e-01
1.430421769618988037e-01
2.200391292572021484e-01
9.248507767915725708e-02
1.605991423130035400e-01
2.983052730560302734e-01
2.279814928770065308e-01
2.897200584411621094e-01
2.055685669183731079e-01
6.824942678213119507e-02
3.028793036937713623e-01
7.151114940643310547e-02
1.486587077379226685e-01
4.866189360618591309e-01
1.183018088340759277e-01
4.564687311649322510e-01
3.031610250473022461e-01
3.699686825275421143e-01
9.443464875221252441e-02
1.446097046136856079e-01
1.262755393981933594e-01
1.759302914142608643e-01
3.151205182075500488e-01
2.645519375801086426e-01
1.134007647633552551e-01
3.201234936714172363e-01
3.023804128170013428e-01
7.307780534029006958e-02
1.568553149700164795e-01
4.620506614446640015e-02
2.562886774539947510e-01
9.896649420261383057e-02
1.866095364093780518e-01
2.804134488105773926e-01
2.665626704692840576e-01
1.913723647594451904e-01
6.002344936132431030e-02
1.957456171512603760e-01
6.009372696280479431e-02
3.985511362552642822e-01
1.215022057294845581e-01
1.585015654563903809e-01
2.131253778934478760e-01
7.745391130447387695e-02
8.875101804733276367e-02
1.670881807804107666e-01
1.100777760148048401e-01
7.413283735513687134e-02
9.726594388484954834e-02
2.430681437253952026e-01
1.333001106977462769e-01
1.105252802371978760e-01
2.102506458759307861e-01
2.227240949869155884e-01
1.811918318271636963e-01
3.703612089157104492e-01
2.623084485530853271e-01
1.039134413003921509e-01
2.095326781272888184e-01
1.270145624876022339e-01
2.407050281763076782e-01
1.552630364894866943e-01
1.779863089323043823e-01
1.841950416564941406e-01
2.115982174873352051e-01
2.554284930229187012e-01
2.617889046669006348e-01
4.156815409660339355e-01
1.449165940284729004e-01
2.459030896425247192e-01
1.183496713638305664e-01
3.898475691676139832e-02
9.685915708541870117e-02
2.470263838768005371e-01
1.782699823379516602e-01
3.272134363651275635e-01
5.319503545761108398e-01
1.920720487833023071e-01
1.843204796314239502e-01
2.886646986007690430e-01
8.512891083955764771e-02
6.757102906703948975e-02
8.911231905221939087e-02
1.854195445775985718e-01
1.997344940900802612e-01
1.973245888948440552e-01
1.035435944795608521e-01
1.344130039215087891e-01
1.476730108261108398e-01
9.692837297916412354e-02
2.226931601762771606e-01
1.834093183279037476e-01
1.103881001472473145e-01
1.287693977355957031e-01
9.534315764904022217e-02
1.074687018990516663e-01
5.230211839079856873e-02
1.749514937400817871e-01
5.559544265270233154e-02
2.079777717590332031e-01
1.487572193145751953e-01
2.454568445682525635e-01
3.167231678962707520e-01
1.622566431760787964e-01
2.459893524646759033e-01
2.744721174240112305e-01
2.927038669586181641e-01
2.267365753650665283e-01
1.041206568479537964e-01
2.573573887348175049e-01
2.987262010574340820e-01
2.411810010671615601e-01
3.532572388648986816e-01
3.178132772445678711e-01
1.675675660371780396e-01
1.205452829599380493e-01
1.797470152378082275e-01
2.326565980911254883e-01
4.179562255740165710e-02
2.926155030727386475e-01
2.358177602291107178e-01
8.947212249040603638e-02
2.233227342367172241e-01
3.037251532077789307e-01
3.455632030963897705e-01
3.868482112884521484e-01
2.156137079000473022e-01
4.637574851512908936e-01
1.269417703151702881e-01
2.247393131256103516e-01
3.944028019905090332e-01
4.890868663787841797e-01
1.361211091279983521e-01
3.287921249866485596e-01
1.290957331657409668e-01
2.768587470054626465e-01
3.612166643142700195e-01
9.005115926265716553e-02
4.346602857112884521e-01
2.137261182069778442e-01
2.579707503318786621e-01
3.574430644512176514e-01
1.653735190629959106e-01
2.347790896892547607e-01
4.792539477348327637e-01
2.671824693679809570e-01
3.503462672233581543e-01
1.455543339252471924e-01
2.485176622867584229e-01
3.034847974777221680e-02
3.636706471443176270e-01
9.660081565380096436e-02
5.604400634765625000e-01
8.063989877700805664e-02
1.712701320648193359e-01
1.764815598726272583e-01
1.902748942375183105e-01
2.058773338794708252e-01
1.473623663187026978e-01
7.747100293636322021e-02
8.053945004940032959e-02
2.118942737579345703e-01
2.057564705610275269e-01
4.875309765338897705e-02
1.114532053470611572e-01
1.585797071456909180e-01
2.034099698066711426e-01
3.510417044162750244e-02
2.171363830566406250e-01
4.743947088718414307e-02
2.882798202335834503e-02
4.942786991596221924e-01
1.279645413160324097e-01
1.155698522925376892e-01
4.987694695591926575e-02
1.560788452625274658e-01
2.481689155101776123e-01
1.573023498058319092e-01
3.506607711315155029e-01
8.236972987651824951e-02
1.925924718379974365e-01
1.092026531696319580e-01
4.724346101284027100e-02
1.206966191530227661e-01
4.049214720726013184e-02
2.049669772386550903e-01
8.810649812221527100e-02
2.048033177852630615e-01
1.359954923391342163e-01
2.196842432022094727e-01
4.781711101531982422e-02
1.496179699897766113e-01
9.595032781362533569e-02
8.961416780948638916e-02
2.737189456820487976e-02
2.520426213741302490e-01
5.419333279132843018e-02
3.005050122737884521e-01
2.229402065277099609e-01
1.248610466718673706e-01
1.455644816160202026e-01
2.072405368089675903e-01
1.842467933893203735e-01
1.381362378597259521e-01
2.066309005022048950e-01
1.214272677898406982e-01
1.871686726808547974e-01
5.561631917953491211e-01
2.173893898725509644e-01
3.562839925289154053e-01
1.564465761184692383e-01
1.018199473619461060e-01
6.605263799428939819e-02
6.528046727180480957e-02
4.780108854174613953e-02
1.502873599529266357e-01
3.039100766181945801e-01
2.048615515232086182e-01
1.818055808544158936e-01
1.297903805971145630e-01
1.412232369184494019e-01
3.859689235687255859e-01
2.363112866878509521e-01
1.943549811840057373e-01
2.596243321895599365e-01
1.768476814031600952e-01
2.032921612262725830e-01
2.453194856643676758e-01
1.493686735630035400e-01
2.497084140777587891e-01
1.572151184082031250e-01
2.670102417469024658e-01
2.531341314315795898e-01
1.627041548490524292e-01
3.051984310150146484e-01
1.379689127206802368e-01
3.493567705154418945e-01
4.961733222007751465e-01
1.783724427223205566e-01
5.078704357147216797e-01
2.047522217035293579e-01
1.363155096769332886e-01
1.769337356090545654e-01
1.118242889642715454e-01
2.338243126869201660e-01
3.209387063980102539e-01
1.594301313161849976e-01
6.205943971872329712e-02
2.082062363624572754e-01
2.829475402832031250e-01
5.209610238671302795e-02
3.425584435462951660e-01
2.314079254865646362e-01
1.751145422458648682e-01
2.618670463562011719e-01
1.189325302839279175e-01
1.255785822868347168e-01
3.943100869655609131e-01
1.927123069763183594e-01
1.008279323577880859e-01
7.664149254560470581e-02
1.823922842741012573e-01
1.274514496326446533e-01
2.000966519117355347e-01
2.428711205720901489e-01
1.290283054113388062e-01
1.681762039661407471e-01
1.419276297092437744e-01
4.063788652420043945e-01
1.237363144755363464e-01
1.973080039024353027e-01
3.477351665496826172e-01
2.454395443201065063e-01
1.752365231513977051e-01
3.401569128036499023e-01
2.128643244504928589e-01
7.439199090003967285e-02
4.288567006587982178e-01
1.842915564775466919e-01
3.556595444679260254e-01
1.310554444789886475e-01
3.304662406444549561e-01
2.679883241653442383e-01
1.599715799093246460e-01
4.018254876136779785e-01
1.769758760929107666e-01
1.901814192533493042e-01
1.713258326053619385e-01
3.344333767890930176e-01
1.618757843971252441e-01
5.803982168436050415e-02
1.520182490348815918e-01
2.174021601676940918e-01
2.582384347915649414e-01
8.702984452247619629e-02
1.392536908388137817e-01
2.283671796321868896e-01
1.060378998517990112e-01
1.120254769921302795e-01
2.558002471923828125e-01
1.197695583105087280e-01
1.116151437163352966e-01
1.999019086360931396e-01
1.836776435375213623e-01
2.038504928350448608e-01
1.128542199730873108e-01
2.335617840290069580e-01
1.214369237422943115e-01
3.044865727424621582e-01
3.556392192840576172e-01
4.608897492289543152e-02
7.270027697086334229e-02
1.895539760589599609e-01
5.621280148625373840e-02
3.204187452793121338e-01
3.359162211418151855e-01
2.283835709095001221e-01
2.087136507034301758e-01
5.999909043312072754e-01
2.179223150014877319e-01
4.886170625686645508e-01
7.180562615394592285e-02
1.801682710647583008e-01
1.445181220769882202e-01
1.875926256179809570e-01
4.543915987014770508e-01
2.823128402233123779e-01
3.342800438404083252e-01
2.507670819759368896e-01
1.202333569526672363e-01
4.803886264562606812e-02
1.962184607982635498e-01
9.491598606109619141e-02
1.836148202419281006e-01
2.414017766714096069e-01
8.898538351058959961e-02
2.327758073806762695e-01
2.324041426181793213e-01
1.211419254541397095e-01
8.510719239711761475e-02
4.260155260562896729e-01
1.047296077013015747e-01
1.527313143014907837e-01
1.615489423274993896e-01
2.895607948303222656e-01
6.398116797208786011e-02
2.246251255273818970e-01
9.814067184925079346e-02
2.063100039958953857e-01
1.502000391483306885e-01
1.532817482948303223e-01
1.723095029592514038e-01
4.296296089887619019e-02
4.211162328720092773e-01
1.544143706560134888e-01
1.569460779428482056e-01
1.739118993282318115e-01
3.303154110908508301e-01
2.470802068710327148e-01
3.027428090572357178e-01
1.812463700771331787e-01
1.674955487251281738e-01
9.085051715373992920e-02
4.988899230957031250e-01
4.740359485149383545e-01
1.211624816060066223e-01
2.100427746772766113e-01
4.024933278560638428e-01
1.633840948343276978e-01
3.316279947757720947e-01
1.083914041519165039e-01
1.171644404530525208e-01
1.122554987668991089e-01
1.318984478712081909e-01
2.270242124795913696e-01
8.658009767532348633e-02
1.519890725612640381e-01
5.315900593996047974e-02
2.472865432500839233e-01
2.992013096809387207e-01
4.711343646049499512e-01
1.188739240169525146e-01
3.126345276832580566e-01
2.065385580062866211e-01
2.633158862590789795e-01
2.776184380054473877e-01
1.729248464107513428e-01
3.430678844451904297e-01
1.988841891288757324e-01
1.609708368778228760e-01
1.883046030998229980e-01
2.230809628963470459e-01
2.109932601451873779e-01
3.890227079391479492e-01
2.998490035533905029e-01
1.657433658838272095e-01
7.156140357255935669e-02
2.443542182445526123e-01
2.464220970869064331e-01
1.118387579917907715e-01
3.395924270153045654e-01
1.522459685802459717e-01
6.473749876022338867e-02
2.370038479566574097e-01
1.862713247537612915e-01
5.016724467277526855e-01
2.419730573892593384e-01
2.681016921997070312e-01
2.574684321880340576e-01
1.278967261314392090e-01
3.157084882259368896e-01
1.402381956577301025e-01
3.305197358131408691e-01
2.794485092163085938e-01
1.776857078075408936e-01
2.017883360385894775e-01
2.811278998851776123e-01
7.968516647815704346e-02
1.415464580059051514e-01
3.492527604103088379e-01
1.336970925331115723e-01
4.858894944190979004e-01
2.586177885532379150e-01
2.692178487777709961e-01
1.900052130222320557e-01
2.553385496139526367e-01
2.613612711429595947e-01
1.789817363023757935e-01
2.424729615449905396e-01
2.631331086158752441e-01
1.338876187801361084e-01
1.154645234346389771e-01
2.080802619457244873e-02
2.413972616195678711e-01
3.800078332424163818e-01
6.929895281791687012e-02
2.002250254154205322e-01
6.536184996366500854e-02
2.269593924283981323e-01
7.739643752574920654e-02
2.336623519659042358e-01
1.877460479736328125e-01
1.597280353307723999e-01
1.726850569248199463e-01
2.463942915201187134e-01
4.109587669372558594e-01
2.461218833923339844e-01
5.459793210029602051e-01
4.116094112396240234e-01
1.600513309240341187e-01
2.369288206100463867e-01
3.654888272285461426e-01
1.150647103786468506e-01
1.943444162607192993e-01
1.245050132274627686e-01
1.207719370722770691e-01
2.332158386707305908e-01
1.590950191020965576e-01
1.991794109344482422e-01
7.464478164911270142e-02
2.523487508296966553e-01
2.680959403514862061e-01
1.714585572481155396e-01
1.641785204410552979e-01
3.081942796707153320e-01
1.370899081230163574e-01
3.715512156486511230e-01
2.142921835184097290e-01
1.453733444213867188e-01
9.281039237976074219e-02
3.112595081329345703e-01
2.789138257503509521e-01
3.683506846427917480e-01
3.293691575527191162e-01
2.419143319129943848e-01
3.124465644359588623e-01
1.372858285903930664e-01
5.623407661914825439e-02
8.978547155857086182e-02
1.790272891521453857e-01
2.052368670701980591e-01
3.274247050285339355e-01
1.273906975984573364e-01
3.502781987190246582e-01
2.185924649238586426e-01
2.493971884250640869e-01
8.939629793167114258e-02
3.404243290424346924e-01
1.920575052499771118e-01
2.470643967390060425e-01
1.708545684814453125e-01
2.514970600605010986e-01
2.934446930885314941e-01
1.543163359165191650e-01
4.013220667839050293e-01
2.113878428936004639e-01
8.259551227092742920e-02
5.499640107154846191e-01
