9.881825745105743408e-02
1.967552006244659424e-01
1.505976021289825439e-01
2.361712157726287842e-01
3.679131567478179932e-01
1.183278560638427734e-01
4.722906947135925293e-01
6.013479232788085938e-01
1.946957558393478394e-01
1.718595325946807861e-01
1.841325759887695312e-01
1.645115911960601807e-01
2.350126355886459351e-01
3.232487440109252930e-01
1.644428968429565430e-01
3.651869297027587891e-01
1.748128235340118408e-01
6.458800286054611206e-02
4.566849768161773682e-01
1.703856140375137329e-01
1.629464030265808105e-01
2.035745531320571899e-01
1.959134787321090698e-01
1.935489326715469360e-01
1.598701179027557373e-01
1.378121227025985718e-01
2.599232196807861328e-01
1.208578720688819885e-01
3.198498189449310303e-01
2.868840694427490234e-01
1.682062000036239624e-01
1.500538885593414307e-01
1.627269387245178223e-01
2.833620905876159668e-01
7.113554328680038452e-02
1.796691268682479858e-01
2.695649564266204834e-01
3.973679542541503906e-01
1.621887087821960449e-01
1.436611711978912354e-01
1.344059258699417114e-01
2.526032924652099609e-01
4.923487901687622070e-01
2.134158611297607422e-01
9.239095449447631836e-02
2.097116261720657349e-01
4.356553554534912109e-01
1.449652165174484253e-01
1.846452355384826660e-01
2.127138376235961914e-01
8.389522135257720947e-02
9.871029108762741089e-02
1.875430047512054443e-01
5.300853773951530457e-02
5.672083050012588501e-02
2.139268815517425537e-01
2.605323791503906250e-01
2.447076141834259033e-01
3.293077647686004639e-01
2.735085487365722656e-01
2.348834872245788574e-01
3.070500195026397705e-01
8.673894405364990234e-02
1.981457173824310303e-01
1.976330280303955078e-01
2.078701257705688477e-01
3.402069807052612305e-01
1.209515109658241272e-01
1.298587471246719360e-01
1.477194428443908691e-01
1.013576611876487732e-01
2.908315360546112061e-01
2.056564539670944214e-01
3.743513226509094238e-01
2.418491244316101074e-01
2.577068507671356201e-01
1.827017813920974731e-01
1.634531915187835693e-01
2.536015808582305908e-01
4.225758612155914307e-01
1.026162058115005493e-01
2.410430908203125000e-01
3.370451182126998901e-02
1.564982682466506958e-01
2.865503728389739990e-01
1.540483236312866211e-01
4.687719941139221191e-01
7.319341599941253662e-02
9.285181760787963867e-02
3.074800968170166016e-01
1.914552748203277588e-01
2.014366388320922852e-01
1.584525853395462036e-01
3.739667832851409912e-01
2.470789849758148193e-01
1.500887274742126465e-01
3.193113803863525391e-01
1.253390312194824219e-01
2.341049015522003174e-01
1.299900710582733154e-01
2.035956680774688721e-01
8.394222706556320190e-02
1.566348075866699219e-01
9.589754790067672729e-02
1.296723186969757080e-01
3.311063051223754883e-01
5.987486243247985840e-02
1.784010231494903564e-01
3.086307048797607422e-01
1.637090146541595459e-01
6.459087878465652466e-02
2.462256252765655518e-01
1.978807449340820312e-01
3.354827463626861572e-01
9.658811986446380615e-02
2.143220901489257812e-01
4.809393286705017090e-01
1.805150806903839111e-01
1.647736132144927979e-01
1.231895014643669128e-01
2.322364002466201782e-01
8.370733261108398438e-02
2.344541847705841064e-01
9.077376127243041992e-02
2.336479276418685913e-01
3.277825713157653809e-01
2.376460134983062744e-01
3.342630267143249512e-01
2.129572331905364990e-01
9.994838386774063110e-02
8.722709119319915771e-02
1.435351073741912842e-01
2.419462949037551880e-01
2.375626415014266968e-01
8.181893825531005859e-02
2.497571408748626709e-01
9.635899960994720459e-02
1.028795391321182251e-01
7.860909402370452881e-02
2.043066322803497314e-01
1.039625033736228943e-01
3.817253708839416504e-01
1.832549422979354858e-01
1.819862425327301025e-01
1.364307850599288940e-01
1.777037680149078369e-01
1.577147990465164185e-01
2.543320059776306152e-01
1.967500597238540649e-01
1.905742138624191284e-01
1.846334934234619141e-01
1.732614636421203613e-01
1.086236461997032166e-01
3.280017077922821045e-01
2.244301140308380127e-01
5.943155661225318909e-02
9.044758230447769165e-02
6.635376811027526855e-02
3.873640000820159912e-01
3.442720770835876465e-01
2.081095129251480103e-01
1.719990074634552002e-01
8.087078481912612915e-02
9.871128201484680176e-02
2.026871442794799805e-01
4.043640792369842529e-01
3.577212095260620117e-01
9.892075508832931519e-02
1.446317285299301147e-01
1.931034624576568604e-01
2.828061878681182861e-01
1.761986017227172852e-01
1.236189827322959900e-01
1.280198991298675537e-01
1.589183956384658813e-01
3.114750981330871582e-01
1.343882381916046143e-01
1.876434385776519775e-01
2.657966017723083496e-01
1.486241072416305542e-01
1.518253833055496216e-01
6.073803454637527466e-02
1.185937672853469849e-01
1.718461066484451294e-01
3.878015875816345215e-01
3.511534333229064941e-01
1.125488579273223877e-01
2.582826614379882812e-01
1.831600666046142578e-01
2.769041955471038818e-01
1.623000502586364746e-01
2.545998692512512207e-01
2.401831150054931641e-01
1.418312042951583862e-01
1.815055310726165771e-01
8.840974420309066772e-02
8.286739140748977661e-02
4.969862103462219238e-02
3.259505927562713623e-01
7.687091082334518433e-02
2.214078605175018311e-01
1.153839305043220520e-01
1.576039940118789673e-01
2.807897925376892090e-01
1.661951839923858643e-01
2.595067620277404785e-01
1.771777868270874023e-01
1.983827203512191772e-01
1.370494216680526733e-01
2.369039654731750488e-01
1.992859840393066406e-01
2.270397245883941650e-01
1.185792759060859680e-01
3.481721580028533936e-01
2.315560132265090942e-01
3.460887074470520020e-01
6.952021121978759766e-01
1.940751820802688599e-01
1.804948747158050537e-01
1.524605154991149902e-01
3.265066146850585938e-01
1.373649835586547852e-01
1.671226769685745239e-01
2.164238095283508301e-01
7.969409227371215820e-02
3.722752630710601807e-01
4.479510486125946045e-01
1.574946492910385132e-01
2.252855300903320312e-01
2.244621217250823975e-01
1.791986376047134399e-01
1.140634119510650635e-01
3.576255738735198975e-01
2.624466419219970703e-01
2.216430157423019409e-01
7.189386337995529175e-02
4.342587292194366455e-02
3.521409034729003906e-01
1.561715453863143921e-01
7.865568250417709351e-02
2.367413640022277832e-01
1.944070160388946533e-01
2.665073573589324951e-01
1.586164683103561401e-01
1.526036411523818970e-01
1.082686707377433777e-01
7.515039443969726562e-01
2.113316655158996582e-01
2.616281807422637939e-01
2.575685381889343262e-01
1.596864610910415649e-01
1.615269333124160767e-01
1.172168105840682983e-01
1.473766267299652100e-01
2.875146865844726562e-01
1.238015815615653992e-01
2.131486237049102783e-01
3.780001103878021240e-01
1.966757476329803467e-01
1.270755380392074585e-01
1.272374093532562256e-01
1.785931736230850220e-01
1.325799375772476196e-01
2.885792851448059082e-01
2.220961451530456543e-01
2.050471156835556030e-01
1.671616137027740479e-01
9.553128480911254883e-02
1.187116652727127075e-01
3.563899099826812744e-01
2.454507648944854736e-01
7.784757018089294434e-02
2.881457209587097168e-01
1.989785134792327881e-01
6.980572640895843506e-02
3.161654770374298096e-01
4.815784096717834473e-02
1.053480356931686401e-01
1.073360368609428406e-01
1.355952173471450806e-01
9.975346922874450684e-02
3.778670132160186768e-01
1.192546114325523376e-01
1.479888856410980225e-01
3.210060596466064453e-01
2.812793254852294922e-01
1.029399186372756958e-01
2.535847425460815430e-01
2.936294674873352051e-01
1.929890811443328857e-01
2.641230821609497070e-01
1.615564823150634766e-01
1.725564897060394287e-01
1.977280825376510620e-01
2.567988932132720947e-01
2.154106795787811279e-01
1.869914084672927856e-01
2.950963675975799561e-01
9.813102334737777710e-02
1.837994158267974854e-01
1.421977281570434570e-01
9.109045565128326416e-02
3.291249275207519531e-01
4.411277174949645996e-02
3.267267644405364990e-01
1.209434494376182556e-01
1.957868933677673340e-01
1.622780263423919678e-01
1.207936927676200867e-01
9.032329171895980835e-02
2.728585600852966309e-01
1.213794648647308350e-01
3.409501910209655762e-01
1.565758585929870605e-01
1.723329126834869385e-01
3.050074577331542969e-01
5.578494071960449219e-01
1.576094180345535278e-01
8.765864372253417969e-02
2.512849271297454834e-01
9.613869339227676392e-02
1.168608441948890686e-01
2.386125922203063965e-01
2.859520316123962402e-01
3.159317076206207275e-01
1.629224121570587158e-01
3.296939730644226074e-01
1.893388628959655762e-01
7.762748003005981445e-02
1.623644679784774780e-01
1.515628546476364136e-01
1.695846915245056152e-01
1.628432869911193848e-01
2.304723411798477173e-01
1.532075405120849609e-01
1.928372979164123535e-01
1.785737723112106323e-01
1.227940022945404053e-01
2.958761453628540039e-01
2.638066112995147705e-01
3.400743603706359863e-01
6.097551435232162476e-02
1.993416994810104370e-01
3.065934777259826660e-01
7.556930184364318848e-02
1.243820041418075562e-01
4.882479906082153320e-01
1.433914303779602051e-01
1.264302581548690796e-01
3.040369153022766113e-01
3.793762326240539551e-01
3.460527062416076660e-01
2.766188383102416992e-01
3.425328806042671204e-02
5.217788219451904297e-01
2.637285888195037842e-01
2.484793215990066528e-01
1.119285896420478821e-01
1.595843285322189331e-01
3.503322899341583252e-01
1.998758167028427124e-01
3.037829101085662842e-01
2.046446651220321655e-01
9.733647108078002930e-02
3.996616005897521973e-01
2.519601285457611084e-01
2.390727549791336060e-01
3.666620552539825439e-01
1.207977980375289917e-01
2.948431372642517090e-01
1.774202138185501099e-01
2.744745612144470215e-01
1.503732651472091675e-01
2.480935156345367432e-01
3.193588852882385254e-01
2.020379751920700073e-01
3.595394492149353027e-01
1.070825904607772827e-01
1.276040971279144287e-01
2.515386641025543213e-01
2.180441617965698242e-01
1.869575679302215576e-01
1.844004392623901367e-01
1.247032433748245239e-01
1.234823241829872131e-01
8.831581473350524902e-02
1.719868630170822144e-01
3.643714785575866699e-01
1.265871077775955200e-01
6.235902756452560425e-02
3.366634249687194824e-01
2.231663763523101807e-01
4.084862470626831055e-01
1.173987761139869690e-01
1.940252780914306641e-01
2.049083709716796875e-01
1.897223144769668579e-01
1.528442800045013428e-01
2.775085568428039551e-01
2.136459797620773315e-01
1.682514250278472900e-01
4.128147065639495850e-01
4.213943481445312500e-01
1.974155008792877197e-01
2.386167049407958984e-01
1.252515017986297607e-01
1.165336817502975464e-01
2.880529165267944336e-01
2.928677201271057129e-01
1.000729501247406006e-01
1.144104748964309692e-01
1.065286397933959961e-01
3.076475858688354492e-01
1.119756922125816345e-01
4.269265010952949524e-02
3.942703083157539368e-02
1.472543627023696899e-01
1.562039256095886230e-01
2.562384307384490967e-01
1.971328556537628174e-01
2.458437830209732056e-01
9.920644760131835938e-02
1.828689575195312500e-01
1.408182531595230103e-01
1.277164071798324585e-01
2.450508326292037964e-01
2.667849063873291016e-01
2.230018228292465210e-01
2.101863026618957520e-01
2.060470581054687500e-01
1.215731650590896606e-01
1.975374072790145874e-01
1.731353402137756348e-01
2.470282912254333496e-01
2.052745223045349121e-01
3.070839643478393555e-01
1.690960526466369629e-01
2.524331808090209961e-01
3.089730441570281982e-01
1.806476861238479614e-01
1.622427999973297119e-01
1.890544146299362183e-01
1.823542416095733643e-01
1.136797517538070679e-01
9.186898916959762573e-02
7.315866649150848389e-02
8.624348044395446777e-02
2.386750578880310059e-01
7.355060428380966187e-02
2.373218536376953125e-01
7.777820527553558350e-02
4.232760071754455566e-01
3.902527093887329102e-01
2.031747400760650635e-01
1.168821901082992554e-01
2.858275771141052246e-01
5.010967254638671875e-01
3.170991837978363037e-01
1.763339787721633911e-01
3.196873664855957031e-01
3.361265659332275391e-01
2.138240337371826172e-01
3.060424923896789551e-01
1.688985824584960938e-01
1.662781536579132080e-01
2.035744786262512207e-01
7.666426897048950195e-02
1.840690076351165771e-01
3.829661309719085693e-01
1.168802157044410706e-01
2.067407965660095215e-01
1.928839385509490967e-01
1.446771323680877686e-01
1.510333120822906494e-01
1.551580429077148438e-01
8.106407523155212402e-02
1.658476591110229492e-01
3.052549958229064941e-01
1.273539066314697266e-01
1.604014933109283447e-01
4.783592224121093750e-01
2.673019170761108398e-01
1.141864359378814697e-01
1.914013326168060303e-01
3.232512474060058594e-01
2.827087640762329102e-01
3.396192193031311035e-02
4.180024564266204834e-01
7.462803274393081665e-02
3.314146697521209717e-01
3.183698654174804688e-01
1.840179711580276489e-01
2.047949433326721191e-01
4.795196652412414551e-01
1.248287111520767212e-01
2.398882657289505005e-01
3.665446043014526367e-01
2.625271081924438477e-01
4.895704984664916992e-01
2.003406286239624023e-01
2.022043615579605103e-01
2.247721552848815918e-01
2.394779026508331299e-01
1.077866554260253906e-01
1.778447479009628296e-01
1.183308064937591553e-01
7.271158695220947266e-02
2.190938889980316162e-01
1.645804047584533691e-01
2.413827031850814819e-01
2.918142974376678467e-01
1.042160689830780029e-01
1.593877673149108887e-01
2.846991121768951416e-01
3.373334705829620361e-01
1.999782025814056396e-01
3.280995488166809082e-01
1.111018508672714233e-01
9.528475999832153320e-02
2.527853846549987793e-01
1.615273505449295044e-01
2.468073666095733643e-01
2.298508584499359131e-01
1.596934050321578979e-01
2.349737882614135742e-01
1.307011842727661133e-01
2.588014304637908936e-01
2.854305207729339600e-01
1.999128758907318115e-01
3.706187009811401367e-01
2.565103173255920410e-01
1.432081311941146851e-01
1.600191146135330200e-01
1.227119117975234985e-01
2.248200029134750366e-01
2.317517846822738647e-01
9.680568426847457886e-02
2.293702214956283569e-01
1.080996245145797729e-01
1.559063494205474854e-01
1.476636677980422974e-01
1.555839926004409790e-01
3.832863569259643555e-01
2.386386096477508545e-01
2.839584946632385254e-01
2.920103073120117188e-01
2.020956873893737793e-01
3.237527012825012207e-01
2.499560117721557617e-01
3.236744999885559082e-01
8.755522966384887695e-02
2.441714406013488770e-01
3.742217421531677246e-01
2.620679736137390137e-01
2.088060677051544189e-01
1.050304621458053589e-01
1.084837764501571655e-01
2.184989601373672485e-01
3.869698643684387207e-01
4.149899482727050781e-01
5.762285590171813965e-01
2.158247828483581543e-01
3.450166434049606323e-02
6.333124637603759766e-02
1.680183559656143188e-01
9.610301256179809570e-02
2.400967776775360107e-01
2.183283418416976929e-01
4.745698720216751099e-02
2.537862956523895264e-01
4.428517818450927734e-01
3.605810403823852539e-01
1.579957902431488037e-01
1.330909878015518188e-01
2.314112633466720581e-01
3.005924224853515625e-01
1.988689899444580078e-01
1.683684885501861572e-01
1.258082538843154907e-01
3.434071242809295654e-01
6.407622098922729492e-01
2.527818083763122559e-01
4.568709433078765869e-01
1.570820361375808716e-01
2.367379814386367798e-01
1.298138350248336792e-01
3.294805288314819336e-01
2.545782923698425293e-01
2.397950887680053711e-01
1.761910021305084229e-01
1.241484656929969788e-01
3.354805409908294678e-01
1.406652331352233887e-01
1.296952962875366211e-01
5.137019753456115723e-01
2.130482643842697144e-01
3.337035477161407471e-01
1.888813972473144531e-01
3.457133769989013672e-01
2.513274848461151123e-01
2.330245375633239746e-01
4.552683234214782715e-01
7.773142307996749878e-02
2.304118573665618896e-01
2.701072692871093750e-01
1.236207038164138794e-01
1.243203058838844299e-01
1.095717549324035645e-01
2.666612267494201660e-01
2.730981707572937012e-01
1.571677178144454956e-01
5.359222292900085449e-01
6.677538156509399414e-02
2.812238931655883789e-01
6.755284219980239868e-02
2.072566151618957520e-01
2.351759672164916992e-01
2.260825037956237793e-01
5.984299182891845703e-01
2.558816969394683838e-01
1.321161985397338867e-01
1.408965885639190674e-01
2.092627286911010742e-01
1.921056509017944336e-01
1.049296259880065918e-01
2.260518968105316162e-01
9.317962825298309326e-02
2.535156309604644775e-01
2.259728610515594482e-01
2.376057356595993042e-01
1.140994131565093994e-01
2.284040749073028564e-01
3.149158656597137451e-01
1.444967985153198242e-01
2.326905131340026855e-01
2.551080286502838135e-01
1.890796869993209839e-01
2.436033487319946289e-01
2.151031196117401123e-01
3.613283336162567139e-01
1.323929131031036377e-01
2.036441862583160400e-01
2.247747778892517090e-01
1.298804134130477905e-01
2.821332216262817383e-01
2.419443428516387939e-01
1.658405661582946777e-01
4.900589957833290100e-02
2.482073009014129639e-01
1.901229321956634521e-01
1.624443233013153076e-01
1.844510734081268311e-01
1.848634928464889526e-01
2.401671111583709717e-01
3.845103979110717773e-01
3.164327740669250488e-01
1.706396341323852539e-01
1.414678841829299927e-01
2.357229292392730713e-01
3.575580418109893799e-01
7.174038887023925781e-02
1.464808285236358643e-01
1.425406932830810547e-01
6.800521910190582275e-02
2.785058319568634033e-01
1.828784048557281494e-01
4.023889303207397461e-01
2.649128139019012451e-01
2.424739599227905273e-01
3.132087290287017822e-01
2.155977338552474976e-01
1.617755144834518433e-01
1.293902397155761719e-01
1.271860301494598389e-01
2.711876630783081055e-01
3.316000401973724365e-01
1.204027011990547180e-01
3.459056019783020020e-01
2.306464314460754395e-01
1.804925203323364258e-01
1.948411017656326294e-01
1.704276502132415771e-01
1.287552714347839355e-01
3.242650330066680908e-01
1.583144068717956543e-01
1.859763562679290771e-01
1.966049820184707642e-01
2.249303460121154785e-01
6.828553974628448486e-02
2.064833641052246094e-01
1.603479534387588501e-01
2.636888921260833740e-01
5.298813432455062866e-02
1.493576169013977051e-01
1.481058001518249512e-01
1.805402934551239014e-01
1.236045733094215393e-01
1.281059086322784424e-01
2.393661737442016602e-01
2.657023668289184570e-01
2.604350447654724121e-01
1.627263426780700684e-01
2.411193251609802246e-01
1.539177745580673218e-01
5.698239058256149292e-02
2.115906774997711182e-01
1.881263107061386108e-01
2.413582652807235718e-01
1.905186772346496582e-01
1.877824217081069946e-01
2.024254351854324341e-01
2.986367642879486084e-01
4.398871660232543945e-01
2.674470543861389160e-01
1.899380534887313843e-01
1.908408999443054199e-01
1.393438428640365601e-01
2.385885715484619141e-01
1.721102297306060791e-01
1.020103618502616882e-01
1.320964246988296509e-01
2.967992126941680908e-01
2.449790537357330322e-01
2.196579873561859131e-01
2.086834013462066650e-01
3.610614836215972900e-01
1.173013448715209961e-01
2.354979813098907471e-01
2.105745375156402588e-01
3.108929097652435303e-01
1.345554590225219727e-01
1.999698579311370850e-01
1.691265851259231567e-01
1.288717389106750488e-01
1.957302242517471313e-01
3.921211361885070801e-01
2.835574150085449219e-01
1.665093302726745605e-01
2.169920355081558228e-01
1.977928131818771362e-01
3.252063989639282227e-01
1.675912588834762573e-01
1.679136753082275391e-01
2.131548225879669189e-01
2.522561550140380859e-01
2.488313317298889160e-01
1.664512455463409424e-01
2.478953897953033447e-01
1.951306164264678955e-01
2.099146544933319092e-01
1.838552057743072510e-01
1.793034374713897705e-01
4.024758934974670410e-01
2.352664768695831299e-01
1.647142916917800903e-01
1.859662532806396484e-01
1.796517670154571533e-01
2.234947383403778076e-01
2.490210533142089844e-01
2.055042833089828491e-01
3.777365684509277344e-01
2.027200162410736084e-01
2.880769371986389160e-01
1.472137272357940674e-01
2.105617076158523560e-01
2.790481150150299072e-01
3.682944178581237793e-01
2.995664775371551514e-01
2.663523256778717041e-01
2.212167382240295410e-01
7.596923410892486572e-02
1.179382652044296265e-01
1.304462850093841553e-01
7.702910900115966797e-02
3.085522353649139404e-01
2.166335880756378174e-01
1.055838987231254578e-01
1.808348894119262695e-01
3.905237019062042236e-01
4.103863537311553955e-01
2.385118603706359863e-01
1.217875182628631592e-01
6.703063845634460449e-02
3.515502512454986572e-01
1.876363754272460938e-01
1.823684275150299072e-01
3.755233287811279297e-01
3.245139718055725098e-01
2.791801393032073975e-01
2.139979302883148193e-01
1.890363395214080811e-01
9.949252009391784668e-02
2.500313520431518555e-01
2.068643122911453247e-01
1.253434717655181885e-01
1.688162684440612793e-01
2.056201398372650146e-01
7.150784134864807129e-02
2.875793874263763428e-01
2.912387847900390625e-01
4.532727897167205811e-01
1.212958246469497681e-01
1.554357260465621948e-01
1.898874193429946899e-01
1.475121974945068359e-01
2.576486468315124512e-01
2.964055836200714111e-01
7.504896819591522217e-02
1.507091820240020752e-01
2.401401847600936890e-01
4.069720208644866943e-01
2.482854425907135010e-01
2.457469403743743896e-01
3.614403009414672852e-01
4.027951359748840332e-01
3.775004446506500244e-01
3.350878357887268066e-01
3.114684820175170898e-01
9.419426321983337402e-02
1.448856890201568604e-01
1.784852445125579834e-01
2.455920875072479248e-01
2.245170772075653076e-01
7.807278633117675781e-02
4.712482094764709473e-01
2.146099954843521118e-01
1.478963494300842285e-01
9.712886065244674683e-02
1.305811405181884766e-01
1.667838245630264282e-01
2.966170608997344971e-01
4.235643148422241211e-01
1.959880292415618896e-01
2.723481059074401855e-01
3.892318010330200195e-01
2.749686837196350098e-01
2.248419821262359619e-01
3.127627372741699219e-01
3.762080669403076172e-01
2.613106369972229004e-01
1.395440399646759033e-01
3.921305537223815918e-01
2.882899940013885498e-01
2.977007627487182617e-01
2.176981270313262939e-01
3.803353905677795410e-01
1.375994980335235596e-01
7.519985735416412354e-02
4.166225194931030273e-01
2.375246584415435791e-01
1.948468089103698730e-01
4.547306895256042480e-01
1.389784961938858032e-01
1.912910640239715576e-01
3.940176665782928467e-01
2.964808046817779541e-01
2.595697641372680664e-01
2.647655308246612549e-01
3.411350846290588379e-01
2.853655219078063965e-01
3.651443719863891602e-01
9.793013334274291992e-02
2.805501520633697510e-01
1.497451364994049072e-01
2.204931378364562988e-01
1.447627246379852295e-01
2.191702276468276978e-01
2.227704823017120361e-01
2.893397212028503418e-01
2.300343960523605347e-01
3.115065693855285645e-01
2.955987453460693359e-01
2.290641963481903076e-01
1.503072082996368408e-01
1.272528618574142456e-01
1.693160235881805420e-01
1.857458949089050293e-01
3.696655333042144775e-01
1.611500084400177002e-01
2.203646600246429443e-01
1.143582910299301147e-01
1.823282241821289062e-01
2.202933430671691895e-01
1.127398908138275146e-01
2.322303801774978638e-01
8.415781706571578979e-02
3.382568061351776123e-02
1.779063045978546143e-01
4.410680532455444336e-01
3.547242879867553711e-01
2.108156085014343262e-01
1.729269325733184814e-01
1.551904082298278809e-01
2.165796011686325073e-01
9.832297265529632568e-02
3.140419721603393555e-01
2.021932303905487061e-01
3.323646187782287598e-01
2.212924361228942871e-01
1.138722077012062073e-01
2.415380775928497314e-01
6.705045700073242188e-02
2.382182776927947998e-01
1.150883436203002930e-01
8.550658822059631348e-02
1.688576787710189819e-01
3.885269761085510254e-01
1.294654458761215210e-01
1.292102336883544922e-01
1.123470366001129150e-01
1.973586678504943848e-01
2.955187857151031494e-01
1.221626400947570801e-01
1.755154132843017578e-01
2.398719936609268188e-01
2.340456843376159668e-01
1.599134802818298340e-01
2.535916566848754883e-01
2.651402950286865234e-01
1.327802538871765137e-01
1.099432408809661865e-01
1.837952584028244019e-01
1.371144354343414307e-01
3.219399750232696533e-01
2.735606431961059570e-01
1.270141899585723877e-01
3.343459069728851318e-01
2.879985570907592773e-01
1.193273589015007019e-01
1.336594521999359131e-01
3.029602169990539551e-01
1.862187087535858154e-01
2.497032284736633301e-01
1.944446861743927002e-01
1.871744394302368164e-01
1.857316941022872925e-01
8.703871071338653564e-02
6.545568257570266724e-02
9.392470866441726685e-02
1.778015494346618652e-01
9.366483986377716064e-02
2.226040214300155640e-01
3.290470838546752930e-01
4.397471547126770020e-01
4.538936167955398560e-02
2.389365732669830322e-01
1.788975894451141357e-01
4.744503647089004517e-02
1.376488059759140015e-01
7.441459596157073975e-02
2.355847358703613281e-01
2.039645016193389893e-01
3.632706403732299805e-01
1.268271654844284058e-01
6.447029113769531250e-02
1.456758230924606323e-01
1.027497500181198120e-01
8.146012574434280396e-02
9.422496706247329712e-02
2.079256772994995117e-01
1.319085806608200073e-01
1.275710612535476685e-01
7.897330075502395630e-02
3.753175735473632812e-01
4.759120643138885498e-01
1.395551413297653198e-01
1.999821364879608154e-01
3.103807568550109863e-01
1.423124223947525024e-01
1.125236153602600098e-01
1.564980149269104004e-01
2.644006609916687012e-01
2.822815179824829102e-01
1.983190178871154785e-01
2.707528173923492432e-01
1.698618382215499878e-01
4.795885980129241943e-01
2.972707748413085938e-01
1.522092074155807495e-01
3.037334680557250977e-01
1.607374995946884155e-01
2.138359546661376953e-01
1.239118948578834534e-01
1.394419372081756592e-01
3.363547027111053467e-01
1.151576042175292969e-01
1.646154075860977173e-01
2.378171235322952271e-01
7.037959992885589600e-02
1.916532516479492188e-01
1.989973932504653931e-01
4.821913242340087891e-01
6.088878512382507324e-01
1.718259751796722412e-01
1.087500825524330139e-01
4.031870514154434204e-02
4.802202805876731873e-02
2.744867205619812012e-01
1.106602251529693604e-01
1.936999261379241943e-01
2.339939326047897339e-01
3.001959323883056641e-01
2.269289791584014893e-01
1.258750706911087036e-01
7.707769423723220825e-02
1.674750447273254395e-01
4.179441332817077637e-01
2.471368610858917236e-01
2.999062538146972656e-01
3.348484039306640625e-01
2.342580258846282959e-01
3.122627437114715576e-01
3.305371403694152832e-01
1.946717500686645508e-01
1.613363623619079590e-01
1.603086590766906738e-01
1.540005207061767578e-01
2.254843860864639282e-01
2.728453874588012695e-01
8.857541531324386597e-02
1.636077761650085449e-01
4.266432523727416992e-01
1.772713959217071533e-01
4.833291471004486084e-01
8.796338737010955811e-02
2.027347981929779053e-01
1.461345404386520386e-01
3.287410438060760498e-01
9.617045521736145020e-02
5.030652284622192383e-01
2.607226371765136719e-01
6.005981564521789551e-02
2.243973165750503540e-01
8.396568149328231812e-02
2.146746516227722168e-01
1.842052638530731201e-01
7.293659448623657227e-02
2.098814845085144043e-01
1.986512839794158936e-01
4.052880704402923584e-01
6.342057883739471436e-02
2.949354350566864014e-01
1.882291585206985474e-01
2.637180387973785400e-01
1.539500653743743896e-01
2.415004223585128784e-01
1.834263354539871216e-01
2.305326312780380249e-01
4.229955077171325684e-01
4.282240569591522217e-01
1.350198090076446533e-01
2.389908730983734131e-01
2.683435082435607910e-01
2.379122972488403320e-01
1.861958056688308716e-01
1.625100523233413696e-01
1.140589192509651184e-01
1.959025859832763672e-01
1.819670349359512329e-01
9.216085076332092285e-02
3.790296316146850586e-01
1.791218519210815430e-01
2.931843101978302002e-01
1.998430639505386353e-01
3.458694741129875183e-02
3.210427761077880859e-01
1.788782775402069092e-01
2.803144454956054688e-01
2.107053697109222412e-01
2.068610191345214844e-01
1.888438016176223755e-01
1.885384768247604370e-01
3.364078998565673828e-01
3.906128108501434326e-01
2.971180677413940430e-01
2.247436940670013428e-01
1.369564831256866455e-01
1.549928784370422363e-01
3.273344635963439941e-01
1.108170747756958008e-01
1.045357584953308105e-01
1.710173189640045166e-01
6.229581832885742188e-01
2.491849362850189209e-01
2.730302512645721436e-01
1.757369339466094971e-01
5.674065276980400085e-02
2.923098802566528320e-01
1.314180940389633179e-01
2.587097287178039551e-01
2.106292843818664551e-01
1.999803781509399414e-01
4.660521447658538818e-02
4.968661814928054810e-02
2.543942928314208984e-01
2.057328820228576660e-01
5.151284933090209961e-01
2.612469196319580078e-01
1.542620509862899780e-01
2.441658377647399902e-01
3.397183418273925781e-01
2.045192122459411621e-01
1.492808908224105835e-01
9.539674222469329834e-02
1.728363037109375000e-01
3.411252796649932861e-01
1.696047484874725342e-01
1.409191638231277466e-01
1.368557959794998169e-01
3.948653638362884521e-01
1.379183828830718994e-01
2.304562181234359741e-01
2.881287336349487305e-01
4.462901949882507324e-01
1.422993093729019165e-01
8.226045221090316772e-02
3.039928078651428223e-01
2.783864736557006836e-01
1.316588521003723145e-01
2.372821867465972900e-01
2.639677822589874268e-01
1.571964621543884277e-01
1.767818778753280640e-01
7.950772345066070557e-02
2.405591011047363281e-01
3.108047842979431152e-01
2.549138963222503662e-01
1.545353978872299194e-01
9.773610532283782959e-02
7.151188701391220093e-02
1.403805464506149292e-01
3.546671271324157715e-01
7.700516283512115479e-02
2.255215644836425781e-01
1.789006590843200684e-01
3.214758932590484619e-01
1.798095256090164185e-01
1.888732314109802246e-01
1.692908555269241333e-01
8.751724660396575928e-02
1.224601417779922485e-01
1.123668178915977478e-01
2.096318304538726807e-01
1.290406286716461182e-01
1.754780709743499756e-01
1.660282462835311890e-01
4.375469088554382324e-01
1.392193585634231567e-01
1.666978895664215088e-01
4.358803108334541321e-02
2.097482979297637939e-01
5.174315720796585083e-02
5.097137391567230225e-02
1.003945618867874146e-01
2.449129819869995117e-01
5.022334456443786621e-01
1.156174987554550171e-01
2.422249019145965576e-01
1.702193170785903931e-01
1.011021286249160767e-01
1.644928455352783203e-01
1.873324066400527954e-01
1.955528706312179565e-01
9.820999950170516968e-02
1.540399789810180664e-01
2.064940631389617920e-01
2.203319966793060303e-01
1.445357948541641235e-01
2.231520712375640869e-01
2.661553025245666504e-01
3.191324323415756226e-02
2.284356057643890381e-01
3.016361296176910400e-01
1.256114244461059570e-01
2.696897387504577637e-01
1.223041117191314697e-01
2.548505663871765137e-01
1.389471292495727539e-01
4.791480898857116699e-01
2.867268323898315430e-01
1.312848180532455444e-01
2.589095830917358398e-01
9.194943308830261230e-02
4.104452729225158691e-01
2.307258993387222290e-01
2.376013398170471191e-01
3.224058747291564941e-01
1.911891996860504150e-01
2.719411849975585938e-01
2.921886742115020752e-01
1.581871211528778076e-01
1.977738589048385620e-01
1.286592036485671997e-01
2.261984050273895264e-01
1.388013362884521484e-01
1.202427372336387634e-01
1.332312822341918945e-01
1.542787253856658936e-01
1.027538329362869263e-01
2.497723102569580078e-01
1.683073341846466064e-01
1.360724717378616333e-01
2.822302579879760742e-01
3.188153803348541260e-01
1.574036478996276855e-01
2.342735826969146729e-01
2.400360703468322754e-01
2.135245501995086670e-01
4.350101351737976074e-01
9.843599051237106323e-02
4.150259494781494141e-01
2.924153506755828857e-01
4.342994391918182373e-01
2.582815587520599365e-01
3.367301821708679199e-01
1.699980795383453369e-01
3.719655573368072510e-01
3.223785161972045898e-01
5.399425700306892395e-02
1.241578459739685059e-01
3.009894490242004395e-01
1.016181707382202148e-01
2.753806412220001221e-01
2.009790837764739990e-01
3.693353235721588135e-01
2.932820916175842285e-01
2.503582835197448730e-01
2.890444993972778320e-01
2.710380554199218750e-01
3.275567889213562012e-01
1.844727396965026855e-01
1.744135767221450806e-01
2.203889936208724976e-01
1.131952852010726929e-01
3.108177483081817627e-01
2.129509150981903076e-01
1.281533241271972656e-01
3.886843323707580566e-01
2.400004267692565918e-01
3.140410780906677246e-01
2.272052764892578125e-01
5.246134400367736816e-01
4.467319846153259277e-01
2.655028104782104492e-01
2.195699214935302734e-01
3.679703548550605774e-02
