1.650229245424270630e-01
8.028389513492584229e-02
2.885123491287231445e-01
2.922025322914123535e-01
2.346293330192565918e-01
1.600141823291778564e-01
2.152478396892547607e-01
1.656526625156402588e-01
9.428913146257400513e-02
2.086653709411621094e-01
2.372948229312896729e-01
2.150330543518066406e-01
1.167151629924774170e-01
2.926672101020812988e-01
2.679218649864196777e-01
4.920195043087005615e-02
2.136421799659729004e-01
4.545368999242782593e-02
2.829207777976989746e-01
1.644940674304962158e-01
1.011933982372283936e-01
5.572190508246421814e-02
2.526256069540977478e-02
5.423305556178092957e-02
4.276415109634399414e-01
6.384157389402389526e-02
3.161610960960388184e-01
2.319559752941131592e-01
1.128736436367034912e-01
2.605730593204498291e-01
6.455656886100769043e-02
2.060444802045822144e-01
6.443981081247329712e-02
1.989456713199615479e-01
9.850543737411499023e-02
1.245671138167381287e-01
1.847902834415435791e-01
3.068731166422367096e-02
1.850600242614746094e-01
2.619857490062713623e-01
1.050594002008438110e-01
1.688074767589569092e-01
1.495944112539291382e-01
8.921228349208831787e-02
8.122244477272033691e-02
1.408402174711227417e-01
8.634372055530548096e-02
1.229499354958534241e-01
2.311175763607025146e-01
1.912804991006851196e-01
9.983584284782409668e-02
3.696885406970977783e-01
1.596940457820892334e-01
1.994614750146865845e-01
1.185944899916648865e-01
1.028640121221542358e-01
2.658289112150669098e-02
2.617923170328140259e-02
1.539559364318847656e-01
1.963763386011123657e-01
2.253485620021820068e-01
2.200061082839965820e-01
1.586712598800659180e-01
2.057097703218460083e-01
5.904334783554077148e-02
1.170646771788597107e-01
9.871398657560348511e-02
4.341104626655578613e-02
7.796292752027511597e-02
3.579079508781433105e-01
1.607396751642227173e-01
1.883943080902099609e-01
4.965059086680412292e-02
2.255070805549621582e-01
3.388032317161560059e-01
1.079979091882705688e-01
1.123022362589836121e-01
2.115429639816284180e-01
1.604898869991302490e-01
1.670206487178802490e-01
4.684256389737129211e-02
7.071858644485473633e-02
1.802248656749725342e-01
1.194262206554412842e-01
9.016454219818115234e-02
1.338473558425903320e-01
2.647683024406433105e-01
2.675774395465850830e-01
2.908131852746009827e-02
1.618149727582931519e-01
4.919978976249694824e-02
1.352199167013168335e-01
1.336305141448974609e-01
1.351357102394104004e-01
2.476127445697784424e-01
1.022866517305374146e-01
2.755411341786384583e-02
1.551345735788345337e-01
5.787531659007072449e-02
2.163953185081481934e-01
2.862827777862548828e-01
3.504329919815063477e-01
1.131167337298393250e-01
9.477689117193222046e-02
9.102033078670501709e-02
6.310310214757919312e-02
1.483459472656250000e-01
8.078244328498840332e-02
1.625899821519851685e-01
2.555032670497894287e-01
1.037019789218902588e-01
1.069173887372016907e-01
1.074895709753036499e-01
3.210240900516510010e-01
9.312589466571807861e-02
1.013575866818428040e-01
2.317811399698257446e-01
1.733535379171371460e-01
1.669589281082153320e-01
1.355411410331726074e-01
1.102386191487312317e-01
1.687259376049041748e-01
1.980921030044555664e-01
2.525061927735805511e-02
4.810177534818649292e-02
9.856070578098297119e-02
3.788952231407165527e-01
1.100305989384651184e-01
3.927383199334144592e-02
1.936463564634323120e-01
2.125897258520126343e-01
4.276281297206878662e-01
1.542639136314392090e-01
2.281622886657714844e-01
1.713795512914657593e-01
4.379427134990692139e-01
1.119488552212715149e-01
2.912908792495727539e-01
1.534080803394317627e-01
1.772050708532333374e-01
2.362928688526153564e-01
1.405149102210998535e-01
2.337387502193450928e-01
1.844110190868377686e-01
1.791377663612365723e-01
1.799805611371994019e-01
7.051118463277816772e-02
2.193764597177505493e-01
2.972196340560913086e-01
9.110565483570098877e-02
7.816602289676666260e-02
1.654214262962341309e-01
1.133053228259086609e-01
8.469773828983306885e-02
6.411708891391754150e-02
1.003308743238449097e-01
2.383886873722076416e-01
1.437001824378967285e-01
1.993202567100524902e-01
1.288356482982635498e-01
1.815025210380554199e-01
1.048613339662551880e-01
1.940138638019561768e-01
1.408888250589370728e-01
1.409111768007278442e-01
2.525787055492401123e-01
9.477242082357406616e-02
1.692776381969451904e-01
8.131779730319976807e-02
1.226128339767456055e-01
3.923314064741134644e-02
6.307534873485565186e-02
1.041155457496643066e-01
1.415620595216751099e-01
1.493170261383056641e-01
1.659298539161682129e-01
5.583988130092620850e-02
4.370812699198722839e-02
8.292245864868164062e-02
4.558336734771728516e-02
2.086498886346817017e-01
3.057400584220886230e-01
1.440533064305782318e-02
2.425405681133270264e-01
1.307716965675354004e-01
3.347715735435485840e-01
2.691993117332458496e-01
2.455535903573036194e-02
7.627514004707336426e-02
2.015810161828994751e-01
1.536120027303695679e-01
8.465543389320373535e-02
1.420019865036010742e-01
5.601521581411361694e-02
1.482256501913070679e-01
1.663068085908889771e-01
1.816658377647399902e-01
2.245298027992248535e-01
3.367614150047302246e-01
5.207993462681770325e-02
1.209955364465713501e-01
2.018704824149608612e-02
4.363429546356201172e-02
1.788362115621566772e-01
1.592254936695098877e-01
7.330898940563201904e-02
1.449822038412094116e-01
9.843221306800842285e-02
2.949571982026100159e-02
2.103266716003417969e-01
1.102645918726921082e-01
1.533669233322143555e-01
4.071744084358215332e-01
1.605732738971710205e-01
1.259520798921585083e-01
4.542568325996398926e-01
2.754486799240112305e-01
4.709465801715850830e-02
3.485780358314514160e-01
1.335657387971878052e-01
2.562295198440551758e-01
2.050128579139709473e-01
7.390163838863372803e-02
1.782577931880950928e-01
2.109124958515167236e-01
2.744649052619934082e-01
5.479261279106140137e-01
2.591439783573150635e-01
1.832223832607269287e-01
3.497422337532043457e-01
8.263942599296569824e-02
4.200202524662017822e-01
9.175759553909301758e-02
2.203379869461059570e-01
8.164682388305664062e-01
6.440412253141403198e-02
3.663964942097663879e-02
5.410651564598083496e-01
7.854423671960830688e-02
1.701901257038116455e-01
6.439396142959594727e-01
2.249065190553665161e-01
2.707660198211669922e-01
1.488142013549804688e-01
3.176678419113159180e-01
4.521945416927337646e-01
1.228936985135078430e-01
6.599607318639755249e-02
9.109012782573699951e-02
3.320376873016357422e-01
1.275186240673065186e-01
6.949190050363540649e-02
2.554203271865844727e-01
4.707241803407669067e-02
3.524571657180786133e-01
1.653465628623962402e-01
2.283499538898468018e-01
1.043420732021331787e-01
1.947388052940368652e-01
1.331229358911514282e-01
8.883783221244812012e-02
2.031557708978652954e-01
7.528790831565856934e-02
1.294061988592147827e-01
2.243392169475555420e-01
1.991402506828308105e-01
1.054648235440254211e-01
1.762045025825500488e-01
9.349971264600753784e-02
1.937208473682403564e-01
1.039222776889801025e-01
2.401754409074783325e-01
1.499762237071990967e-01
2.441310286521911621e-01
1.260803341865539551e-01
3.660468161106109619e-01
8.701924979686737061e-02
2.083491683006286621e-01
3.255616500973701477e-02
2.161861062049865723e-01
9.070316702127456665e-02
2.357606291770935059e-01
8.553177863359451294e-02
1.110802590847015381e-01
2.505097687244415283e-01
3.237195909023284912e-01
3.261670172214508057e-01
1.909653842449188232e-01
7.390821725130081177e-02
3.628148138523101807e-02
1.450064033269882202e-01
4.762170612812042236e-01
2.204807698726654053e-01
1.741110384464263916e-01
1.478716433048248291e-01
1.106283068656921387e-01
1.663353443145751953e-01
1.753515005111694336e-01
3.196662664413452148e-01
1.474435478448867798e-01
2.930668890476226807e-01
4.832774400711059570e-02
3.298276066780090332e-01
8.383044600486755371e-02
1.996370553970336914e-01
1.186769604682922363e-01
1.301781535148620605e-01
1.766987442970275879e-01
2.024639844894409180e-01
3.362455964088439941e-01
8.512146770954132080e-02
1.547598093748092651e-01
2.875203788280487061e-01
2.114431262016296387e-01
1.199293285608291626e-01
2.197301387786865234e-01
1.282967031002044678e-01
6.674100458621978760e-02
4.611573368310928345e-02
5.924968048930168152e-02
7.611336559057235718e-02
7.476524263620376587e-02
7.307772338390350342e-02
1.168521195650100708e-01
8.532468229532241821e-02
2.202767580747604370e-01
1.874171197414398193e-01
3.114482164382934570e-01
2.746123075485229492e-01
1.053986474871635437e-01
6.543751060962677002e-02
2.904191613197326660e-01
1.874422281980514526e-01
6.471610814332962036e-02
1.656461507081985474e-01
2.998837828636169434e-01
2.160395532846450806e-01
1.509077548980712891e-01
6.549922376871109009e-02
4.058251380920410156e-01
1.611525565385818481e-01
2.331676781177520752e-01
3.626996576786041260e-01
1.282021254301071167e-01
1.539114862680435181e-01
1.505359858274459839e-01
2.523171305656433105e-01
5.691505968570709229e-02
1.425043195486068726e-01
1.280623078346252441e-01
1.325600147247314453e-01
3.219275176525115967e-01
1.559042781591415405e-01
8.853448182344436646e-02
8.962733298540115356e-02
4.644862115383148193e-01
3.201588988304138184e-01
4.871056973934173584e-02
2.725311815738677979e-01
1.940855383872985840e-01
3.370198607444763184e-01
8.332666009664535522e-02
4.711508750915527344e-01
2.017000019550323486e-01
7.874793559312820435e-02
2.164986431598663330e-01
1.679697781801223755e-01
8.132290095090866089e-02
2.018570601940155029e-01
3.340862393379211426e-01
8.323136717081069946e-02
1.119623035192489624e-01
1.378597766160964966e-01
9.855534881353378296e-02
2.510374784469604492e-01
2.653382420539855957e-01
5.838776007294654846e-02
1.797697693109512329e-01
1.626424491405487061e-01
1.344474256038665771e-01
3.959141969680786133e-01
1.105679050087928772e-01
1.514485329389572144e-01
2.597830295562744141e-01
8.488468080759048462e-02
2.685199379920959473e-01
1.020550206303596497e-01
7.170166820287704468e-02
9.995003044605255127e-02
1.087441593408584595e-01
1.299673318862915039e-01
6.489752233028411865e-02
1.206733956933021545e-01
1.570796817541122437e-01
1.282780915498733521e-01
1.601391136646270752e-01
2.836899831891059875e-02
1.107430532574653625e-01
4.811107739806175232e-02
3.515657037496566772e-02
3.888269364833831787e-01
9.510394930839538574e-02
1.312682032585144043e-01
6.907610595226287842e-02
2.846828997135162354e-01
3.963832557201385498e-02
9.724304825067520142e-02
2.062833607196807861e-01
3.285276293754577637e-01
2.081093192100524902e-01
4.395058751106262207e-01
1.528097838163375854e-01
1.219530403614044189e-01
2.874133288860321045e-01
1.101212948560714722e-01
1.390383988618850708e-01
2.204219251871109009e-01
2.564712166786193848e-01
2.304993569850921631e-01
3.821351379156112671e-02
1.831383854150772095e-01
2.231771945953369141e-01
5.938879027962684631e-02
2.861594781279563904e-02
3.658470138907432556e-02
2.183094322681427002e-01
9.093368053436279297e-02
1.768294870853424072e-01
3.362279236316680908e-01
2.027452290058135986e-01
3.614753484725952148e-02
8.028557896614074707e-02
1.324995160102844238e-01
6.834889948368072510e-02
1.257349997758865356e-01
1.938559710979461670e-01
4.713477790355682373e-01
9.040496498346328735e-02
2.162091583013534546e-01
1.100315824151039124e-01
1.565745770931243896e-01
9.853108972311019897e-02
8.120378851890563965e-02
1.477043479681015015e-01
7.508008927106857300e-02
8.221280574798583984e-02
2.579520344734191895e-01
1.314987093210220337e-01
1.176311820745468140e-01
2.136995196342468262e-01
2.655198276042938232e-01
1.789123415946960449e-01
4.494535923004150391e-02
3.922738134860992432e-02
2.575604915618896484e-01
1.025997698307037354e-01
1.346771419048309326e-01
9.277946501970291138e-02
2.334935516119003296e-01
9.388726949691772461e-02
6.540074199438095093e-02
3.252891898155212402e-01
5.642795190215110779e-02
1.403182446956634521e-01
9.232079982757568359e-02
3.293406963348388672e-02
1.957818567752838135e-01
1.589437127113342285e-01
6.913208216428756714e-02
2.893452346324920654e-01
1.488192528486251831e-01
1.384956985712051392e-01
1.638520658016204834e-01
2.290742248296737671e-01
6.523631513118743896e-02
1.557558774948120117e-01
7.343859970569610596e-02
5.482611805200576782e-02
2.473573386669158936e-01
1.618012785911560059e-01
2.153480648994445801e-01
1.564178019762039185e-01
1.950548440217971802e-01
3.529424071311950684e-01
9.771233797073364258e-02
1.490644812583923340e-01
1.003251746296882629e-01
1.521878391504287720e-01
2.384456247091293335e-01
1.626562178134918213e-01
5.402274057269096375e-02
2.786953449249267578e-01
7.073590159416198730e-02
7.082846015691757202e-02
3.828592896461486816e-01
1.803805530071258545e-01
1.617527902126312256e-01
1.221173703670501709e-01
2.696083188056945801e-01
2.355886548757553101e-01
9.148628264665603638e-02
6.430140137672424316e-02
2.092018127441406250e-01
1.476020216941833496e-01
1.302244663238525391e-01
1.766090095043182373e-01
1.708054691553115845e-01
1.624045819044113159e-01
2.322739064693450928e-01
2.213071882724761963e-01
1.532384008169174194e-01
2.434267103672027588e-01
2.156915664672851562e-01
1.923891752958297729e-01
2.063102722167968750e-01
2.184267938137054443e-01
2.938091158866882324e-01
1.512085497379302979e-01
1.172783002257347107e-01
6.619021296501159668e-02
8.869036287069320679e-02
4.283946007490158081e-02
8.508640527725219727e-02
4.732875153422355652e-02
2.596375048160552979e-01
2.133560776710510254e-01
9.330186247825622559e-02
1.379413902759552002e-01
1.668809652328491211e-01
2.157404571771621704e-01
1.043194159865379333e-01
1.966845691204071045e-01
1.935661733150482178e-01
2.632268667221069336e-01
2.059393525123596191e-01
1.727261543273925781e-01
1.637068688869476318e-01
1.094192638993263245e-01
4.610680639743804932e-01
3.280786275863647461e-01
4.366415739059448242e-02
1.905885487794876099e-01
9.516559541225433350e-02
1.037602722644805908e-01
9.434156864881515503e-02
1.155944690108299255e-01
2.229349464178085327e-01
1.112946942448616028e-01
1.296533346176147461e-01
2.922775149345397949e-01
2.961277961730957031e-01
2.317395061254501343e-01
1.439302563667297363e-01
5.864021927118301392e-02
6.382520496845245361e-02
3.359156847000122070e-02
4.890669882297515869e-02
6.115106120705604553e-02
1.912333816289901733e-01
5.602059513330459595e-02
2.157241292297840118e-02
3.203375637531280518e-02
3.973177447915077209e-02
1.165766790509223938e-01
1.337093710899353027e-01
5.128778219223022461e-01
1.800722479820251465e-01
2.418867349624633789e-01
1.019278839230537415e-01
4.120265841484069824e-01
1.292570531368255615e-01
1.931537687778472900e-01
1.442789733409881592e-01
6.977955251932144165e-02
9.716712683439254761e-02
2.857038080692291260e-01
4.043181240558624268e-02
2.334450781345367432e-01
5.791439116001129150e-02
1.674519032239913940e-01
9.872286021709442139e-02
1.102519482374191284e-01
6.595543026924133301e-02
1.180252209305763245e-01
3.843011260032653809e-01
1.851606220006942749e-01
1.733873188495635986e-01
1.168560609221458435e-01
5.810331553220748901e-02
1.314349472522735596e-01
2.171574383974075317e-01
1.721946001052856445e-01
1.382642686367034912e-01
4.209254682064056396e-02
5.254217609763145447e-02
1.561569273471832275e-01
1.839011162519454956e-01
6.555751711130142212e-02
5.156658217310905457e-02
6.285615265369415283e-02
2.441226392984390259e-01
7.187323272228240967e-02
5.339352786540985107e-02
5.138825625181198120e-02
1.325068026781082153e-01
3.199350833892822266e-01
7.906322926282882690e-02
6.453057378530502319e-02
2.404661327600479126e-01
1.186703741550445557e-01
2.409656941890716553e-01
7.733883708715438843e-02
4.724149033427238464e-02
6.775661557912826538e-02
2.790062427520751953e-01
1.734744161367416382e-01
1.324149668216705322e-01
8.661857247352600098e-02
3.186056315898895264e-01
7.396157830953598022e-02
1.897457540035247803e-01
2.216074764728546143e-01
1.827909350395202637e-01
1.778005957603454590e-01
1.210758090019226074e-01
2.803940176963806152e-01
2.926262617111206055e-01
1.383395195007324219e-01
1.034956574440002441e-01
1.724915206432342529e-01
1.473442614078521729e-01
3.044923543930053711e-01
1.800948530435562134e-01
1.686095148324966431e-01
3.146081268787384033e-01
2.774189710617065430e-01
1.605685204267501831e-01
1.206001564860343933e-01
2.351945936679840088e-01
1.221844181418418884e-01
7.238242775201797485e-02
1.507551074028015137e-01
8.109124004840850830e-02
2.015720307826995850e-02
1.746331602334976196e-01
1.355234682559967041e-01
1.495455354452133179e-01
2.404523789882659912e-01
2.625881731510162354e-01
4.244973957538604736e-01
4.332566857337951660e-01
1.121800839900970459e-01
2.208329737186431885e-01
3.954059481620788574e-01
3.313535749912261963e-01
1.519056111574172974e-01
3.665780425071716309e-01
1.252482533454895020e-01
2.813418507575988770e-01
1.932739317417144775e-01
8.496803045272827148e-02
2.497414499521255493e-01
2.075191438198089600e-01
1.537356823682785034e-01
4.800173342227935791e-01
3.001986742019653320e-01
2.415030002593994141e-01
3.944908455014228821e-02
2.342671155929565430e-01
9.692033380270004272e-02
1.389743387699127197e-01
1.372057795524597168e-01
1.195387765765190125e-01
5.168407037854194641e-02
1.861860901117324829e-01
6.157871484756469727e-01
2.629387974739074707e-01
1.095066070556640625e-01
9.940528869628906250e-02
3.298770487308502197e-01
3.118895590305328369e-01
1.593198180198669434e-01
2.001693397760391235e-01
1.210976168513298035e-01
3.604110777378082275e-01
2.495854794979095459e-01
3.328891694545745850e-01
2.625536024570465088e-01
1.433394700288772583e-01
6.764940172433853149e-02
7.396859675645828247e-02
8.922447264194488525e-02
8.645445853471755981e-02
3.141655921936035156e-01
2.303370833396911621e-01
1.035140901803970337e-01
4.405289515852928162e-02
1.635574698448181152e-01
4.053691625595092773e-01
8.815495669841766357e-02
1.729365438222885132e-01
2.129036039113998413e-01
1.475052833557128906e-01
2.281833291053771973e-01
1.369403302669525146e-01
1.673585176467895508e-01
6.231744587421417236e-02
1.510402560234069824e-01
6.101212650537490845e-02
1.864606887102127075e-01
1.048855036497116089e-01
1.294511258602142334e-01
4.020289331674575806e-02
1.491460055112838745e-01
7.530146837234497070e-02
3.080143034458160400e-02
2.608466520905494690e-02
8.914136886596679688e-02
2.811114192008972168e-01
1.378655284643173218e-01
4.106241092085838318e-02
1.795558184385299683e-01
7.635141909122467041e-02
1.379410624504089355e-01
4.635674506425857544e-02
1.241755783557891846e-01
9.383793920278549194e-02
2.127615511417388916e-01
2.306697368621826172e-01
2.074727267026901245e-01
4.137268364429473877e-01
2.092445194721221924e-01
9.662699699401855469e-02
1.192522570490837097e-01
7.385528832674026489e-02
7.890900969505310059e-02
1.409025341272354126e-01
7.895980775356292725e-02
1.721938699483871460e-01
1.192051023244857788e-01
1.330572664737701416e-01
1.205119788646697998e-01
1.821523308753967285e-01
3.904236853122711182e-02
2.305923402309417725e-01
2.207397818565368652e-01
2.400149554014205933e-01
1.242745816707611084e-01
7.285083830356597900e-02
2.091448307037353516e-01
6.072926148772239685e-02
6.759509444236755371e-02
4.983939975500106812e-02
3.245468735694885254e-01
2.197803556919097900e-01
7.310812920331954956e-02
1.948401331901550293e-01
5.461017042398452759e-02
1.503024399280548096e-01
1.262666732072830200e-01
5.662425979971885681e-02
1.644510924816131592e-01
2.610670030117034912e-01
1.802972555160522461e-01
6.835978478193283081e-02
9.453405439853668213e-02
4.420927166938781738e-01
6.364054977893829346e-02
2.711091637611389160e-01
3.275293707847595215e-01
3.547604680061340332e-01
2.381820827722549438e-01
7.697983086109161377e-02
2.700436115264892578e-01
1.554200649261474609e-01
1.194398105144500732e-01
2.480365037918090820e-01
3.041794598102569580e-01
1.757167875766754150e-01
1.459717750549316406e-01
9.015805274248123169e-02
1.274432092905044556e-01
9.672292321920394897e-02
6.387735903263092041e-02
5.956512689590454102e-02
3.985852301120758057e-01
4.463395103812217712e-02
7.051534950733184814e-02
2.805718183517456055e-01
3.003159761428833008e-01
5.672308430075645447e-02
7.666161656379699707e-02
1.271926164627075195e-01
4.658935591578483582e-02
1.059550344944000244e-01
2.982776463031768799e-01
1.412571966648101807e-01
1.065351366996765137e-01
1.863301098346710205e-01
2.380692362785339355e-01
1.479375064373016357e-01
2.102265357971191406e-01
3.043269217014312744e-01
8.451654762029647827e-02
2.903567254543304443e-01
5.925510078668594360e-02
5.667636543512344360e-02
1.362800896167755127e-01
5.909880399703979492e-01
3.515206649899482727e-02
2.038675993680953979e-01
2.155040800571441650e-01
2.449989765882492065e-01
2.637237012386322021e-01
2.459247261285781860e-01
2.545909285545349121e-01
1.400684714317321777e-01
4.499211907386779785e-01
1.012343540787696838e-01
1.797688007354736328e-01
1.374851614236831665e-01
1.181188449263572693e-01
2.211255729198455811e-01
2.766752243041992188e-01
2.109021991491317749e-01
8.868743479251861572e-02
4.903031587600708008e-01
1.584548801183700562e-01
4.712525010108947754e-01
2.635783851146697998e-01
2.394266128540039062e-01
3.095920383930206299e-01
1.274143308401107788e-01
2.185883224010467529e-01
8.145931363105773926e-02
2.494135499000549316e-01
1.632550656795501709e-01
1.177674159407615662e-01
2.065593004226684570e-01
1.546543240547180176e-01
3.285583555698394775e-01
1.808533668518066406e-01
1.512913554906845093e-01
1.466263383626937866e-01
1.082987934350967407e-01
2.204000949859619141e-01
2.302308827638626099e-01
1.315380930900573730e-01
3.878562152385711670e-01
1.269130259752273560e-01
1.058698594570159912e-01
4.930415004491806030e-02
2.134794592857360840e-01
7.050197571516036987e-02
3.987722396850585938e-01
2.246910929679870605e-01
5.792751535773277283e-02
2.773706018924713135e-01
3.380627632141113281e-01
2.823735475540161133e-01
3.597163558006286621e-01
2.179341614246368408e-01
9.963157773017883301e-02
3.165718317031860352e-01
2.538513839244842529e-01
8.721877634525299072e-02
8.041825890541076660e-02
7.300630211830139160e-02
1.852300614118576050e-01
3.636296987533569336e-01
2.261267900466918945e-01
1.911447495222091675e-01
1.438144147396087646e-01
2.315319776535034180e-01
1.682032942771911621e-01
1.854242384433746338e-01
1.763156056404113770e-01
6.252658367156982422e-02
1.574396640062332153e-01
2.774309217929840088e-01
4.301514104008674622e-02
7.074393332004547119e-02
1.751044690608978271e-01
1.876006722450256348e-01
1.268953382968902588e-01
5.632175132632255554e-02
6.206452846527099609e-02
2.411390244960784912e-01
1.153690516948699951e-01
4.031715542078018188e-02
1.180584654211997986e-01
1.283811479806900024e-01
1.596728265285491943e-01
9.684504568576812744e-02
4.203867316246032715e-01
4.313077628612518311e-01
9.097795933485031128e-02
1.875469237565994263e-01
2.285907864570617676e-01
3.374130427837371826e-01
1.820311993360519409e-01
2.061933875083923340e-01
1.649672240018844604e-01
1.279318183660507202e-01
1.854498982429504395e-01
2.181494534015655518e-01
5.258990824222564697e-02
1.843939572572708130e-01
3.338791131973266602e-01
1.174698695540428162e-01
2.468897961080074310e-02
5.175182968378067017e-02
3.538482189178466797e-01
4.907976463437080383e-02
1.776447147130966187e-01
1.863095909357070923e-01
8.524852991104125977e-02
9.770055115222930908e-02
8.036462217569351196e-02
3.918726444244384766e-01
1.247507631778717041e-01
1.010357588529586792e-01
1.293997168540954590e-01
2.630433738231658936e-01
1.187772676348686218e-01
1.163388192653656006e-01
1.053029745817184448e-01
1.918549984693527222e-01
6.040300130844116211e-01
3.259189054369926453e-02
1.480143219232559204e-01
9.317333996295928955e-02
5.075332894921302795e-02
3.198409676551818848e-01
6.287315487861633301e-02
9.127465635538101196e-02
9.944762289524078369e-02
8.469033241271972656e-02
1.730685383081436157e-01
3.095531761646270752e-01
8.744112402200698853e-02
5.963684618473052979e-02
2.183835059404373169e-01
1.681842207908630371e-01
1.889254748821258545e-01
1.034924387931823730e-01
2.133572399616241455e-01
3.041623830795288086e-01
2.098316699266433716e-01
2.299136221408843994e-01
2.558283209800720215e-01
1.278138756752014160e-01
2.513659000396728516e-01
2.531096339225769043e-01
1.248055770993232727e-01
1.964856088161468506e-01
1.741840690374374390e-01
7.915006577968597412e-02
2.590007483959197998e-01
2.007040828466415405e-01
5.025570467114448547e-02
2.623255252838134766e-01
1.348387897014617920e-01
4.159326478838920593e-02
1.073517352342605591e-01
2.983333468437194824e-01
6.510885059833526611e-02
1.582471728324890137e-01
2.881194651126861572e-01
1.054637208580970764e-01
1.157001182436943054e-01
1.707611680030822754e-01
3.127963244915008545e-01
2.310346364974975586e-01
1.714877188205718994e-01
1.219605728983879089e-01
3.013894557952880859e-01
2.398979365825653076e-01
1.380250900983810425e-01
3.548429012298583984e-01
1.735200881958007812e-01
2.506130635738372803e-01
8.653242886066436768e-02
2.330366224050521851e-01
1.204805672168731689e-01
2.941833734512329102e-01
1.939885914325714111e-01
5.489441752433776855e-02
1.599116325378417969e-01
3.739773035049438477e-01
1.235985308885574341e-01
3.503040969371795654e-01
2.000812292098999023e-01
1.989981234073638916e-01
1.870192587375640869e-01
5.468557029962539673e-02
1.310850679874420166e-01
1.937454789876937866e-01
2.920839190483093262e-01
2.516569793224334717e-01
1.244350895285606384e-01
2.275449931621551514e-01
1.135823130607604980e-01
9.259239584207534790e-02
1.278865933418273926e-01
1.249827668070793152e-01
8.055754750967025757e-02
3.200624287128448486e-01
8.206903934478759766e-02
1.202869713306427002e-01
1.588777899742126465e-01
1.838541179895401001e-01
1.368442475795745850e-01
5.772846937179565430e-02
1.047375202178955078e-01
3.319202959537506104e-01
5.039308965206146240e-02
1.470110751688480377e-02
1.865306198596954346e-01
2.030212730169296265e-01
1.869086176156997681e-01
6.521973758935928345e-02
2.525729537010192871e-01
5.653451755642890930e-02
1.376855075359344482e-01
3.125413954257965088e-01
1.480234861373901367e-01
1.014291197061538696e-01
1.090028658509254456e-01
7.672734558582305908e-02
3.491710722446441650e-01
2.689537405967712402e-01
1.606384813785552979e-01
3.384567201137542725e-01
2.035157978534698486e-01
8.392173051834106445e-02
1.356721222400665283e-01
1.366424560546875000e-01
8.141843974590301514e-02
1.032827645540237427e-01
2.021942436695098877e-01
7.235139608383178711e-02
1.407122015953063965e-01
1.206044256687164307e-01
1.225101500749588013e-01
1.914845108985900879e-01
6.816373765468597412e-02
2.134905755519866943e-02
4.802321195602416992e-01
1.732634603977203369e-01
5.559986829757690430e-02
8.778674900531768799e-02
1.078334078192710876e-01
1.565487086772918701e-01
2.531817555427551270e-01
2.002283036708831787e-01
1.649898737668991089e-01
9.809269011020660400e-02
1.659883260726928711e-01
2.893335521221160889e-01
1.114438474178314209e-01
2.781394720077514648e-01
1.935854703187942505e-01
1.329771131277084351e-01
1.193702369928359985e-01
1.136607527732849121e-01
1.053766980767250061e-01
8.974403142929077148e-02
2.754991650581359863e-01
1.462182104587554932e-01
7.881458103656768799e-02
1.738526821136474609e-01
2.554022520780563354e-02
1.858808249235153198e-01
2.131748646497726440e-01
5.278364196419715881e-02
1.588408946990966797e-01
7.923966646194458008e-02
2.380867749452590942e-01
1.117164641618728638e-01
4.096437618136405945e-02
1.463639438152313232e-01
1.707831919193267822e-01
2.966174483299255371e-01
8.003415912389755249e-02
3.811776041984558105e-01
1.310956180095672607e-01
1.260384619235992432e-01
1.969293653964996338e-01
2.335565239191055298e-01
8.205232024192810059e-02
2.730137109756469727e-01
9.166231751441955566e-02
8.248775452375411987e-02
1.172371283173561096e-01
8.051814138889312744e-02
2.427565753459930420e-01
5.862284079194068909e-02
2.472484111785888672e-01
2.025670111179351807e-01
1.398806124925613403e-01
6.646485626697540283e-02
5.606929212808609009e-02
3.509037792682647705e-01
4.459790587425231934e-01
7.005641609430313110e-02
1.253176778554916382e-01
3.846993744373321533e-01
5.994237586855888367e-02
1.194406002759933472e-01
5.345135182142257690e-02
8.421654999256134033e-02
5.482447147369384766e-01
1.860145181417465210e-01
9.029424190521240234e-02
1.420668661594390869e-01
3.912569582462310791e-01
3.081574440002441406e-01
7.679856568574905396e-02
6.712502986192703247e-02
1.069964617490768433e-01
1.526200175285339355e-01
1.559103578329086304e-01
1.129374951124191284e-01
1.064304336905479431e-01
1.509260833263397217e-01
4.467343389987945557e-01
5.760857090353965759e-02
1.254845112562179565e-01
9.577246010303497314e-02
1.687600165605545044e-01
4.206890612840652466e-02
1.870213747024536133e-01
2.841721177101135254e-01
2.847670018672943115e-01
1.294676065444946289e-01
2.560140192508697510e-01
1.806817203760147095e-01
1.253353655338287354e-01
1.094639673829078674e-01
2.320798933506011963e-01
3.282750844955444336e-01
1.690571904182434082e-01
2.249848097562789917e-01
1.539410352706909180e-01
1.816897541284561157e-01
6.248056516051292419e-02
2.865909636020660400e-01
1.823423504829406738e-01
1.420503556728363037e-01
2.424695342779159546e-01
1.154026091098785400e-01
2.314609438180923462e-01
2.219961881637573242e-01
8.628492057323455811e-02
2.020952999591827393e-01
1.394095420837402344e-01
2.426576763391494751e-01
1.160886585712432861e-01
1.906066536903381348e-01
1.549377739429473877e-01
1.307193934917449951e-01
1.436717808246612549e-01
8.143956959247589111e-02
3.075987696647644043e-01
9.513413906097412109e-02
3.583211824297904968e-02
6.553361564874649048e-02
1.498969942331314087e-01
3.397382497787475586e-01
2.758692502975463867e-01
2.325192540884017944e-01
2.685018777847290039e-01
1.302089393138885498e-01
8.599427342414855957e-02
6.591488420963287354e-02
1.663209795951843262e-01
1.882012784481048584e-01
6.786344200372695923e-02
1.216656565666198730e-01
3.732724785804748535e-01
4.039618372917175293e-02
6.330335140228271484e-02
3.613350540399551392e-02
1.976478099822998047e-02
2.702754735946655273e-01
4.497314989566802979e-02
6.135024130344390869e-02
1.908023357391357422e-01
4.342005848884582520e-01
9.100076556205749512e-02
2.384959161281585693e-01
1.159879267215728760e-01
7.372761517763137817e-02
1.998028010129928589e-01
8.931516110897064209e-02
2.604723572731018066e-01
3.802810609340667725e-02
1.963205337524414062e-01
7.244728505611419678e-02
7.476449757814407349e-02
1.518275737762451172e-01
2.181508094072341919e-01
2.244266420602798462e-01
1.391840875148773193e-01
1.390274167060852051e-01
1.031571477651596069e-01
2.549816071987152100e-01
2.961309552192687988e-01
1.295364797115325928e-01
3.398734927177429199e-01
2.838389575481414795e-02
1.937625408172607422e-01
1.582988649606704712e-01
4.260804504156112671e-02
8.211345970630645752e-02
1.235585808753967285e-01
2.582161128520965576e-01
2.233440130949020386e-01
4.268510639667510986e-02
2.277564257383346558e-01
9.755298495292663574e-02
2.272981554269790649e-01
6.782308965921401978e-02
1.027187556028366089e-01
1.196659505367279053e-01
3.169168829917907715e-01
7.943926751613616943e-02
4.831933230161666870e-02
1.483391970396041870e-01
1.615299284458160400e-01
1.616127490997314453e-01
5.817989259958267212e-02
5.628095567226409912e-02
5.410541966557502747e-02
9.417545050382614136e-02
2.564638853073120117e-01
2.960903048515319824e-01
1.792044788599014282e-01
1.763515323400497437e-01
4.095863103866577148e-01
8.539976924657821655e-02
2.558958828449249268e-01
9.520967304706573486e-02
2.345746308565139771e-01
1.031181067228317261e-01
