1.618914842605590820e+00
1.610609412193298340e+00
1.610222578048706055e+00
1.611189603805541992e+00
1.613915681838989258e+00
1.613983392715454102e+00
1.608406424522399902e+00
1.614832878112792969e+00
1.609465956687927246e+00
1.607697248458862305e+00
1.613067150115966797e+00
1.609933853149414062e+00
1.610661268234252930e+00
1.612697005271911621e+00
1.608812808990478516e+00
1.613805651664733887e+00
1.611278653144836426e+00
1.615946650505065918e+00
1.599241256713867188e+00
1.603775024414062500e+00
1.612528085708618164e+00
1.604954123497009277e+00
1.612664461135864258e+00
1.605555295944213867e+00
1.610889196395874023e+00
1.613116621971130371e+00
1.611411333084106445e+00
1.610518813133239746e+00
1.608406066894531250e+00
1.604069471359252930e+00
1.609314203262329102e+00
1.611804723739624023e+00
1.616047143936157227e+00
1.610152006149291992e+00
1.609751939773559570e+00
1.608261585235595703e+00
1.611112833023071289e+00
1.610074281692504883e+00
1.610572576522827148e+00
1.616976261138916016e+00
1.607156991958618164e+00
1.605684995651245117e+00
1.610967993736267090e+00
1.616284370422363281e+00
1.614388108253479004e+00
1.615443468093872070e+00
1.610857605934143066e+00
1.607424616813659668e+00
1.613930702209472656e+00
1.607293605804443359e+00
1.614446163177490234e+00
1.604715704917907715e+00
1.616895079612731934e+00
1.606904983520507812e+00
1.613862991333007812e+00
1.611665010452270508e+00
1.609433054924011230e+00
1.611790537834167480e+00
1.613116383552551270e+00
1.610034704208374023e+00
1.608423829078674316e+00
1.606381773948669434e+00
1.610485553741455078e+00
1.604923486709594727e+00
1.606480479240417480e+00
1.609706521034240723e+00
1.607147693634033203e+00
1.612306833267211914e+00
1.601922750473022461e+00
1.607463359832763672e+00
1.612615108489990234e+00
1.607715845108032227e+00
1.611536026000976562e+00
1.608767509460449219e+00
1.610302209854125977e+00
1.608279943466186523e+00
1.610097408294677734e+00
1.612401843070983887e+00
1.613549351692199707e+00
1.605442404747009277e+00
1.613759040832519531e+00
1.608826637268066406e+00
1.608930826187133789e+00
1.610014915466308594e+00
1.606459379196166992e+00
1.607523202896118164e+00
1.607245683670043945e+00
1.604113101959228516e+00
1.614946126937866211e+00
1.612490415573120117e+00
1.607348203659057617e+00
1.602682113647460938e+00
1.613690137863159180e+00
1.612171411514282227e+00
1.602755784988403320e+00
1.608968734741210938e+00
1.607085466384887695e+00
1.607785344123840332e+00
1.606410145759582520e+00
1.611488580703735352e+00
1.605888605117797852e+00
1.607248544692993164e+00
1.608347892761230469e+00
1.610128760337829590e+00
1.613328695297241211e+00
1.605587601661682129e+00
1.604778051376342773e+00
1.609506726264953613e+00
1.610560178756713867e+00
1.607184529304504395e+00
1.615089416503906250e+00
1.609094500541687012e+00
1.603579759597778320e+00
1.613232612609863281e+00
1.615642547607421875e+00
1.618228435516357422e+00
1.611710786819458008e+00
1.609426736831665039e+00
1.615130424499511719e+00
1.611640095710754395e+00
1.616465568542480469e+00
1.617360949516296387e+00
1.604825973510742188e+00
1.609279274940490723e+00
1.607605934143066406e+00
1.609169483184814453e+00
1.608995914459228516e+00
1.610037803649902344e+00
1.609176516532897949e+00
1.612328648567199707e+00
1.610416173934936523e+00
1.615021228790283203e+00
1.605116724967956543e+00
1.603863000869750977e+00
1.608680248260498047e+00
1.609758615493774414e+00
1.612666726112365723e+00
1.604712247848510742e+00
1.603900551795959473e+00
1.605695724487304688e+00
1.610029697418212891e+00
1.615737438201904297e+00
1.612832188606262207e+00
1.604704141616821289e+00
1.611479520797729492e+00
1.608417153358459473e+00
1.607131719589233398e+00
1.617763042449951172e+00
1.606362938880920410e+00
1.607808709144592285e+00
1.611386537551879883e+00
1.614965915679931641e+00
1.611922979354858398e+00
1.613786458969116211e+00
1.606204986572265625e+00
1.607068300247192383e+00
1.610048413276672363e+00
1.612106442451477051e+00
1.610142230987548828e+00
1.608601808547973633e+00
1.612854599952697754e+00
1.606199264526367188e+00
1.606882333755493164e+00
1.606088876724243164e+00
1.607936382293701172e+00
1.613331079483032227e+00
1.614324569702148438e+00
1.606866002082824707e+00
1.610230445861816406e+00
1.609995841979980469e+00
1.599215865135192871e+00
1.610568881034851074e+00
1.605243444442749023e+00
1.612357258796691895e+00
1.604966402053833008e+00
1.609344720840454102e+00
1.605430245399475098e+00
1.608374476432800293e+00
1.615821480751037598e+00
1.603149175643920898e+00
1.614845037460327148e+00
1.603054285049438477e+00
1.607602715492248535e+00
1.609431743621826172e+00
1.610481142997741699e+00
1.612521409988403320e+00
1.611797451972961426e+00
1.612373471260070801e+00
1.607588291168212891e+00
1.608475089073181152e+00
1.607309937477111816e+00
1.618276715278625488e+00
1.608683705329895020e+00
1.613304615020751953e+00
1.612032771110534668e+00
1.606894016265869141e+00
1.612696766853332520e+00
1.610123038291931152e+00
1.611654281616210938e+00
1.611337184906005859e+00
1.607236385345458984e+00
1.613353729248046875e+00
1.605941772460937500e+00
1.611486315727233887e+00
1.612675309181213379e+00
1.609465122222900391e+00
1.604867458343505859e+00
1.610945224761962891e+00
1.602035760879516602e+00
1.608823537826538086e+00
1.615624904632568359e+00
1.606530666351318359e+00
1.607842206954956055e+00
1.604001641273498535e+00
1.606569170951843262e+00
1.604707002639770508e+00
1.605305433273315430e+00
1.616061210632324219e+00
1.604766488075256348e+00
1.603346705436706543e+00
1.608991384506225586e+00
1.617738008499145508e+00
1.608559250831604004e+00
1.614994049072265625e+00
1.606760978698730469e+00
1.614698886871337891e+00
1.606520414352416992e+00
1.614517807960510254e+00
1.608238697052001953e+00
1.608140707015991211e+00
1.609982967376708984e+00
1.612171053886413574e+00
1.612625360488891602e+00
1.604857563972473145e+00
1.606117486953735352e+00
1.610745668411254883e+00
1.607889413833618164e+00
1.606739997863769531e+00
1.609237432479858398e+00
1.606229424476623535e+00
1.613431572914123535e+00
1.613471627235412598e+00
1.610298991203308105e+00
1.604035258293151855e+00
1.606892466545104980e+00
1.615002036094665527e+00
1.614352226257324219e+00
1.607178688049316406e+00
1.612496256828308105e+00
1.612007379531860352e+00
1.610745429992675781e+00
1.603938341140747070e+00
1.615444183349609375e+00
1.609586238861083984e+00
1.614560246467590332e+00
1.609856009483337402e+00
1.601379394531250000e+00
1.609131336212158203e+00
1.611834764480590820e+00
1.605669975280761719e+00
1.600900173187255859e+00
1.612363576889038086e+00
1.606780290603637695e+00
1.607167363166809082e+00
1.614880561828613281e+00
1.617531776428222656e+00
1.609279632568359375e+00
1.614262819290161133e+00
1.606223583221435547e+00
1.616021633148193359e+00
1.615900635719299316e+00
1.603465080261230469e+00
1.611020326614379883e+00
1.606507420539855957e+00
1.611670494079589844e+00
1.603809118270874023e+00
1.614757537841796875e+00
1.612566947937011719e+00
1.610372543334960938e+00
1.612766265869140625e+00
1.612616300582885742e+00
1.608339190483093262e+00
1.612267255783081055e+00
1.608180999755859375e+00
1.604470849037170410e+00
1.610277652740478516e+00
1.606452703475952148e+00
1.613700389862060547e+00
1.612304210662841797e+00
1.606665849685668945e+00
1.608030915260314941e+00
1.612931966781616211e+00
1.614040255546569824e+00
1.602490901947021484e+00
1.607222676277160645e+00
1.608500242233276367e+00
1.608798742294311523e+00
1.606479644775390625e+00
1.611133337020874023e+00
1.608915567398071289e+00
1.611714720726013184e+00
1.615999698638916016e+00
1.611371517181396484e+00
1.613914847373962402e+00
1.616280794143676758e+00
1.606814980506896973e+00
1.605846524238586426e+00
1.616698741912841797e+00
1.609136343002319336e+00
1.606039524078369141e+00
1.611063599586486816e+00
1.613419175148010254e+00
1.609482049942016602e+00
1.613145112991333008e+00
1.608302831649780273e+00
1.608927011489868164e+00
1.610648393630981445e+00
1.609845161437988281e+00
1.608517408370971680e+00
1.608202576637268066e+00
1.608371496200561523e+00
1.611044406890869141e+00
1.611098527908325195e+00
1.608895540237426758e+00
1.608484268188476562e+00
1.608901977539062500e+00
1.610583662986755371e+00
1.609852790832519531e+00
1.606520295143127441e+00
1.603740692138671875e+00
1.611120223999023438e+00
1.609018325805664062e+00
1.608569741249084473e+00
1.609405517578125000e+00
1.609610915184020996e+00
1.606378316879272461e+00
1.611263275146484375e+00
1.604543924331665039e+00
1.609166264533996582e+00
1.607435703277587891e+00
1.605659723281860352e+00
1.610129356384277344e+00
1.611415147781372070e+00
1.612113475799560547e+00
1.604895591735839844e+00
1.604176759719848633e+00
1.606286525726318359e+00
1.610318899154663086e+00
1.611379981040954590e+00
1.610208034515380859e+00
1.608717441558837891e+00
1.611480236053466797e+00
1.605769991874694824e+00
1.609027266502380371e+00
1.610642194747924805e+00
1.611659765243530273e+00
1.603283762931823730e+00
1.612506151199340820e+00
1.613020062446594238e+00
1.607978224754333496e+00
1.609246611595153809e+00
1.609428882598876953e+00
1.609960794448852539e+00
1.612066030502319336e+00
1.605571508407592773e+00
1.615615129470825195e+00
1.607591390609741211e+00
1.607750892639160156e+00
1.600085735321044922e+00
1.609545707702636719e+00
1.608056902885437012e+00
1.611273646354675293e+00
1.609510898590087891e+00
1.608704805374145508e+00
1.605314254760742188e+00
1.602691531181335449e+00
1.607796907424926758e+00
1.606682538986206055e+00
1.613415241241455078e+00
1.618545770645141602e+00
1.605035901069641113e+00
1.611369609832763672e+00
1.605728626251220703e+00
1.613344907760620117e+00
1.606360912322998047e+00
1.616883635520935059e+00
1.609818100929260254e+00
1.608394980430603027e+00
1.616425991058349609e+00
1.605118870735168457e+00
1.606793522834777832e+00
1.610531568527221680e+00
1.612523078918457031e+00
1.605196595191955566e+00
1.608739852905273438e+00
1.603730678558349609e+00
1.610475063323974609e+00
1.609604835510253906e+00
1.601795196533203125e+00
1.613268852233886719e+00
1.617984294891357422e+00
1.610500335693359375e+00
1.606446027755737305e+00
1.610754370689392090e+00
1.609927535057067871e+00
1.609659433364868164e+00
1.616254568099975586e+00
1.608492493629455566e+00
1.614881157875061035e+00
1.610422134399414062e+00
1.608295321464538574e+00
1.602987766265869141e+00
1.613061785697937012e+00
1.610421538352966309e+00
1.614507198333740234e+00
1.606670141220092773e+00
1.606331467628479004e+00
1.607940196990966797e+00
1.607840299606323242e+00
1.613974571228027344e+00
1.602556586265563965e+00
1.616282820701599121e+00
1.612116336822509766e+00
1.612708568572998047e+00
1.610740542411804199e+00
1.605711460113525391e+00
1.614736676216125488e+00
1.615889787673950195e+00
1.610163927078247070e+00
1.606821298599243164e+00
1.610017061233520508e+00
1.606671094894409180e+00
1.606679558753967285e+00
1.604367136955261230e+00
1.620802164077758789e+00
1.609837651252746582e+00
1.611129522323608398e+00
1.607300043106079102e+00
1.603676915168762207e+00
1.606538772583007812e+00
1.605799794197082520e+00
1.611096143722534180e+00
1.606236934661865234e+00
1.606131792068481445e+00
1.611439585685729980e+00
1.608773231506347656e+00
1.609499573707580566e+00
1.602930665016174316e+00
1.611463427543640137e+00
1.613577723503112793e+00
1.607464671134948730e+00
1.608708620071411133e+00
1.607415199279785156e+00
1.606923460960388184e+00
1.612722396850585938e+00
1.613805770874023438e+00
1.612713694572448730e+00
1.609442949295043945e+00
1.604854702949523926e+00
1.610695600509643555e+00
1.608616232872009277e+00
1.612756013870239258e+00
1.610486865043640137e+00
1.611113071441650391e+00
1.605669021606445312e+00
1.611963272094726562e+00
1.613377690315246582e+00
1.610865473747253418e+00
1.611594676971435547e+00
1.608747005462646484e+00
1.608200192451477051e+00
1.606829643249511719e+00
1.604169607162475586e+00
1.604760646820068359e+00
1.603905439376831055e+00
1.609429836273193359e+00
1.615012645721435547e+00
1.617266535758972168e+00
1.610975384712219238e+00
1.613000512123107910e+00
1.608287692070007324e+00
1.608193039894104004e+00
1.611359477043151855e+00
1.608611345291137695e+00
1.610329389572143555e+00
1.602320313453674316e+00
1.613770842552185059e+00
1.608844757080078125e+00
1.606239557266235352e+00
1.614372253417968750e+00
1.608038663864135742e+00
1.609660863876342773e+00
1.606518149375915527e+00
1.610923767089843750e+00
1.603590488433837891e+00
1.609723687171936035e+00
1.611633777618408203e+00
1.610737085342407227e+00
1.613360762596130371e+00
1.610913038253784180e+00
1.617935180664062500e+00
1.608059167861938477e+00
1.611228466033935547e+00
1.616836428642272949e+00
1.608023166656494141e+00
1.611600279808044434e+00
1.604586958885192871e+00
1.609394550323486328e+00
1.609180927276611328e+00
1.609437584877014160e+00
1.610029935836791992e+00
1.616607308387756348e+00
1.608277678489685059e+00
1.614122271537780762e+00
1.602925419807434082e+00
1.611890316009521484e+00
1.611592411994934082e+00
1.610824942588806152e+00
1.610655069351196289e+00
1.608512878417968750e+00
1.605018973350524902e+00
1.609809398651123047e+00
1.608887434005737305e+00
1.614180088043212891e+00
1.607453584671020508e+00
1.610595464706420898e+00
1.608932852745056152e+00
1.609919548034667969e+00
1.607504963874816895e+00
1.608462929725646973e+00
1.607319474220275879e+00
1.609737396240234375e+00
1.607569932937622070e+00
1.607605457305908203e+00
1.612775564193725586e+00
1.603988647460937500e+00
1.614583015441894531e+00
1.609353303909301758e+00
1.617388010025024414e+00
1.604057788848876953e+00
1.610666155815124512e+00
1.604401350021362305e+00
1.612838506698608398e+00
1.609403014183044434e+00
1.614606022834777832e+00
1.611078143119812012e+00
1.601869106292724609e+00
1.605526447296142578e+00
1.610429763793945312e+00
1.611372709274291992e+00
1.613966464996337891e+00
1.607489347457885742e+00
1.614282608032226562e+00
1.610272407531738281e+00
1.609025239944458008e+00
1.608578443527221680e+00
1.609279632568359375e+00
1.612789392471313477e+00
1.607241511344909668e+00
1.609852790832519531e+00
1.609503626823425293e+00
1.612692117691040039e+00
1.609990954399108887e+00
1.608302831649780273e+00
1.606446504592895508e+00
1.612577915191650391e+00
1.613990902900695801e+00
1.614777565002441406e+00
1.611154317855834961e+00
1.609849214553833008e+00
1.612443923950195312e+00
1.607957363128662109e+00
1.609411120414733887e+00
1.613272428512573242e+00
1.608428955078125000e+00
1.610178470611572266e+00
1.610105752944946289e+00
1.608608484268188477e+00
1.606344223022460938e+00
1.613383769989013672e+00
1.610591173171997070e+00
1.610346317291259766e+00
1.613565564155578613e+00
1.610663414001464844e+00
1.608535766601562500e+00
1.613590598106384277e+00
1.609461307525634766e+00
1.607140541076660156e+00
1.612936258316040039e+00
1.608182907104492188e+00
1.611474514007568359e+00
1.609112977981567383e+00
1.610014319419860840e+00
1.608293771743774414e+00
1.610120534896850586e+00
1.609549999237060547e+00
1.609031915664672852e+00
1.610136151313781738e+00
1.608288049697875977e+00
1.609704613685607910e+00
1.607666492462158203e+00
1.608363628387451172e+00
1.609179019927978516e+00
1.606901764869689941e+00
1.609164714813232422e+00
1.612800478935241699e+00
1.612031579017639160e+00
1.612630724906921387e+00
1.607358932495117188e+00
1.609882950782775879e+00
1.609735488891601562e+00
1.609738707542419434e+00
1.609055280685424805e+00
1.611276388168334961e+00
1.607528686523437500e+00
1.608748912811279297e+00
1.607490658760070801e+00
1.607593774795532227e+00
1.606906414031982422e+00
1.609004735946655273e+00
1.610074996948242188e+00
1.610767483711242676e+00
1.611243844032287598e+00
1.607090592384338379e+00
1.609473228454589844e+00
1.612435102462768555e+00
1.614444255828857422e+00
1.610500216484069824e+00
1.607552051544189453e+00
1.607861161231994629e+00
1.612846255302429199e+00
1.609627842903137207e+00
1.608244180679321289e+00
1.610526442527770996e+00
1.608374714851379395e+00
1.609162807464599609e+00
1.606733798980712891e+00
1.610457181930541992e+00
1.603833198547363281e+00
1.609688639640808105e+00
1.611501455307006836e+00
1.608584403991699219e+00
1.605810403823852539e+00
1.612267732620239258e+00
1.609539270401000977e+00
1.610025525093078613e+00
1.609988212585449219e+00
1.605146765708923340e+00
1.610998272895812988e+00
1.611177206039428711e+00
1.604864239692687988e+00
1.607539653778076172e+00
1.614856243133544922e+00
1.609719991683959961e+00
1.607448816299438477e+00
1.613458514213562012e+00
1.613245368003845215e+00
1.604263782501220703e+00
1.609410405158996582e+00
1.612454175949096680e+00
1.607451438903808594e+00
1.606969714164733887e+00
1.611376881599426270e+00
1.612805366516113281e+00
1.609940648078918457e+00
1.615584731101989746e+00
1.608059167861938477e+00
1.607999324798583984e+00
1.608164191246032715e+00
1.612158536911010742e+00
1.609276413917541504e+00
1.610502362251281738e+00
1.607221603393554688e+00
1.607438325881958008e+00
1.615261793136596680e+00
1.607837557792663574e+00
1.613396406173706055e+00
1.605937719345092773e+00
1.607929944992065430e+00
1.610411524772644043e+00
1.609567046165466309e+00
1.611226320266723633e+00
1.601287245750427246e+00
1.607841372489929199e+00
1.611506223678588867e+00
1.613140344619750977e+00
1.611398577690124512e+00
1.611115336418151855e+00
1.611232519149780273e+00
1.609097599983215332e+00
1.610910415649414062e+00
1.606818914413452148e+00
1.610618710517883301e+00
1.608411908149719238e+00
1.607326030731201172e+00
1.608036875724792480e+00
1.609839439392089844e+00
1.610980629920959473e+00
1.612666368484497070e+00
1.610728979110717773e+00
1.610724449157714844e+00
1.608063220977783203e+00
1.611133098602294922e+00
1.610879182815551758e+00
1.611489534378051758e+00
1.604622483253479004e+00
1.613474369049072266e+00
1.608128070831298828e+00
1.607855677604675293e+00
1.611410856246948242e+00
1.613264799118041992e+00
1.605055212974548340e+00
1.611282348632812500e+00
1.609215021133422852e+00
1.607916593551635742e+00
1.603154897689819336e+00
1.611722230911254883e+00
1.606451869010925293e+00
1.605683088302612305e+00
1.610091447830200195e+00
1.611428380012512207e+00
1.615960836410522461e+00
1.610933065414428711e+00
1.610593438148498535e+00
1.611225724220275879e+00
1.611080765724182129e+00
1.614882349967956543e+00
1.612869381904602051e+00
1.608472824096679688e+00
1.608134627342224121e+00
1.610178947448730469e+00
1.614807367324829102e+00
1.610128521919250488e+00
1.609602212905883789e+00
1.612096190452575684e+00
1.610153198242187500e+00
1.607587337493896484e+00
1.609397888183593750e+00
1.612391352653503418e+00
1.609580516815185547e+00
1.609485149383544922e+00
1.608569145202636719e+00
1.610366821289062500e+00
1.606912732124328613e+00
1.609592318534851074e+00
1.607501626014709473e+00
1.612711668014526367e+00
1.609474062919616699e+00
1.612814426422119141e+00
1.610627651214599609e+00
1.612601518630981445e+00
1.609005689620971680e+00
1.606867909431457520e+00
1.605489492416381836e+00
1.605897188186645508e+00
1.614234447479248047e+00
1.609735488891601562e+00
1.609290242195129395e+00
1.612327814102172852e+00
1.609146595001220703e+00
1.608989715576171875e+00
1.611607432365417480e+00
1.609142780303955078e+00
1.612501025199890137e+00
1.608942270278930664e+00
1.607081174850463867e+00
1.610730648040771484e+00
1.606890439987182617e+00
1.611796021461486816e+00
1.607511878013610840e+00
1.608058214187622070e+00
1.609738111495971680e+00
1.607590436935424805e+00
1.608113050460815430e+00
1.610527873039245605e+00
1.610018491744995117e+00
1.608815908432006836e+00
1.612649559974670410e+00
1.604387879371643066e+00
1.609448432922363281e+00
1.608863115310668945e+00
1.614431619644165039e+00
1.612386465072631836e+00
1.609356641769409180e+00
1.609209060668945312e+00
1.609905481338500977e+00
1.614741802215576172e+00
1.610854625701904297e+00
1.610247135162353516e+00
1.609396219253540039e+00
1.605516552925109863e+00
1.609670877456665039e+00
1.608371376991271973e+00
1.610718727111816406e+00
1.610965132713317871e+00
1.612896561622619629e+00
1.609908103942871094e+00
1.608847737312316895e+00
1.607450127601623535e+00
1.610417604446411133e+00
1.611199140548706055e+00
1.608593702316284180e+00
1.611459612846374512e+00
1.608214855194091797e+00
1.609469413757324219e+00
1.613082408905029297e+00
1.609791755676269531e+00
1.610628604888916016e+00
1.607095956802368164e+00
1.610489130020141602e+00
1.607532262802124023e+00
1.610494136810302734e+00
1.610402584075927734e+00
1.611426830291748047e+00
1.606493592262268066e+00
1.611373424530029297e+00
1.608963012695312500e+00
1.607666015625000000e+00
1.608055353164672852e+00
1.610159158706665039e+00
1.610572814941406250e+00
1.608322143554687500e+00
1.609082579612731934e+00
1.608203887939453125e+00
1.616054773330688477e+00
1.610007166862487793e+00
1.614431500434875488e+00
1.611673712730407715e+00
1.608436703681945801e+00
1.610850811004638672e+00
1.613487720489501953e+00
1.612728238105773926e+00
1.609478473663330078e+00
1.610602855682373047e+00
1.610176920890808105e+00
1.609450817108154297e+00
1.610953330993652344e+00
1.610916852951049805e+00
1.608645677566528320e+00
1.610896587371826172e+00
1.608747243881225586e+00
1.608658552169799805e+00
1.608754038810729980e+00
1.609435319900512695e+00
1.610827207565307617e+00
1.609969854354858398e+00
1.608588695526123047e+00
1.608365058898925781e+00
1.609033823013305664e+00
1.609280347824096680e+00
1.609938859939575195e+00
1.610436201095581055e+00
1.609783649444580078e+00
1.609399199485778809e+00
1.610369205474853516e+00
1.608998060226440430e+00
1.609086751937866211e+00
1.608823776245117188e+00
1.610053777694702148e+00
1.609771370887756348e+00
1.609176754951477051e+00
1.607493638992309570e+00
1.609236955642700195e+00
1.609219312667846680e+00
1.608192682266235352e+00
1.607573509216308594e+00
1.609518289566040039e+00
1.611106038093566895e+00
1.609057903289794922e+00
1.608173131942749023e+00
1.609694004058837891e+00
1.609285354614257812e+00
1.609512329101562500e+00
1.612067341804504395e+00
1.608546733856201172e+00
1.607194423675537109e+00
1.610336303710937500e+00
1.607824802398681641e+00
1.608169078826904297e+00
1.609448313713073730e+00
1.607477903366088867e+00
1.609854340553283691e+00
1.611460208892822266e+00
1.611927509307861328e+00
1.610731720924377441e+00
1.610183954238891602e+00
1.608020782470703125e+00
1.607356548309326172e+00
1.610715031623840332e+00
1.610865116119384766e+00
1.608949303627014160e+00
1.606456041336059570e+00
1.610932707786560059e+00
1.611247777938842773e+00
1.607597708702087402e+00
1.610357880592346191e+00
1.607012152671813965e+00
1.608160138130187988e+00
1.611764311790466309e+00
1.606874704360961914e+00
1.612425923347473145e+00
1.609417438507080078e+00
1.608126997947692871e+00
1.609859466552734375e+00
1.609931707382202148e+00
1.608404159545898438e+00
1.614023089408874512e+00
1.614615678787231445e+00
1.612546324729919434e+00
1.608705163002014160e+00
1.607739686965942383e+00
1.610531806945800781e+00
1.605457425117492676e+00
1.608937740325927734e+00
1.609419941902160645e+00
1.610492706298828125e+00
1.609026312828063965e+00
1.607162952423095703e+00
1.603474140167236328e+00
1.605557441711425781e+00
1.606867432594299316e+00
1.609601616859436035e+00
1.607375621795654297e+00
1.609451889991760254e+00
1.612875819206237793e+00
1.609153747558593750e+00
1.606647133827209473e+00
1.613490819931030273e+00
1.609027147293090820e+00
1.608726859092712402e+00
1.609541416168212891e+00
1.604328751564025879e+00
1.608602762222290039e+00
1.609772682189941406e+00
1.607817292213439941e+00
1.609813928604125977e+00
1.618470191955566406e+00
1.606932163238525391e+00
1.609496235847473145e+00
1.607661604881286621e+00
1.608081579208374023e+00
1.608356356620788574e+00
1.614647269248962402e+00
1.608987212181091309e+00
1.608964204788208008e+00
1.610548019409179688e+00
1.614293694496154785e+00
1.608009815216064453e+00
1.611516475677490234e+00
1.609212279319763184e+00
1.612046003341674805e+00
1.605701684951782227e+00
1.610236167907714844e+00
1.602977871894836426e+00
1.609091997146606445e+00
1.609650373458862305e+00
1.606528282165527344e+00
1.611235857009887695e+00
1.611674308776855469e+00
1.611572027206420898e+00
1.607271671295166016e+00
1.609346985816955566e+00
1.609779357910156250e+00
1.610030770301818848e+00
1.608916282653808594e+00
1.615454196929931641e+00
1.612761259078979492e+00
1.609846591949462891e+00
1.613335371017456055e+00
1.613499522209167480e+00
1.611729621887207031e+00
1.607443571090698242e+00
1.611119508743286133e+00
1.613739132881164551e+00
1.606283187866210938e+00
1.613638639450073242e+00
1.610371708869934082e+00
1.609538435935974121e+00
1.613214612007141113e+00
1.617105960845947266e+00
1.612259387969970703e+00
1.607445240020751953e+00
1.604049563407897949e+00
1.606749892234802246e+00
1.606763601303100586e+00
1.608222246170043945e+00
1.609084486961364746e+00
1.607085108757019043e+00
1.607783794403076172e+00
1.608441829681396484e+00
1.609093070030212402e+00
1.611366510391235352e+00
1.607986569404602051e+00
1.613831400871276855e+00
1.610608220100402832e+00
1.614776849746704102e+00
1.611022710800170898e+00
1.611145734786987305e+00
1.609986782073974609e+00
1.609278559684753418e+00
1.612610101699829102e+00
1.609525442123413086e+00
1.609967470169067383e+00
1.610065460205078125e+00
1.609704971313476562e+00
1.609808683395385742e+00
1.609260320663452148e+00
1.609074592590332031e+00
1.611151218414306641e+00
1.610506772994995117e+00
1.606771826744079590e+00
1.609781742095947266e+00
1.607744216918945312e+00
1.608593821525573730e+00
1.607584595680236816e+00
1.609440803527832031e+00
1.610015869140625000e+00
1.609395742416381836e+00
1.613521099090576172e+00
1.609604477882385254e+00
1.610839128494262695e+00
1.609786987304687500e+00
1.609445810317993164e+00
1.608927011489868164e+00
1.610467910766601562e+00
1.611891269683837891e+00
1.609665989875793457e+00
1.610556483268737793e+00
1.608825206756591797e+00
1.608902931213378906e+00
1.609704136848449707e+00
1.608920574188232422e+00
1.611693978309631348e+00
1.609790802001953125e+00
1.612169981002807617e+00
1.606773138046264648e+00
1.608375549316406250e+00
1.610156536102294922e+00
1.609233856201171875e+00
1.611072421073913574e+00
1.609289169311523438e+00
1.607258081436157227e+00
1.610387802124023438e+00
1.607869625091552734e+00
1.610334396362304688e+00
1.609989166259765625e+00
1.609491705894470215e+00
1.610754013061523438e+00
1.607635140419006348e+00
1.610949873924255371e+00
1.610514640808105469e+00
1.608145475387573242e+00
1.608784198760986328e+00
1.610345602035522461e+00
1.608935117721557617e+00
1.610084652900695801e+00
1.608650088310241699e+00
1.611289262771606445e+00
1.609230756759643555e+00
1.608644008636474609e+00
1.608523249626159668e+00
1.607405900955200195e+00
1.609464645385742188e+00
1.609514355659484863e+00
1.611151337623596191e+00
1.610405206680297852e+00
1.611590266227722168e+00
1.612685322761535645e+00
1.606822490692138672e+00
1.608241558074951172e+00
1.612221240997314453e+00
1.608798146247863770e+00
1.608192682266235352e+00
1.612570047378540039e+00
1.608875989913940430e+00
1.610447049140930176e+00
1.611063480377197266e+00
1.610145568847656250e+00
1.607476711273193359e+00
1.610499620437622070e+00
1.607691049575805664e+00
1.610641002655029297e+00
1.608929038047790527e+00
1.607890486717224121e+00
1.610312938690185547e+00
1.611684560775756836e+00
1.611498117446899414e+00
1.610199332237243652e+00
1.611281871795654297e+00
1.610416173934936523e+00
1.609310865402221680e+00
1.610390901565551758e+00
1.610576629638671875e+00
1.608985185623168945e+00
1.607821702957153320e+00
1.609304904937744141e+00
1.608702898025512695e+00
1.609082698822021484e+00
1.608663797378540039e+00
1.607682943344116211e+00
1.608875036239624023e+00
1.608177423477172852e+00
1.606182694435119629e+00
1.612565517425537109e+00
1.610405802726745605e+00
1.611228346824645996e+00
1.607986688613891602e+00
1.608472228050231934e+00
1.607446074485778809e+00
1.608145356178283691e+00
1.612222671508789062e+00
1.609961986541748047e+00
1.610594868659973145e+00
1.609721899032592773e+00
1.610616087913513184e+00
1.608427762985229492e+00
1.610244512557983398e+00
1.610515713691711426e+00
1.611154556274414062e+00
1.610205411911010742e+00
1.604242563247680664e+00
1.605933427810668945e+00
1.607028126716613770e+00
1.608918786048889160e+00
1.611829876899719238e+00
1.608474969863891602e+00
1.606544494628906250e+00
1.604383349418640137e+00
1.608488202095031738e+00
1.610382795333862305e+00
1.605615615844726562e+00
1.609802007675170898e+00
1.604488015174865723e+00
1.606099843978881836e+00
1.610545277595520020e+00
1.609485387802124023e+00
1.614863038063049316e+00
1.607564806938171387e+00
1.603203296661376953e+00
1.610620260238647461e+00
1.607982158660888672e+00
1.596514344215393066e+00
1.602997899055480957e+00
1.610595226287841797e+00
1.607316493988037109e+00
1.603808641433715820e+00
1.614907145500183105e+00
1.609652280807495117e+00
1.614764332771301270e+00
1.612934947013854980e+00
1.599475622177124023e+00
1.610976934432983398e+00
1.614695906639099121e+00
1.607289791107177734e+00
1.615225076675415039e+00
1.614493131637573242e+00
1.614269971847534180e+00
1.608099222183227539e+00
1.608020067214965820e+00
1.606100082397460938e+00
1.615978837013244629e+00
1.606844902038574219e+00
1.600316286087036133e+00
1.616660118103027344e+00
1.611704349517822266e+00
1.605780005455017090e+00
1.608324766159057617e+00
1.606449484825134277e+00
1.611358046531677246e+00
1.613188028335571289e+00
1.611273050308227539e+00
1.614957809448242188e+00
1.608826160430908203e+00
1.609497666358947754e+00
1.604897975921630859e+00
1.602851271629333496e+00
1.613176584243774414e+00
1.606148600578308105e+00
1.607922077178955078e+00
1.605959177017211914e+00
1.614276170730590820e+00
1.608799219131469727e+00
1.617285013198852539e+00
1.602506399154663086e+00
1.601930618286132812e+00
1.603665351867675781e+00
1.604144096374511719e+00
1.608038663864135742e+00
1.620947957038879395e+00
1.596133589744567871e+00
1.619964480400085449e+00
1.610337972640991211e+00
1.616327285766601562e+00
1.608319401741027832e+00
1.609664916992187500e+00
1.604534626007080078e+00
1.613524675369262695e+00
1.609297275543212891e+00
1.608351707458496094e+00
1.612771511077880859e+00
1.605978250503540039e+00
1.608511447906494141e+00
1.617302179336547852e+00
1.605077266693115234e+00
1.603678226470947266e+00
1.604962825775146484e+00
1.612928748130798340e+00
1.609783172607421875e+00
1.609155178070068359e+00
1.604475736618041992e+00
1.616008043289184570e+00
1.604395866394042969e+00
1.611199498176574707e+00
1.606381654739379883e+00
1.606421232223510742e+00
1.607164859771728516e+00
1.613769531250000000e+00
1.606738448143005371e+00
1.611603140830993652e+00
1.612667560577392578e+00
1.607336401939392090e+00
1.613901257514953613e+00
1.617794632911682129e+00
1.611195445060729980e+00
1.611413955688476562e+00
1.614008784294128418e+00
1.604986190795898438e+00
1.608648061752319336e+00
1.609405517578125000e+00
1.604756593704223633e+00
1.610109806060791016e+00
1.611497163772583008e+00
1.611781358718872070e+00
1.605695724487304688e+00
1.611808776855468750e+00
1.610328674316406250e+00
1.611629247665405273e+00
1.609480261802673340e+00
1.607360363006591797e+00
1.609026908874511719e+00
1.608957290649414062e+00
1.611332416534423828e+00
1.606339693069458008e+00
1.613053798675537109e+00
1.614127397537231445e+00
1.633339166641235352e+00
