9.399072825908660889e-02
1.267213225364685059e-01
2.551857233047485352e-01
1.890227794647216797e-01
1.100047975778579712e-01
1.009690836071968079e-01
9.533599764108657837e-02
2.569628357887268066e-01
8.365356177091598511e-02
1.695679724216461182e-01
1.036059856414794922e-01
2.049331218004226685e-01
5.521660298109054565e-02
4.494036734104156494e-02
1.946918964385986328e-01
1.503957808017730713e-01
1.785052120685577393e-01
3.973416239023208618e-02
5.690219998359680176e-02
1.598501503467559814e-01
4.601502418518066406e-01
1.769970655441284180e-01
1.579168587923049927e-01
2.904177010059356689e-01
2.580869793891906738e-01
6.834197044372558594e-02
1.178201660513877869e-01
2.937870025634765625e-01
8.457643538713455200e-02
1.823407858610153198e-01
1.648415327072143555e-01
1.384194195270538330e-01
1.520081162452697754e-01
1.104614809155464172e-01
6.941349059343338013e-02
2.194287627935409546e-01
9.128973633050918579e-02
6.121681630611419678e-02
1.510407328605651855e-01
2.485509216785430908e-01
2.460341453552246094e-01
1.872417330741882324e-01
1.000240743160247803e-01
6.267666071653366089e-02
2.562188208103179932e-01
1.147412657737731934e-01
7.561530172824859619e-02
1.210467070341110229e-01
1.051967814564704895e-01
5.489411950111389160e-02
2.900513410568237305e-01
1.733711212873458862e-01
4.443797469139099121e-02
1.121169030666351318e-01
3.664196729660034180e-01
2.753440439701080322e-01
6.293212622404098511e-02
1.204104647040367126e-01
2.527988888323307037e-02
4.326762557029724121e-01
3.546681627631187439e-02
1.239808946847915649e-01
7.111041247844696045e-02
1.520092487335205078e-01
1.420052647590637207e-01
1.797742843627929688e-01
1.046044975519180298e-01
1.602834612131118774e-01
2.151549905538558960e-01
8.467131108045578003e-02
1.461796760559082031e-01
1.802141070365905762e-01
1.165621429681777954e-01
2.900367975234985352e-01
1.159051805734634399e-01
1.395599246025085449e-01
2.180367708206176758e-01
2.841512858867645264e-01
3.129012584686279297e-01
2.969986200332641602e-01
1.464326232671737671e-01
2.546541690826416016e-01
2.448445558547973633e-01
1.168407499790191650e-01
3.170731961727142334e-01
1.639766395092010498e-01
1.667028367519378662e-01
2.230970561504364014e-01
7.796977460384368896e-02
1.874839365482330322e-01
2.269243597984313965e-01
2.089873403310775757e-01
2.323199063539505005e-01
1.600350439548492432e-01
1.412746310234069824e-01
7.581207156181335449e-02
1.023131385445594788e-01
2.710120081901550293e-01
1.657461225986480713e-01
5.131881684064865112e-02
1.772538572549819946e-01
8.383321017026901245e-02
1.450942605733871460e-01
6.546115875244140625e-02
2.198542058467864990e-01
2.870849072933197021e-01
2.027363777160644531e-01
6.197196245193481445e-01
1.704618334770202637e-01
3.905438184738159180e-01
8.330728411674499512e-01
8.617781102657318115e-02
6.647174805402755737e-02
7.105993032455444336e-01
3.876811861991882324e-01
9.740219712257385254e-01
1.770149767398834229e-01
3.538448512554168701e-01
1.121263980865478516e+00
3.370814323425292969e-01
1.163654446601867676e+00
2.111411839723587036e-01
1.713346838951110840e-01
2.724038064479827881e-01
4.332111477851867676e-01
3.884214758872985840e-01
2.545744180679321289e-01
5.107075572013854980e-01
3.001010417938232422e-01
4.707909226417541504e-01
1.265481263399124146e-01
2.506782412528991699e-01
1.264729648828506470e-01
3.347708582878112793e-01
1.841427087783813477e-01
1.884892284870147705e-01
1.758686155080795288e-01
1.279379427433013916e-01
1.585286259651184082e-01
3.024156093597412109e-01
1.213400214910507202e-01
4.175902605056762695e-01
2.112177163362503052e-01
3.771838545799255371e-01
2.494503557682037354e-01
2.928878366947174072e-01
1.365233659744262695e-01
6.280157566070556641e-01
4.161245822906494141e-01
6.315190345048904419e-02
3.583835959434509277e-01
2.609360814094543457e-01
4.790948331356048584e-01
1.688695996999740601e-01
4.979523122310638428e-01
1.593402922153472900e-01
1.355092227458953857e-01
5.222284793853759766e-01
2.206066846847534180e-01
1.997268199920654297e-01
8.004599809646606445e-02
2.138101309537887573e-01
2.381202727556228638e-01
3.140847682952880859e-01
3.942413628101348877e-01
2.939483523368835449e-01
1.068526953458786011e-01
2.691507041454315186e-01
1.905081868171691895e-01
3.194768726825714111e-01
1.968624144792556763e-01
1.574072092771530151e-01
1.987663060426712036e-01
1.929063796997070312e-01
1.263207495212554932e-01
1.283136457204818726e-01
3.592839539051055908e-01
1.694487780332565308e-01
1.868001371622085571e-01
1.072876900434494019e-01
4.680496454238891602e-02
3.866713047027587891e-01
1.592299640178680420e-01
1.644705533981323242e-01
4.198130965232849121e-02
3.496414124965667725e-01
1.361880898475646973e-01
1.640564501285552979e-01
1.991500556468963623e-01
1.998586952686309814e-01
1.988779753446578979e-01
7.271549105644226074e-02
1.235795021057128906e-01
2.371988594532012939e-01
5.457250773906707764e-02
1.916988193988800049e-01
1.904133111238479614e-01
2.033209055662155151e-01
3.288060724735260010e-01
1.060975417494773865e-01
2.785598635673522949e-01
9.856384247541427612e-02
9.556909650564193726e-02
1.598889678716659546e-01
2.262765318155288696e-01
1.122240051627159119e-01
1.989493370056152344e-01
1.210942640900611877e-01
2.343191057443618774e-01
1.919150948524475098e-01
1.070552393794059753e-01
2.167267799377441406e-01
1.153743118047714233e-01
1.121523380279541016e-01
1.958517730236053467e-01
1.671856343746185303e-01
3.030986785888671875e-01
1.259591430425643921e-01
4.978337138891220093e-02
1.424796879291534424e-01
1.499493420124053955e-01
2.651395797729492188e-01
1.465206444263458252e-01
4.849894344806671143e-02
2.058562338352203369e-01
1.784071177244186401e-01
2.579779922962188721e-01
2.339649051427841187e-01
2.112077921628952026e-01
1.140061914920806885e-01
1.393918991088867188e-01
3.669901490211486816e-01
1.233495622873306274e-01
2.113579958677291870e-01
2.285542637109756470e-01
2.481528818607330322e-01
1.614436954259872437e-01
2.473663091659545898e-01
2.154284864664077759e-01
1.872167885303497314e-01
3.579477369785308838e-01
1.323216557502746582e-01
1.197419092059135437e-01
1.914736777544021606e-01
8.101911842823028564e-02
1.613851189613342285e-01
5.643705651164054871e-02
1.226904094219207764e-01
3.662586212158203125e-01
8.696768432855606079e-02
1.971726864576339722e-01
3.084278702735900879e-01
1.056122779846191406e-01
1.728037893772125244e-01
1.495940834283828735e-01
1.628993451595306396e-01
4.083917737007141113e-01
1.307699382305145264e-01
1.681459099054336548e-01
2.759289145469665527e-01
2.546587586402893066e-01
3.554368019104003906e-01
1.683185398578643799e-01
2.639075815677642822e-01
2.452709376811981201e-01
2.924883067607879639e-01
1.398618668317794800e-01
1.015921384096145630e-01
3.219332695007324219e-01
1.011504530906677246e-01
2.327884435653686523e-01
2.901922762393951416e-01
1.023726314306259155e-01
1.849048137664794922e-01
1.719512641429901123e-01
2.575274407863616943e-01
5.633798241615295410e-02
9.242672473192214966e-02
8.258689939975738525e-02
1.960271000862121582e-01
1.452952772378921509e-01
1.938890069723129272e-01
1.629927605390548706e-01
8.733357489109039307e-02
2.522497773170471191e-01
2.483695000410079956e-01
2.230065912008285522e-01
1.748345494270324707e-01
2.063106745481491089e-01
2.001324892044067383e-01
9.423159062862396240e-02
1.264596879482269287e-01
1.826043426990509033e-01
3.272383213043212891e-01
3.161816000938415527e-01
2.999993264675140381e-01
1.184368133544921875e-01
1.536767184734344482e-01
9.660934656858444214e-02
1.515045315027236938e-01
2.250383049249649048e-01
3.735223412513732910e-01
2.241192162036895752e-01
6.549044698476791382e-02
5.342248678207397461e-01
1.975683867931365967e-01
9.256637096405029297e-02
1.956789940595626831e-01
1.795417815446853638e-01
1.677407026290893555e-01
6.805095076560974121e-02
1.700327396392822266e-01
4.435328841209411621e-01
1.767002642154693604e-01
7.843139022588729858e-02
5.885672569274902344e-02
2.188612222671508789e-01
1.175108924508094788e-01
1.263657212257385254e-01
5.296520143747329712e-02
1.749873310327529907e-01
5.762254446744918823e-02
1.335543543100357056e-01
3.684689402580261230e-01
2.481330931186676025e-01
8.092191070318222046e-02
2.102880775928497314e-01
8.059460669755935669e-02
2.737138867378234863e-01
2.149694859981536865e-01
1.375889033079147339e-01
6.177852302789688110e-02
1.941582858562469482e-01
6.745927780866622925e-02
4.065496474504470825e-02
2.389486506581306458e-02
1.893062740564346313e-01
3.762148320674896240e-01
7.866802811622619629e-02
9.344901889562606812e-02
2.541630864143371582e-01
5.701646581292152405e-02
2.480064630508422852e-01
2.428988814353942871e-01
2.349444776773452759e-01
9.946790337562561035e-02
2.234403192996978760e-01
6.654691696166992188e-02
1.652525067329406738e-01
8.484733849763870239e-02
1.697076708078384399e-01
4.476632550358772278e-02
3.448256850242614746e-01
1.219779253005981445e-01
9.312395751476287842e-02
3.710303306579589844e-01
2.640171647071838379e-01
3.397816047072410583e-02
1.997699141502380371e-01
1.820694357156753540e-01
1.635783314704895020e-01
1.592462658882141113e-01
2.952672839164733887e-01
1.105060502886772156e-01
3.677869737148284912e-01
1.829645633697509766e-01
2.623689770698547363e-01
1.152821853756904602e-01
1.177159845829010010e-01
1.033582612872123718e-01
1.511260718107223511e-01
5.590779706835746765e-02
6.566908210515975952e-02
1.224753856658935547e-01
2.605965137481689453e-01
2.362752556800842285e-01
3.913873136043548584e-01
1.107889190316200256e-01
8.287215232849121094e-02
1.628112196922302246e-01
3.146276772022247314e-01
3.968555927276611328e-01
1.911835968494415283e-01
1.926749646663665771e-01
1.624788045883178711e-01
1.668114662170410156e-01
1.090480014681816101e-01
1.146208271384239197e-01
9.565995633602142334e-02
2.438481748104095459e-01
1.970489919185638428e-01
2.278194129467010498e-01
1.821301281452178955e-01
8.787257969379425049e-02
3.410302102565765381e-01
5.610112473368644714e-02
2.870745658874511719e-01
1.875903457403182983e-01
2.523858547210693359e-01
3.167266249656677246e-01
1.462559998035430908e-01
2.496306598186492920e-01
1.316813975572586060e-01
2.987091541290283203e-01
6.061828136444091797e-02
5.401417613029479980e-02
1.215502694249153137e-01
2.090593576431274414e-01
5.770400166511535645e-02
8.144158869981765747e-02
2.665616273880004883e-01
1.715330481529235840e-01
2.700080573558807373e-01
3.900003135204315186e-01
2.993665635585784912e-01
1.088636964559555054e-01
8.579596877098083496e-02
1.313328742980957031e-01
2.104162871837615967e-01
9.819843620061874390e-02
3.015436530113220215e-01
1.426959037780761719e-01
1.035362929105758667e-01
2.093359082937240601e-01
2.661378681659698486e-01
1.169955134391784668e-01
9.507333487272262573e-02
3.013271093368530273e-02
1.245317906141281128e-01
2.702157795429229736e-01
2.697526216506958008e-01
9.469620138406753540e-02
1.613163501024246216e-01
1.079954802989959717e-01
1.700672209262847900e-01
2.195901572704315186e-01
1.337796151638031006e-01
8.113494515419006348e-02
4.362478256225585938e-01
1.473885625600814819e-01
1.003549098968505859e-01
5.110528320074081421e-02
1.469373852014541626e-01
1.381528377532958984e-01
1.792635768651962280e-01
8.330620825290679932e-02
1.125035583972930908e-01
2.771292924880981445e-01
1.717026084661483765e-01
7.897791266441345215e-02
2.058162391185760498e-01
2.947891354560852051e-01
2.209971249103546143e-01
2.430532127618789673e-01
3.634582161903381348e-01
1.543709635734558105e-01
1.713151782751083374e-01
1.402641832828521729e-01
8.401638269424438477e-02
2.224380970001220703e-01
2.800494432449340820e-01
6.728760898113250732e-02
7.458181679248809814e-02
2.189883589744567871e-01
1.181242614984512329e-01
7.661749422550201416e-02
2.301464974880218506e-01
4.761271551251411438e-02
3.640298545360565186e-02
2.902001142501831055e-01
4.834078997373580933e-02
1.041040420532226562e-01
5.925372838973999023e-01
8.881306648254394531e-02
1.228961572051048279e-01
3.508372902870178223e-01
1.446927785873413086e-01
1.324837952852249146e-01
3.008673787117004395e-01
1.408962756395339966e-01
1.493234932422637939e-01
5.933010578155517578e-02
3.765026479959487915e-02
1.057969331741333008e-01
9.948509186506271362e-02
1.612685620784759521e-01
1.781913489103317261e-01
1.437498033046722412e-01
3.375000953674316406e-01
8.668720722198486328e-02
8.608053624629974365e-02
1.350469589233398438e-01
1.319635808467864990e-01
2.214319109916687012e-01
2.730977833271026611e-01
2.453457713127136230e-01
9.458150714635848999e-02
1.195992454886436462e-01
2.400357425212860107e-01
2.338420450687408447e-01
2.727918624877929688e-01
2.186737954616546631e-01
1.027143299579620361e-01
3.556927442550659180e-01
2.240099757909774780e-01
1.508148759603500366e-01
1.533589512109756470e-01
1.754792630672454834e-01
1.355322897434234619e-01
2.354004830121994019e-01
1.277171671390533447e-01
2.109499275684356689e-01
1.888427287340164185e-01
4.116065427660942078e-02
1.754825264215469360e-01
4.025004059076309204e-02
2.143134772777557373e-01
2.796635031700134277e-01
9.894670546054840088e-02
1.244948059320449829e-01
2.899272739887237549e-01
4.377243518829345703e-01
2.544915378093719482e-01
1.668358594179153442e-01
1.612431257963180542e-01
1.025469005107879639e-01
1.238408088684082031e-01
4.259254336357116699e-01
5.231538414955139160e-01
1.357878744602203369e-01
1.774112880229949951e-01
3.207758069038391113e-01
8.860690891742706299e-02
2.488859146833419800e-01
2.737724483013153076e-01
1.747311055660247803e-01
4.118937253952026367e-01
1.527138352394104004e-01
1.566352844238281250e-01
1.315868198871612549e-01
1.350635439157485962e-01
3.771570324897766113e-01
1.898179352283477783e-01
1.808813363313674927e-01
5.754994228482246399e-02
6.234325468540191650e-02
1.156087890267372131e-01
1.935049891471862793e-01
1.029038056731224060e-01
2.200591266155242920e-01
3.945289254188537598e-01
1.788942515850067139e-01
5.939617753028869629e-02
3.832178711891174316e-01
1.760706901550292969e-01
1.034138500690460205e-01
2.593925297260284424e-01
2.823728621006011963e-01
1.422939598560333252e-01
1.006427258253097534e-01
5.448835343122482300e-02
1.139404922723770142e-01
1.605751812458038330e-01
1.851029247045516968e-01
2.867318391799926758e-01
1.853866279125213623e-01
1.817718446254730225e-01
6.472420692443847656e-02
2.325627505779266357e-01
1.381253749132156372e-01
6.301940232515335083e-02
9.011857211589813232e-02
4.339993372559547424e-02
2.077444195747375488e-01
1.249537318944931030e-01
1.582060158252716064e-01
1.472873985767364502e-01
3.741112351417541504e-01
4.913005232810974121e-02
7.024277001619338989e-02
8.175427466630935669e-02
4.660796523094177246e-01
1.890187561511993408e-01
1.618048250675201416e-01
3.018060326576232910e-01
1.112639456987380981e-01
1.735802292823791504e-01
1.805251538753509521e-01
3.894545733928680420e-01
9.401582181453704834e-02
2.755848467350006104e-01
1.650551557540893555e-01
2.318190783262252808e-01
2.712721824645996094e-01
2.406468391418457031e-01
1.068376377224922180e-01
2.595085501670837402e-01
5.393379181623458862e-02
2.883570492267608643e-01
1.526506841182708740e-01
1.227867007255554199e-01
9.299677610397338867e-02
1.238598302006721497e-01
1.096539497375488281e-01
2.153116315603256226e-01
6.744869798421859741e-02
4.356926977634429932e-01
3.406735137104988098e-02
6.912954896688461304e-02
1.339747756719589233e-01
2.093352377414703369e-01
1.746038049459457397e-01
3.750817179679870605e-01
1.313567757606506348e-01
2.535375952720642090e-01
1.405279934406280518e-01
2.931610345840454102e-01
2.205953001976013184e-01
9.887904673814773560e-02
5.810999125242233276e-02
1.611611247062683105e-01
2.072703689336776733e-01
2.171757519245147705e-01
8.761579543352127075e-02
1.139302104711532593e-01
8.814431726932525635e-02
5.571610927581787109e-01
3.808906674385070801e-01
1.664834022521972656e-01
2.295397520065307617e-01
5.565893650054931641e-02
2.900652214884757996e-02
7.323741912841796875e-02
1.833498924970626831e-01
3.363565206527709961e-01
1.540503203868865967e-01
1.407435685396194458e-01
1.620908975601196289e-01
1.090847626328468323e-01
3.064514994621276855e-01
2.583446502685546875e-01
2.128609418869018555e-01
2.854446172714233398e-01
1.366575062274932861e-01
1.125873103737831116e-01
1.927888989448547363e-01
1.471503973007202148e-01
1.649049222469329834e-01
1.616259366273880005e-01
1.706526428461074829e-01
1.655097454786300659e-01
3.070412278175354004e-01
1.857473105192184448e-01
1.426678150892257690e-01
3.805034756660461426e-01
5.266655236482620239e-02
3.587042093276977539e-01
3.537296056747436523e-01
1.608187407255172729e-01
5.867164134979248047e-01
2.227476984262466431e-01
3.105567395687103271e-01
7.375077903270721436e-02
1.350488513708114624e-01
1.521083116531372070e-01
8.940923213958740234e-02
2.683492898941040039e-01
1.179973036050796509e-01
1.290141940116882324e-01
2.387964278459548950e-01
5.971714481711387634e-02
1.762657761573791504e-01
2.617873549461364746e-01
3.724477887153625488e-01
7.682271301746368408e-02
2.577583789825439453e-01
1.385694146156311035e-01
1.395154148340225220e-01
1.583744436502456665e-01
3.055019378662109375e-01
9.976606070995330811e-02
2.063874006271362305e-01
4.660304188728332520e-01
3.610387444496154785e-01
2.115413993597030640e-01
7.692217081785202026e-02
8.956797420978546143e-02
2.201727479696273804e-01
1.644481420516967773e-01
9.097581356763839722e-02
1.281289458274841309e-01
9.890602529048919678e-02
7.953259348869323730e-02
1.887317597866058350e-01
1.912327110767364502e-01
3.155773878097534180e-01
8.675238490104675293e-02
2.428083121776580811e-01
2.324952483177185059e-01
2.426632344722747803e-01
2.982530295848846436e-01
1.140716746449470520e-01
1.805998682975769043e-01
3.201163411140441895e-01
1.776588112115859985e-01
1.754056215286254883e-01
1.287468373775482178e-01
1.444403827190399170e-01
1.400914341211318970e-01
2.379486560821533203e-01
5.366644263267517090e-02
1.288298517465591431e-01
1.274161934852600098e-01
6.265885382890701294e-02
3.304025530815124512e-01
2.657197117805480957e-01
4.397805929183959961e-01
1.101498603820800781e-01
7.075229287147521973e-02
4.668547213077545166e-02
6.501780450344085693e-02
7.711787521839141846e-02
5.301987379789352417e-02
2.704809308052062988e-01
2.290787100791931152e-01
1.072658970952033997e-01
2.662513554096221924e-01
2.383115887641906738e-01
4.036364555358886719e-01
1.330969482660293579e-01
2.991513609886169434e-01
1.540408581495285034e-01
6.612360477447509766e-02
5.163042545318603516e-01
2.290706038475036621e-01
1.331090331077575684e-01
6.625396013259887695e-02
5.596319437026977539e-01
2.318737208843231201e-01
1.519023925065994263e-01
1.424271911382675171e-01
7.009358406066894531e-01
1.726148277521133423e-01
2.131512463092803955e-01
5.804258212447166443e-02
1.933569610118865967e-01
1.881759464740753174e-01
3.891137838363647461e-01
2.213794738054275513e-01
2.565979957580566406e-01
1.665363907814025879e-01
2.267910540103912354e-01
5.148866176605224609e-01
1.463217735290527344e-01
2.034952342510223389e-01
1.356495469808578491e-01
7.804469019174575806e-02
5.032678842544555664e-01
2.536676526069641113e-01
3.254504799842834473e-01
2.102915048599243164e-01
9.801556915044784546e-02
1.092159822583198547e-01
3.712912201881408691e-01
3.075952529907226562e-01
7.108345627784729004e-02
1.689849346876144409e-01
9.893320500850677490e-02
1.299243867397308350e-01
2.008634060621261597e-01
2.341560870409011841e-01
8.276166021823883057e-02
2.053892165422439575e-01
2.168866693973541260e-01
2.087688893079757690e-01
2.074340283870697021e-01
2.009528875350952148e-01
1.425356268882751465e-01
8.167296648025512695e-02
2.002834230661392212e-01
3.125938177108764648e-01
2.378418743610382080e-01
2.984317243099212646e-01
1.653200685977935791e-01
1.837721019983291626e-01
3.212689757347106934e-01
2.233452945947647095e-01
1.169866845011711121e-01
1.214792653918266296e-01
1.530727893114089966e-01
9.124815464019775391e-02
1.673570573329925537e-01
3.337937593460083008e-01
1.121679171919822693e-01
9.783388674259185791e-02
1.995066702365875244e-01
9.948458522558212280e-02
1.676082760095596313e-01
1.647577583789825439e-01
6.838831305503845215e-02
1.362218856811523438e-01
4.390319436788558960e-02
1.827146559953689575e-01
2.642357945442199707e-01
1.759360432624816895e-01
2.161297947168350220e-01
2.381833195686340332e-01
1.946720182895660400e-01
3.107058405876159668e-01
4.306954741477966309e-01
2.222589254379272461e-01
2.077849805355072021e-01
1.306041628122329712e-01
2.333234399557113647e-01
9.072835743427276611e-02
3.083563446998596191e-01
1.368149369955062866e-01
1.379819512367248535e-01
2.243343889713287354e-01
8.248814940452575684e-02
1.126752868294715881e-01
1.556393355131149292e-01
9.098817408084869385e-02
6.576845049858093262e-02
3.055197000503540039e-01
1.332804411649703979e-01
3.021451532840728760e-01
2.307525724172592163e-01
6.589658558368682861e-02
2.310667634010314941e-01
1.839160025119781494e-01
8.415273576974868774e-02
1.498485505580902100e-01
2.340322136878967285e-01
1.317962706089019775e-01
9.541641920804977417e-02
1.726753562688827515e-01
1.750421673059463501e-01
4.694475978612899780e-02
2.347293198108673096e-01
1.978872865438461304e-01
8.723457157611846924e-02
1.995240449905395508e-01
1.080200970172882080e-01
1.108930706977844238e-01
1.384147703647613525e-01
4.720048606395721436e-02
6.253202259540557861e-02
1.635552048683166504e-01
1.744899749755859375e-01
1.738789677619934082e-01
3.014584183692932129e-01
2.087075412273406982e-01
1.279787719249725342e-01
1.384946852922439575e-01
2.361038774251937866e-01
1.260161399841308594e-01
1.533068716526031494e-01
1.200372725725173950e-01
7.042615115642547607e-02
7.626862823963165283e-02
1.200398057699203491e-01
1.406555920839309692e-01
1.323162764310836792e-01
3.779200091958045959e-02
1.801061928272247314e-01
1.308961510658264160e-01
1.916420459747314453e-01
5.969540029764175415e-02
2.087693214416503906e-01
6.566438674926757812e-01
8.586760610342025757e-02
6.194289773702621460e-02
3.441945910453796387e-01
1.245205253362655640e-01
2.193297594785690308e-01
1.712214797735214233e-01
2.490419745445251465e-01
7.121419161558151245e-02
5.014682412147521973e-01
9.813652932643890381e-02
5.990621075034141541e-02
3.782998323440551758e-01
2.040796279907226562e-01
5.571892261505126953e-01
2.316724509000778198e-01
1.548753678798675537e-01
1.198612600564956665e-01
7.992026209831237793e-02
3.388260304927825928e-01
1.736935526132583618e-01
1.159259825944900513e-01
2.874390184879302979e-01
2.883445024490356445e-01
1.021682024002075195e-01
2.796360254287719727e-01
9.674123674631118774e-02
1.288414299488067627e-01
2.264356017112731934e-01
6.235995292663574219e-01
5.611387640237808228e-02
1.193491220474243164e-01
1.617758274078369141e-01
1.353656202554702759e-01
1.997358500957489014e-01
2.471285611391067505e-01
9.241889417171478271e-02
1.282561719417572021e-01
4.207509160041809082e-01
2.379066646099090576e-01
1.247833818197250366e-01
2.063711881637573242e-01
3.655219376087188721e-01
2.775615155696868896e-01
4.954039677977561951e-02
1.321205645799636841e-01
1.788716316223144531e-01
2.462140470743179321e-01
1.064504235982894897e-01
1.575372517108917236e-01
3.140695989131927490e-01
2.265588939189910889e-01
2.031202614307403564e-01
5.732470750808715820e-02
1.503587961196899414e-01
3.478846251964569092e-01
2.023149430751800537e-01
4.178616404533386230e-01
4.428775012493133545e-01
2.983211278915405273e-01
1.201229766011238098e-01
2.196675837039947510e-01
2.214705795049667358e-01
4.174377322196960449e-01
1.469619870185852051e-01
2.567521035671234131e-01
2.775694727897644043e-01
5.577287077903747559e-02
1.318307518959045410e-01
1.107064858078956604e-01
1.635588109493255615e-01
3.094757199287414551e-01
1.239390224218368530e-01
1.408567577600479126e-01
2.033354938030242920e-01
1.027076989412307739e-01
3.269811272621154785e-01
1.631841808557510376e-01
5.123719573020935059e-01
1.341631710529327393e-01
3.764909207820892334e-01
2.669488489627838135e-01
3.874753415584564209e-01
2.443988025188446045e-01
2.276485711336135864e-01
4.871632158756256104e-01
2.974272966384887695e-01
6.788280010223388672e-01
1.838886290788650513e-01
2.067819088697433472e-01
2.199756205081939697e-01
2.818289399147033691e-01
1.533745676279067993e-01
3.127907514572143555e-01
1.508772671222686768e-01
1.388024389743804932e-01
3.168483078479766846e-02
3.866906762123107910e-01
1.674713641405105591e-01
1.839946210384368896e-01
1.329683512449264526e-01
2.788824141025543213e-01
6.626355648040771484e-02
2.326922714710235596e-01
7.344838976860046387e-02
2.450967580080032349e-01
5.842454358935356140e-02
1.512685716152191162e-01
2.913310229778289795e-01
1.407736837863922119e-01
2.388660907745361328e-01
1.807217895984649658e-01
1.512771993875503540e-01
1.595253497362136841e-01
1.399141848087310791e-01
1.129348129034042358e-01
7.320319861173629761e-02
3.586037456989288330e-01
7.767228782176971436e-02
1.178865060210227966e-01
2.465134859085083008e-01
1.592223346233367920e-01
1.140389293432235718e-01
1.582857370376586914e-01
2.585310935974121094e-01
1.157839596271514893e-01
8.121978491544723511e-02
3.346754908561706543e-01
5.004464983940124512e-01
2.019039392471313477e-01
6.556014716625213623e-02
2.809662222862243652e-01
2.064271271228790283e-01
2.417579889297485352e-01
3.386999070644378662e-01
1.337443590164184570e-01
1.900737583637237549e-01
2.335268259048461914e-01
4.161350727081298828e-01
1.574531793594360352e-01
1.067983806133270264e-01
2.158910930156707764e-01
6.322672963142395020e-01
1.799588352441787720e-01
6.701214611530303955e-02
2.051666080951690674e-01
3.315873742103576660e-01
1.272563636302947998e-01
2.710096240043640137e-01
2.310075759887695312e-01
1.657730042934417725e-01
2.063062936067581177e-01
2.426650971174240112e-01
1.801578849554061890e-01
6.308598816394805908e-02
2.058694064617156982e-01
1.346966475248336792e-01
1.861529350280761719e-01
1.850080341100692749e-01
1.305808722972869873e-01
7.979904115200042725e-02
1.337697505950927734e-01
8.335697650909423828e-02
2.006901055574417114e-01
2.598337531089782715e-01
6.165363267064094543e-02
3.160021901130676270e-01
2.645291686058044434e-01
9.161201119422912598e-02
6.021969020366668701e-02
1.518110334873199463e-01
2.387381494045257568e-01
3.089246153831481934e-01
9.911893308162689209e-02
8.899375796318054199e-02
1.679222285747528076e-01
8.390735089778900146e-02
1.848255097866058350e-01
6.484318524599075317e-02
1.253260076045989990e-01
7.319451868534088135e-02
2.497363090515136719e-01
8.904494345188140869e-02
3.651305288076400757e-02
2.401912510395050049e-01
1.068466752767562866e-01
1.294066607952117920e-01
1.793563961982727051e-01
8.326449990272521973e-02
1.516556739807128906e-01
4.078952223062515259e-02
3.490562438964843750e-01
1.154284104704856873e-01
9.665855765342712402e-02
2.717611789703369141e-01
1.096925288438796997e-01
3.658652603626251221e-01
2.548659741878509521e-01
5.605690926313400269e-02
1.884043514728546143e-01
7.144831120967864990e-02
4.993353039026260376e-02
6.165895611047744751e-02
9.323690086603164673e-02
2.018489241600036621e-01
1.035259440541267395e-01
2.080983519554138184e-01
1.584580689668655396e-01
5.290877074003219604e-02
2.078959643840789795e-01
8.791328221559524536e-02
9.428237378597259521e-02
8.895219862461090088e-02
2.664861977100372314e-01
4.077787697315216064e-01
1.347925513982772827e-01
4.123963117599487305e-01
1.967681944370269775e-01
2.239318490028381348e-01
1.984537392854690552e-01
2.775407433509826660e-01
9.942079335451126099e-02
8.665275573730468750e-02
1.238673776388168335e-01
9.916642308235168457e-02
5.696810036897659302e-02
2.613293230533599854e-01
2.757368981838226318e-01
4.559583067893981934e-01
3.706781566143035889e-01
1.767472624778747559e-01
1.745717227458953857e-01
2.040617018938064575e-01
6.222225725650787354e-02
4.768684208393096924e-01
1.936362683773040771e-01
3.875164985656738281e-01
8.094505965709686279e-02
3.576653599739074707e-01
2.561464011669158936e-01
9.851823747158050537e-02
1.382600367069244385e-01
4.392647743225097656e-01
1.633758246898651123e-01
2.982313632965087891e-01
9.201794862747192383e-02
3.067299425601959229e-01
9.223263710737228394e-02
1.066042929887771606e-01
1.657191812992095947e-01
2.166316807270050049e-01
2.999153137207031250e-01
6.363576650619506836e-02
2.579005360603332520e-01
1.035047918558120728e-01
4.422771930694580078e-01
4.997234791517257690e-02
9.956049919128417969e-02
2.115890085697174072e-01
9.512634575366973877e-02
3.309055268764495850e-01
2.499048709869384766e-01
1.068617403507232666e-01
4.582273066043853760e-01
1.663445383310317993e-01
1.045468077063560486e-01
3.508540093898773193e-01
1.233854144811630249e-01
5.802170932292938232e-02
2.686322033405303955e-01
4.290404915809631348e-01
2.480393648147583008e-01
1.826667189598083496e-01
2.274997979402542114e-01
3.383956104516983032e-02
1.456547975540161133e-01
2.089902609586715698e-01
2.485790103673934937e-01
1.727057546377182007e-01
1.093618944287300110e-01
2.311071008443832397e-01
3.491852879524230957e-01
1.550953686237335205e-01
3.355629444122314453e-01
1.243753358721733093e-01
8.003367483615875244e-02
1.669141948223114014e-01
1.625369638204574585e-01
1.986060440540313721e-01
1.772757470607757568e-01
2.324552536010742188e-01
2.173367142677307129e-01
1.666689366102218628e-01
1.463999450206756592e-01
1.510919034481048584e-01
3.475182056427001953e-01
8.397535979747772217e-02
9.018453955650329590e-02
2.581666409969329834e-01
1.888253092765808105e-01
1.881908923387527466e-01
1.501227021217346191e-01
2.532429993152618408e-01
2.391507923603057861e-01
3.490103185176849365e-01
1.585265398025512695e-01
1.975231617689132690e-01
2.027810961008071899e-01
6.013836860656738281e-01
1.403576880693435669e-01
1.041375771164894104e-01
1.699485480785369873e-01
1.561102569103240967e-01
3.669677674770355225e-01
8.737896382808685303e-02
1.584015637636184692e-01
2.385653406381607056e-01
2.277949750423431396e-01
1.435183584690093994e-01
7.054197788238525391e-02
1.485145092010498047e-01
1.730778962373733521e-01
1.192659288644790649e-01
6.648065149784088135e-02
2.010839134454727173e-01
1.606119722127914429e-01
6.202670186758041382e-02
5.694896355271339417e-02
1.964427232742309570e-01
1.254511326551437378e-01
1.796326190233230591e-01
9.528423845767974854e-02
7.649328559637069702e-02
1.290113031864166260e-01
1.563342511653900146e-01
2.170615792274475098e-01
1.398611962795257568e-01
9.815514832735061646e-02
3.401672840118408203e-01
7.357610017061233521e-02
1.242533251643180847e-01
1.333917677402496338e-01
2.897865772247314453e-01
1.046313568949699402e-01
6.727604568004608154e-02
1.549143940210342407e-01
1.630150973796844482e-01
3.505905568599700928e-01
1.698032319545745850e-01
2.005195468664169312e-01
2.366975396871566772e-01
1.197616234421730042e-01
6.336782872676849365e-02
1.105690002441406250e-01
7.903752475976943970e-02
5.300527811050415039e-02
5.096717476844787598e-01
6.030093431472778320e-01
1.219625324010848999e-01
2.655307054519653320e-01
1.822737604379653931e-01
6.882704794406890869e-02
1.430603414773941040e-01
2.928555011749267578e-01
1.796064674854278564e-01
2.314189076423645020e-01
1.426132470369338989e-01
2.885888814926147461e-01
3.564871549606323242e-01
1.548387110233306885e-01
5.545191839337348938e-02
9.831311553716659546e-02
2.048711925745010376e-01
1.036038547754287720e-01
1.899015903472900391e-01
3.614651262760162354e-01
