4.163279235363006592e-01
5.759538412094116211e-01
2.688596248626708984e-01
1.414710432291030884e-01
2.268307507038116455e-01
4.630711674690246582e-01
2.968923151493072510e-01
1.783648878335952759e-01
3.279411494731903076e-01
2.134188711643218994e-01
1.849970370531082153e-01
3.186903297901153564e-01
1.928116828203201294e-01
5.361819863319396973e-01
2.771732807159423828e-01
2.654652297496795654e-01
2.194036543369293213e-01
3.215958178043365479e-01
1.862267851829528809e-01
4.933321177959442139e-01
4.880480468273162842e-01
2.769890129566192627e-01
2.003471106290817261e-01
2.932049930095672607e-01
1.859498172998428345e-01
3.121962547302246094e-01
3.711593449115753174e-01
4.625172615051269531e-01
1.796111464500427246e-01
3.042572140693664551e-01
9.110832959413528442e-02
3.141833841800689697e-01
2.199412584304809570e-01
1.253542900085449219e-01
2.546694278717041016e-01
1.133109778165817261e-01
1.589566916227340698e-01
2.401831150054931641e-01
2.067447900772094727e-01
2.256999909877777100e-01
1.256023347377777100e-01
1.891719102859497070e-01
2.788611352443695068e-01
3.004356622695922852e-01
3.977999091148376465e-01
1.325583755970001221e-01
2.252283841371536255e-01
4.233388304710388184e-01
3.249660730361938477e-01
2.007047235965728760e-01
3.951573967933654785e-01
1.187919825315475464e-01
1.941817253828048706e-01
1.632982939481735229e-01
1.439111530780792236e-01
1.726894080638885498e-01
2.302641421556472778e-01
2.740376293659210205e-01
4.123919010162353516e-01
2.571738064289093018e-01
2.705404758453369141e-01
3.231235146522521973e-01
3.958176374435424805e-01
2.047386169433593750e-01
2.248411774635314941e-01
3.429037630558013916e-01
3.060302436351776123e-01
3.899313211441040039e-01
3.353273868560791016e-01
2.466459274291992188e-01
2.531589865684509277e-01
2.078808546066284180e-01
2.567322552204132080e-01
3.992180824279785156e-01
2.714558839797973633e-01
2.948410809040069580e-01
3.757503628730773926e-01
1.139078363776206970e-01
4.908142089843750000e-01
3.560441136360168457e-01
1.759018748998641968e-01
2.931563854217529297e-01
2.430531978607177734e-01
1.926481127738952637e-01
2.907416820526123047e-01
3.166973590850830078e-01
1.256361007690429688e-01
3.665852248668670654e-01
1.536791473627090454e-01
1.799410283565521240e-01
1.379113793373107910e-01
4.310659468173980713e-01
1.542344540357589722e-01
3.007907271385192871e-01
2.111885547637939453e-01
1.693126559257507324e-01
2.466971576213836670e-01
2.903654575347900391e-01
1.312012672424316406e-01
2.066124379634857178e-01
4.834886267781257629e-02
1.473534703254699707e-01
1.634636074304580688e-01
1.881188303232192993e-01
2.185894846916198730e-01
4.520632028579711914e-01
1.590795814990997314e-01
2.879636585712432861e-01
1.976774781942367554e-01
2.099002897739410400e-01
2.817047834396362305e-01
6.246477365493774414e-02
2.773576974868774414e-01
2.288746982812881470e-01
1.453095972537994385e-01
2.151015698909759521e-01
3.941646814346313477e-01
2.050099372863769531e-01
3.010205924510955811e-01
3.714351952075958252e-01
3.693140149116516113e-01
2.983513176441192627e-01
1.037155538797378540e-01
1.870647221803665161e-01
1.763390451669692993e-01
1.639678776264190674e-01
2.247604727745056152e-01
4.648763239383697510e-01
1.091210395097732544e-01
2.106621861457824707e-01
2.070890963077545166e-01
3.958984613418579102e-01
2.965156435966491699e-01
1.078463494777679443e-01
1.362384706735610962e-01
1.763180792331695557e-01
2.244627326726913452e-01
1.787769198417663574e-01
2.385126352310180664e-01
2.967928647994995117e-01
1.205357015132904053e-01
3.648791313171386719e-01
2.084818929433822632e-01
1.308059394359588623e-01
6.856726109981536865e-02
1.360928118228912354e-01
3.921318352222442627e-01
3.763438761234283447e-01
1.780507117509841919e-01
1.797202527523040771e-01
1.278113424777984619e-01
3.058810234069824219e-01
4.048824012279510498e-01
1.772507429122924805e-01
1.274436563253402710e-01
1.760700047016143799e-01
2.481796294450759888e-01
1.961666494607925415e-01
1.513975858688354492e-01
2.551563084125518799e-01
2.745510041713714600e-01
5.217064619064331055e-01
1.422725915908813477e-01
2.051434665918350220e-01
3.616760373115539551e-01
3.018164038658142090e-01
2.072835713624954224e-01
3.568066656589508057e-01
5.024009943008422852e-01
3.612797260284423828e-01
2.145605981349945068e-01
1.004513651132583618e-01
1.352421939373016357e-01
2.373064458370208740e-01
2.030661553144454956e-01
2.097453027963638306e-01
3.013727664947509766e-01
2.514509260654449463e-01
3.416653275489807129e-01
1.818614602088928223e-01
7.608702778816223145e-02
9.613929688930511475e-02
3.076779246330261230e-01
2.874522507190704346e-01
2.802223861217498779e-01
2.728225588798522949e-01
1.238546669483184814e-01
1.669589430093765259e-01
9.081883728504180908e-02
2.522941231727600098e-01
2.364676296710968018e-01
2.622448801994323730e-01
2.521179020404815674e-01
1.359672248363494873e-01
3.032631874084472656e-01
5.092482566833496094e-01
5.926542282104492188e-01
2.355527877807617188e-01
6.976069211959838867e-01
2.936512231826782227e-01
4.480330348014831543e-01
3.730683922767639160e-01
3.020896911621093750e-01
3.387925624847412109e-01
4.557045400142669678e-01
1.544674932956695557e-01
4.408077001571655273e-01
4.004684686660766602e-01
1.352759599685668945e-01
3.742213845252990723e-01
1.688021123409271240e-01
2.621023058891296387e-01
1.798942238092422485e-01
3.459717035293579102e-01
1.970957368612289429e-01
2.608085870742797852e-01
2.382974624633789062e-01
2.100663483142852783e-01
2.526789903640747070e-01
2.742920517921447754e-01
2.726764678955078125e-01
2.662699222564697266e-01
2.104728370904922485e-01
2.997554540634155273e-01
2.870625853538513184e-01
4.855487048625946045e-01
2.562497556209564209e-01
3.040763735771179199e-01
1.694454401731491089e-01
2.628850340843200684e-01
2.406412512063980103e-01
1.859397292137145996e-01
3.142700791358947754e-01
1.919016838073730469e-01
2.522571086883544922e-01
1.576445102691650391e-01
1.173268109560012817e-01
3.264733850955963135e-01
2.272448986768722534e-01
2.154213786125183105e-01
1.326909810304641724e-01
3.082913160324096680e-01
9.059728980064392090e-01
1.707013100385665894e-01
2.173548191785812378e-01
1.675861477851867676e-01
1.788707971572875977e-01
1.565545946359634399e-01
1.595478206872940063e-01
2.084618359804153442e-01
1.681650876998901367e-01
1.990967541933059692e-01
2.496465146541595459e-01
2.298402190208435059e-01
2.099158316850662231e-01
4.103555083274841309e-01
3.283762633800506592e-01
1.554512381553649902e-01
1.695958971977233887e-01
2.101089805364608765e-01
9.742679446935653687e-02
2.259895056486129761e-01
9.054076671600341797e-02
1.665176600217819214e-01
2.178273200988769531e-01
6.058002710342407227e-01
1.284921616315841675e-01
1.917921006679534912e-01
2.221361100673675537e-01
2.200575768947601318e-01
2.411940693855285645e-01
1.026975363492965698e-01
2.698125839233398438e-01
1.819664835929870605e-01
2.279396057128906250e-01
9.539166837930679321e-02
1.638287156820297241e-01
4.298058748245239258e-01
3.112736046314239502e-01
1.483001857995986938e-01
1.930840909481048584e-01
1.043962687253952026e-01
2.714123427867889404e-01
4.163294434547424316e-01
1.719069927930831909e-01
1.000350192189216614e-01
3.621476292610168457e-01
2.437941282987594604e-01
1.410664916038513184e-01
1.747758537530899048e-01
2.316778451204299927e-01
4.355055093765258789e-01
3.493393659591674805e-01
1.739959269762039185e-01
1.720608770847320557e-01
1.882724016904830933e-01
3.198418915271759033e-01
3.757897615432739258e-01
3.931759595870971680e-01
2.080596834421157837e-01
9.567824006080627441e-02
1.910502612590789795e-01
2.783071994781494141e-01
3.276051580905914307e-01
7.879082113504409790e-02
1.864820718765258789e-01
2.508849799633026123e-01
7.482230663299560547e-02
2.186374664306640625e-01
2.698273658752441406e-01
3.965643942356109619e-01
8.098381012678146362e-02
1.480871289968490601e-01
2.091549634933471680e-01
1.314199566841125488e-01
1.637574881315231323e-01
1.151037812232971191e-01
1.329801678657531738e-01
1.019357144832611084e-01
2.785953283309936523e-01
7.517266273498535156e-01
2.410676777362823486e-01
2.507775127887725830e-01
1.475869566202163696e-01
2.475103884935379028e-01
1.464119553565979004e-01
9.904220700263977051e-02
1.816984564065933228e-01
1.664274930953979492e-01
3.887389898300170898e-01
1.949995309114456177e-01
2.526743412017822266e-01
2.101628482341766357e-01
2.705352306365966797e-01
3.588377237319946289e-01
2.111879587173461914e-01
2.259543985128402710e-01
1.935427784919738770e-01
4.433180093765258789e-01
1.826137900352478027e-01
6.445400714874267578e-01
4.661366343498229980e-01
3.231472969055175781e-01
1.456820368766784668e-01
2.708020806312561035e-01
1.682738065719604492e-01
1.588345468044281006e-01
2.247328162193298340e-01
3.710343241691589355e-01
2.652790546417236328e-01
2.798106968402862549e-01
2.269320785999298096e-01
1.989667117595672607e-01
1.966179609298706055e-01
2.185840606689453125e-01
2.251099348068237305e-01
1.554416418075561523e-01
2.830387949943542480e-01
5.034225583076477051e-01
2.297399640083312988e-01
1.779346764087677002e-01
1.950950324535369873e-01
4.562894999980926514e-01
2.223891168832778931e-01
1.161731630563735962e-01
1.995968073606491089e-01
2.143306434154510498e-01
1.812641024589538574e-01
3.796699047088623047e-01
3.785253763198852539e-01
3.657748401165008545e-01
2.133052349090576172e-01
9.029358625411987305e-02
2.627603709697723389e-01
1.657249629497528076e-01
3.601857423782348633e-01
2.113641202449798584e-01
2.487032264471054077e-01
2.068972736597061157e-01
2.412590831518173218e-01
1.964770853519439697e-01
3.392104804515838623e-01
1.411415934562683105e-01
1.737801432609558105e-01
1.647886931896209717e-01
6.401572227478027344e-01
2.334049493074417114e-01
2.419315576553344727e-01
1.477278769016265869e-01
1.991729140281677246e-01
2.263604402542114258e-01
2.714692354202270508e-01
1.887685954570770264e-01
4.982170462608337402e-01
2.270030975341796875e-01
3.723055124282836914e-01
3.382242918014526367e-01
2.651656568050384521e-01
1.648383587598800659e-01
2.874987423419952393e-01
3.109500706195831299e-01
1.656920313835144043e-01
2.319126278162002563e-01
3.557528555393218994e-01
2.161996364593505859e-01
2.032146602869033813e-01
1.715067178010940552e-01
1.360009759664535522e-01
2.480091750621795654e-01
1.551576256752014160e-01
1.223867386579513550e-01
1.520760804414749146e-01
2.397045195102691650e-01
5.628190562129020691e-02
1.217184960842132568e-01
2.766948342323303223e-01
2.500957846641540527e-01
1.163469403982162476e-01
3.103335201740264893e-01
1.116982921957969666e-01
3.071976900100708008e-01
1.903755962848663330e-01
1.253320276737213135e-01
3.034625053405761719e-01
1.430437415838241577e-01
1.124524623155593872e-01
1.390745490789413452e-01
2.776346206665039062e-01
9.545143693685531616e-02
2.172921746969223022e-01
1.574101001024246216e-01
4.158312082290649414e-01
4.480937123298645020e-01
2.945930659770965576e-01
5.128568410873413086e-01
2.685775458812713623e-01
1.482965499162673950e-01
2.428271025419235229e-01
3.066420555114746094e-01
3.642062544822692871e-01
1.182952523231506348e-01
3.655824661254882812e-01
3.503996133804321289e-01
3.721383810043334961e-01
3.648712337017059326e-01
1.349800527095794678e-01
2.529945373535156250e-01
3.837890625000000000e-01
1.590163111686706543e-01
2.401683330535888672e-01
3.323908746242523193e-01
2.236080467700958252e-01
3.491314649581909180e-01
9.928707778453826904e-02
4.214160740375518799e-01
2.468108385801315308e-01
3.181392848491668701e-01
1.063025742769241333e-01
3.705322146415710449e-01
1.772338598966598511e-01
1.350182145833969116e-01
4.097468852996826172e-01
1.125216633081436157e-01
3.987454771995544434e-01
1.611218005418777466e-01
3.340523838996887207e-01
2.151510715484619141e-01
4.343566894531250000e-01
2.645255327224731445e-01
1.735566556453704834e-01
1.316473335027694702e-01
1.297285258769989014e-01
4.070801734924316406e-01
1.721933931112289429e-01
2.491116374731063843e-01
2.194248884916305542e-01
9.852392971515655518e-02
4.425122737884521484e-01
1.371442377567291260e-01
2.154956907033920288e-01
1.661601960659027100e-01
1.031059920787811279e-01
5.797847509384155273e-01
3.176280558109283447e-01
1.381354928016662598e-01
3.109740912914276123e-01
4.057423472404479980e-01
1.303095519542694092e-01
7.580125331878662109e-02
6.855422258377075195e-02
4.210094809532165527e-01
3.874163031578063965e-01
1.683051288127899170e-01
2.612978219985961914e-01
2.664399743080139160e-01
1.230462118983268738e-01
2.392643839120864868e-01
3.305081129074096680e-01
1.418228596448898315e-01
2.971962094306945801e-01
2.943077981472015381e-01
3.057413697242736816e-01
1.983001977205276489e-01
1.890553534030914307e-01
2.457644939422607422e-01
1.946908533573150635e-01
2.731275558471679688e-01
2.979171276092529297e-01
1.020288318395614624e-01
2.976331114768981934e-01
3.480309247970581055e-01
1.806065291166305542e-01
4.364476799964904785e-01
1.398719251155853271e-01
4.820729494094848633e-01
2.705952227115631104e-01
1.446438431739807129e-01
2.744202017784118652e-01
2.649793624877929688e-01
1.649122983217239380e-01
1.791879236698150635e-01
2.511774897575378418e-01
3.001062572002410889e-01
2.557627856731414795e-01
3.033052086830139160e-01
2.556522190570831299e-01
2.313967645168304443e-01
2.784098982810974121e-01
2.241834402084350586e-01
2.324401885271072388e-01
2.740468382835388184e-01
1.695825606584548950e-01
2.953267991542816162e-01
2.962240576744079590e-01
7.889576256275177002e-02
2.753606736660003662e-01
1.406976431608200073e-01
2.808056175708770752e-01
2.324564605951309204e-01
2.178409993648529053e-01
1.619448363780975342e-01
6.878674030303955078e-02
1.895856559276580811e-01
4.216328859329223633e-01
4.005608856678009033e-01
1.901318728923797607e-01
1.967239677906036377e-01
1.906419098377227783e-01
1.238141804933547974e-01
3.093647062778472900e-01
1.417563557624816895e-01
2.419755756855010986e-01
1.232539266347885132e-01
2.028158456087112427e-01
2.314826399087905884e-01
2.077829092741012573e-01
1.694386899471282959e-01
2.556822896003723145e-01
2.561739683151245117e-01
3.051626384258270264e-01
1.971805542707443237e-01
1.023174524307250977e-01
3.878848850727081299e-01
1.869936883449554443e-01
4.442771077156066895e-01
1.953062713146209717e-01
2.280574291944503784e-01
2.879168689250946045e-01
1.893454939126968384e-01
2.837670445442199707e-01
3.217578828334808350e-01
1.846999526023864746e-01
2.837095260620117188e-01
2.271273732185363770e-01
1.716845482587814331e-01
8.783423900604248047e-02
2.826957106590270996e-01
9.007526934146881104e-02
4.560841023921966553e-01
2.929322123527526855e-01
1.742104291915893555e-01
2.346363961696624756e-01
1.060795485973358154e-01
1.756758838891983032e-01
2.317151576280593872e-01
2.649452984333038330e-01
5.661678314208984375e-01
1.963275074958801270e-01
3.117097616195678711e-01
2.675718963146209717e-01
9.522536396980285645e-02
2.036354839801788330e-01
3.181957602500915527e-01
2.832353115081787109e-01
1.281584650278091431e-01
2.128357142210006714e-01
3.499559760093688965e-01
2.233071029186248779e-01
1.253923624753952026e-01
1.700191199779510498e-01
2.054241001605987549e-01
8.043529093265533447e-02
1.462219357490539551e-01
3.299075365066528320e-01
3.245812356472015381e-01
4.051060676574707031e-01
3.738062977790832520e-01
2.451453208923339844e-01
3.021451830863952637e-01
2.369505763053894043e-01
7.349102944135665894e-02
3.015583157539367676e-01
7.983335852622985840e-02
3.648421168327331543e-01
5.546700581908226013e-02
3.590734899044036865e-01
1.718957275152206421e-01
2.342766225337982178e-01
1.869607269763946533e-01
1.281011402606964111e-01
8.760944753885269165e-02
1.486953496932983398e-01
2.125705182552337646e-01
1.767950952053070068e-01
2.073462903499603271e-01
2.733630537986755371e-01
6.106803566217422485e-02
2.762801051139831543e-01
3.182519674301147461e-01
2.685639858245849609e-01
2.245713621377944946e-01
3.220359683036804199e-01
9.714671224355697632e-02
1.967645883560180664e-01
1.700311601161956787e-01
2.945798039436340332e-01
1.571978926658630371e-01
2.897911071777343750e-01
2.408021092414855957e-01
1.275077015161514282e-01
3.801580667495727539e-01
3.288912177085876465e-01
2.082408070564270020e-01
1.784865409135818481e-01
3.302923738956451416e-01
1.994808316230773926e-01
6.461178511381149292e-02
3.184364736080169678e-01
2.381696850061416626e-01
1.783022582530975342e-01
3.150082230567932129e-01
2.064194381237030029e-01
4.936509728431701660e-01
1.105739623308181763e-01
2.747565805912017822e-01
4.465722441673278809e-01
2.599972486495971680e-01
2.528722286224365234e-01
1.356883347034454346e-01
1.795063614845275879e-01
4.498291015625000000e-01
1.003442704677581787e-01
2.455113232135772705e-01
2.939923703670501709e-01
2.903999090194702148e-01
2.287536859512329102e-01
2.220806181430816650e-01
1.621167212724685669e-01
2.243142724037170410e-01
1.800312697887420654e-01
2.109016180038452148e-01
2.159689813852310181e-01
1.882289648056030273e-01
2.075552940368652344e-01
2.874589860439300537e-01
2.901977598667144775e-01
6.584785878658294678e-02
2.995159924030303955e-01
2.068046927452087402e-01
1.535522341728210449e-01
1.775455474853515625e-01
9.486123919486999512e-02
2.240787297487258911e-01
1.113279461860656738e-01
1.197174787521362305e-01
4.084133803844451904e-01
4.597329795360565186e-01
1.477462649345397949e-01
2.047518789768218994e-01
2.892183363437652588e-01
2.641719281673431396e-01
2.574509680271148682e-01
2.880704998970031738e-01
1.011375635862350464e-01
9.322521090507507324e-02
2.299441397190093994e-01
3.461533188819885254e-01
3.046482801437377930e-01
1.687155365943908691e-01
3.831278085708618164e-01
1.671993434429168701e-01
4.305310845375061035e-01
1.041716560721397400e-01
1.914941966533660889e-01
3.259118497371673584e-01
1.390871554613113403e-01
6.898497343063354492e-01
3.187551796436309814e-01
2.647134065628051758e-01
3.690592348575592041e-01
2.521340847015380859e-01
1.713477522134780884e-01
4.431159794330596924e-01
2.847911715507507324e-01
2.627278864383697510e-01
8.596041053533554077e-02
9.161654859781265259e-02
2.721738219261169434e-01
2.184921801090240479e-01
1.559259593486785889e-01
2.847829461097717285e-01
2.126566767692565918e-01
1.847664266824722290e-01
4.379198551177978516e-01
3.737628161907196045e-01
1.495007276535034180e-01
1.672149598598480225e-01
5.739327669143676758e-01
2.324279248714447021e-01
2.419124990701675415e-01
1.445544809103012085e-01
3.350113332271575928e-01
3.117889761924743652e-01
1.558388471603393555e-01
1.746825426816940308e-01
2.265414744615554810e-01
1.695364713668823242e-01
3.438687026500701904e-01
3.029636740684509277e-01
1.121405214071273804e-01
1.949319690465927124e-01
2.227549403905868530e-01
3.457999229431152344e-01
2.631037831306457520e-01
1.801498830318450928e-01
1.778841912746429443e-01
1.532211005687713623e-01
3.900617361068725586e-01
2.358926683664321899e-01
6.744639873504638672e-01
1.629004031419754028e-01
1.391223520040512085e-01
1.710226833820343018e-01
1.636633276939392090e-01
1.899202764034271240e-01
3.292301893234252930e-01
4.003934860229492188e-01
5.890625715255737305e-02
4.155316948890686035e-01
4.110619425773620605e-01
7.627702504396438599e-02
2.405902594327926636e-01
1.835660487413406372e-01
7.660870254039764404e-02
2.495079636573791504e-01
1.555547714233398438e-01
2.937387526035308838e-01
2.221302986145019531e-01
1.879511773586273193e-01
3.519644439220428467e-01
6.123791933059692383e-01
1.865531206130981445e-01
4.331570267677307129e-01
3.079821169376373291e-01
3.137949705123901367e-01
4.024379253387451172e-01
3.792864978313446045e-01
1.996650397777557373e-01
2.631270587444305420e-01
3.007598519325256348e-01
4.818337559700012207e-01
3.341327011585235596e-01
1.863180845975875854e-01
2.528288066387176514e-01
4.562825858592987061e-01
3.276074528694152832e-01
1.700441837310791016e-01
2.579040229320526123e-01
2.371169030666351318e-01
1.425227820873260498e-01
1.994466930627822876e-01
1.894776821136474609e-01
1.618402004241943359e-01
2.710714042186737061e-01
3.016310036182403564e-01
7.167172431945800781e-02
2.454955875873565674e-01
2.414011359214782715e-01
4.179213643074035645e-01
4.984726011753082275e-01
3.072677850723266602e-01
1.789008677005767822e-01
1.925962716341018677e-01
4.795721769332885742e-01
2.689505219459533691e-01
3.453035354614257812e-01
1.354362815618515015e-01
3.954461216926574707e-01
1.722767353057861328e-01
4.051936268806457520e-01
3.476821482181549072e-01
2.470336854457855225e-01
2.587209045886993408e-01
3.913518488407135010e-01
2.309435009956359863e-01
4.087312221527099609e-01
3.029199540615081787e-01
5.555133223533630371e-01
4.013462960720062256e-01
2.505157589912414551e-01
2.461447864770889282e-01
1.762371063232421875e-01
2.956268191337585449e-01
1.965639144182205200e-01
2.645098268985748291e-01
1.995418518781661987e-01
4.100924432277679443e-01
2.494027316570281982e-01
2.318693101406097412e-01
1.477100253105163574e-01
1.881943941116333008e-01
2.735615968704223633e-01
1.250118464231491089e-01
1.452674865722656250e-01
1.890121847391128540e-01
9.495796263217926025e-02
1.167444884777069092e-01
1.557802706956863403e-01
1.019633263349533081e-01
2.652669548988342285e-01
1.159869208931922913e-01
4.169729948043823242e-01
1.876690536737442017e-01
7.366149127483367920e-02
2.669031620025634766e-01
1.261960566043853760e-01
1.916746497154235840e-01
1.524688601493835449e-01
1.828929185867309570e-01
3.067202270030975342e-01
1.981910169124603271e-01
2.437336593866348267e-01
4.240140318870544434e-01
3.476814627647399902e-01
1.804099678993225098e-01
3.946448266506195068e-01
4.129612147808074951e-01
3.226217329502105713e-01
3.902008831501007080e-01
1.279694139957427979e-01
2.320190668106079102e-01
2.615909278392791748e-01
4.590035676956176758e-01
1.546229422092437744e-01
1.084710210561752319e-01
2.362624555826187134e-01
1.843793690204620361e-01
2.795585989952087402e-01
3.289945721626281738e-01
3.099206984043121338e-01
3.395292758941650391e-01
5.133255720138549805e-01
2.736023068428039551e-01
9.037704765796661377e-02
2.382013201713562012e-01
2.035757303237915039e-01
1.357653141021728516e-01
2.233912348747253418e-01
3.734585940837860107e-01
2.856808304786682129e-01
2.450583726167678833e-01
2.215187251567840576e-01
2.697347104549407959e-01
1.218918785452842712e-01
1.267530471086502075e-01
2.401551157236099243e-01
2.049545496702194214e-01
1.226052343845367432e-01
1.280543059110641479e-01
3.182201683521270752e-01
3.504923880100250244e-01
1.548136174678802490e-01
1.974699497222900391e-01
1.940207183361053467e-01
2.695271372795104980e-01
6.103495955467224121e-01
1.976708620786666870e-01
1.788922399282455444e-01
1.974374353885650635e-01
2.470276504755020142e-01
1.796594262123107910e-01
8.709000796079635620e-02
2.074618339538574219e-01
2.252110838890075684e-01
2.888861894607543945e-01
2.374626696109771729e-01
2.846631705760955811e-01
4.274712502956390381e-01
2.030981779098510742e-01
5.113967657089233398e-01
8.769498765468597412e-02
1.045176908373832703e-01
1.014858037233352661e-01
2.797587513923645020e-01
2.782654464244842529e-01
2.642224729061126709e-01
9.409871697425842285e-02
1.071793958544731140e-01
1.973213851451873779e-01
9.531858563423156738e-02
1.732599437236785889e-01
2.044041305780410767e-01
2.958678007125854492e-01
1.266580671072006226e-01
3.388643264770507812e-01
1.765522807836532593e-01
1.131019890308380127e-01
1.516062021255493164e-01
1.591500937938690186e-01
1.504205465316772461e-01
1.394044309854507446e-01
1.684469282627105713e-01
3.354048430919647217e-01
1.537203788757324219e-01
7.484360933303833008e-01
2.853701710700988770e-01
3.675931096076965332e-01
3.150068521499633789e-01
4.014629125595092773e-01
1.637995094060897827e-01
2.735426425933837891e-01
1.813476681709289551e-01
5.437714457511901855e-01
1.827450245618820190e-01
2.886117696762084961e-01
1.389625519514083862e-01
1.235040873289108276e-01
3.305509090423583984e-01
1.773848533630371094e-01
1.041433289647102356e-01
1.222918033599853516e-01
1.976013034582138062e-01
3.710254132747650146e-01
2.205981165170669556e-01
2.376832067966461182e-01
4.153079986572265625e-01
3.925507366657257080e-01
5.643986463546752930e-01
4.441781640052795410e-01
5.359869003295898438e-01
1.128810763359069824e+00
4.565350413322448730e-01
3.135008215904235840e-01
3.897767961025238037e-01
4.813253879547119141e-01
3.756350874900817871e-01
3.954702615737915039e-01
4.178919792175292969e-01
4.360024929046630859e-01
4.099082350730895996e-01
3.058794140815734863e-01
4.748829901218414307e-01
2.919764220714569092e-01
3.368456959724426270e-01
1.920157819986343384e-01
3.424937129020690918e-01
5.425152182579040527e-01
2.045539766550064087e-01
3.124763667583465576e-01
5.247735977172851562e-01
2.235639691352844238e-01
4.856232702732086182e-01
3.261893093585968018e-01
1.318768560886383057e-01
5.338997840881347656e-01
2.836443781852722168e-01
3.218473792076110840e-01
2.150197029113769531e-01
2.199423611164093018e-01
1.880063563585281372e-01
1.250383108854293823e-01
1.962693780660629272e-01
2.139597088098526001e-01
1.666979044675827026e-01
1.140574663877487183e-01
1.070199310779571533e-01
3.378869295120239258e-01
8.350627124309539795e-02
1.740550100803375244e-01
2.287004292011260986e-01
2.026556730270385742e-01
3.852085471153259277e-01
1.710608899593353271e-01
2.393441200256347656e-01
1.283865571022033691e-01
2.673956453800201416e-01
2.274546325206756592e-01
2.923948168754577637e-01
2.045447528362274170e-01
2.482612729072570801e-01
2.747112512588500977e-01
1.956194043159484863e-01
1.697942912578582764e-01
2.998149991035461426e-01
1.327074021100997925e-01
4.880939126014709473e-01
2.603012323379516602e-01
1.149248778820037842e-01
4.090639650821685791e-01
2.369719743728637695e-01
2.651264071464538574e-01
4.116518795490264893e-01
1.797515451908111572e-01
8.310149610042572021e-02
6.692671030759811401e-02
1.088854148983955383e-01
1.451124697923660278e-01
1.748408973217010498e-01
3.826052248477935791e-01
7.157582044601440430e-01
1.281915307044982910e-01
2.621881961822509766e-01
1.560584306716918945e-01
1.643508076667785645e-01
2.120339274406433105e-01
1.367005854845046997e-01
2.555341720581054688e-01
1.606543362140655518e-01
9.107372164726257324e-02
3.759855628013610840e-01
1.867258250713348389e-01
1.171624809503555298e-01
1.895006895065307617e-01
1.487008780241012573e-01
2.289861142635345459e-01
4.082137644290924072e-01
1.783463358879089355e-01
1.504705846309661865e-01
2.181060314178466797e-01
3.689844608306884766e-01
1.056682616472244263e-01
1.466205716133117676e-01
1.195456609129905701e-01
4.088917076587677002e-01
4.180606603622436523e-01
1.358777284622192383e-01
5.375844240188598633e-01
2.531575262546539307e-01
2.531750798225402832e-01
2.248679101467132568e-01
1.984280198812484741e-01
1.347828954458236694e-01
2.687979638576507568e-01
1.916104853153228760e-01
2.096663415431976318e-01
3.269145488739013672e-01
1.318210661411285400e-01
2.425134479999542236e-01
2.719166278839111328e-01
2.270664721727371216e-01
3.735216557979583740e-01
3.865252733230590820e-01
2.114202082157135010e-01
2.535877227783203125e-01
2.961870729923248291e-01
1.277821958065032959e-01
1.518948972225189209e-01
7.627871632575988770e-02
5.646278262138366699e-01
4.387342929840087891e-01
1.871885657310485840e-01
2.679371535778045654e-01
1.888265013694763184e-01
2.272070348262786865e-01
2.427068948745727539e-01
2.030922472476959229e-01
7.030497491359710693e-02
3.219799995422363281e-01
2.596760392189025879e-01
1.799963265657424927e-01
1.812916398048400879e-01
1.928324252367019653e-01
1.833169907331466675e-01
2.599175572395324707e-01
5.950517058372497559e-01
1.764369904994964600e-01
1.665875017642974854e-01
6.910743713378906250e-01
1.791910380125045776e-01
2.538476586341857910e-01
2.589779496192932129e-01
2.537980675697326660e-01
1.500673294067382812e-01
1.485258936882019043e-01
3.644274175167083740e-01
1.002080440521240234e-01
1.443319320678710938e-01
4.885977506637573242e-01
1.244634464383125305e-01
2.916801571846008301e-01
3.111769556999206543e-01
3.959424793720245361e-01
1.673434525728225708e-01
1.998641043901443481e-01
1.879106163978576660e-01
3.098395466804504395e-01
2.509851455688476562e-01
1.649933755397796631e-01
2.355189770460128784e-01
4.750542044639587402e-01
2.939194440841674805e-01
2.295360565185546875e-01
2.853876352310180664e-01
3.955871760845184326e-01
2.801003158092498779e-01
3.037389218807220459e-01
5.197720527648925781e-01
3.479349613189697266e-01
3.488597571849822998e-01
3.870542645454406738e-01
4.290915727615356445e-01
2.007955759763717651e-01
1.071972250938415527e-01
2.524994611740112305e-01
2.705891132354736328e-01
3.957744240760803223e-01
3.193483352661132812e-01
2.608038485050201416e-01
2.331456989049911499e-01
2.411240935325622559e-01
9.396920353174209595e-02
2.355078905820846558e-01
1.786906868219375610e-01
1.805384457111358643e-01
4.197067320346832275e-01
2.113510668277740479e-01
2.267082035541534424e-01
2.208837419748306274e-01
2.981418669223785400e-01
1.021723449230194092e-01
3.020958602428436279e-01
1.560493558645248413e-01
1.150943934917449951e-01
3.732643425464630127e-01
3.314857780933380127e-01
2.893917858600616455e-01
3.217509388923645020e-01
3.175745606422424316e-01
8.565922826528549194e-02
1.218268498778343201e-01
2.011722177267074585e-01
2.680746912956237793e-01
7.303925603628158569e-02
1.950673460960388184e-01
2.309722900390625000e-01
1.072891205549240112e-01
1.587682217359542847e-01
3.222458660602569580e-01
1.288503110408782959e-01
2.156195342540740967e-01
4.875526726245880127e-01
3.041763305664062500e-01
3.552984297275543213e-01
1.259592771530151367e-01
1.531145870685577393e-01
2.759609818458557129e-01
1.884789466857910156e-01
1.280240118503570557e-01
2.164523601531982422e-01
1.420706361532211304e-01
1.543600857257843018e-01
1.592765301465988159e-01
1.652320176362991333e-01
2.965334653854370117e-01
3.347333073616027832e-01
2.362121641635894775e-01
2.903792858123779297e-01
8.833077549934387207e-02
2.393943071365356445e-01
4.420546293258666992e-01
2.291830182075500488e-01
1.951400041580200195e-01
3.680252134799957275e-01
1.854914426803588867e-01
1.044757589697837830e-01
1.719086021184921265e-01
2.145660370588302612e-01
3.044611215591430664e-01
2.254748046398162842e-01
2.528679370880126953e-01
2.879776060581207275e-01
2.407751679420471191e-01
8.497822284698486328e-02
2.136896699666976929e-01
1.813504844903945923e-01
2.200759649276733398e-01
3.032505512237548828e-01
1.799769252538681030e-01
2.446623146533966064e-01
3.373851478099822998e-01
3.054937124252319336e-01
2.413089573383331299e-01
2.557511329650878906e-01
1.906973570585250854e-01
1.969105303287506104e-01
2.214387655258178711e-01
1.214571744203567505e-01
1.287855803966522217e-01
2.401103079319000244e-01
2.218691557645797729e-01
2.190717756748199463e-01
2.723957300186157227e-01
8.863054960966110229e-02
4.978253841400146484e-01
1.007809042930603027e-01
2.992382049560546875e-01
1.364247351884841919e-01
1.467332988977432251e-01
2.782448828220367432e-01
3.649906516075134277e-01
1.661495566368103027e-01
1.145301461219787598e-01
3.170072734355926514e-01
1.333748102188110352e-01
1.048423573374748230e-01
2.666374444961547852e-01
3.608137369155883789e-01
1.672458499670028687e-01
4.140652418136596680e-01
9.843913465738296509e-02
1.341785639524459839e-01
3.597256839275360107e-01
3.674091696739196777e-01
4.615409672260284424e-02
1.349475532770156860e-01
4.870204031467437744e-01
