3.086224496364593506e-01
1.469217985868453979e-01
1.159308105707168579e-01
4.072835445404052734e-01
1.300982832908630371e-01
3.088234066963195801e-01
1.821615099906921387e-01
2.356793135404586792e-01
2.407619655132293701e-01
1.881283372640609741e-01
1.615152508020401001e-01
1.505986452102661133e-01
8.856067061424255371e-02
1.762611418962478638e-01
1.552246659994125366e-01
2.983949780464172363e-01
1.131726279854774475e-01
2.819070219993591309e-01
3.804063200950622559e-01
1.492593884468078613e-01
1.543728411197662354e-01
2.765196561813354492e-01
2.038722038269042969e-01
5.437742546200752258e-02
2.351415008306503296e-01
1.978527754545211792e-01
1.164783462882041931e-01
2.319388985633850098e-01
1.377348601818084717e-01
9.226787090301513672e-02
7.463067024946212769e-02
1.039106845855712891e-01
3.449524194002151489e-02
2.526986598968505859e-01
3.163988590240478516e-01
2.400266230106353760e-01
4.371664226055145264e-01
1.613430529832839966e-01
2.762426733970642090e-01
5.401391386985778809e-01
1.722615212202072144e-01
2.592312991619110107e-01
1.225117743015289307e-01
1.810265630483627319e-01
8.426919579505920410e-02
1.341719031333923340e-01
1.773471534252166748e-01
2.236003875732421875e-01
1.135398745536804199e-01
8.161562681198120117e-02
9.184347093105316162e-02
1.972583830356597900e-01
2.382662296295166016e-01
3.694878146052360535e-02
8.454611897468566895e-02
1.258533746004104614e-01
2.587543427944183350e-01
1.458612084388732910e-01
3.575309813022613525e-01
1.729911565780639648e-01
2.996269762516021729e-01
1.052045971155166626e-01
6.286966800689697266e-02
3.276184201240539551e-01
1.901452541351318359e-01
1.123344302177429199e-01
1.589801907539367676e-01
2.557612359523773193e-01
1.692891269922256470e-01
1.841318011283874512e-01
6.579657644033432007e-02
9.326434135437011719e-02
4.193719476461410522e-02
1.540162563323974609e-01
1.775091737508773804e-01
4.414825141429901123e-01
1.193158328533172607e-01
5.254595726728439331e-02
1.225090175867080688e-01
1.595594286918640137e-01
2.064461559057235718e-01
2.583660185337066650e-01
1.143969446420669556e-01
3.044202029705047607e-01
1.130375117063522339e-01
2.563850283622741699e-01
3.043462634086608887e-01
2.288137674331665039e-01
1.169866770505905151e-01
9.635753929615020752e-02
1.323077827692031860e-01
4.284981638193130493e-02
8.318856358528137207e-02
1.650280207395553589e-01
1.597545146942138672e-01
2.332119643688201904e-01
1.792524904012680054e-01
3.126969635486602783e-01
2.724203765392303467e-01
2.182422280311584473e-01
4.136342406272888184e-01
1.532288640737533569e-01
5.442811250686645508e-01
2.508584856986999512e-01
1.187995374202728271e-01
3.639362454414367676e-01
1.099777072668075562e-01
1.012022197246551514e-01
8.857688307762145996e-02
1.886010169982910156e-01
1.349615454673767090e-01
1.292932927608489990e-01
2.235803008079528809e-01
2.794529199600219727e-01
3.672520220279693604e-01
9.137285500764846802e-02
8.636213093996047974e-02
1.334201395511627197e-01
1.371144354343414307e-01
1.309250891208648682e-01
2.561681568622589111e-01
7.809056341648101807e-02
1.025528162717819214e-01
3.211032152175903320e-01
1.197630167007446289e-01
7.821504771709442139e-02
7.678638398647308350e-02
1.308659464120864868e-01
2.488918453454971313e-01
9.090827405452728271e-02
1.096658110618591309e-01
6.391096860170364380e-02
2.996405065059661865e-01
2.359656393527984619e-01
9.832199662923812866e-02
1.383712440729141235e-01
4.317530989646911621e-01
1.512025594711303711e-01
2.586852908134460449e-01
3.102824091911315918e-01
4.505194425582885742e-01
1.245338469743728638e-01
1.930976212024688721e-01
2.139370441436767578e-01
7.813853025436401367e-02
3.939492106437683105e-01
1.646566092967987061e-01
5.774946510791778564e-02
2.246708273887634277e-01
3.477920219302177429e-02
2.039589583873748779e-01
7.982463389635086060e-02
3.003996796905994415e-02
2.087819427251815796e-01
5.517581477761268616e-02
1.631301268935203552e-02
1.054853796958923340e-01
4.066337645053863525e-02
5.678669214248657227e-01
2.430956065654754639e-01
6.966830790042877197e-02
3.695189654827117920e-01
3.647115826606750488e-01
3.112224042415618896e-01
3.715462386608123779e-01
2.180047929286956787e-01
4.776585400104522705e-01
3.393954038619995117e-01
3.409307301044464111e-01
2.569835484027862549e-01
2.202149927616119385e-01
8.959876000881195068e-02
2.173841148614883423e-01
1.194996088743209839e-01
2.093102782964706421e-01
1.410718560218811035e-01
2.728037238121032715e-01
3.576915860176086426e-01
1.129971295595169067e-01
1.983155906200408936e-01
5.227720141410827637e-01
5.341708660125732422e-01
9.787305444478988647e-02
5.059350132942199707e-01
6.241822838783264160e-01
3.055043220520019531e-01
2.487805485725402832e-01
2.176452577114105225e-01
4.705576896667480469e-01
3.652503788471221924e-01
2.020827978849411011e-01
3.930013179779052734e-01
1.676553189754486084e-01
1.409413814544677734e-01
3.042201101779937744e-01
3.965158462524414062e-01
2.071475088596343994e-01
8.681796491146087646e-02
1.546383500099182129e-01
6.705026328563690186e-02
2.324896454811096191e-01
1.690096110105514526e-01
1.436581909656524658e-01
1.067707166075706482e-01
9.169219434261322021e-02
1.934520602226257324e-01
3.232875466346740723e-01
3.088608384132385254e-01
1.804393827915191650e-01
1.633604466915130615e-01
1.780924499034881592e-01
1.015129089355468750e-01
2.757173776626586914e-01
2.231812477111816406e-01
3.859402537345886230e-01
1.624188125133514404e-01
3.350642323493957520e-01
1.664109975099563599e-01
1.487059146165847778e-01
1.601108312606811523e-01
2.026551663875579834e-01
1.599156558513641357e-01
1.719603538513183594e-01
2.633926570415496826e-01
4.720966517925262451e-01
1.324340701103210449e-01
8.687956631183624268e-02
1.679566204547882080e-01
8.699869364500045776e-02
2.013598382472991943e-01
2.320837527513504028e-01
9.859739243984222412e-02
3.715316951274871826e-01
1.409626603126525879e-01
2.126445919275283813e-01
5.028904229402542114e-02
2.769334316253662109e-01
2.605203688144683838e-01
2.598777413368225098e-01
2.616797685623168945e-01
3.132079243659973145e-01
1.181492879986763000e-01
1.500268280506134033e-01
8.410912752151489258e-02
1.132730767130851746e-01
2.963708937168121338e-01
1.900457590818405151e-01
3.284089565277099609e-01
1.153518036007881165e-01
7.641166448593139648e-02
4.272179901599884033e-01
3.104557693004608154e-01
2.371969521045684814e-01
1.703851222991943359e-01
1.248251497745513916e-01
1.063501015305519104e-01
2.485739737749099731e-01
3.251446783542633057e-01
4.278939068317413330e-01
4.219798445701599121e-01
5.196050405502319336e-01
3.227494359016418457e-01
2.770561575889587402e-01
2.643701136112213135e-01
3.607035875320434570e-01
1.920572221279144287e-01
1.018574833869934082e-01
6.097702682018280029e-02
1.982972025871276855e-01
2.847264707088470459e-01
1.120875626802444458e-01
1.984211802482604980e-01
1.489498615264892578e-01
1.938622295856475830e-01
8.626397699117660522e-02
5.785676836967468262e-02
5.442140698432922363e-01
2.019064575433731079e-01
2.630821466445922852e-01
5.945039987564086914e-01
1.508383601903915405e-01
1.838236749172210693e-01
1.564789414405822754e-01
4.079938232898712158e-01
2.849627733230590820e-01
2.443026006221771240e-01
2.786320149898529053e-01
1.528470069169998169e-01
2.908611297607421875e-01
2.618824541568756104e-01
1.704119145870208740e-01
2.784011065959930420e-01
1.186176389455795288e-01
1.441996991634368896e-01
1.158680543303489685e-01
4.206520915031433105e-01
2.821740210056304932e-01
7.483671605587005615e-02
2.720324099063873291e-01
1.711987257003784180e-01
1.607629209756851196e-01
3.224617540836334229e-01
2.664766907691955566e-01
1.682514548301696777e-01
3.867080807685852051e-01
3.975545763969421387e-01
1.469361782073974609e-01
1.816069185733795166e-01
1.782688200473785400e-01
3.087843060493469238e-01
1.380148231983184814e-01
2.561903893947601318e-01
2.604010999202728271e-01
1.653172969818115234e-01
2.882833220064640045e-02
2.064219713211059570e-01
2.528705894947052002e-01
2.470315843820571899e-01
1.559750586748123169e-01
3.184282183647155762e-01
1.407435834407806396e-01
7.687979936599731445e-02
8.746013045310974121e-02
1.164135187864303589e-01
1.857374161481857300e-01
3.563296198844909668e-01
3.226144313812255859e-01
1.296149045228958130e-01
2.594974637031555176e-01
2.465168535709381104e-01
5.063266754150390625e-01
2.626054286956787109e-01
1.520920991897583008e-01
1.403023898601531982e-01
1.499583274126052856e-01
9.986481815576553345e-02
1.370795667171478271e-01
4.169451892375946045e-01
3.576997518539428711e-01
4.434095323085784912e-01
1.578824222087860107e-01
1.102636009454727173e-01
3.623728752136230469e-01
2.289322316646575928e-01
1.472139656543731689e-01
6.050048023462295532e-02
2.219799757003784180e-01
6.398548185825347900e-02
1.365730166435241699e-01
2.427522093057632446e-01
3.007039725780487061e-01
1.901792734861373901e-01
1.747928261756896973e-01
2.264753431081771851e-01
3.055419623851776123e-01
4.657167196273803711e-01
2.084015160799026489e-01
1.870355308055877686e-01
2.532654404640197754e-01
9.366427361965179443e-02
2.652848064899444580e-01
9.847295284271240234e-02
1.167266070842742920e-01
1.039930880069732666e-01
7.020395994186401367e-02
2.175906598567962646e-01
3.782937526702880859e-01
1.357814967632293701e-01
1.262999624013900757e-01
2.012466788291931152e-01
1.461468786001205444e-01
1.283969879150390625e-01
1.693470031023025513e-01
1.409832984209060669e-01
1.021010279655456543e-01
1.428448855876922607e-01
1.643368005752563477e-01
8.475170284509658813e-02
6.315262615680694580e-02
1.602405458688735962e-01
1.558991223573684692e-01
1.244643330574035645e-01
2.891814410686492920e-01
3.920468091964721680e-01
1.439835876226425171e-01
8.520114421844482422e-02
3.844142854213714600e-01
3.207897394895553589e-02
1.209657415747642517e-01
1.965293884277343750e-01
1.032287329435348511e-01
3.358982801437377930e-01
1.939361542463302612e-01
1.583970040082931519e-01
1.003913432359695435e-01
2.549533843994140625e-01
2.258012443780899048e-01
9.511833637952804565e-02
1.417390406131744385e-01
1.307938694953918457e-01
3.745453655719757080e-01
1.208887845277786255e-01
5.284485816955566406e-01
3.722275793552398682e-01
7.325462698936462402e-01
1.792158037424087524e-01
1.613682955503463745e-01
1.028418317437171936e-01
2.887740135192871094e-01
1.554936766624450684e-01
2.508301138877868652e-01
1.629894673824310303e-01
2.929301261901855469e-01
1.403322666883468628e-01
9.714604169130325317e-02
2.232873439788818359e-01
1.644744724035263062e-01
2.540351450443267822e-01
2.148137092590332031e-01
8.105060458183288574e-02
1.686008721590042114e-01
2.371298968791961670e-01
2.288671731948852539e-01
1.503354310989379883e-01
1.794487237930297852e-01
2.644679248332977295e-01
1.982817649841308594e-01
2.142722904682159424e-01
2.179367542266845703e-01
2.323217093944549561e-01
1.022956445813179016e-01
1.024535894393920898e-01
2.429861724376678467e-01
6.032619252800941467e-02
1.917774826288223267e-01
2.748346626758575439e-01
2.015390396118164062e-01
3.089798390865325928e-01
2.493875920772552490e-01
2.241944968700408936e-01
3.621602058410644531e-01
5.690634995698928833e-02
2.504585385322570801e-01
1.542936265468597412e-01
1.737340241670608521e-01
5.670410022139549255e-02
3.057321012020111084e-01
1.130026131868362427e-01
1.384980529546737671e-01
1.610487401485443115e-01
1.508174240589141846e-01
9.072760492563247681e-02
7.805979996919631958e-02
1.034631729125976562e-01
7.298969477415084839e-02
2.975477576255798340e-01
2.939628362655639648e-01
2.096591591835021973e-01
5.671462789177894592e-02
1.454848349094390869e-01
2.043681740760803223e-01
2.392179965972900391e-01
2.687763571739196777e-01
2.699865400791168213e-01
2.224642932415008545e-01
2.846589684486389160e-01
3.066486418247222900e-01
1.382381916046142578e-01
2.069596648216247559e-01
5.397217348217964172e-02
7.649029046297073364e-02
8.606188744306564331e-02
1.975639611482620239e-01
1.294455379247665405e-01
4.992627203464508057e-01
1.523924022912979126e-01
1.738878786563873291e-01
2.277898937463760376e-01
1.394031494855880737e-01
3.100996017456054688e-01
1.089356392621994019e-01
1.195012405514717102e-01
2.326243966817855835e-01
1.342701315879821777e-01
4.034731984138488770e-01
6.700094789266586304e-02
3.147576749324798584e-01
2.911515831947326660e-01
1.551040261983871460e-01
2.696495652198791504e-01
1.254408955574035645e-01
3.115188777446746826e-01
2.487704604864120483e-01
3.251240849494934082e-01
3.708003163337707520e-01
2.319485545158386230e-01
2.750896811485290527e-01
3.505194783210754395e-01
6.507056355476379395e-01
6.886174082756042480e-01
1.376260370016098022e-01
3.699799776077270508e-01
2.076823115348815918e-01
3.722066283226013184e-01
2.800599336624145508e-01
3.521925508975982666e-01
3.941020369529724121e-01
2.477851808071136475e-01
4.279011785984039307e-01
2.675174474716186523e-01
1.762935817241668701e-01
2.213045209646224976e-01
4.311677217483520508e-01
1.284942626953125000e-01
1.128774732351303101e-01
1.681955605745315552e-01
2.669154107570648193e-01
2.001979947090148926e-01
3.779330849647521973e-01
3.784909546375274658e-01
1.986194103956222534e-01
2.230501770973205566e-01
1.477485001087188721e-01
1.417817026376724243e-01
2.213479429483413696e-01
1.288621723651885986e-01
9.140612930059432983e-02
1.894302368164062500e-01
1.492531895637512207e-01
6.145646572113037109e-01
2.028213739395141602e-01
2.177139222621917725e-01
3.026864528656005859e-01
2.929528951644897461e-01
6.863365322351455688e-02
9.001254290342330933e-02
1.160855442285537720e-01
2.482031583786010742e-01
1.220464706420898438e-01
7.973927259445190430e-02
1.852505654096603394e-01
2.868541181087493896e-01
1.499406695365905762e-01
1.390328705310821533e-01
2.938848733901977539e-01
1.336577534675598145e-01
1.009748578071594238e-01
4.031326770782470703e-01
1.981691718101501465e-01
1.456062793731689453e-01
2.337895035743713379e-01
9.211610257625579834e-02
1.179798021912574768e-01
2.265317589044570923e-01
1.858459711074829102e-01
4.424777626991271973e-02
4.612520933151245117e-01
2.126381844282150269e-01
1.581291556358337402e-01
2.724396288394927979e-01
2.087596058845520020e-01
1.839941740036010742e-01
6.688465923070907593e-02
2.117075175046920776e-01
2.408159673213958740e-01
5.035620182752609253e-02
3.095881938934326172e-01
1.607749760150909424e-01
5.921522155404090881e-02
7.114627212285995483e-02
1.091674938797950745e-01
1.036556512117385864e-01
4.759809747338294983e-02
5.115127563476562500e-02
2.917501032352447510e-01
7.686795294284820557e-02
1.266332566738128662e-01
3.031350076198577881e-01
2.575657963752746582e-01
5.344194546341896057e-02
1.255510449409484863e-01
1.396298855543136597e-01
3.144212365150451660e-01
2.648016512393951416e-01
2.997030615806579590e-01
8.856582641601562500e-02
1.387076973915100098e-01
8.897860348224639893e-02
2.037551105022430420e-01
1.371085047721862793e-01
8.385497331619262695e-02
2.266419678926467896e-01
1.042458266019821167e-01
3.922323882579803467e-02
1.703042834997177124e-01
3.314390778541564941e-01
9.817475080490112305e-02
1.560023576021194458e-01
2.252837717533111572e-01
1.170237511396408081e-01
2.465066909790039062e-01
6.499941647052764893e-02
9.175854176282882690e-02
2.735430002212524414e-01
2.018762230873107910e-01
2.265164554119110107e-01
2.847340106964111328e-01
2.089381515979766846e-01
7.467360049486160278e-02
1.046960800886154175e-01
2.578436732292175293e-01
9.432989358901977539e-02
1.176382005214691162e-01
1.127138435840606689e-01
3.919959664344787598e-01
1.804486364126205444e-01
1.921301633119583130e-01
9.564206004142761230e-02
5.748122930526733398e-02
2.586204111576080322e-01
1.320122778415679932e-01
4.323072433471679688e-01
1.172307059168815613e-01
7.182471454143524170e-02
1.566883027553558350e-01
3.446395993232727051e-01
2.107704132795333862e-01
6.559216976165771484e-02
2.058172523975372314e-01
3.528390079736709595e-02
2.036840617656707764e-01
1.097386553883552551e-01
1.142983660101890564e-01
8.371611684560775757e-02
1.062830537557601929e-01
1.533327400684356689e-01
3.934445679187774658e-01
1.330079138278961182e-01
2.747824788093566895e-01
2.245318293571472168e-01
2.460976094007492065e-01
1.913296282291412354e-01
3.976986557245254517e-02
2.447494268417358398e-01
1.259811520576477051e-01
2.006268650293350220e-01
1.893056631088256836e-01
9.966102242469787598e-02
1.441662758588790894e-01
1.570279002189636230e-01
1.097852140665054321e-01
1.485034227371215820e-01
1.807192564010620117e-01
1.908921599388122559e-01
1.624680757522583008e-01
8.110115677118301392e-02
4.070319980382919312e-02
1.746165454387664795e-01
1.225863546133041382e-01
8.724645525217056274e-02
3.036686182022094727e-01
4.941710829734802246e-02
2.556254863739013672e-01
4.871339201927185059e-01
3.590134680271148682e-01
2.155417799949645996e-01
4.230715706944465637e-02
7.913321256637573242e-02
1.193421930074691772e-01
2.928728461265563965e-01
2.212693691253662109e-01
8.282581716775894165e-02
1.102527976036071777e-01
1.409524530172348022e-01
4.277276694774627686e-01
3.424339294433593750e-01
1.052534133195877075e-01
3.243644833564758301e-01
2.557294368743896484e-01
2.052437663078308105e-01
2.483218610286712646e-01
2.167761623859405518e-01
2.588214278221130371e-01
5.491994619369506836e-01
1.248063221573829651e-01
1.228887513279914856e-01
1.221450641751289368e-01
2.786170840263366699e-01
2.920526862144470215e-01
2.225066274404525757e-01
1.905122101306915283e-01
2.303187251091003418e-01
2.099123001098632812e-01
1.863172352313995361e-01
3.828640878200531006e-01
3.101976513862609863e-01
1.160409003496170044e-01
1.425659656524658203e-01
1.025056466460227966e-01
1.872586905956268311e-01
1.226705461740493774e-01
8.468234539031982422e-02
9.893083572387695312e-02
1.820481866598129272e-01
2.895029187202453613e-01
3.391432017087936401e-02
6.636355817317962646e-02
2.227502018213272095e-01
2.185124754905700684e-01
1.565733999013900757e-01
2.443120330572128296e-01
3.841161131858825684e-01
3.703355491161346436e-01
1.675317436456680298e-01
1.797710955142974854e-01
1.782919764518737793e-01
1.222474128007888794e-01
3.332791626453399658e-01
4.794871807098388672e-02
1.256543099880218506e-01
2.351233661174774170e-01
1.207606196403503418e-01
1.651755273342132568e-01
2.787236869335174561e-01
2.354675382375717163e-01
2.694532275199890137e-01
2.044993340969085693e-01
1.214517802000045776e-01
3.872951269149780273e-01
1.741218119859695435e-01
2.973772287368774414e-01
2.767262756824493408e-01
3.650187551975250244e-01
1.517912596464157104e-01
1.267274022102355957e-01
3.972276449203491211e-01
2.965381741523742676e-01
2.974315881729125977e-01
2.432387769222259521e-01
2.178581058979034424e-01
2.208664417266845703e-01
3.289223909378051758e-01
2.251007854938507080e-01
2.442239522933959961e-01
2.502664625644683838e-01
2.866574525833129883e-01
1.778391301631927490e-01
3.087754249572753906e-01
2.046195566654205322e-01
2.711261510848999023e-01
2.137605845928192139e-01
1.837947666645050049e-01
1.099421307444572449e-01
3.489792048931121826e-01
2.206466943025588989e-01
3.492892980575561523e-01
1.284486949443817139e-01
1.787251979112625122e-01
8.243680000305175781e-02
1.045833081007003784e-01
1.430377066135406494e-01
1.191773414611816406e-01
5.366898328065872192e-02
2.034414112567901611e-01
3.492515087127685547e-01
1.398727893829345703e-01
2.457586377859115601e-01
2.199893593788146973e-01
1.514222919940948486e-01
2.524384856224060059e-01
2.684340178966522217e-01
7.013900578022003174e-02
7.686423510313034058e-02
1.597218513488769531e-01
2.462394088506698608e-01
1.852709650993347168e-01
1.752247810363769531e-01
2.423703074455261230e-01
1.820749938488006592e-01
3.660634160041809082e-01
1.538984328508377075e-01
6.912314146757125854e-02
2.821539044380187988e-01
8.142438530921936035e-02
1.405689865350723267e-01
1.127488613128662109e-01
5.024122074246406555e-02
4.234937578439712524e-02
2.426585406064987183e-01
2.092324942350387573e-01
1.681106090545654297e-01
1.109288111329078674e-01
2.528723776340484619e-01
2.534179389476776123e-01
1.980801224708557129e-01
2.996804118156433105e-01
1.545590013265609741e-01
3.874673545360565186e-01
1.110821217298507690e-01
2.287866473197937012e-01
8.657975494861602783e-02
2.639508545398712158e-01
5.543722212314605713e-02
2.543762922286987305e-01
6.729869544506072998e-02
2.181922495365142822e-01
9.011375904083251953e-02
1.788604706525802612e-01
2.335619926452636719e-01
1.710674315690994263e-01
2.374523282051086426e-01
1.232604086399078369e-01
1.517973542213439941e-01
1.107355058193206787e-01
2.529765367507934570e-01
4.101589620113372803e-01
6.509568542242050171e-02
3.776677846908569336e-01
3.293223977088928223e-01
1.211953759193420410e-01
4.622402787208557129e-02
4.945803284645080566e-01
9.365365654230117798e-02
2.317160367965698242e-01
1.565831303596496582e-01
2.021758705377578735e-01
8.676685392856597900e-02
1.971340775489807129e-01
3.425918221473693848e-01
2.223292887210845947e-01
3.404348194599151611e-01
1.958994716405868530e-01
3.786671161651611328e-01
1.583108752965927124e-01
3.303253650665283203e-01
2.266770899295806885e-01
4.124464392662048340e-01
1.003783270716667175e-01
1.222307533025741577e-01
4.326834082603454590e-01
1.301039010286331177e-01
1.476784646511077881e-01
1.933585554361343384e-01
7.984404265880584717e-02
9.799923002719879150e-02
1.957010775804519653e-01
1.364619582891464233e-01
1.067789867520332336e-01
1.084533482789993286e-01
1.695723980665206909e-01
4.124686121940612793e-01
2.209007926285266876e-02
2.958588898181915283e-01
8.823545277118682861e-02
1.568043977022171021e-01
1.676001250743865967e-01
1.253643035888671875e-01
6.031648814678192139e-02
7.669939100742340088e-02
2.306271493434906006e-01
2.998507618904113770e-01
3.690383434295654297e-01
1.509354412555694580e-01
1.036927029490470886e-01
9.429637342691421509e-02
1.584166139364242554e-01
2.775377035140991211e-01
9.170974791049957275e-02
4.151140898466110229e-02
2.066660821437835693e-01
8.291012048721313477e-02
8.215466141700744629e-02
1.114455908536911011e-01
2.971187978982925415e-02
2.777960598468780518e-01
2.562816143035888672e-01
2.969869412481784821e-02
2.457637190818786621e-01
1.049358025193214417e-01
4.125628992915153503e-02
1.997487545013427734e-01
1.835369020700454712e-01
4.422675371170043945e-01
1.691061407327651978e-01
8.972864598035812378e-02
2.815301418304443359e-01
1.453496217727661133e-01
6.747645884752273560e-02
2.085179537534713745e-01
6.647397577762603760e-02
1.853537410497665405e-01
2.106620967388153076e-01
6.658358871936798096e-02
9.090535342693328857e-02
1.835402101278305054e-01
1.428364366292953491e-01
3.292405605316162109e-01
3.870777487754821777e-01
2.111198455095291138e-01
1.144619211554527283e-01
1.621792763471603394e-01
1.852321922779083252e-01
1.103829294443130493e-01
2.287557572126388550e-01
1.651994884014129639e-01
9.657815098762512207e-02
8.543863147497177124e-02
2.406070232391357422e-01
2.760067284107208252e-01
4.216802120208740234e-01
8.627790957689285278e-02
2.552982568740844727e-01
2.553788423538208008e-01
9.841147065162658691e-02
1.161683052778244019e-01
1.323255896568298340e-01
9.318570792675018311e-02
1.865732371807098389e-01
1.966163963079452515e-01
1.439938992261886597e-01
1.296951174736022949e-01
3.770765364170074463e-01
5.773028731346130371e-02
4.132660627365112305e-01
6.981211900711059570e-02
1.172790601849555969e-01
2.701583504676818848e-01
2.655354142189025879e-01
2.070391774177551270e-01
1.171995028853416443e-01
4.027534276247024536e-02
6.062527745962142944e-02
2.355044186115264893e-01
1.706465333700180054e-01
2.699750363826751709e-01
2.478206753730773926e-01
1.597065925598144531e-01
7.311425358057022095e-02
1.707861721515655518e-01
8.704783022403717041e-02
2.087994813919067383e-01
2.329820990562438965e-01
1.334416568279266357e-01
2.848519384860992432e-01
1.190752685070037842e-01
2.859833538532257080e-01
2.057130336761474609e-01
2.386853992938995361e-01
4.875135049223899841e-02
2.676728963851928711e-01
6.551005840301513672e-01
1.566310822963714600e-01
1.751103699207305908e-01
2.497950792312622070e-01
1.829630434513092041e-01
7.626296579837799072e-02
1.288839131593704224e-01
1.292361915111541748e-01
1.020107567310333252e-01
9.889696538448333740e-02
1.249224767088890076e-01
5.007455497980117798e-02
2.236587703227996826e-01
9.344214200973510742e-02
1.890249550342559814e-01
2.864107191562652588e-01
5.191849172115325928e-02
2.713338732719421387e-01
7.580560445785522461e-02
1.334394812583923340e-01
1.983778178691864014e-01
5.183110013604164124e-02
3.923400640487670898e-01
5.838292837142944336e-02
6.860188245773315430e-01
2.299482226371765137e-01
1.169729977846145630e-01
1.436721831560134888e-01
1.807225644588470459e-01
1.510247439146041870e-01
1.877826303243637085e-01
5.882870778441429138e-02
2.974801361560821533e-01
4.699473977088928223e-01
1.958449184894561768e-01
3.374674916267395020e-01
2.965501844882965088e-01
7.156320661306381226e-02
1.937806010246276855e-01
1.014960780739784241e-01
4.012354016304016113e-01
2.376923561096191406e-01
4.923955351114273071e-02
1.749840378761291504e-01
1.203283816576004028e-01
1.903192400932312012e-01
1.644316315650939941e-01
2.952767312526702881e-01
1.355645954608917236e-01
2.572253346443176270e-01
3.734066486358642578e-01
1.767506003379821777e-01
3.899949789047241211e-01
1.084424555301666260e-01
1.673800945281982422e-01
1.381836533546447754e-01
2.420787811279296875e-01
1.616211533546447754e-01
1.033290475606918335e-01
3.451533615589141846e-01
3.550164103507995605e-01
2.924595475196838379e-01
2.899796664714813232e-01
1.848435401916503906e-01
2.508428096771240234e-01
1.240285634994506836e-01
2.517858445644378662e-01
1.973844021558761597e-01
1.301785260438919067e-01
1.802760064601898193e-01
1.508272588253021240e-01
8.170308917760848999e-02
6.618940830230712891e-02
1.847175955772399902e-01
1.561571806669235229e-01
1.085684150457382202e-01
1.288844794034957886e-01
4.947258830070495605e-01
2.004914432764053345e-01
5.812035501003265381e-02
1.463958323001861572e-01
5.457819998264312744e-02
2.816123664379119873e-01
7.026158273220062256e-02
6.704420596361160278e-02
3.412310406565666199e-02
1.775137633085250854e-01
1.014807522296905518e-01
8.491918444633483887e-02
1.092818230390548706e-01
3.274819850921630859e-01
1.772642135620117188e-02
1.544126719236373901e-01
2.890278100967407227e-01
2.906039357185363770e-01
1.956123113632202148e-01
1.219954192638397217e-01
6.345735490322113037e-02
2.990974783897399902e-01
1.009555608034133911e-01
2.336332499980926514e-01
5.983945354819297791e-02
2.908719480037689209e-01
1.902083158493041992e-01
5.082271248102188110e-02
2.050014138221740723e-01
1.203379631042480469e-01
1.296231895685195923e-01
4.960111528635025024e-02
4.264616370201110840e-01
1.937284469604492188e-01
2.180562615394592285e-01
1.871606856584548950e-01
5.939491093158721924e-02
1.900645196437835693e-01
2.888024151325225830e-01
2.070209234952926636e-01
1.392224580049514771e-01
3.230043351650238037e-01
8.439490944147109985e-02
9.120405465364456177e-02
4.481911361217498779e-01
1.046990677714347839e-01
4.787074029445648193e-02
8.630915731191635132e-02
2.039763629436492920e-01
1.200388222932815552e-01
2.686715126037597656e-01
2.273821830749511719e-01
6.937948614358901978e-02
1.608027517795562744e-01
3.536637872457504272e-02
1.464793384075164795e-01
3.993098139762878418e-01
1.407985687255859375e-01
3.325003758072853088e-02
1.637369096279144287e-01
3.996051475405693054e-02
1.164726540446281433e-01
5.032912641763687134e-02
1.445570290088653564e-01
2.078725844621658325e-01
1.810426861047744751e-01
1.614075899124145508e-01
2.033116519451141357e-01
1.818225085735321045e-01
9.887282550334930420e-02
4.826565086841583252e-01
1.644084155559539795e-01
1.800881326198577881e-01
2.283932119607925415e-01
1.205380856990814209e-01
1.755765825510025024e-01
1.026138737797737122e-01
1.847459971904754639e-01
1.836490333080291748e-01
2.835978865623474121e-01
1.879520416259765625e-01
1.104285120964050293e-01
4.889625310897827148e-02
2.085347771644592285e-01
1.387032717466354370e-01
9.970095008611679077e-02
2.149506509304046631e-01
3.382276296615600586e-01
1.325689554214477539e-01
2.502616047859191895e-01
1.378967612981796265e-01
1.167869865894317627e-01
2.586498558521270752e-01
1.427137553691864014e-01
7.276935875415802002e-02
2.438230514526367188e-01
2.615791559219360352e-01
1.138689368963241577e-01
1.272570788860321045e-01
8.900794386863708496e-02
2.189474701881408691e-01
9.310798346996307373e-02
5.975233763456344604e-02
2.096589803695678711e-01
1.809628903865814209e-01
2.367287874221801758e-01
8.641669899225234985e-02
1.639254093170166016e-01
2.758273780345916748e-01
8.769661188125610352e-02
1.635155975818634033e-01
2.734946459531784058e-02
3.116169869899749756e-01
8.017672598361968994e-02
1.434986740350723267e-01
2.515405416488647461e-01
1.483352929353713989e-01
4.742514342069625854e-02
2.732144594192504883e-01
1.262718290090560913e-01
1.360910832881927490e-01
2.883878648281097412e-01
4.499067664146423340e-01
4.116708636283874512e-01
1.612354367971420288e-01
2.069414854049682617e-01
2.663788795471191406e-01
1.606984734535217285e-01
1.347217708826065063e-01
2.772065997123718262e-01
2.767112553119659424e-01
3.543972074985504150e-01
2.361967414617538452e-01
3.429922163486480713e-01
3.483026027679443359e-01
2.012529224157333374e-01
3.135301172733306885e-01
2.143648564815521240e-01
1.811087727546691895e-01
2.242595851421356201e-01
1.775656044483184814e-01
2.186454832553863525e-01
1.951104253530502319e-01
2.311612069606781006e-01
1.798101067543029785e-01
1.760990321636199951e-01
1.463195085525512695e-01
1.347166597843170166e-01
4.667603969573974609e-01
1.166915446519851685e-01
1.093546152114868164e-01
1.942978054285049438e-01
2.127349376678466797e-01
1.086257994174957275e-01
1.133058592677116394e-01
1.935929656028747559e-01
1.288511902093887329e-01
2.409127205610275269e-01
4.572443962097167969e-01
2.124766707420349121e-01
1.271508038043975830e-01
3.275288343429565430e-01
2.207372784614562988e-01
2.092756778001785278e-01
7.187923789024353027e-02
1.523939967155456543e-01
3.518552184104919434e-01
2.770432233810424805e-01
1.984212100505828857e-01
1.099605709314346313e-01
3.381583392620086670e-01
1.399318873882293701e-01
1.893855631351470947e-01
1.458295434713363647e-01
3.642989695072174072e-02
9.633234888315200806e-02
3.951359391212463379e-01
1.327333450317382812e-01
1.949270665645599365e-01
2.751808166503906250e-01
9.992670267820358276e-02
2.262344956398010254e-01
1.705050319433212280e-01
2.593833506107330322e-01
1.022356599569320679e-01
4.281424880027770996e-01
3.158966302871704102e-01
6.492481380701065063e-02
2.615327835083007812e-01
4.433580487966537476e-02
1.584631502628326416e-01
7.416687905788421631e-02
2.030875980854034424e-01
2.678196504712104797e-02
1.533378660678863525e-01
2.899092435836791992e-01
1.716155409812927246e-01
2.326044142246246338e-01
1.135398447513580322e-01
1.350318044424057007e-01
2.947482466697692871e-01
2.831477522850036621e-01
1.838037520647048950e-01
1.195384785532951355e-01
3.326572179794311523e-01
1.739257574081420898e-01
2.607545256614685059e-01
3.031982183456420898e-01
1.935481131076812744e-01
8.407038450241088867e-02
1.144550442695617676e-01
1.231830492615699768e-01
9.435182064771652222e-02
3.549104928970336914e-01
1.233349144458770752e-01
1.465954184532165527e-01
4.052639305591583252e-01
3.408094644546508789e-01
6.064234301447868347e-02
