1.808669269084930420e-01
2.288365513086318970e-01
3.373998701572418213e-01
2.733069360256195068e-01
2.229614704847335815e-01
2.822924256324768066e-01
5.723981857299804688e-01
1.632949113845825195e-01
3.763480782508850098e-01
4.540628790855407715e-01
3.984323143959045410e-01
3.420925736427307129e-01
1.768696904182434082e-01
1.869716644287109375e-01
2.711071372032165527e-01
3.112125396728515625e-01
2.191688865423202515e-01
2.113403677940368652e-01
2.909300923347473145e-01
3.049616217613220215e-01
1.711066365242004395e-01
1.446551382541656494e-01
3.902007043361663818e-01
3.204959630966186523e-01
2.146759331226348877e-01
1.110633835196495056e-01
2.748911082744598389e-01
2.243728786706924438e-01
3.833712935447692871e-01
3.424699902534484863e-01
5.290933251380920410e-01
6.302530169486999512e-01
1.594898253679275513e-01
1.933507770299911499e-01
3.281072974205017090e-01
1.711326688528060913e-01
3.446271419525146484e-01
3.924826085567474365e-01
2.266262471675872803e-01
2.290689647197723389e-01
2.315347939729690552e-01
5.891196727752685547e-01
3.619072437286376953e-01
2.800392508506774902e-01
2.548745870590209961e-01
4.658455848693847656e-01
1.097956299781799316e-01
3.050872385501861572e-01
2.855485677719116211e-01
3.566511273384094238e-01
5.457009673118591309e-01
5.794587731361389160e-01
1.327934712171554565e-01
3.093784749507904053e-01
1.924235820770263672e-01
1.497197151184082031e-01
2.402764856815338135e-01
1.987179815769195557e-01
2.372637242078781128e-01
2.435469031333923340e-01
2.308902889490127563e-01
6.046643257141113281e-01
3.726386725902557373e-01
4.565324783325195312e-01
3.039229214191436768e-01
2.828008830547332764e-01
3.013255000114440918e-01
2.798320353031158447e-01
2.983424365520477295e-01
4.040192067623138428e-01
2.057121843099594116e-01
3.702119886875152588e-01
3.194041848182678223e-01
1.876083463430404663e-01
2.482857555150985718e-01
3.340928554534912109e-01
1.319779306650161743e-01
4.163748621940612793e-01
2.858456969261169434e-01
2.431477010250091553e-01
5.326532125473022461e-01
4.125364422798156738e-01
3.423144221305847168e-01
2.467457503080368042e-01
2.627028822898864746e-01
2.924450039863586426e-01
3.424641788005828857e-01
3.865094184875488281e-01
1.805771887302398682e-01
3.030280172824859619e-01
1.748291105031967163e-01
3.506222665309906006e-01
3.110957145690917969e-01
2.928426563739776611e-01
2.537540793418884277e-01
4.164846539497375488e-01
3.709144592285156250e-01
1.175883188843727112e-01
2.745895385742187500e-01
4.641162753105163574e-01
5.622702836990356445e-01
3.594452142715454102e-01
2.376406937837600708e-01
2.217199057340621948e-01
9.918155521154403687e-02
2.561238408088684082e-01
4.381154179573059082e-01
3.249903321266174316e-01
4.295928776264190674e-01
2.863234281539916992e-01
1.856309175491333008e-01
7.038921117782592773e-01
1.769228130578994751e-01
2.389889359474182129e-01
2.406360357999801636e-01
2.760064303874969482e-01
2.619699835777282715e-01
7.115414738655090332e-01
1.273193657398223877e-01
3.529174625873565674e-01
1.773423850536346436e-01
3.311932682991027832e-01
9.945732355117797852e-02
3.009620010852813721e-01
2.894330620765686035e-01
3.256296217441558838e-01
2.548470497131347656e-01
1.353003680706024170e-01
3.619706928730010986e-01
2.361785024404525757e-01
5.689742565155029297e-01
3.564394712448120117e-01
2.054827511310577393e-01
2.916178703308105469e-01
3.104315400123596191e-01
6.111135482788085938e-01
2.767063975334167480e-01
2.661685943603515625e-01
2.265829741954803467e-01
3.121241331100463867e-01
2.221604883670806885e-01
4.472038447856903076e-01
1.940405815839767456e-01
3.779098391532897949e-01
5.500054955482482910e-01
3.649680614471435547e-01
2.364299744367599487e-01
2.972826361656188965e-01
3.441908955574035645e-01
2.922307848930358887e-01
1.670765131711959839e-01
2.868613004684448242e-01
1.808407455682754517e-01
2.449015974998474121e-01
4.182819128036499023e-01
4.549079537391662598e-01
4.113919734954833984e-01
4.830070137977600098e-01
4.534135460853576660e-01
6.201793551445007324e-01
1.604870408773422241e-01
4.484543502330780029e-01
2.045113742351531982e-01
4.131625890731811523e-01
4.337058365345001221e-01
3.336487710475921631e-01
2.802268564701080322e-01
4.165400266647338867e-01
2.818329930305480957e-01
3.035397529602050781e-01
2.501149773597717285e-01
2.124396711587905884e-01
8.399943113327026367e-01
1.755752861499786377e-01
2.449744194746017456e-01
1.616024672985076904e-01
4.220309853553771973e-01
1.110881119966506958e-01
2.985790967941284180e-01
1.387805640697479248e-01
2.963462471961975098e-01
2.073731124401092529e-01
3.247366547584533691e-01
3.609145283699035645e-01
3.390939235687255859e-01
5.068997144699096680e-01
3.478257060050964355e-01
2.855541706085205078e-01
2.461631447076797485e-01
2.333897650241851807e-01
2.153334021568298340e-01
2.526631951332092285e-01
2.667905986309051514e-01
3.273941874504089355e-01
4.303065538406372070e-01
3.654932677745819092e-01
4.196323752403259277e-01
2.373324781656265259e-01
2.753424644470214844e-01
2.284540832042694092e-01
3.388444781303405762e-01
3.901378214359283447e-01
4.169131517410278320e-01
2.210412323474884033e-01
3.099602460861206055e-01
2.143344134092330933e-01
3.202286362648010254e-01
3.080269098281860352e-01
1.667853742837905884e-01
1.602816432714462280e-01
2.310414612293243408e-01
3.414939045906066895e-01
1.861023306846618652e-01
1.779892891645431519e-01
1.526666581630706787e-01
3.637693822383880615e-01
3.255482316017150879e-01
5.950117707252502441e-01
3.673802316188812256e-01
2.461216598749160767e-01
4.806221425533294678e-01
2.008669376373291016e-01
1.136086136102676392e-01
3.011955320835113525e-01
2.063319981098175049e-01
2.315588742494583130e-01
3.758897185325622559e-01
2.407566308975219727e-01
6.747732758522033691e-01
3.579319715499877930e-01
1.941741406917572021e-01
3.739333450794219971e-01
2.864092588424682617e-01
3.288748264312744141e-01
2.561039626598358154e-01
5.400788784027099609e-01
2.928110361099243164e-01
1.850261986255645752e-01
1.421208679676055908e-01
2.305114120244979858e-01
3.907239437103271484e-01
1.783366799354553223e-01
5.287583470344543457e-01
4.764379262924194336e-01
2.216382324695587158e-01
2.590102255344390869e-01
2.327985167503356934e-01
3.594509363174438477e-01
8.813843727111816406e-01
2.472241520881652832e-01
1.948244273662567139e-01
2.872201204299926758e-01
2.309100627899169922e-01
3.829719722270965576e-01
2.576501965522766113e-01
4.672777354717254639e-01
4.828519225120544434e-01
2.243824303150177002e-01
3.217217326164245605e-01
3.999199867248535156e-01
3.590358495712280273e-01
4.182493686676025391e-01
1.882357001304626465e-01
2.013142406940460205e-01
3.074585795402526855e-01
2.854798436164855957e-01
4.721822738647460938e-01
2.667268514633178711e-01
3.669738173484802246e-01
3.202429413795471191e-01
1.702780574560165405e-01
3.162474334239959717e-01
3.376787006855010986e-01
1.878926604986190796e-01
4.987101554870605469e-01
3.392643630504608154e-01
3.089228868484497070e-01
2.140479683876037598e-01
2.765228748321533203e-01
1.844085305929183960e-01
4.398307204246520996e-01
4.157726466655731201e-01
1.627894192934036255e-01
4.642854928970336914e-01
3.774841427803039551e-01
2.343944907188415527e-01
2.136441320180892944e-01
2.309744805097579956e-01
1.859991252422332764e-01
1.941227912902832031e-01
9.826280176639556885e-02
2.729569971561431885e-01
1.522327065467834473e-01
2.438852488994598389e-01
3.872897028923034668e-01
1.784253716468811035e-01
2.714653015136718750e-01
3.760734796524047852e-01
3.225431442260742188e-01
2.601029574871063232e-01
1.798409521579742432e-01
2.761566936969757080e-01
4.617103636264801025e-01
2.674571275711059570e-01
2.059206962585449219e-01
1.784759163856506348e-01
3.374736011028289795e-01
2.690187096595764160e-01
2.598521709442138672e-01
3.033346235752105713e-01
4.546981453895568848e-01
2.166397571563720703e-01
3.561550080776214600e-01
2.798561751842498779e-01
2.906275987625122070e-01
1.734625250101089478e-01
2.635469436645507812e-01
8.925984799861907959e-02
4.224357604980468750e-01
3.334619402885437012e-01
1.852884292602539062e-01
1.448034048080444336e-01
3.344433307647705078e-01
2.439098656177520752e-01
4.591454192996025085e-02
2.221430242061614990e-01
3.422793149948120117e-01
2.702746987342834473e-01
2.565408051013946533e-01
5.555534362792968750e-01
1.546704620122909546e-01
3.577598333358764648e-01
2.897741198539733887e-01
5.134432315826416016e-01
1.485112011432647705e-01
1.908923685550689697e-01
1.852257251739501953e-01
4.414764046669006348e-01
2.155485302209854126e-01
2.692256867885589600e-01
2.747007310390472412e-01
4.461106061935424805e-01
4.018536508083343506e-01
1.217823848128318787e-01
5.397920608520507812e-01
2.818565368652343750e-01
4.874143302440643311e-01
2.437518537044525146e-01
2.641680836677551270e-01
2.120059132575988770e-01
2.122633755207061768e-01
1.934684067964553833e-01
4.687277674674987793e-01
1.584264189004898071e-01
3.616394698619842529e-01
2.803539633750915527e-01
2.533431053161621094e-01
3.382151126861572266e-01
4.111127853393554688e-01
3.896512985229492188e-01
4.125612974166870117e-01
4.559389650821685791e-01
2.969965338706970215e-01
3.527014553546905518e-01
1.667685955762863159e-01
6.409199237823486328e-01
2.106868028640747070e-01
3.768590688705444336e-01
5.867708921432495117e-01
4.359659552574157715e-01
2.052520811557769775e-01
1.520299017429351807e-01
9.943479299545288086e-02
1.309104859828948975e-01
3.517136275768280029e-01
2.175034731626510620e-01
2.731327712535858154e-01
3.564652800559997559e-01
2.985751628875732422e-01
3.765639662742614746e-01
4.841550588607788086e-01
3.244822323322296143e-01
5.680614709854125977e-01
3.851019740104675293e-01
3.882879614830017090e-01
4.537774324417114258e-01
1.631183624267578125e-01
4.190545082092285156e-01
2.182068824768066406e-01
3.291434049606323242e-01
2.428853213787078857e-01
1.143042743206024170e-01
2.429497390985488892e-01
1.080189198255538940e-01
1.810955256223678589e-01
2.129745483398437500e-01
2.995014190673828125e-01
2.324353903532028198e-01
2.948110103607177734e-01
1.164282858371734619e-01
1.094739511609077454e-01
2.427814900875091553e-01
4.396423399448394775e-01
2.934631705284118652e-01
2.239717841148376465e-01
1.353814452886581421e-01
2.930977046489715576e-01
3.600939512252807617e-01
3.115931153297424316e-01
1.605139225721359253e-01
1.511188149452209473e-01
2.227359712123870850e-01
2.210845649242401123e-01
3.802258968353271484e-01
3.575126528739929199e-01
3.036109209060668945e-01
2.987735569477081299e-01
4.607443213462829590e-01
2.947773337364196777e-01
2.492091953754425049e-01
2.609929442405700684e-01
6.708385348320007324e-01
4.300326704978942871e-01
3.269618153572082520e-01
3.048964738845825195e-01
2.935927808284759521e-01
3.261303305625915527e-01
3.863161206245422363e-01
1.780728399753570557e-01
3.294197320938110352e-01
2.836028337478637695e-01
2.407424449920654297e-01
2.476727962493896484e-01
2.085750102996826172e-01
5.912287831306457520e-01
2.253954857587814331e-01
3.071581721305847168e-01
2.835981845855712891e-01
1.913971602916717529e-01
1.295338124036788940e-01
1.462858766317367554e-01
2.331472635269165039e-01
1.060438379645347595e-01
3.239780664443969727e-01
2.936132550239562988e-01
4.789097905158996582e-01
3.390974402427673340e-01
2.066296935081481934e-01
3.601115345954895020e-01
1.942738145589828491e-01
4.060310721397399902e-01
1.196666583418846130e-01
5.638233423233032227e-01
2.486211061477661133e-01
3.053320944309234619e-01
2.573375105857849121e-01
2.506995201110839844e-01
1.362587660551071167e-01
1.636558473110198975e-01
3.773635923862457275e-01
3.195594549179077148e-01
1.885712891817092896e-01
6.392244994640350342e-02
3.706250190734863281e-01
2.314894795417785645e-01
3.856337666511535645e-01
1.417089700698852539e-01
1.744523644447326660e-01
1.789357364177703857e-01
3.087457120418548584e-01
2.475738525390625000e-01
1.154180467128753662e-01
2.145747244358062744e-01
2.167599648237228394e-01
2.856890559196472168e-01
3.296609222888946533e-01
1.452863216400146484e-01
1.217152848839759827e-01
1.517252326011657715e-01
1.954728960990905762e-01
2.081526517868041992e-01
3.299406170845031738e-01
1.963308453559875488e-01
2.188736200332641602e-01
2.804074883460998535e-01
3.060180842876434326e-01
2.078115642070770264e-01
6.187873482704162598e-01
5.229130983352661133e-01
3.213237822055816650e-01
2.482621073722839355e-01
1.320437192916870117e-01
2.835386097431182861e-01
3.363360762596130371e-01
3.316944241523742676e-01
3.141416907310485840e-01
2.502578198909759521e-01
2.750794887542724609e-01
4.645515978336334229e-01
3.037734925746917725e-01
2.339776456356048584e-01
2.845711410045623779e-01
2.269862741231918335e-01
3.455480933189392090e-01
3.584240674972534180e-01
1.764148175716400146e-01
2.459636181592941284e-01
2.976820170879364014e-01
2.993596494197845459e-01
3.569648265838623047e-01
4.609562754631042480e-01
2.681674063205718994e-01
2.873678505420684814e-01
2.681439816951751709e-01
2.028375267982482910e-01
3.135476112365722656e-01
3.444787263870239258e-01
4.266966581344604492e-01
2.045180797576904297e-01
2.724297046661376953e-01
2.921358644962310791e-01
2.311470508575439453e-01
3.152891993522644043e-01
4.048975706100463867e-01
4.135919213294982910e-01
1.757592856884002686e-01
5.702775120735168457e-01
1.514642834663391113e-01
2.727823853492736816e-01
1.705831885337829590e-01
2.776642739772796631e-01
3.871639370918273926e-01
2.319879978895187378e-01
2.392931729555130005e-01
5.203471183776855469e-01
2.803975343704223633e-01
4.617978930473327637e-01
3.067355751991271973e-01
5.124264359474182129e-01
2.190723121166229248e-01
2.791974544525146484e-01
3.155236542224884033e-01
3.836048841476440430e-01
3.704378902912139893e-01
3.017826080322265625e-01
1.887193918228149414e-01
2.175452113151550293e-01
1.170806437730789185e-01
1.576262414455413818e-01
1.837610006332397461e-01
4.032283723354339600e-01
2.319357693195343018e-01
2.698535919189453125e-01
4.778156578540802002e-01
2.510432004928588867e-01
2.573248445987701416e-01
2.048092633485794067e-01
4.962262809276580811e-01
1.473021805286407471e-01
3.047349452972412109e-01
1.774424314498901367e-01
1.772217005491256714e-01
3.902362287044525146e-01
2.752095758914947510e-01
4.827051758766174316e-01
1.938079744577407837e-01
2.599674463272094727e-01
4.900245070457458496e-01
2.585763931274414062e-01
1.812055706977844238e-01
3.188397288322448730e-01
1.755428612232208252e-01
1.434037089347839355e-01
2.820627093315124512e-01
2.268138229846954346e-01
3.699598908424377441e-01
2.645859420299530029e-01
2.058703303337097168e-01
1.946331113576889038e-01
3.716099858283996582e-01
4.269059300422668457e-01
7.573947906494140625e-01
1.986246556043624878e-01
1.773624271154403687e-01
7.440769076347351074e-01
3.669525086879730225e-01
2.271286547183990479e-01
2.052238285541534424e-01
3.469272553920745850e-01
2.481293380260467529e-01
3.236291408538818359e-01
3.651635944843292236e-01
2.851140201091766357e-01
2.741785943508148193e-01
2.933400869369506836e-01
3.863584995269775391e-01
2.792483568191528320e-01
4.689619243144989014e-01
4.364413022994995117e-01
2.277135848999023438e-01
2.124136984348297119e-01
3.469188213348388672e-01
1.173707395792007446e-01
1.974178254604339600e-01
2.242798507213592529e-01
2.891539335250854492e-01
2.909542918205261230e-01
1.446896195411682129e-01
2.600726485252380371e-01
5.722915530204772949e-01
2.841031849384307861e-01
2.125551849603652954e-01
2.285728901624679565e-01
2.878528535366058350e-01
3.083629012107849121e-01
4.146500229835510254e-01
3.084570169448852539e-01
3.329703807830810547e-01
2.712323069572448730e-01
2.100735157728195190e-01
3.557348549365997314e-01
3.126766085624694824e-01
3.177382946014404297e-01
4.659063220024108887e-01
3.708078861236572266e-01
2.154319584369659424e-01
3.114004135131835938e-01
2.033637911081314087e-01
3.637807965278625488e-01
2.223888486623764038e-01
2.751638889312744141e-01
5.856089591979980469e-01
3.005930185317993164e-01
2.689188420772552490e-01
1.917830258607864380e-01
1.223339289426803589e-01
2.202979326248168945e-01
1.117151230573654175e-01
2.439868599176406860e-01
2.215792834758758545e-01
1.851183623075485229e-01
2.374445647001266479e-01
1.924993395805358887e-01
2.207318395376205444e-01
3.151848316192626953e-01
5.686004161834716797e-01
2.885989844799041748e-01
3.271521925926208496e-01
1.898971498012542725e-01
1.543967425823211670e-01
1.861944198608398438e-01
4.670596718788146973e-01
3.621945679187774658e-01
4.622244238853454590e-01
4.241703748703002930e-01
3.150819540023803711e-01
4.227635562419891357e-01
3.797197937965393066e-01
1.686966121196746826e-01
4.046700596809387207e-01
4.181535243988037109e-01
1.088617816567420959e-01
4.050828516483306885e-01
9.834451228380203247e-02
4.843189120292663574e-01
1.793549358844757080e-01
2.652703523635864258e-01
2.762105166912078857e-01
3.345470428466796875e-01
2.859614491462707520e-01
2.552939057350158691e-01
4.714495539665222168e-01
2.072016745805740356e-01
1.239624172449111938e-01
1.674287021160125732e-01
1.558883786201477051e-01
3.372512459754943848e-01
2.892849743366241455e-01
3.861760199069976807e-01
1.554695367813110352e-01
2.097518146038055420e-01
4.352357387542724609e-01
2.892842888832092285e-01
2.952699959278106689e-01
3.116467297077178955e-01
2.779318690299987793e-01
2.007866799831390381e-01
3.391715884208679199e-01
3.116770386695861816e-01
2.098390311002731323e-01
3.599463701248168945e-01
3.285484015941619873e-01
2.896316945552825928e-01
1.423374116420745850e-01
2.594358623027801514e-01
2.656188905239105225e-01
3.947541117668151855e-01
2.364427298307418823e-01
1.757423877716064453e-01
3.660404086112976074e-01
2.405575513839721680e-01
2.007103413343429565e-01
1.264065206050872803e-01
3.952372372150421143e-01
2.789797782897949219e-01
1.580157428979873657e-01
6.005737781524658203e-01
4.675622582435607910e-01
4.242360293865203857e-01
2.452481687068939209e-01
2.317800670862197876e-01
3.046201467514038086e-01
5.865498781204223633e-01
2.590362429618835449e-01
4.124837517738342285e-01
4.072839617729187012e-01
4.745817482471466064e-01
2.622720599174499512e-01
4.822230041027069092e-01
3.737848103046417236e-01
2.343307137489318848e-01
4.394825100898742676e-01
3.154754042625427246e-01
2.502332925796508789e-01
3.995532393455505371e-01
3.873906731605529785e-01
5.712729096412658691e-01
1.755450814962387085e-01
2.289745807647705078e-01
2.240311205387115479e-01
5.180578231811523438e-01
4.385963976383209229e-01
4.748986959457397461e-01
3.317041099071502686e-01
3.951057791709899902e-01
2.510659694671630859e-01
3.204349875450134277e-01
5.964304804801940918e-01
4.288895130157470703e-01
3.865678906440734863e-01
2.280667424201965332e-01
3.946122825145721436e-01
2.607019543647766113e-01
4.444912672042846680e-01
2.446827739477157593e-01
2.668262720108032227e-01
3.680644631385803223e-01
3.767553269863128662e-01
3.513263165950775146e-01
2.483322620391845703e-01
3.305499553680419922e-01
3.032425940036773682e-01
2.004158794879913330e-01
3.460045754909515381e-01
2.765836417675018311e-01
2.550069093704223633e-01
2.009148001670837402e-01
4.604428410530090332e-01
5.067396163940429688e-01
2.421824038028717041e-01
2.741658091545104980e-01
1.799516379833221436e-01
3.514750599861145020e-01
4.880716800689697266e-01
4.717388451099395752e-01
2.350452393293380737e-01
5.984916687011718750e-01
2.580499947071075439e-01
2.060283720493316650e-01
2.499489635229110718e-01
1.987226307392120361e-01
1.996108144521713257e-01
2.434618175029754639e-01
2.288802117109298706e-01
4.746465086936950684e-01
2.912366092205047607e-01
3.119006156921386719e-01
5.033214688301086426e-01
4.174056053161621094e-01
4.715030789375305176e-01
2.285071313381195068e-01
3.196802735328674316e-01
2.735772728919982910e-01
3.193666636943817139e-01
3.954961597919464111e-01
6.356968879699707031e-01
2.128394842147827148e-01
3.655475378036499023e-01
2.046375870704650879e-01
2.298202365636825562e-01
2.701533436775207520e-01
2.477164864540100098e-01
3.464819788932800293e-01
4.201425015926361084e-01
3.266813158988952637e-01
2.358683645725250244e-01
1.950171291828155518e-01
2.100999057292938232e-01
2.424210608005523682e-01
6.097742319107055664e-01
2.802693247795104980e-01
2.118691802024841309e-01
2.014471888542175293e-01
2.903515398502349854e-01
2.430397272109985352e-01
2.128130644559860229e-01
3.804177641868591309e-01
3.938539326190948486e-01
3.297999501228332520e-01
2.888520956039428711e-01
3.426649272441864014e-01
3.494483232498168945e-01
3.007424473762512207e-01
3.020096421241760254e-01
2.249696850776672363e-01
4.263132512569427490e-01
4.585536122322082520e-01
3.363562822341918945e-01
3.707462549209594727e-01
1.714546531438827515e-01
1.594865918159484863e-01
1.947913765907287598e-01
2.638162374496459961e-01
1.565426886081695557e-01
2.606623172760009766e-01
1.919937580823898315e-01
1.415393352508544922e-01
2.151843607425689697e-01
2.946885526180267334e-01
1.321498304605484009e-01
2.737151384353637695e-01
3.673774898052215576e-01
3.327980041503906250e-01
3.106435537338256836e-01
1.923658251762390137e-01
3.645317554473876953e-01
4.389641880989074707e-01
3.733342885971069336e-01
3.257368505001068115e-01
4.617528319358825684e-01
3.782467544078826904e-01
4.885846376419067383e-01
1.435139179229736328e-01
4.170257449150085449e-01
2.225928157567977905e-01
4.108994901180267334e-01
3.910104036331176758e-01
2.071984410285949707e-01
3.280971646308898926e-01
2.299204766750335693e-01
4.268489480018615723e-01
3.299028873443603516e-01
1.355423331260681152e-01
4.501345157623291016e-01
2.723469734191894531e-01
1.553035080432891846e-01
2.187542468309402466e-01
3.567934632301330566e-01
2.807222604751586914e-01
4.702517986297607422e-01
2.794563472270965576e-01
2.110411673784255981e-01
3.752452433109283447e-01
1.070314869284629822e-01
4.889738261699676514e-01
1.886301636695861816e-01
3.901816606521606445e-01
1.684891581535339355e-01
3.906349539756774902e-01
4.050604403018951416e-01
1.914356946945190430e-01
2.645048499107360840e-01
2.290388643741607666e-01
4.987324476242065430e-01
1.408730149269104004e-01
3.523323535919189453e-01
3.643263578414916992e-01
3.772573471069335938e-01
1.734832525253295898e-01
3.413728177547454834e-01
3.092452287673950195e-01
2.903237640857696533e-01
1.088023856282234192e-01
4.484972655773162842e-01
1.909653842449188232e-01
1.706727743148803711e-01
1.510934233665466309e-01
3.974680900573730469e-01
2.454894632101058960e-01
1.796632707118988037e-01
2.052623033523559570e-01
2.479951232671737671e-01
2.189596891403198242e-01
2.802994847297668457e-01
4.891513288021087646e-01
2.732507586479187012e-01
4.941726326942443848e-01
2.913407981395721436e-01
3.255834281444549561e-01
3.061482906341552734e-01
2.374545484781265259e-01
3.356010019779205322e-01
3.183017969131469727e-01
2.795093059539794922e-01
1.228047683835029602e-01
2.973598837852478027e-01
1.159720122814178467e-01
2.555353939533233643e-01
2.701598405838012695e-01
1.292084753513336182e-01
2.988082766532897949e-01
9.114656448364257812e-01
3.415940999984741211e-01
4.929175078868865967e-01
2.336564362049102783e-01
2.344039380550384521e-01
1.072718873620033264e-01
3.715145587921142578e-01
2.759074568748474121e-01
5.037690997123718262e-01
1.107487380504608154e-01
2.776896953582763672e-01
2.148522138595581055e-01
5.426670312881469727e-01
1.822040081024169922e-01
3.928951323032379150e-01
2.526775896549224854e-01
1.277087032794952393e-01
2.234083712100982666e-01
3.611172437667846680e-01
1.356029957532882690e-01
2.242415100336074829e-01
2.999307811260223389e-01
2.959344983100891113e-01
2.027294635772705078e-01
3.381168842315673828e-01
1.083395630121231079e-01
2.307030558586120605e-01
2.877924740314483643e-01
3.221194148063659668e-01
2.576311826705932617e-01
2.994379997253417969e-01
2.549586594104766846e-01
3.141323626041412354e-01
2.232524603605270386e-01
2.869362831115722656e-01
2.722530364990234375e-01
2.543189227581024170e-01
3.086425065994262695e-01
2.556624412536621094e-01
4.636595845222473145e-01
1.230444312095642090e-01
2.099137008190155029e-01
3.094626665115356445e-01
4.816798567771911621e-01
2.066353857517242432e-01
3.468959629535675049e-01
2.154525369405746460e-01
2.211267799139022827e-01
2.190820574760437012e-01
3.909523487091064453e-01
4.395192563533782959e-01
2.245049327611923218e-01
2.830109596252441406e-01
5.175223946571350098e-01
1.746038198471069336e-01
2.182998657226562500e-01
2.316479384899139404e-01
2.104489952325820923e-01
1.651770770549774170e-01
3.814971446990966797e-01
2.045483887195587158e-01
2.508227229118347168e-01
3.694519400596618652e-01
2.320106625556945801e-01
2.892313897609710693e-01
1.879193484783172607e-01
2.591740489006042480e-01
4.911597669124603271e-01
1.878253370523452759e-01
4.626341462135314941e-01
3.427104055881500244e-01
2.568916678428649902e-01
2.381849139928817749e-01
2.415626794099807739e-01
3.642602562904357910e-01
3.288515806198120117e-01
2.923375070095062256e-01
2.688798904418945312e-01
3.221027851104736328e-01
3.554454445838928223e-01
2.778374552726745605e-01
2.586727738380432129e-01
4.138180315494537354e-01
2.633053362369537354e-01
3.800851404666900635e-01
1.992365717887878418e-01
2.501488924026489258e-01
2.933527231216430664e-01
2.372855246067047119e-01
1.582647264003753662e-01
2.672677934169769287e-01
2.440454959869384766e-01
3.088995516300201416e-01
9.102846682071685791e-02
1.384059786796569824e-01
3.198538124561309814e-01
3.291696608066558838e-01
2.746187448501586914e-01
2.359772324562072754e-01
3.205951750278472900e-01
6.332162022590637207e-02
2.677748501300811768e-01
3.433585166931152344e-01
1.622831523418426514e-01
2.092635780572891235e-01
5.315722227096557617e-01
3.575069010257720947e-01
1.550578773021697998e-01
4.240842759609222412e-01
3.277795016765594482e-01
3.516770601272583008e-01
3.035277128219604492e-01
3.033306002616882324e-01
2.297131270170211792e-01
2.617382407188415527e-01
4.361259639263153076e-01
3.930311203002929688e-01
4.004628062248229980e-01
2.980911433696746826e-01
2.330795228481292725e-01
3.641150891780853271e-01
3.612997531890869141e-01
2.994957566261291504e-01
3.820629119873046875e-01
3.380568623542785645e-01
2.419955432415008545e-01
4.201203584671020508e-01
5.615758299827575684e-01
6.115301847457885742e-01
4.698911309242248535e-01
6.335260868072509766e-01
3.746103048324584961e-01
2.212886661291122437e-01
3.498117923736572266e-01
3.632905781269073486e-01
1.197285875678062439e-01
2.251760363578796387e-01
2.487742155790328979e-01
4.132640659809112549e-01
2.024543583393096924e-01
2.367464005947113037e-01
5.339754819869995117e-01
2.551727294921875000e-01
3.835838437080383301e-01
3.224338293075561523e-01
2.802312374114990234e-01
1.979239583015441895e-01
2.246305793523788452e-01
1.471713781356811523e-01
1.869011223316192627e-01
6.028730273246765137e-01
4.308741688728332520e-01
5.654386281967163086e-01
2.251498103141784668e-01
1.838573515415191650e-01
1.014500632882118225e-01
3.152430057525634766e-01
2.934404015541076660e-01
2.250284850597381592e-01
4.153343439102172852e-01
2.104721516370773315e-01
3.086358904838562012e-01
1.986472755670547485e-01
3.241074979305267334e-01
3.303348422050476074e-01
1.651425808668136597e-01
1.164213344454765320e-01
2.309195995330810547e-01
2.183998376131057739e-01
2.220765054225921631e-01
2.766587734222412109e-01
2.333523929119110107e-01
2.912451624870300293e-01
3.027099072933197021e-01
2.302997708320617676e-01
4.758896827697753906e-01
2.817258536815643311e-01
3.889280855655670166e-01
3.575182259082794189e-01
3.709695339202880859e-01
1.965685486793518066e-01
3.610033988952636719e-01
2.885086238384246826e-01
5.284652709960937500e-01
1.596641093492507935e-01
2.274460196495056152e-01
2.203112542629241943e-01
2.115995436906814575e-01
4.347942471504211426e-01
5.803644657135009766e-01
1.381700634956359863e-01
1.841368228197097778e-01
2.888740897178649902e-01
2.027350664138793945e-01
1.140787675976753235e-01
3.638200759887695312e-01
1.409237384796142578e-01
3.688183426856994629e-01
1.310159713029861450e-01
1.897429674863815308e-01
2.464302629232406616e-01
1.621455550193786621e-01
2.113238573074340820e-01
5.657232999801635742e-01
2.376426309347152710e-01
2.517490684986114502e-01
2.180042713880538940e-01
2.885930538177490234e-01
2.774848639965057373e-01
3.534560799598693848e-01
4.042211771011352539e-01
6.060063242912292480e-01
2.528139054775238037e-01
5.082578659057617188e-01
6.659262627363204956e-02
4.921133518218994141e-01
1.321466267108917236e-01
2.800130844116210938e-01
3.119492232799530029e-01
1.725700497627258301e-01
2.096907049417495728e-01
2.404343187808990479e-01
6.040953993797302246e-01
3.322037458419799805e-01
4.105554223060607910e-01
1.751859188079833984e-01
2.658587098121643066e-01
3.421078920364379883e-01
1.826623678207397461e-01
2.731494307518005371e-01
2.917643189430236816e-01
2.053478360176086426e-01
4.237580001354217529e-01
4.468230009078979492e-01
2.378490269184112549e-01
2.951561212539672852e-01
1.593513488769531250e-01
2.961830496788024902e-01
6.560182571411132812e-01
2.472567558288574219e-01
3.586966097354888916e-01
3.347892463207244873e-01
2.684192657470703125e-01
2.345788180828094482e-01
3.481724858283996582e-01
4.119329452514648438e-01
3.212164342403411865e-01
2.880925834178924561e-01
2.907869219779968262e-01
3.057865500450134277e-01
1.200516819953918457e-01
5.991778373718261719e-01
2.496759891510009766e-01
6.009103059768676758e-01
3.787838816642761230e-01
2.558741569519042969e-01
3.680199980735778809e-01
3.649794459342956543e-01
3.644416928291320801e-01
1.132962480187416077e-01
1.670628339052200317e-01
2.020720988512039185e-01
1.874924004077911377e-01
2.911517620086669922e-01
1.875900328159332275e-01
2.502296864986419678e-01
6.974259614944458008e-01
2.512709796428680420e-01
2.704175114631652832e-01
2.891995310783386230e-01
3.823557198047637939e-01
3.062887787818908691e-01
4.475956261157989502e-01
1.491003483533859253e-01
2.604449391365051270e-01
3.355673551559448242e-01
3.416665196418762207e-01
1.941818594932556152e-01
4.701150059700012207e-01
6.525844335556030273e-01
3.720201849937438965e-01
2.572447657585144043e-01
2.579588294029235840e-01
3.496888875961303711e-01
4.868467152118682861e-01
1.563572585582733154e-01
1.860751211643218994e-01
3.654040396213531494e-01
4.478551447391510010e-01
3.824882805347442627e-01
2.574386000633239746e-01
1.518968939781188965e-01
2.807455360889434814e-01
2.861840426921844482e-01
3.158747553825378418e-01
4.463360309600830078e-01
4.329548478126525879e-01
2.947182059288024902e-01
1.821382939815521240e-01
2.476723492145538330e-01
3.103438019752502441e-01
4.193663895130157471e-01
1.404579132795333862e-01
2.523660063743591309e-01
4.333718419075012207e-01
7.132068872451782227e-01
1.480778008699417114e-01
4.449611008167266846e-01
2.030451446771621704e-01
1.643707752227783203e-01
2.626152634620666504e-01
2.918981611728668213e-01
4.147843122482299805e-01
2.558116018772125244e-01
1.623320877552032471e-01
2.912411987781524658e-01
2.505584955215454102e-01
1.832431554794311523e-01
1.482391655445098877e-01
5.803883671760559082e-01
2.522974014282226562e-01
3.873970508575439453e-01
3.396993875503540039e-01
2.498434782028198242e-01
2.862898409366607666e-01
3.169132769107818604e-01
1.168090701103210449e-01
3.267546892166137695e-01
1.367675065994262695e-01
3.436236083507537842e-01
1.438407301902770996e-01
2.112737596035003662e-01
2.905583381652832031e-01
3.145670890808105469e-01
2.866307795047760010e-01
