2.551209926605224609e-01
4.509118199348449707e-01
3.412334024906158447e-01
3.315686285495758057e-01
1.777204573154449463e-01
2.572889626026153564e-01
1.685131043195724487e-01
1.283278465270996094e-01
2.269357740879058838e-01
2.467360794544219971e-01
2.799891531467437744e-01
1.776761412620544434e-01
2.007873505353927612e-01
3.303005099296569824e-01
2.445064932107925415e-01
3.663248717784881592e-01
1.926083564758300781e-01
1.142282187938690186e-01
8.056984841823577881e-02
5.378519892692565918e-01
2.400142252445220947e-01
2.476735562086105347e-01
2.070541977882385254e-01
2.024955004453659058e-01
1.926247477531433105e-01
1.518514752388000488e-01
2.668825685977935791e-01
4.320187568664550781e-01
3.305844664573669434e-01
2.045861333608627319e-01
2.590980231761932373e-01
1.016248241066932678e-01
3.416829705238342285e-01
2.086654603481292725e-01
1.209476739168167114e-01
2.710229158401489258e-01
3.514889478683471680e-01
2.166849523782730103e-01
1.664296537637710571e-01
1.337388157844543457e-01
1.121122986078262329e-01
1.830300390720367432e-01
1.962907612323760986e-01
2.334461361169815063e-01
2.275215685367584229e-01
3.011567294597625732e-01
3.877609968185424805e-01
2.999857068061828613e-01
2.428098171949386597e-01
3.623609840869903564e-01
4.095476269721984863e-01
2.249872833490371704e-01
3.893462121486663818e-01
2.174197435379028320e-01
3.850139379501342773e-01
1.918871402740478516e-01
2.395358234643936157e-01
2.214747667312622070e-01
2.376786768436431885e-01
9.736427664756774902e-02
2.003438323736190796e-01
1.130667328834533691e-01
1.776589453220367432e-01
2.757824063301086426e-01
3.930516839027404785e-01
6.106568127870559692e-02
4.283071756362915039e-01
3.268263339996337891e-01
3.288290202617645264e-01
2.390784025192260742e-01
1.764788925647735596e-01
3.438573777675628662e-01
2.123149335384368896e-01
2.859798669815063477e-01
2.068468034267425537e-01
3.275365233421325684e-01
2.031469494104385376e-01
2.738301455974578857e-01
2.747561931610107422e-01
7.510682940483093262e-02
1.125896424055099487e-01
2.363377809524536133e-01
1.529935598373413086e-01
7.694657146930694580e-02
1.253309845924377441e-01
4.188970923423767090e-01
3.311471343040466309e-01
4.340783953666687012e-01
3.437710404396057129e-01
3.261041641235351562e-01
1.514103561639785767e-01
2.164775431156158447e-01
1.052358895540237427e-01
1.970571130514144897e-01
3.640960454940795898e-01
3.258419036865234375e-01
3.926688134670257568e-01
4.708549976348876953e-01
3.646513521671295166e-01
2.010325789451599121e-01
2.149557173252105713e-01
1.078314334154129028e-01
2.549821138381958008e-01
1.427090764045715332e-01
2.175055295228958130e-01
3.609064221382141113e-01
3.433828353881835938e-01
4.168811142444610596e-01
2.571854293346405029e-01
3.462339043617248535e-01
1.982045918703079224e-01
1.121200397610664368e-01
3.894913792610168457e-01
1.879540085792541504e-01
4.581358432769775391e-01
4.439830780029296875e-01
2.639984488487243652e-01
1.821329742670059204e-01
3.593904376029968262e-01
1.691791713237762451e-01
3.510279357433319092e-01
2.388760447502136230e-01
2.366402745246887207e-01
2.669455707073211670e-01
2.202449291944503784e-01
5.097947120666503906e-01
9.503991901874542236e-02
2.297371923923492432e-01
2.106527835130691528e-01
2.354273945093154907e-01
2.465686500072479248e-01
1.259256601333618164e-01
2.780460715293884277e-01
3.301886916160583496e-01
3.517314791679382324e-01
2.634612321853637695e-01
2.676014900207519531e-01
3.460589647293090820e-01
2.600113749504089355e-01
2.640801370143890381e-01
2.186518609523773193e-01
4.106907844543457031e-01
6.026719510555267334e-02
1.541924327611923218e-01
2.468635737895965576e-01
1.683402508497238159e-01
2.896267771720886230e-01
1.415322422981262207e-01
1.389589905738830566e-01
8.617912232875823975e-02
4.748120605945587158e-01
1.214845702052116394e-01
4.970049858093261719e-01
2.091643214225769043e-01
2.093561887741088867e-01
1.472417116165161133e-01
2.732618451118469238e-01
8.391679823398590088e-02
3.005463480949401855e-01
3.294469118118286133e-01
2.344562709331512451e-01
3.680276274681091309e-01
2.290001213550567627e-01
2.925214171409606934e-01
4.092449545860290527e-01
2.055603712797164917e-01
3.336063325405120850e-01
2.694862484931945801e-01
1.452850848436355591e-01
2.414825558662414551e-01
2.032829821109771729e-01
1.625334620475769043e-01
3.379456400871276855e-01
3.066879510879516602e-01
2.279314398765563965e-01
2.716796100139617920e-01
8.513154089450836182e-02
5.856883525848388672e-01
1.982758045196533203e-01
1.939222961664199829e-01
2.624104917049407959e-01
2.782340943813323975e-01
2.278703451156616211e-01
1.430558562278747559e-01
2.749243378639221191e-01
4.450801014900207520e-01
5.200715065002441406e-01
3.426812291145324707e-01
2.659645676612854004e-01
2.601399123668670654e-01
1.490953415632247925e-01
1.226852461695671082e-01
2.082535475492477417e-01
1.724529713392257690e-01
1.841513663530349731e-01
2.624127268791198730e-01
1.126925200223922729e-01
4.491072595119476318e-01
2.613499760627746582e-01
1.192263141274452209e-01
3.144320845603942871e-01
9.251904487609863281e-02
3.154911100864410400e-01
3.479648828506469727e-01
1.060792654752731323e-01
2.523776292800903320e-01
1.121668666601181030e-01
1.825800836086273193e-01
1.451897323131561279e-01
5.730233788490295410e-01
1.886433064937591553e-01
1.565301418304443359e-01
3.175463080406188965e-01
9.708974510431289673e-02
3.588958978652954102e-01
2.429245114326477051e-01
3.435328602790832520e-01
1.309669464826583862e-01
1.505586951971054077e-01
1.463236957788467407e-01
2.617687284946441650e-01
1.772175431251525879e-01
3.583304286003112793e-01
2.446855157613754272e-01
4.433242976665496826e-01
3.035980165004730225e-01
2.982288002967834473e-01
2.385973185300827026e-01
2.624334394931793213e-01
2.374399453401565552e-01
1.754731833934783936e-01
1.595696508884429932e-01
1.602767258882522583e-01
2.128958106040954590e-01
3.450869917869567871e-01
6.681623309850692749e-02
1.845468729734420776e-01
4.975585043430328369e-01
9.853061288595199585e-02
5.095332860946655273e-01
7.926622778177261353e-02
1.770716756582260132e-01
2.647354304790496826e-01
3.178892731666564941e-01
2.145750671625137329e-01
3.665164709091186523e-01
1.075782924890518188e-01
2.674428820610046387e-01
3.319377005100250244e-01
7.021486759185791016e-02
4.076316654682159424e-01
3.570007979869842529e-01
2.376857846975326538e-01
5.730893015861511230e-01
3.466005027294158936e-01
2.015607059001922607e-01
3.038186132907867432e-01
2.965972423553466797e-01
1.683956086635589600e-01
4.597212076187133789e-01
7.360550761222839355e-02
1.820012032985687256e-01
3.750950098037719727e-01
2.855794429779052734e-01
3.305934965610504150e-01
3.664201498031616211e-01
4.837639629840850830e-01
1.661544442176818848e-01
1.500838696956634521e-01
4.048157632350921631e-01
2.550512254238128662e-01
1.197935938835144043e-01
2.119303047657012939e-01
1.255659908056259155e-01
1.929795295000076294e-01
3.128475844860076904e-01
4.259767532348632812e-01
2.410856783390045166e-01
2.017902433872222900e-01
1.207903772592544556e-01
1.884624660015106201e-01
3.429066240787506104e-01
3.944542407989501953e-01
1.865594983100891113e-01
4.973004162311553955e-01
3.637824654579162598e-01
2.144635468721389771e-01
4.601626694202423096e-01
4.555231034755706787e-01
2.133158892393112183e-01
2.471391260623931885e-01
2.762767672538757324e-01
4.745039343833923340e-01
3.180730342864990234e-01
2.070977091789245605e-01
2.486086487770080566e-01
1.595213860273361206e-01
2.305933535099029541e-01
1.312248259782791138e-01
1.671549677848815918e-01
3.188445270061492920e-01
3.208024799823760986e-01
9.910628199577331543e-02
3.327616751194000244e-01
4.005612730979919434e-01
2.199738919734954834e-01
7.920905947685241699e-02
1.957418620586395264e-01
3.981609940528869629e-01
2.659974694252014160e-01
1.612926125526428223e-01
1.118677705526351929e-01
7.256332635879516602e-01
1.996522545814514160e-01
2.857954204082489014e-01
2.908473610877990723e-01
1.711719185113906860e-01
4.259340763092041016e-01
1.435303092002868652e-01
4.099246263504028320e-01
1.625746339559555054e-01
1.670888662338256836e-01
4.094426631927490234e-01
1.095696985721588135e-01
1.598180830478668213e-01
1.904324889183044434e-01
4.269748926162719727e-01
3.177580833435058594e-01
1.663567572832107544e-01
9.221766889095306396e-02
3.099561929702758789e-01
5.511845350265502930e-01
3.632527589797973633e-01
2.745668292045593262e-01
2.957698106765747070e-01
4.064120650291442871e-01
4.974056482315063477e-01
5.761746764183044434e-01
2.762346267700195312e-01
2.955812811851501465e-01
5.375129580497741699e-01
4.034710526466369629e-01
4.323577880859375000e-01
1.559782028198242188e-01
3.993520438671112061e-01
2.325619310140609741e-01
2.257315814495086670e-01
2.116724699735641479e-01
4.691778719425201416e-01
3.599684238433837891e-01
2.362320125102996826e-01
3.033434748649597168e-01
2.016959041357040405e-01
2.482981383800506592e-01
9.532508254051208496e-02
4.036493301391601562e-01
2.114728987216949463e-01
2.086589187383651733e-01
2.620280683040618896e-01
1.999556422233581543e-01
1.835996508598327637e-01
9.180065989494323730e-02
2.125132679939270020e-01
1.235357299447059631e-01
3.705728948116302490e-01
3.721635341644287109e-01
3.781619668006896973e-01
1.991934180259704590e-01
2.475342899560928345e-01
2.451749294996261597e-01
5.236277580261230469e-01
4.200661480426788330e-01
2.196733355522155762e-01
3.309628665447235107e-01
1.641025990247726440e-01
1.884227693080902100e-01
2.422797977924346924e-01
2.746956348419189453e-01
2.885989546775817871e-01
2.839210033416748047e-01
3.067866265773773193e-01
1.700143516063690186e-01
3.992896378040313721e-01
2.523356676101684570e-01
4.003608226776123047e-01
1.628358960151672363e-01
1.927329301834106445e-01
2.731634378433227539e-01
2.218244075775146484e-01
2.336817383766174316e-01
1.845726966857910156e-01
2.503067255020141602e-01
1.942816674709320068e-01
1.795693188905715942e-01
1.338056027889251709e-01
2.547791004180908203e-01
1.793251484632492065e-01
2.726741433143615723e-01
2.674069404602050781e-01
3.759074509143829346e-01
1.949899792671203613e-01
3.042472600936889648e-01
2.737376093864440918e-01
3.557682931423187256e-01
2.274065017700195312e-01
3.547090291976928711e-01
2.252882122993469238e-01
1.699319481849670410e-01
1.906142532825469971e-01
1.856753379106521606e-01
7.897181808948516846e-02
1.191761791706085205e-01
1.836646795272827148e-01
2.793975472450256348e-01
1.120591014623641968e-01
2.892826497554779053e-01
3.411525189876556396e-01
1.322532296180725098e-01
1.683293133974075317e-01
2.422212809324264526e-01
1.626944690942764282e-01
3.425155282020568848e-01
1.845152825117111206e-01
3.152010738849639893e-01
2.057130634784698486e-01
2.605119347572326660e-01
8.643644303083419800e-02
3.183761239051818848e-01
3.255206942558288574e-01
2.299996614456176758e-01
6.613340377807617188e-01
2.485760003328323364e-01
2.352567017078399658e-01
2.139896303415298462e-01
2.905216813087463379e-01
3.238330781459808350e-01
3.390475213527679443e-01
4.950598627328872681e-02
1.571496427059173584e-01
2.600179910659790039e-01
2.515410482883453369e-01
2.759348154067993164e-01
6.144882738590240479e-02
1.584889441728591919e-01
3.004201352596282959e-01
3.322597444057464600e-01
2.774662971496582031e-01
2.652021944522857666e-01
2.649547457695007324e-01
2.258360832929611206e-01
2.361544072628021240e-01
2.074781805276870728e-01
1.538478136062622070e-01
2.506949305534362793e-01
3.422372937202453613e-01
2.698069810867309570e-01
2.414506673812866211e-01
2.008948326110839844e-01
2.011133134365081787e-01
4.609526395797729492e-01
4.099361971020698547e-02
1.363801956176757812e-01
1.794491559267044067e-01
1.757449805736541748e-01
1.487833857536315918e-01
2.356829345226287842e-01
2.242703735828399658e-01
3.798071742057800293e-01
2.725089192390441895e-01
3.213859796524047852e-01
2.742578685283660889e-01
2.111659497022628784e-01
2.615268826484680176e-01
4.467668533325195312e-01
4.094653725624084473e-01
1.394032537937164307e-01
3.836971521377563477e-01
2.159664332866668701e-01
1.020740419626235962e-01
1.860718280076980591e-01
5.157965421676635742e-01
2.280209958553314209e-01
5.405597388744354248e-02
5.033394098281860352e-01
1.037875711917877197e-01
3.850539922714233398e-01
3.577041625976562500e-01
1.938142925500869751e-01
5.926878750324249268e-02
5.358289480209350586e-01
2.048490345478057861e-01
2.064614742994308472e-01
2.479446530342102051e-01
3.203933835029602051e-01
3.024911284446716309e-01
2.080913186073303223e-01
8.631429821252822876e-02
1.965279579162597656e-01
1.731692105531692505e-01
2.756392359733581543e-01
3.908572793006896973e-01
1.885500103235244751e-01
2.476561069488525391e-01
2.647288441658020020e-01
2.754554152488708496e-01
3.506450057029724121e-01
1.200038194656372070e-01
2.513249814510345459e-01
1.212911307811737061e-01
2.193397283554077148e-01
1.994601786136627197e-01
1.712153851985931396e-01
1.852686852216720581e-01
1.415751874446868896e-01
3.283159136772155762e-01
2.756967246532440186e-01
1.924413442611694336e-01
3.496168851852416992e-01
2.614960074424743652e-01
4.425877928733825684e-01
3.307883143424987793e-01
1.396844685077667236e-01
9.031655639410018921e-02
4.329528808593750000e-01
2.224718481302261353e-01
1.400995999574661255e-01
2.364255636930465698e-01
2.190409600734710693e-01
3.302241265773773193e-01
3.795829415321350098e-01
2.415612041950225830e-01
2.896941900253295898e-01
3.678979277610778809e-01
1.643738597631454468e-01
2.746090292930603027e-01
2.358974814414978027e-01
2.800775468349456787e-01
2.871052622795104980e-01
2.854872345924377441e-01
3.299077153205871582e-01
1.766122281551361084e-01
1.501364409923553467e-01
1.615824252367019653e-01
1.365852355957031250e-01
3.181726038455963135e-01
2.100038528442382812e-01
1.769213080406188965e-01
3.120742142200469971e-01
2.319116294384002686e-01
2.775374054908752441e-01
1.864161640405654907e-01
1.358724236488342285e-01
1.887903213500976562e-01
3.356451094150543213e-01
2.277437299489974976e-01
3.684853911399841309e-01
2.463216632604598999e-01
1.652669608592987061e-01
2.059033513069152832e-01
9.321023523807525635e-02
2.008208334445953369e-01
5.002028942108154297e-01
1.317020803689956665e-01
4.304855167865753174e-01
6.213081479072570801e-01
1.797053813934326172e-01
4.153227210044860840e-01
2.959399223327636719e-01
1.175659596920013428e-01
3.446592092514038086e-01
1.772428154945373535e-01
2.426862418651580811e-01
2.243092507123947144e-01
1.749864667654037476e-01
1.953671872615814209e-01
2.352745831012725830e-01
2.479721605777740479e-01
2.219243049621582031e-01
2.900856435298919678e-01
9.260010719299316406e-02
8.629272878170013428e-02
1.536258757114410400e-01
4.548523426055908203e-01
1.736232042312622070e-01
4.731797575950622559e-01
4.710951745510101318e-01
3.239389955997467041e-01
1.197028383612632751e-01
1.977801322937011719e-01
2.110699713230133057e-01
2.136424779891967773e-01
2.562688589096069336e-01
4.007029533386230469e-01
2.873805165290832520e-01
2.243420779705047607e-01
1.796761602163314819e-01
5.860376954078674316e-01
1.999359726905822754e-01
7.088272273540496826e-02
2.701216340065002441e-01
2.356620728969573975e-01
2.228870093822479248e-01
2.499848753213882446e-01
3.713984489440917969e-01
2.087819278240203857e-01
2.196161299943923950e-01
2.548430860042572021e-01
3.028334081172943115e-01
2.692999839782714844e-01
2.324307560920715332e-01
1.677877604961395264e-01
1.221118867397308350e-01
3.417645990848541260e-01
2.849000692367553711e-01
1.910837888717651367e-01
2.265935838222503662e-01
2.106182128190994263e-01
4.140859842300415039e-01
2.725031971931457520e-01
2.960700392723083496e-01
2.491938173770904541e-01
5.184878110885620117e-01
2.128103375434875488e-01
1.067124307155609131e-01
1.475251168012619019e-01
4.857527017593383789e-01
3.401548564434051514e-01
1.925026029348373413e-01
2.828781306743621826e-01
2.701531648635864258e-01
5.346120595932006836e-01
1.751216650009155273e-01
2.584543824195861816e-01
9.155168384313583374e-02
1.162398457527160645e-01
3.488347530364990234e-01
2.499313354492187500e-01
2.641874849796295166e-01
2.097131460905075073e-01
9.845112264156341553e-02
2.587217092514038086e-01
2.150405645370483398e-01
1.112671345472335815e-01
3.465977907180786133e-01
3.415154218673706055e-01
1.619365215301513672e-01
2.320891022682189941e-01
2.112990319728851318e-01
3.773649930953979492e-01
3.465647697448730469e-01
2.357519268989562988e-01
2.484444230794906616e-01
1.989488899707794189e-01
2.680400907993316650e-01
1.191378310322761536e-01
5.156890153884887695e-01
2.067403942346572876e-01
2.671747505664825439e-01
5.950351804494857788e-02
4.358686208724975586e-01
1.720651090145111084e-01
4.724829196929931641e-01
3.881518244743347168e-01
4.984891414642333984e-01
2.273551523685455322e-01
2.087068259716033936e-01
2.261293083429336548e-01
1.905837357044219971e-01
3.731985986232757568e-01
1.836201548576354980e-01
1.866896450519561768e-01
2.606338858604431152e-01
1.215111166238784790e-01
1.493577659130096436e-01
2.110883891582489014e-01
1.416123807430267334e-01
2.197998166084289551e-01
2.305112928152084351e-01
1.257826834917068481e-01
2.430468201637268066e-01
7.896964251995086670e-02
1.543351709842681885e-01
3.324052095413208008e-01
1.280017495155334473e-01
2.395577132701873779e-01
3.169867992401123047e-01
1.782234609127044678e-01
2.176872193813323975e-01
2.036211788654327393e-01
1.269194632768630981e-01
3.246906995773315430e-01
3.008125722408294678e-01
1.016328632831573486e-01
9.657642245292663574e-02
8.502255380153656006e-02
1.120947897434234619e-01
2.525539398193359375e-01
1.735903024673461914e-01
4.999775066971778870e-02
9.098210185766220093e-02
4.053115248680114746e-01
3.402558565139770508e-01
1.458505243062973022e-01
3.292860984802246094e-01
3.907338976860046387e-01
2.010699212551116943e-01
2.773949801921844482e-01
4.550165534019470215e-01
8.844538033008575439e-02
9.511999040842056274e-02
2.605755329132080078e-01
1.306153088808059692e-01
2.595131099224090576e-01
3.422526717185974121e-01
3.291510343551635742e-01
1.750740855932235718e-01
2.111125886440277100e-01
2.281149625778198242e-01
2.414562851190567017e-01
4.362987577915191650e-01
3.830947279930114746e-01
8.215564489364624023e-02
5.145069360733032227e-01
3.039653301239013672e-01
2.449627816677093506e-01
1.055082082748413086e-01
2.378495633602142334e-01
2.422674894332885742e-01
2.355802953243255615e-01
1.433836519718170166e-01
7.743461430072784424e-02
2.818145453929901123e-01
2.954655587673187256e-01
4.980808794498443604e-01
2.129612565040588379e-01
1.678466647863388062e-01
1.775362789630889893e-01
3.193332552909851074e-01
2.207799702882766724e-01
8.447433263063430786e-02
3.052504658699035645e-01
2.569597959518432617e-01
2.880942225456237793e-01
5.009739995002746582e-01
2.728606164455413818e-01
3.036866486072540283e-01
1.027736663818359375e-01
1.706671863794326782e-01
1.889691501855850220e-01
5.410482287406921387e-01
3.844445049762725830e-01
2.372642904520034790e-01
1.986958831548690796e-01
3.744370043277740479e-01
3.007676005363464355e-01
2.947256565093994141e-01
5.535050630569458008e-01
3.463668823242187500e-01
3.877167999744415283e-01
2.107981145381927490e-01
1.369288861751556396e-01
1.654735356569290161e-01
2.256563454866409302e-01
2.923865616321563721e-01
1.376082450151443481e-01
4.552388191223144531e-01
2.700675129890441895e-01
3.962069749832153320e-01
3.760387897491455078e-01
3.588010668754577637e-01
2.249736189842224121e-01
3.913018703460693359e-01
4.928719103336334229e-01
1.206595152616500854e-01
1.917481273412704468e-01
2.911444008350372314e-01
1.418903172016143799e-01
2.682602703571319580e-01
2.898889183998107910e-01
1.000176295638084412e-01
2.713459134101867676e-01
3.000628054141998291e-01
1.315537542104721069e-01
2.104831337928771973e-01
2.348275035619735718e-01
2.715509533882141113e-01
1.440747380256652832e-01
2.769065201282501221e-01
1.830408871173858643e-01
1.423549056053161621e-01
3.139166831970214844e-01
2.748481631278991699e-01
1.317402124404907227e-01
1.179717779159545898e-01
6.326074153184890747e-02
1.855651587247848511e-01
1.194170638918876648e-01
2.536702156066894531e-01
2.015250921249389648e-01
3.383161723613739014e-01
1.879850924015045166e-01
4.243094325065612793e-01
1.182502731680870056e-01
1.658835709095001221e-01
1.684465706348419189e-01
1.350255161523818970e-01
5.261867642402648926e-01
2.965596318244934082e-01
1.128611192107200623e-01
1.346221119165420532e-01
1.677392721176147461e-01
1.804566681385040283e-01
1.815453022718429565e-01
4.014871120452880859e-01
2.733706235885620117e-01
1.757534742355346680e-01
4.690318107604980469e-01
1.404949128627777100e-01
1.312149912118911743e-01
2.137729525566101074e-01
1.921066641807556152e-01
1.857943534851074219e-01
2.242642343044281006e-01
4.631336331367492676e-01
2.293746322393417358e-01
2.481934130191802979e-01
1.590417474508285522e-01
1.079450920224189758e-01
3.386951386928558350e-01
1.249599456787109375e-01
2.609546184539794922e-01
2.843579947948455811e-01
5.704118609428405762e-01
1.533870995044708252e-01
3.648398518562316895e-01
8.617152273654937744e-02
1.081265807151794434e-01
3.822836875915527344e-01
2.713880240917205811e-01
6.886808574199676514e-02
2.628631889820098877e-01
2.720991075038909912e-01
5.052112936973571777e-01
1.678844094276428223e-01
2.556420564651489258e-01
1.551120728254318237e-01
2.113229483366012573e-01
3.405608534812927246e-01
2.012340575456619263e-01
2.901248335838317871e-01
2.163450419902801514e-01
5.554491877555847168e-01
3.875402212142944336e-01
3.470222651958465576e-01
4.688557982444763184e-01
7.535490393638610840e-02
3.427965939044952393e-01
1.950320899486541748e-01
2.840001881122589111e-01
3.497514724731445312e-01
2.270554453134536743e-01
3.908235430717468262e-01
1.004500538110733032e-01
2.464317977428436279e-01
2.157338261604309082e-01
7.583373039960861206e-02
2.372030317783355713e-01
2.217590212821960449e-01
3.015578687191009521e-01
2.877972126007080078e-01
3.068645298480987549e-02
3.624888062477111816e-01
2.858001887798309326e-01
3.406615853309631348e-01
2.663808465003967285e-01
9.960898756980895996e-02
3.108031153678894043e-01
1.998891234397888184e-01
2.569158077239990234e-01
2.770135998725891113e-01
1.802457273006439209e-01
2.578496038913726807e-01
3.231735825538635254e-01
2.387067973613739014e-01
3.636536300182342529e-01
1.479967236518859863e-01
6.412979960441589355e-02
2.349942028522491455e-01
5.487338304519653320e-01
2.315679341554641724e-01
6.649388074874877930e-01
3.558273315429687500e-01
1.462334692478179932e-01
4.052197039127349854e-01
1.499525010585784912e-01
1.734869331121444702e-01
2.848773300647735596e-01
2.978806793689727783e-01
3.788449168205261230e-01
1.976724267005920410e-01
1.263448894023895264e-01
2.116572558879852295e-01
2.677852809429168701e-01
1.388958692550659180e-01
4.233871102333068848e-01
2.362862527370452881e-01
4.298176467418670654e-01
2.356182336807250977e-01
2.246084511280059814e-01
2.106055021286010742e-01
1.911833286285400391e-01
3.699937760829925537e-01
4.350804090499877930e-01
1.229303404688835144e-01
1.869429647922515869e-01
3.011470437049865723e-01
2.743978798389434814e-01
5.961992219090461731e-02
2.100681662559509277e-01
2.876083850860595703e-01
1.567939519882202148e-01
3.563610613346099854e-01
5.420228838920593262e-01
1.218176856637001038e-01
1.581708490848541260e-01
1.803768426179885864e-01
1.773416399955749512e-01
1.400552392005920410e-01
2.814299166202545166e-01
3.079172968864440918e-01
1.971990615129470825e-01
1.849091053009033203e-01
3.043295443058013916e-01
3.238754272460937500e-01
1.705966591835021973e-01
1.738421022891998291e-01
3.435499072074890137e-01
2.391505986452102661e-01
3.110034167766571045e-01
1.993239969015121460e-01
1.872839629650115967e-01
2.896434366703033447e-01
2.216137647628784180e-01
2.683980762958526611e-01
1.253796219825744629e-01
2.703735828399658203e-01
2.996095418930053711e-01
1.924909949302673340e-01
4.220601022243499756e-01
3.214265704154968262e-01
3.152063488960266113e-01
4.753571152687072754e-01
2.023009806871414185e-01
1.427442878484725952e-01
1.638627648353576660e-01
1.790480911731719971e-01
4.623521566390991211e-01
2.725623250007629395e-01
2.141378968954086304e-01
3.826648890972137451e-01
1.159851551055908203e-01
7.615301012992858887e-02
1.607687920331954956e-01
2.727561891078948975e-01
2.582099735736846924e-01
2.078300416469573975e-01
3.214547038078308105e-01
2.512612640857696533e-01
2.174482643604278564e-01
8.197321742773056030e-02
2.979419529438018799e-01
1.886136978864669800e-01
3.837856352329254150e-01
8.007514476776123047e-02
2.007120251655578613e-01
1.845466792583465576e-01
9.000682830810546875e-02
1.635805517435073853e-01
3.126425743103027344e-01
2.837030589580535889e-01
1.891145557165145874e-01
1.568526476621627808e-01
3.923515677452087402e-01
3.290241360664367676e-01
2.594809532165527344e-01
2.016624361276626587e-01
1.831257343292236328e-01
2.316251397132873535e-01
4.192852377891540527e-01
1.086745411157608032e-01
3.502478599548339844e-01
2.969675064086914062e-01
2.730492353439331055e-01
2.750762104988098145e-01
1.999753266572952271e-01
5.234867334365844727e-01
2.735727131366729736e-01
2.455126941204071045e-01
3.763411939144134521e-01
2.958711385726928711e-01
2.655826210975646973e-01
6.092939376831054688e-01
1.617170274257659912e-01
2.731776833534240723e-01
2.049813568592071533e-01
1.936823874711990356e-01
3.666938841342926025e-01
2.068709135055541992e-01
2.460131645202636719e-01
1.854241937398910522e-01
3.172972202301025391e-01
1.447258293628692627e-01
4.482120275497436523e-01
2.092786580324172974e-01
4.020420312881469727e-01
4.168809652328491211e-01
1.681879311800003052e-01
2.379366159439086914e-01
3.476382493972778320e-01
2.583992779254913330e-01
1.693362295627593994e-01
1.185116618871688843e-01
2.163077294826507568e-01
2.204531878232955933e-01
2.019970118999481201e-01
1.565160453319549561e-01
3.178777098655700684e-01
1.697084009647369385e-01
1.233901083469390869e-01
3.271049261093139648e-01
9.573476016521453857e-02
5.372388660907745361e-02
3.930772542953491211e-01
1.441113054752349854e-01
1.336784958839416504e-01
3.590302765369415283e-01
2.109362483024597168e-01
3.099173307418823242e-01
1.502834558486938477e-01
1.133227422833442688e-01
2.036526054143905640e-01
1.871824711561203003e-01
4.272980093955993652e-01
1.066982597112655640e-01
1.814246475696563721e-01
2.244088649749755859e-01
7.839919626712799072e-02
2.508323490619659424e-01
2.699367403984069824e-01
1.019695028662681580e-01
4.063826799392700195e-01
2.414703220129013062e-01
2.231198698282241821e-01
1.828507035970687866e-01
2.290162742137908936e-01
3.105159401893615723e-01
1.553979963064193726e-01
2.213345468044281006e-01
4.184896051883697510e-01
1.915410161018371582e-01
1.643677204847335815e-01
2.918910980224609375e-01
4.523095488548278809e-01
1.931185871362686157e-01
2.185233235359191895e-01
6.607478857040405273e-02
2.665557563304901123e-01
1.416829228401184082e-01
3.113127350807189941e-01
4.382768273353576660e-02
2.986346483230590820e-01
1.324045062065124512e-01
2.984535098075866699e-01
2.981826663017272949e-01
3.440428078174591064e-01
1.958626210689544678e-01
3.237306475639343262e-01
1.207173988223075867e-01
2.859843969345092773e-01
2.764235436916351318e-01
2.525028288364410400e-01
3.288050293922424316e-01
5.242344737052917480e-01
1.573342084884643555e-01
2.040910869836807251e-01
9.720269590616226196e-02
3.299916982650756836e-01
1.338752061128616333e-01
4.807055890560150146e-01
1.869997084140777588e-01
2.323278933763504028e-01
2.631443738937377930e-01
2.086141705513000488e-01
1.402570903301239014e-01
8.939325809478759766e-02
3.989313840866088867e-01
4.273988604545593262e-01
2.036069035530090332e-01
2.590008974075317383e-01
9.545001387596130371e-02
1.804487854242324829e-01
1.814630627632141113e-01
2.941243946552276611e-01
1.169533133506774902e-01
2.400602698326110840e-01
1.274511218070983887e-01
2.131635695695877075e-01
1.898614615201950073e-01
2.990784049034118652e-01
1.029185205698013306e-01
1.807025820016860962e-01
2.674388289451599121e-01
1.106608733534812927e-01
1.806104630231857300e-01
2.755416035652160645e-01
3.132229149341583252e-01
4.469215869903564453e-01
8.961950987577438354e-02
3.423443138599395752e-01
2.104980945587158203e-01
3.621454536914825439e-01
2.909329831600189209e-01
2.831486165523529053e-01
4.082186818122863770e-01
1.971138417720794678e-01
1.815557479858398438e-01
3.048039674758911133e-01
1.537764072418212891e-01
2.775875031948089600e-01
2.877517640590667725e-01
3.590226769447326660e-01
1.799182891845703125e-01
1.431047320365905762e-01
1.709654331207275391e-01
8.891746401786804199e-02
2.980235219001770020e-01
3.794577121734619141e-01
1.095272600650787354e-01
3.145430684089660645e-01
1.721334904432296753e-01
3.755505681037902832e-01
2.537829875946044922e-01
1.401177346706390381e-01
3.219638168811798096e-01
2.591423988342285156e-01
2.005812823772430420e-01
3.412492871284484863e-01
4.224126636981964111e-01
2.862865328788757324e-01
4.149736166000366211e-01
8.240070939064025879e-02
3.057592809200286865e-01
3.212757706642150879e-01
2.316940724849700928e-01
3.335399627685546875e-01
2.372861355543136597e-01
2.737413048744201660e-01
2.848877608776092529e-01
1.611873060464859009e-01
1.442353278398513794e-01
4.325289428234100342e-01
1.905852556228637695e-01
1.331953406333923340e-01
4.258685111999511719e-01
3.209828138351440430e-01
2.118429392576217651e-01
2.319681197404861450e-01
2.468952238559722900e-01
2.763114273548126221e-01
2.109204828739166260e-01
1.780782788991928101e-01
1.445548236370086670e-01
2.016557455062866211e-01
9.160340577363967896e-02
3.373326063156127930e-01
3.195376098155975342e-01
2.160279154777526855e-01
1.671066582202911377e-01
4.355828166007995605e-01
2.050208151340484619e-01
1.492787897586822510e-01
2.191459834575653076e-01
1.769281476736068726e-01
4.828531295061111450e-02
4.167596101760864258e-01
1.780641525983810425e-01
1.349183022975921631e-01
2.706736922264099121e-01
2.192761152982711792e-01
3.867283463478088379e-01
1.118409037590026855e-01
2.539982199668884277e-01
1.884284615516662598e-01
3.668193817138671875e-01
1.434231698513031006e-01
1.256103366613388062e-01
1.234340071678161621e-01
3.834597468376159668e-01
1.833019554615020752e-01
2.418641746044158936e-01
2.219684123992919922e-01
1.800138354301452637e-01
2.203975319862365723e-01
2.899059057235717773e-01
1.635750830173492432e-01
3.798410892486572266e-01
4.459322094917297363e-01
1.885377764701843262e-01
1.943680793046951294e-01
2.007293403148651123e-01
1.239020302891731262e-01
1.380853652954101562e-01
7.527648657560348511e-02
2.948765754699707031e-01
8.512844890356063843e-02
1.448918879032135010e-01
1.369594931602478027e-01
1.917401999235153198e-01
9.325632452964782715e-02
1.595993638038635254e-01
2.260183393955230713e-01
5.624122917652130127e-02
1.981643736362457275e-01
1.212330162525177002e-01
2.449446767568588257e-01
2.004997879266738892e-01
6.864029169082641602e-02
1.674757748842239380e-01
1.565117239952087402e-01
2.187577188014984131e-01
2.505838871002197266e-01
3.251751363277435303e-01
2.097143530845642090e-01
2.151945680379867554e-01
2.482203245162963867e-01
7.591419667005538940e-02
3.314380645751953125e-01
2.061954736709594727e-01
5.016905069351196289e-01
2.574289739131927490e-01
3.780114650726318359e-01
5.183007717132568359e-01
3.248237669467926025e-01
3.205805420875549316e-01
2.936691939830780029e-01
1.829024553298950195e-01
