2.344374656677246094e-01
4.152898788452148438e-01
1.957469284534454346e-01
1.576927304267883301e-01
2.272776216268539429e-01
4.987434148788452148e-01
2.891375422477722168e-01
3.045582175254821777e-01
2.495095729827880859e-01
4.199588298797607422e-01
2.744003832340240479e-01
1.337529420852661133e-01
2.283070385456085205e-01
3.781062662601470947e-01
2.731761932373046875e-01
1.404926329851150513e-01
9.716778993606567383e-02
3.345376849174499512e-01
2.985069155693054199e-01
1.688075512647628784e-01
1.630066335201263428e-01
1.109863147139549255e-01
4.930710792541503906e-01
4.451581835746765137e-01
4.992360472679138184e-01
3.178020119667053223e-01
1.791239678859710693e-01
3.378120064735412598e-01
1.654454767704010010e-01
3.462338745594024658e-01
3.844210207462310791e-01
2.099387943744659424e-01
2.079584896564483643e-01
8.078866004943847656e-01
1.527636647224426270e-01
2.826756834983825684e-01
3.195005655288696289e-01
1.898030340671539307e-01
2.769996821880340576e-01
2.418685704469680786e-01
4.007023572921752930e-01
3.394834995269775391e-01
3.654077649116516113e-01
2.645624876022338867e-01
1.926033496856689453e-01
2.190150022506713867e-01
2.201976776123046875e-01
3.586236238479614258e-01
2.702337205410003662e-01
2.759489417076110840e-01
1.482325494289398193e-01
1.787983179092407227e-01
4.561652243137359619e-01
3.220353722572326660e-01
2.214220613241195679e-01
3.160388171672821045e-01
1.693804264068603516e-01
2.737485766410827637e-01
4.284307956695556641e-01
2.349305152893066406e-01
2.762102186679840088e-01
3.074584007263183594e-01
1.925986856222152710e-01
3.608945310115814209e-01
2.854256331920623779e-01
3.552095293998718262e-01
3.360739946365356445e-01
2.647149860858917236e-01
5.657484531402587891e-01
2.854687571525573730e-01
1.458869725465774536e-01
2.462227642536163330e-01
1.545599997043609619e-01
2.949726879596710205e-01
4.441121816635131836e-01
3.037534356117248535e-01
2.313168942928314209e-01
2.417843043804168701e-01
1.997032463550567627e-01
3.682252466678619385e-01
3.836275339126586914e-01
3.015947639942169189e-01
2.603154182434082031e-01
2.025700658559799194e-01
1.139602214097976685e-01
4.495686888694763184e-01
1.103418692946434021e-01
1.553952842950820923e-01
5.379835367202758789e-01
3.544259965419769287e-01
2.100877463817596436e-01
2.029877007007598877e-01
1.196627765893936157e-01
8.508833646774291992e-01
3.663872480392456055e-01
1.500943899154663086e-01
3.313463330268859863e-01
2.810397744178771973e-01
3.365246355533599854e-01
3.993668854236602783e-01
2.479682117700576782e-01
3.471174240112304688e-01
2.018156349658966064e-01
2.279316484928131104e-01
2.728769779205322266e-01
2.409774065017700195e-01
2.382778525352478027e-01
3.082863688468933105e-01
5.122075676918029785e-01
3.162890076637268066e-01
3.058002591133117676e-01
2.844081819057464600e-01
2.366464734077453613e-01
2.922596335411071777e-01
2.831393480300903320e-01
2.023856043815612793e-01
3.375083506107330322e-01
1.352576911449432373e-01
2.293499410152435303e-01
2.311997562646865845e-01
1.393961012363433838e-01
2.702516317367553711e-01
1.104481518268585205e-01
2.794900238513946533e-01
3.744854331016540527e-01
3.857505321502685547e-01
1.897491216659545898e-01
1.770412176847457886e-01
1.181755959987640381e-01
2.498611509799957275e-01
9.138186275959014893e-02
1.860601603984832764e-01
1.754945218563079834e-01
1.038335785269737244e-01
2.781359553337097168e-01
9.597301483154296875e-02
1.548829078674316406e-01
2.479841411113739014e-01
4.448865056037902832e-01
2.611380815505981445e-01
2.192375510931015015e-01
3.531852662563323975e-01
2.439131140708923340e-01
2.924037575721740723e-01
2.420669496059417725e-01
2.960667014122009277e-01
3.156750798225402832e-01
3.515487164258956909e-02
7.067937850952148438e-01
2.346147894859313965e-01
4.528892040252685547e-01
3.032529950141906738e-01
3.089413046836853027e-01
1.587153971195220947e-01
4.436224102973937988e-01
4.291564822196960449e-01
2.631835341453552246e-01
2.722357511520385742e-01
2.923468351364135742e-01
2.197204679250717163e-01
1.265444457530975342e-01
1.749392002820968628e-01
2.779588401317596436e-01
4.274063706398010254e-01
1.047530770301818848e-01
3.615288436412811279e-01
2.097156792879104614e-01
1.947558820247650146e-01
1.786139011383056641e-01
1.517553031444549561e-01
1.217790842056274414e-01
1.575161665678024292e-01
4.072231054306030273e-01
2.719676494598388672e-01
2.153646647930145264e-01
1.615701764822006226e-01
4.375711977481842041e-01
1.241623908281326294e-01
4.999696612358093262e-01
6.595138907432556152e-01
5.622052550315856934e-01
1.434202194213867188e-01
5.336126089096069336e-01
2.484692484140396118e-01
3.332102298736572266e-01
6.425581574440002441e-01
1.972070336341857910e-01
4.359667003154754639e-01
5.211673974990844727e-01
4.121344387531280518e-01
3.912547826766967773e-01
4.259386956691741943e-01
2.459830641746520996e-01
6.396636962890625000e-01
3.844047188758850098e-01
2.380300015211105347e-01
5.118122100830078125e-01
2.973232269287109375e-01
3.551630377769470215e-01
3.935936987400054932e-01
3.846091330051422119e-01
1.906868815422058105e-01
2.305036336183547974e-01
3.696444332599639893e-01
7.469180822372436523e-01
3.442484140396118164e-01
1.722623109817504883e-01
4.093076884746551514e-01
2.680542469024658203e-01
2.181424945592880249e-01
2.323301434516906738e-01
3.393177390098571777e-01
2.232610285282135010e-01
3.668536543846130371e-01
3.027148246765136719e-01
2.319549620151519775e-01
3.320552110671997070e-01
2.989520728588104248e-01
3.255520164966583252e-01
4.509005546569824219e-01
2.393320500850677490e-01
2.002557218074798584e-01
2.881280779838562012e-01
2.464713156223297119e-01
2.964776754379272461e-01
4.979430139064788818e-01
2.596769928932189941e-01
2.743847370147705078e-01
1.707541197538375854e-01
4.219542145729064941e-01
1.868380755186080933e-01
4.676879942417144775e-01
1.062413305044174194e-01
2.225170135498046875e-01
3.413330316543579102e-01
1.842858493328094482e-01
9.217821061611175537e-02
2.945243716239929199e-01
3.372226655483245850e-01
5.956765413284301758e-01
3.379984498023986816e-01
1.388095617294311523e-01
2.367337197065353394e-01
7.527580857276916504e-02
1.081855297088623047e-01
6.202399730682373047e-01
1.832537353038787842e-01
5.153092741966247559e-01
1.180334985256195068e-01
1.142928451299667358e-01
5.577738285064697266e-01
4.061112999916076660e-01
1.827891916036605835e-01
4.708193540573120117e-01
3.873578608036041260e-01
4.479233920574188232e-01
2.000764757394790649e-01
3.435741364955902100e-01
3.548002541065216064e-01
2.630876600742340088e-01
2.688368856906890869e-01
5.148555040359497070e-01
1.378218531608581543e-01
1.606061011552810669e-01
1.207860112190246582e-01
4.417481124401092529e-01
2.746939063072204590e-01
1.903292387723922729e-01
2.455296516418457031e-01
2.977667450904846191e-01
4.404424428939819336e-01
3.136961460113525391e-01
3.053271770477294922e-01
3.634112477302551270e-01
2.839211821556091309e-01
1.447502374649047852e-01
3.624578118324279785e-01
4.204366207122802734e-01
4.164153933525085449e-01
3.010218143463134766e-01
2.051432430744171143e-01
1.269328296184539795e-01
2.679703831672668457e-01
2.930437922477722168e-01
1.672673523426055908e-01
2.367707788944244385e-01
2.622961401939392090e-01
4.947812557220458984e-01
3.698688447475433350e-01
1.984756588935852051e-01
2.931195199489593506e-01
2.244573533535003662e-01
1.679892838001251221e-01
4.330245554447174072e-01
1.974791884422302246e-01
1.634953022003173828e-01
2.995976209640502930e-01
5.353794991970062256e-02
3.476992249488830566e-01
1.282672435045242310e-01
1.846766620874404907e-01
1.609428673982620239e-01
2.080686390399932861e-01
1.852291822433471680e-01
2.996082901954650879e-01
1.433919072151184082e-01
2.233725488185882568e-01
2.539613246917724609e-01
2.591661512851715088e-01
8.874990791082382202e-02
4.714407324790954590e-01
2.864388823509216309e-01
3.424543440341949463e-01
1.810983270406723022e-01
2.270101606845855713e-01
1.868668496608734131e-01
1.677535474300384521e-01
3.386938273906707764e-01
7.880450040102005005e-02
3.962186574935913086e-01
1.633006036281585693e-01
1.871736943721771240e-01
6.778203696012496948e-02
1.376968026161193848e-01
2.185661792755126953e-01
2.898950576782226562e-01
3.846079111099243164e-01
1.347364783287048340e-01
3.617284595966339111e-01
3.107762336730957031e-01
2.517384290695190430e-01
2.255413234233856201e-01
3.513509035110473633e-01
3.139597475528717041e-01
2.485702633857727051e-01
3.927635848522186279e-01
2.362584024667739868e-01
2.370454519987106323e-01
1.601749062538146973e-01
1.847061812877655029e-01
2.106435745954513550e-01
3.361450731754302979e-01
2.655031383037567139e-01
4.546064436435699463e-01
2.372204959392547607e-01
5.272632241249084473e-01
1.752615869045257568e-01
2.408268302679061890e-01
2.535552978515625000e-01
1.889432072639465332e-01
2.048765718936920166e-01
1.544077098369598389e-01
1.386167109012603760e-01
3.263543248176574707e-01
1.758997142314910889e-01
1.223425269126892090e-01
4.224929213523864746e-01
2.167708724737167358e-01
2.854544818401336670e-01
2.799294590950012207e-01
2.101489305496215820e-01
1.912817060947418213e-01
2.222047150135040283e-01
2.156515717506408691e-01
5.267540812492370605e-01
3.783904016017913818e-01
2.894993126392364502e-01
2.362783700227737427e-01
3.091077804565429688e-01
1.770020127296447754e-01
4.542627930641174316e-01
3.078642785549163818e-01
1.760078072547912598e-01
8.784329891204833984e-02
2.197153717279434204e-01
3.769420981407165527e-01
2.093652784824371338e-01
3.229655027389526367e-01
1.171064972877502441e-01
2.072429656982421875e-01
3.765392899513244629e-01
3.800836205482482910e-01
4.138911962509155273e-01
1.987064182758331299e-01
4.949172735214233398e-01
5.795351266860961914e-01
1.324927061796188354e-01
3.661933541297912598e-01
4.531109035015106201e-01
2.700912058353424072e-01
3.806526660919189453e-01
2.896921038627624512e-01
3.719694018363952637e-01
2.963322401046752930e-01
6.179423630237579346e-02
4.487345814704895020e-01
2.748636603355407715e-01
2.346152365207672119e-01
3.684480190277099609e-01
3.288848996162414551e-01
2.913915812969207764e-01
5.891983509063720703e-01
3.130271434783935547e-01
2.930641770362854004e-01
9.317760169506072998e-02
3.477198481559753418e-01
1.719786226749420166e-01
1.538363844156265259e-01
2.648153901100158691e-01
5.341660380363464355e-01
4.367064535617828369e-01
3.038845062255859375e-01
3.351799845695495605e-01
3.247067332267761230e-01
2.001329660415649414e-01
1.469588875770568848e-01
3.218892812728881836e-01
1.661233007907867432e-01
5.495034903287887573e-02
1.389285922050476074e-01
3.576954603195190430e-01
3.535388708114624023e-01
2.930664420127868652e-01
2.414586842060089111e-01
1.250882446765899658e-01
2.533819079399108887e-01
2.216414362192153931e-01
9.588560461997985840e-02
2.137308418750762939e-01
2.605246603488922119e-01
2.778027057647705078e-01
8.294667303562164307e-02
1.868607103824615479e-01
2.510417699813842773e-01
5.038142204284667969e-01
2.776607275009155273e-01
1.518938243389129639e-01
4.853404462337493896e-01
3.356325924396514893e-01
6.669621169567108154e-02
4.871932268142700195e-01
1.339018940925598145e-01
4.198768138885498047e-01
2.419786006212234497e-01
1.191886439919471741e-01
1.692585051059722900e-01
1.964713037014007568e-01
3.016524910926818848e-01
2.030486315488815308e-01
3.201417326927185059e-01
2.039943337440490723e-01
3.252767920494079590e-01
1.194174513220787048e-01
1.973291337490081787e-01
7.681138068437576294e-02
1.419417858123779297e-01
1.648298650979995728e-01
3.401841223239898682e-01
2.486149370670318604e-01
2.836157381534576416e-01
2.199200540781021118e-01
1.011988595128059387e-01
1.061311289668083191e-01
1.852156072854995728e-01
2.045057266950607300e-01
2.133173495531082153e-01
2.241678088903427124e-01
1.847893893718719482e-01
1.166012436151504517e-01
4.620991945266723633e-01
4.625070095062255859e-01
3.988440632820129395e-01
1.498152315616607666e-01
1.279093623161315918e-01
2.604759633541107178e-01
3.653983473777770996e-01
2.775227427482604980e-01
2.435818612575531006e-01
2.219283878803253174e-01
2.489412724971771240e-01
3.428277969360351562e-01
1.823362410068511963e-01
2.884974181652069092e-01
1.862117946147918701e-01
1.940721571445465088e-01
3.431522548198699951e-01
2.006183862686157227e-01
2.202901393175125122e-01
3.732312321662902832e-01
4.991972744464874268e-01
3.837664723396301270e-01
5.834896564483642578e-01
3.273369073867797852e-01
1.835141777992248535e-01
4.046984910964965820e-01
4.483220577239990234e-01
3.896344602108001709e-01
6.355133652687072754e-01
4.034171700477600098e-01
3.695228099822998047e-01
4.572864174842834473e-01
4.662656486034393311e-01
2.729955315589904785e-01
3.452469110488891602e-01
2.571353316307067871e-01
4.768245518207550049e-01
5.545630455017089844e-01
3.017026185989379883e-01
3.116054832935333252e-01
2.996398210525512695e-01
2.214891314506530762e-01
3.248530030250549316e-01
2.220318913459777832e-01
1.818148046731948853e-01
3.999536037445068359e-01
4.751169383525848389e-01
2.657063007354736328e-01
1.076711416244506836e-01
3.067335486412048340e-01
3.396859765052795410e-01
2.177736163139343262e-01
2.900834977626800537e-01
2.215849459171295166e-01
4.116996824741363525e-01
1.140825152397155762e-01
3.603351116180419922e-01
3.242462277412414551e-01
2.216626703739166260e-01
2.486437261104583740e-01
2.423531413078308105e-01
2.793579101562500000e-01
3.194569051265716553e-01
2.006713449954986572e-01
3.423611521720886230e-01
5.287743806838989258e-01
3.474608659744262695e-01
2.982909977436065674e-01
3.005225956439971924e-01
3.705178797245025635e-01
4.643222391605377197e-01
1.375618875026702881e-01
4.115766882896423340e-01
1.618179678916931152e-01
1.548667252063751221e-01
4.069580733776092529e-01
2.048167884349822998e-01
2.630266547203063965e-01
1.886482536792755127e-01
2.353905290365219116e-01
2.427181601524353027e-01
1.249307245016098022e-01
5.339471697807312012e-01
2.755192518234252930e-01
3.439809679985046387e-01
1.751710772514343262e-01
5.350077152252197266e-01
3.623781204223632812e-01
1.087118834257125854e-01
2.689127922058105469e-01
3.087354600429534912e-01
1.489077657461166382e-01
1.790736466646194458e-01
2.914750576019287109e-01
1.290351450443267822e-01
3.317875862121582031e-01
3.255456089973449707e-01
1.613641083240509033e-01
1.291380226612091064e-01
2.298749089241027832e-01
2.172830700874328613e-01
1.775822043418884277e-01
4.365293383598327637e-01
2.339655309915542603e-01
2.405409067869186401e-01
2.074983417987823486e-01
2.995670437812805176e-01
2.657752037048339844e-01
4.595789909362792969e-01
5.200011134147644043e-01
2.373317480087280273e-01
2.663769721984863281e-01
2.923105657100677490e-01
1.657046079635620117e-01
6.437043547630310059e-01
3.127497434616088867e-01
3.113759756088256836e-01
4.862096905708312988e-01
2.337906062602996826e-01
1.685592532157897949e-01
1.889276057481765747e-01
5.313867926597595215e-01
4.066520929336547852e-01
3.957572281360626221e-01
2.434183210134506226e-01
3.336794972419738770e-01
3.586820065975189209e-01
2.766458094120025635e-01
2.102723717689514160e-01
2.905266582965850830e-01
2.700818777084350586e-01
4.009779393672943115e-01
2.789595127105712891e-01
3.736006021499633789e-01
2.913855016231536865e-01
1.975153535604476929e-01
4.607986807823181152e-01
1.198863014578819275e-01
1.537750065326690674e-01
1.930280774831771851e-01
2.439075410366058350e-01
2.575336098670959473e-01
2.694697976112365723e-01
2.446551322937011719e-01
1.793891489505767822e-01
2.563800811767578125e-01
4.374580085277557373e-01
2.237892597913742065e-01
1.739128530025482178e-01
1.238068342208862305e-01
1.756984293460845947e-01
5.429093837738037109e-01
3.168719112873077393e-01
2.531056106090545654e-01
3.668677806854248047e-01
1.793351918458938599e-01
2.045591622591018677e-01
3.911457061767578125e-01
1.590849161148071289e-01
4.546231925487518311e-01
1.277653872966766357e-01
3.063119351863861084e-01
1.580591350793838501e-01
3.302826285362243652e-01
1.077873930335044861e-01
2.774770259857177734e-01
8.852408826351165771e-02
3.191598355770111084e-01
2.153670191764831543e-01
1.838772296905517578e-01
1.766438186168670654e-01
2.678236961364746094e-01
1.360655575990676880e-01
3.500669598579406738e-01
1.429371237754821777e-01
1.435380876064300537e-01
3.262491524219512939e-01
4.451824426651000977e-01
2.522766590118408203e-01
2.911756336688995361e-01
4.165996611118316650e-01
1.041391119360923767e-01
2.301990091800689697e-01
1.323979496955871582e-01
3.148323893547058105e-01
1.505616456270217896e-01
1.722650527954101562e-01
3.543299436569213867e-01
1.246014013886451721e-01
2.590165436267852783e-01
2.560501396656036377e-01
1.956091076135635376e-01
2.224355340003967285e-01
1.913685500621795654e-01
2.840344905853271484e-01
4.795979857444763184e-01
2.252868264913558960e-01
3.487004935741424561e-01
1.907852292060852051e-01
1.976438015699386597e-01
7.260162383317947388e-02
4.240930080413818359e-01
2.971633076667785645e-01
2.578407227993011475e-01
9.816437959671020508e-02
2.288389652967453003e-01
2.220299988985061646e-01
1.198612302541732788e-01
2.956707477569580078e-01
1.355202049016952515e-01
1.869375109672546387e-01
3.219806849956512451e-01
2.068035602569580078e-01
3.964346647262573242e-01
1.809513121843338013e-01
9.196089208126068115e-02
1.415927708148956299e-01
1.742604523897171021e-01
1.863325983285903931e-01
7.032903432846069336e-01
1.181759312748908997e-01
1.493444144725799561e-01
7.719776034355163574e-02
2.080511450767517090e-01
3.037596642971038818e-01
2.649387419223785400e-01
5.743603706359863281e-01
3.247684240341186523e-01
6.149795055389404297e-01
7.006378173828125000e-01
6.279532313346862793e-01
3.435797393321990967e-01
3.072886168956756592e-01
1.879203915596008301e-01
2.168827801942825317e-01
3.363270759582519531e-01
3.544743061065673828e-01
3.096935153007507324e-01
3.975556492805480957e-01
4.100465476512908936e-01
4.731372594833374023e-01
3.133510351181030273e-01
2.102865725755691528e-01
4.677551984786987305e-01
2.768600583076477051e-01
2.701677680015563965e-01
3.191162347793579102e-01
6.706386804580688477e-01
3.618523180484771729e-01
3.957270383834838867e-01
4.102579653263092041e-01
3.585694432258605957e-01
4.077996611595153809e-01
3.265559375286102295e-01
3.194210529327392578e-01
2.098267376422882080e-01
3.772841095924377441e-01
3.043628036975860596e-01
2.202050089836120605e-01
2.686247825622558594e-01
3.010993301868438721e-01
3.519611060619354248e-01
2.500200271606445312e-01
1.936298310756683350e-01
3.348642587661743164e-01
1.329104900360107422e-01
3.747690320014953613e-01
3.433794379234313965e-01
2.144479751586914062e-01
1.767170876264572144e-01
1.525807827711105347e-01
2.692605555057525635e-01
3.123891055583953857e-01
2.785961627960205078e-01
3.152571916580200195e-01
1.234873160719871521e-01
2.787816524505615234e-01
3.401268124580383301e-01
3.930008411407470703e-01
1.544734537601470947e-01
3.528623580932617188e-01
2.990037798881530762e-01
2.849002778530120850e-01
2.666163444519042969e-01
2.488857507705688477e-01
2.966953814029693604e-01
1.675527393817901611e-01
2.171404212713241577e-01
1.579110771417617798e-01
2.630124390125274658e-01
2.728324532508850098e-01
2.433701902627944946e-01
2.317655980587005615e-01
4.737301766872406006e-01
3.029043674468994141e-01
1.564031243324279785e-01
1.334270834922790527e-01
3.050457239151000977e-01
1.606479585170745850e-01
7.010375708341598511e-02
1.973980963230133057e-01
3.791869282722473145e-01
6.764744967222213745e-02
1.549857556819915771e-01
6.696224212646484375e-01
1.788309812545776367e-01
2.879169881343841553e-01
2.676595449447631836e-01
7.476474344730377197e-02
8.079202473163604736e-02
2.966671288013458252e-01
2.428356409072875977e-01
1.997078508138656616e-01
4.117831587791442871e-01
1.793500185012817383e-01
2.171723544597625732e-01
3.278454542160034180e-01
2.587915658950805664e-01
1.993608027696609497e-01
4.834646880626678467e-01
3.950153887271881104e-01
2.629714906215667725e-01
8.871500194072723389e-02
4.085123240947723389e-01
2.391571998596191406e-01
1.872512102127075195e-01
1.853804886341094971e-01
5.763356685638427734e-01
3.923630118370056152e-01
4.436749219894409180e-01
2.653771638870239258e-01
2.479579150676727295e-01
2.342811524868011475e-01
3.722453415393829346e-01
5.184539556503295898e-01
2.204144299030303955e-01
3.634334802627563477e-01
1.728685796260833740e-01
1.653276085853576660e-01
2.406400293111801147e-01
3.828136324882507324e-01
2.487523853778839111e-01
4.822871685028076172e-01
3.670467138290405273e-01
1.740582883358001709e-01
1.873916238546371460e-01
3.071570694446563721e-01
2.317205369472503662e-01
2.262528240680694580e-01
1.477624773979187012e-01
3.487878441810607910e-01
4.265105128288269043e-01
2.496214210987091064e-01
1.985696703195571899e-01
2.635613977909088135e-01
7.483793795108795166e-02
2.993533909320831299e-01
1.587273776531219482e-01
3.319915235042572021e-01
1.575686633586883545e-01
3.022542297840118408e-01
3.455921411514282227e-01
2.890729904174804688e-01
4.970567524433135986e-01
1.636155992746353149e-01
3.394887447357177734e-01
1.106551140546798706e-01
1.499071419239044189e-01
2.413031160831451416e-01
5.166527032852172852e-01
2.912304997444152832e-01
1.889220625162124634e-01
3.031482994556427002e-01
4.303358793258666992e-01
1.440620124340057373e-01
3.041321039199829102e-01
7.610614597797393799e-02
5.187664031982421875e-01
2.929646372795104980e-01
3.779099285602569580e-01
3.605824708938598633e-01
2.481265068054199219e-01
4.533932209014892578e-01
3.956181406974792480e-01
3.656317889690399170e-01
4.982014894485473633e-01
2.333825975656509399e-01
4.445371627807617188e-01
2.359894961118698120e-01
1.768562495708465576e-01
1.578884720802307129e-01
2.505668103694915771e-01
1.380101144313812256e-01
2.485269755125045776e-01
1.358051896095275879e-01
6.975899636745452881e-02
1.991812884807586670e-01
8.796212822198867798e-02
3.151448369026184082e-01
1.029969304800033569e-01
2.433464229106903076e-01
1.720709204673767090e-01
5.014234185218811035e-01
1.713310182094573975e-01
3.248656988143920898e-01
1.967602372169494629e-01
2.858152687549591064e-01
3.225053846836090088e-01
2.127510458230972290e-01
8.815126866102218628e-02
3.908710479736328125e-01
2.699067890644073486e-01
2.829454243183135986e-01
1.487752199172973633e-01
7.181893289089202881e-02
9.593345969915390015e-02
5.315576791763305664e-01
3.315016031265258789e-01
1.154686287045478821e-01
7.110742479562759399e-02
1.874544620513916016e-01
3.372952342033386230e-01
2.387731373310089111e-01
3.023048937320709229e-01
1.828667670488357544e-01
2.884975075721740723e-01
5.208420753479003906e-01
4.275767207145690918e-01
2.049484699964523315e-01
3.533408343791961670e-01
1.772822588682174683e-01
3.535004556179046631e-01
3.749887347221374512e-01
1.302370429039001465e-01
1.727430969476699829e-01
1.585056781768798828e-01
2.481910586357116699e-01
2.927014231681823730e-01
3.265960216522216797e-01
3.214079141616821289e-01
2.863230705261230469e-01
2.713610231876373291e-01
3.068616390228271484e-01
1.171245947480201721e-01
1.861903667449951172e-01
1.383528709411621094e-01
2.679916024208068848e-01
1.138920783996582031e-01
2.643361687660217285e-01
1.826539635658264160e-01
2.247940301895141602e-01
3.701366186141967773e-01
4.062939286231994629e-01
2.439413964748382568e-01
2.623119354248046875e-01
3.741939663887023926e-01
2.259980440139770508e-01
3.324555158615112305e-01
2.647673487663269043e-01
2.909618914127349854e-01
2.160405218601226807e-01
2.450814694166183472e-01
3.212944269180297852e-01
2.028782516717910767e-01
4.482218027114868164e-01
1.110883876681327820e-01
1.693735271692276001e-01
3.455945253372192383e-01
1.960746794939041138e-01
3.209855258464813232e-01
5.081102252006530762e-01
2.552549839019775391e-01
5.377262830734252930e-01
2.064135670661926270e-01
2.278148382902145386e-01
2.960954904556274414e-01
1.239099353551864624e-01
1.198683083057403564e-01
2.775983214378356934e-01
3.813206255435943604e-01
1.068521589040756226e-01
2.584079504013061523e-01
1.683559119701385498e-01
3.155691623687744141e-01
2.928739488124847412e-01
2.758900523185729980e-01
2.572508752346038818e-01
2.004061639308929443e-01
2.423720359802246094e-01
7.793756574392318726e-02
1.652293503284454346e-01
3.530105650424957275e-01
4.270386099815368652e-01
5.952282547950744629e-01
6.683665513992309570e-01
7.389060258865356445e-01
4.811483323574066162e-01
6.309660673141479492e-01
6.310670375823974609e-01
5.405835509300231934e-01
3.819870650768280029e-01
2.854956388473510742e-01
2.438477277755737305e-01
8.761545419692993164e-01
4.270020127296447754e-01
4.863409996032714844e-01
4.856088161468505859e-01
4.674901962280273438e-01
7.158762812614440918e-01
4.072040319442749023e-01
3.844023346900939941e-01
3.603244423866271973e-01
4.623934924602508545e-01
3.469081521034240723e-01
3.237542808055877686e-01
2.551555633544921875e-01
4.326982498168945312e-01
2.695010304450988770e-01
3.728388547897338867e-01
5.145207643508911133e-01
3.969765305519104004e-01
3.596499860286712646e-01
3.343418240547180176e-01
3.480977714061737061e-01
1.332255899906158447e-01
3.835653662681579590e-01
1.899342536926269531e-01
2.020986080169677734e-01
5.865410715341567993e-02
4.460284113883972168e-01
4.659995436668395996e-01
1.183549314737319946e-01
1.394705176353454590e-01
3.005765676498413086e-01
1.390372514724731445e-01
3.002763688564300537e-01
3.543366789817810059e-01
2.002503573894500732e-01
2.945545613765716553e-01
1.612977683544158936e-01
1.635185480117797852e-01
2.377808839082717896e-01
2.648066282272338867e-01
1.905150115489959717e-01
1.994920372962951660e-01
1.560908854007720947e-01
3.612645864486694336e-01
1.399132907390594482e-01
1.868669092655181885e-01
3.308319449424743652e-01
3.538147509098052979e-01
4.312671720981597900e-01
3.392642140388488770e-01
5.432686209678649902e-01
2.992827892303466797e-01
1.663828194141387939e-01
2.491812258958816528e-01
1.753516644239425659e-01
2.338858693838119507e-01
2.296910285949707031e-01
3.616273999214172363e-01
2.212742865085601807e-01
2.586545348167419434e-01
2.213210761547088623e-01
2.493842393159866333e-01
2.178085595369338989e-01
2.045311629772186279e-01
8.577562123537063599e-02
2.839593589305877686e-01
3.256422281265258789e-01
1.557448506355285645e-01
2.728520631790161133e-01
2.599051594734191895e-01
1.542233377695083618e-01
1.521636098623275757e-01
1.181397214531898499e-01
1.159021183848381042e-01
4.759698212146759033e-01
2.952600121498107910e-01
3.906910121440887451e-01
4.218128621578216553e-01
2.058849483728408813e-01
6.440451145172119141e-01
5.172292590141296387e-01
3.469767570495605469e-01
2.472678422927856445e-01
8.420142531394958496e-01
3.766392469406127930e-01
3.274900913238525391e-01
2.446936070919036865e-01
5.221436023712158203e-01
3.245874047279357910e-01
5.976580381393432617e-01
3.776324391365051270e-01
4.127494096755981445e-01
3.965353667736053467e-01
2.348814606666564941e-01
2.322111725807189941e-01
4.602920413017272949e-01
4.415455460548400879e-01
3.004303872585296631e-01
2.621859610080718994e-01
2.811194062232971191e-01
2.898977398872375488e-01
4.036374092102050781e-01
5.814222097396850586e-01
2.427371144294738770e-01
2.503236532211303711e-01
2.114172577857971191e-01
3.660050034523010254e-01
1.999829411506652832e-01
2.441017329692840576e-01
2.510778009891510010e-01
1.946259140968322754e-01
1.647788733243942261e-01
2.150128483772277832e-01
1.289269030094146729e-01
2.185855656862258911e-01
3.393141031265258789e-01
5.097197890281677246e-01
3.280789256095886230e-01
1.430047154426574707e-01
3.215373158454895020e-01
1.595801115036010742e-01
1.787328422069549561e-01
1.245325654745101929e-01
4.760511219501495361e-01
2.414358258247375488e-01
3.952763676643371582e-01
1.944730877876281738e-01
2.425810098648071289e-01
1.406330019235610962e-01
2.310595512390136719e-01
3.760373890399932861e-01
2.215716540813446045e-01
2.095957845449447632e-01
4.911306500434875488e-02
4.041554927825927734e-01
2.511333525180816650e-01
2.624164819717407227e-01
1.401513367891311646e-01
2.703498005867004395e-01
2.507542371749877930e-01
2.127913832664489746e-01
2.851553559303283691e-01
2.654780447483062744e-01
9.067387878894805908e-02
1.851809322834014893e-01
2.932184636592864990e-01
2.271416485309600830e-01
4.269739687442779541e-01
3.919508159160614014e-01
1.813262552022933960e-01
2.294082790613174438e-01
2.641385793685913086e-01
2.112604081630706787e-01
3.717175722122192383e-01
2.257726043462753296e-01
1.066923961043357849e-01
2.649440765380859375e-01
1.091634482145309448e-01
5.357745289802551270e-01
4.481958150863647461e-01
2.027728855609893799e-01
3.493454456329345703e-01
3.240914344787597656e-01
1.429105103015899658e-01
1.700854897499084473e-01
3.239490985870361328e-01
2.578102350234985352e-01
7.292042672634124756e-02
1.415062993764877319e-01
3.803016245365142822e-01
2.827061712741851807e-01
4.154953956604003906e-01
3.304276168346405029e-01
9.103831648826599121e-02
5.602529048919677734e-01
1.269401460886001587e-01
8.563791960477828979e-02
2.388222366571426392e-01
2.790084481239318848e-01
1.730955541133880615e-01
2.212887406349182129e-01
2.820562422275543213e-01
1.590810716152191162e-01
3.419121205806732178e-01
2.146519273519515991e-01
2.953689098358154297e-01
1.463933438062667847e-01
3.389139771461486816e-01
2.188208848237991333e-01
3.616692423820495605e-01
1.275264024734497070e-01
3.524429798126220703e-01
3.685493171215057373e-01
1.175948232412338257e-01
1.391905844211578369e-01
2.266629636287689209e-01
4.162837862968444824e-01
1.384031474590301514e-01
9.695432335138320923e-02
1.717533916234970093e-01
2.934093475341796875e-01
2.215619534254074097e-01
2.742304205894470215e-01
2.914456129074096680e-01
7.567340135574340820e-02
2.337068021297454834e-01
1.726848483085632324e-01
1.294941902160644531e-01
1.790605336427688599e-01
4.572283923625946045e-01
8.174106478691101074e-02
2.743505239486694336e-01
1.708751320838928223e-01
3.690505623817443848e-01
1.343771517276763916e-01
3.566895127296447754e-01
2.155517637729644775e-01
3.605393171310424805e-01
4.666262269020080566e-01
3.564994335174560547e-01
3.231192529201507568e-01
3.213271498680114746e-01
1.941925436258316040e-01
2.278906702995300293e-01
3.549346923828125000e-01
3.375156521797180176e-01
1.359242796897888184e-01
1.134594008326530457e-01
2.808590531349182129e-01
2.368264645338058472e-01
1.660250425338745117e-01
2.269465029239654541e-01
2.983162105083465576e-01
1.765654385089874268e-01
3.350849449634552002e-01
3.078535795211791992e-01
2.110642194747924805e-01
3.621299862861633301e-01
1.504783332347869873e-01
2.805845737457275391e-01
2.054384648799896240e-01
1.111409515142440796e-01
9.881624579429626465e-02
4.782022237777709961e-01
8.937667310237884521e-02
1.564345806837081909e-01
1.699999868869781494e-01
9.540074318647384644e-02
2.132228165864944458e-01
1.172176301479339600e-01
1.872925758361816406e-01
2.144400924444198608e-01
1.323177367448806763e-01
1.431593298912048340e-01
4.162607192993164062e-01
1.621073931455612183e-01
3.898511528968811035e-01
5.883672237396240234e-01
6.305303573608398438e-01
1.260446071624755859e+00
8.960472941398620605e-01
7.744548320770263672e-01
9.078429937362670898e-01
6.475276947021484375e-01
4.874946475028991699e-01
6.445767879486083984e-01
5.827657580375671387e-01
5.428082942962646484e-01
3.781997859477996826e-01
6.487421989440917969e-01
5.420107841491699219e-01
4.818924963474273682e-01
5.477176904678344727e-01
2.372940778732299805e-01
