5.955351591110229492e-01
1.397414803504943848e-01
2.852436527609825134e-02
3.143008351325988770e-01
2.789781689643859863e-01
2.689161598682403564e-01
8.738963305950164795e-02
1.387624591588973999e-01
2.477617114782333374e-01
2.453510761260986328e-01
1.738728731870651245e-01
1.937841176986694336e-01
1.281957775354385376e-01
3.355308175086975098e-01
7.808902859687805176e-02
1.863632351160049438e-01
2.537845373153686523e-01
1.614406853914260864e-01
1.349526047706604004e-01
1.986132562160491943e-01
2.889450788497924805e-01
4.531733095645904541e-01
3.244198858737945557e-01
4.063874855637550354e-02
8.248540759086608887e-02
3.111356496810913086e-01
5.032148957252502441e-02
2.135144770145416260e-01
3.421246409416198730e-01
4.063875079154968262e-01
1.312744766473770142e-01
2.093488425016403198e-01
2.580065131187438965e-01
2.407902330160140991e-01
6.236832737922668457e-01
1.190897524356842041e-01
2.599093019962310791e-01
2.877417206764221191e-01
1.074589118361473083e-01
2.767817378044128418e-01
2.035467326641082764e-01
3.435862660408020020e-01
1.018619388341903687e-01
2.425253838300704956e-01
1.431794464588165283e-01
9.618332982063293457e-02
3.140805065631866455e-01
1.595781445503234863e-01
9.959404915571212769e-02
1.910356283187866211e-01
8.488161861896514893e-02
1.945768594741821289e-01
2.985031902790069580e-01
9.449678659439086914e-02
6.720255017280578613e-01
1.617088019847869873e-01
3.064811229705810547e-01
3.212111890316009521e-01
3.254450261592864990e-01
3.998163044452667236e-01
2.026857137680053711e-01
1.376917213201522827e-01
1.984987705945968628e-01
1.534131467342376709e-01
1.945377886295318604e-01
3.262860178947448730e-01
7.902733981609344482e-02
1.113972514867782593e-01
1.645116508007049561e-01
4.820397868752479553e-02
5.073524713516235352e-01
1.526304036378860474e-01
1.746036708354949951e-01
9.092944115400314331e-02
3.366501927375793457e-01
5.163552612066268921e-02
2.282237857580184937e-01
1.543991565704345703e-01
5.479665994644165039e-01
3.433338701725006104e-01
1.798924803733825684e-01
1.563577950000762939e-01
9.713102877140045166e-02
1.270040273666381836e-01
1.611310541629791260e-01
8.922948688268661499e-02
2.129948735237121582e-01
3.508602976799011230e-01
6.500552594661712646e-02
9.839306026697158813e-02
1.659712046384811401e-01
2.967175841331481934e-01
2.391128987073898315e-01
2.496245801448822021e-01
6.317856907844543457e-02
1.231196373701095581e-01
3.202852606773376465e-01
1.401619762182235718e-01
2.006941139698028564e-01
1.834608912467956543e-01
1.806511878967285156e-01
3.613237440586090088e-01
1.302980929613113403e-01
3.194735944271087646e-01
5.497063994407653809e-01
1.149414554238319397e-01
3.251625299453735352e-01
1.100807711482048035e-01
3.801246881484985352e-01
3.953511118888854980e-01
2.452816367149353027e-01
3.300874829292297363e-01
2.740555405616760254e-01
1.462698280811309814e-01
1.903112679719924927e-01
2.640756964683532715e-01
1.610429286956787109e-01
1.621974706649780273e-01
8.594536781311035156e-02
3.511067032814025879e-01
2.736377418041229248e-01
2.267191112041473389e-01
4.970397055149078369e-02
3.261587917804718018e-01
2.524435520172119141e-01
1.687017828226089478e-01
1.266762912273406982e-01
3.141358196735382080e-01
1.152753084897994995e-01
3.107866048812866211e-01
2.469774484634399414e-01
2.688881456851959229e-01
2.043908238410949707e-01
1.332610845565795898e-01
3.345825076103210449e-01
8.647450059652328491e-02
1.843629181385040283e-01
4.951425790786743164e-01
2.915245890617370605e-01
3.154547214508056641e-01
1.014070808887481689e-01
1.237740516662597656e-01
2.511659562587738037e-01
3.582050204277038574e-01
1.245499998331069946e-01
6.609484553337097168e-02
4.919199049472808838e-01
3.311790823936462402e-01
3.603723049163818359e-01
1.301329582929611206e-01
3.983000516891479492e-01
2.244682908058166504e-01
6.382539868354797363e-02
2.615372538566589355e-01
1.535409390926361084e-01
7.859536409378051758e-01
9.140363335609436035e-02
2.637537717819213867e-01
4.370188117027282715e-01
2.617704868316650391e-01
2.761089205741882324e-01
1.780045330524444580e-01
1.357823461294174194e-01
2.400605678558349609e-01
3.366089761257171631e-01
1.706851422786712646e-01
1.525512933731079102e-01
2.301017791032791138e-01
1.877473443746566772e-01
1.666821539402008057e-01
2.429450452327728271e-01
1.842103898525238037e-01
2.037904113531112671e-01
1.769995242357254028e-01
6.212751269340515137e-01
1.718827635049819946e-01
2.794257700443267822e-01
2.435282170772552490e-01
2.789580821990966797e-01
3.328499197959899902e-01
3.126696348190307617e-01
3.966540098190307617e-01
1.065911948680877686e-01
1.062549054622650146e-01
1.239255666732788086e-01
1.793474853038787842e-01
1.099357008934020996e-01
1.347821205854415894e-01
1.631298959255218506e-01
6.001725047826766968e-02
1.938907206058502197e-01
3.020302653312683105e-01
3.781133592128753662e-01
2.746264934539794922e-01
3.087444305419921875e-01
9.816514700651168823e-02
2.284712791442871094e-01
1.134159713983535767e-01
4.050569236278533936e-01
1.508167833089828491e-01
1.911416053771972656e-01
3.681726455688476562e-01
1.730408817529678345e-01
4.264777898788452148e-01
1.853328943252563477e-01
2.121322602033615112e-01
4.180042743682861328e-01
2.487544715404510498e-01
2.072954922914505005e-01
3.241077959537506104e-01
6.779634952545166016e-02
2.031518071889877319e-01
1.596693396568298340e-01
4.510509073734283447e-01
4.779021739959716797e-01
1.612271964550018311e-01
1.853716969490051270e-01
2.297929227352142334e-01
1.227705180644989014e-01
3.294081687927246094e-01
8.604413270950317383e-02
2.761569023132324219e-01
7.933750748634338379e-02
1.822872012853622437e-01
2.728422880172729492e-01
1.626490354537963867e-01
2.337998598814010620e-01
1.710128784179687500e-01
1.706487238407135010e-01
2.941454648971557617e-01
8.426411449909210205e-02
3.184068799018859863e-01
1.494468748569488525e-01
5.043080449104309082e-01
1.351711750030517578e-01
3.076561689376831055e-01
2.110285460948944092e-01
4.491251707077026367e-01
1.422839462757110596e-01
2.764681577682495117e-01
2.838818132877349854e-01
1.384848654270172119e-01
2.027673721313476562e-01
2.835982739925384521e-01
3.904222249984741211e-01
5.583770945668220520e-02
1.433123350143432617e-01
1.573508530855178833e-01
2.148863822221755981e-01
1.780790984630584717e-01
3.928519189357757568e-01
3.572294712066650391e-01
1.019249707460403442e-01
7.183421403169631958e-02
2.471983283758163452e-01
1.688417345285415649e-01
1.094408184289932251e-01
2.093935757875442505e-01
2.864657640457153320e-01
2.665201425552368164e-01
9.521617740392684937e-02
1.864648461341857910e-01
9.055320918560028076e-02
1.688920855522155762e-01
1.469593942165374756e-01
1.866592317819595337e-01
2.569614946842193604e-01
8.779425919055938721e-02
1.574475169181823730e-01
1.638158559799194336e-01
2.921025753021240234e-01
2.635952234268188477e-01
1.868331730365753174e-01
2.855331897735595703e-01
2.323880195617675781e-01
3.175081312656402588e-01
2.288443446159362793e-01
1.640840470790863037e-01
1.387662440538406372e-01
2.325889021158218384e-01
5.679190754890441895e-01
2.771091163158416748e-01
1.716058254241943359e-01
1.160653904080390930e-01
3.566964864730834961e-01
2.068095803260803223e-01
1.897974610328674316e-01
1.510942578315734863e-01
1.385113596916198730e-01
1.977577060461044312e-01
2.927677631378173828e-01
2.035287171602249146e-01
9.655026346445083618e-02
1.457881927490234375e-01
2.286378592252731323e-01
3.006167411804199219e-01
3.056712746620178223e-01
2.320475280284881592e-01
1.776379942893981934e-01
1.203286722302436829e-01
3.589931130409240723e-01
2.838867008686065674e-01
3.046399652957916260e-01
2.166648209095001221e-01
1.107666194438934326e-01
1.398708224296569824e-01
2.610259056091308594e-01
1.908408552408218384e-01
3.650086522102355957e-01
9.054813981056213379e-01
3.353125452995300293e-01
4.618949890136718750e-01
1.907190084457397461e-01
2.922663986682891846e-01
2.690618932247161865e-01
2.681819796562194824e-01
1.895960867404937744e-01
2.453497648239135742e-01
2.298303395509719849e-01
2.074993103742599487e-01
2.471563518047332764e-01
9.810924530029296875e-02
2.479198575019836426e-01
4.619483053684234619e-01
2.012282162904739380e-01
1.309895962476730347e-01
2.362059652805328369e-01
2.307806760072708130e-01
1.189263090491294861e-01
4.671242833137512207e-01
2.237955331802368164e-01
2.575454115867614746e-01
1.930419206619262695e-01
4.774080514907836914e-01
2.121158540248870850e-01
1.193752065300941467e-01
1.092769652605056763e-01
2.848213911056518555e-01
2.742756605148315430e-01
2.825195193290710449e-01
2.083278894424438477e-01
2.637518346309661865e-01
3.092063665390014648e-01
2.349075376987457275e-01
1.878835558891296387e-01
4.807057380676269531e-01
2.546932697296142578e-01
2.213147133588790894e-01
1.530377864837646484e-01
1.724100857973098755e-01
9.920878708362579346e-02
1.358691304922103882e-01
1.015710979700088501e-01
2.081528902053833008e-01
4.549349248409271240e-01
1.707216948270797729e-01
1.023489534854888916e-01
1.658622026443481445e-01
3.877502977848052979e-01
1.234834045171737671e-01
4.872184395790100098e-01
1.392261385917663574e-01
1.567688137292861938e-01
1.618266999721527100e-01
2.770833969116210938e-01
1.416014432907104492e-01
2.327864468097686768e-01
1.875673532485961914e-01
2.403422892093658447e-01
2.779361903667449951e-01
3.661684989929199219e-01
1.562052369117736816e-01
2.115617245435714722e-01
3.999201059341430664e-01
2.000239789485931396e-01
1.483026891946792603e-01
1.826759874820709229e-01
2.715474963188171387e-01
3.469603061676025391e-01
3.776869773864746094e-01
3.575538098812103271e-01
1.857518404722213745e-01
2.190900146961212158e-01
2.990830540657043457e-01
1.935976892709732056e-01
4.083864986896514893e-01
3.019547164440155029e-01
2.474975734949111938e-01
3.062538504600524902e-01
5.591993927955627441e-01
1.086241006851196289e-01
2.652685344219207764e-01
3.278150856494903564e-01
1.640719473361968994e-01
1.505808234214782715e-01
2.253050357103347778e-01
2.410751134157180786e-01
1.972824037075042725e-01
2.938801944255828857e-01
2.039122134447097778e-01
5.027530193328857422e-01
2.312724739313125610e-01
2.419229596853256226e-01
2.639520168304443359e-01
1.415162533521652222e-01
9.271557629108428955e-02
3.652115166187286377e-01
1.943376064300537109e-01
2.799091637134552002e-01
8.969825506210327148e-02
2.446513324975967407e-01
8.077742159366607666e-02
4.167852401733398438e-01
1.508646905422210693e-01
2.554989755153656006e-01
2.548863291740417480e-01
3.129032850265502930e-01
6.182825565338134766e-02
3.380950689315795898e-01
1.176537349820137024e-01
4.030369520187377930e-01
2.508378326892852783e-01
1.532159000635147095e-01
1.823766827583312988e-01
3.144950866699218750e-01
2.276523411273956299e-01
1.984412670135498047e-01
1.591266989707946777e-01
1.697785556316375732e-01
2.845368981361389160e-01
1.836014986038208008e-01
2.283897548913955688e-01
1.620719134807586670e-01
1.060163974761962891e-01
2.636909484863281250e-01
3.845507204532623291e-01
2.629141211509704590e-01
3.610647916793823242e-01
3.008286952972412109e-01
1.199308037757873535e-01
7.271692901849746704e-02
2.668900191783905029e-01
2.919019162654876709e-01
4.137217402458190918e-01
7.761548459529876709e-02
2.196314930915832520e-01
3.394297957420349121e-01
1.208004951477050781e-01
1.540986299514770508e-01
4.931696653366088867e-01
1.477882713079452515e-01
1.489618420600891113e-01
7.732000946998596191e-02
3.121086061000823975e-01
1.779096126556396484e-01
2.154652774333953857e-01
6.243552640080451965e-02
2.603303194046020508e-01
5.221827030181884766e-01
3.395421504974365234e-01
1.764054745435714722e-01
1.608242094516754150e-01
5.166444927453994751e-02
3.821089267730712891e-01
6.232469156384468079e-02
1.005936264991760254e-01
1.951727271080017090e-01
2.011690288782119751e-01
3.715384006500244141e-01
3.223964571952819824e-01
2.623273730278015137e-01
9.005905687808990479e-02
9.140386432409286499e-02
1.652023494243621826e-01
1.090872734785079956e-01
2.514978945255279541e-01
2.296091914176940918e-01
2.936924695968627930e-01
1.461525410413742065e-01
4.425276219844818115e-01
1.712560355663299561e-01
2.202637791633605957e-01
1.481786221265792847e-01
6.703523546457290649e-02
7.338795661926269531e-01
5.457009077072143555e-01
3.866277039051055908e-01
4.391149282455444336e-01
3.137725889682769775e-01
1.897704899311065674e-01
2.055471241474151611e-01
2.349703311920166016e-01
2.681472301483154297e-01
1.224023476243019104e-01
1.806305050849914551e-01
1.422946751117706299e-01
1.652264297008514404e-01
6.717748939990997314e-02
2.051011174917221069e-01
4.079371690750122070e-01
2.587061226367950439e-01
4.118795394897460938e-01
2.212590873241424561e-01
1.975900828838348389e-01
1.089640930294990540e-01
2.846364974975585938e-01
1.232804059982299805e-01
1.997688263654708862e-01
2.347952127456665039e-01
3.536897599697113037e-01
2.099479883909225464e-01
2.115514576435089111e-01
1.518283039331436157e-01
3.848689794540405273e-01
3.798114061355590820e-01
3.152731955051422119e-01
1.325727701187133789e-01
1.472319513559341431e-01
1.895673424005508423e-01
1.913750171661376953e-01
3.279042243957519531e-01
2.099156528711318970e-01
1.749667972326278687e-01
3.657657504081726074e-01
1.581109166145324707e-01
2.114247083663940430e-01
2.648038566112518311e-01
3.417822122573852539e-01
3.813380599021911621e-01
2.985658943653106689e-01
2.834680676460266113e-01
4.407616257667541504e-01
3.336499929428100586e-01
2.199757546186447144e-01
3.236408829689025879e-01
1.025514006614685059e-01
1.936710774898529053e-01
1.194223612546920776e-01
1.450800001621246338e-01
2.130514979362487793e-01
2.433197200298309326e-01
3.640298843383789062e-01
3.776469826698303223e-01
3.840830624103546143e-01
3.644315898418426514e-01
2.399775683879852295e-01
2.080867588520050049e-01
1.940732747316360474e-01
1.606535911560058594e-01
2.104782462120056152e-01
1.185428425669670105e-01
4.250087141990661621e-01
1.647309809923171997e-01
3.021020889282226562e-01
2.911075949668884277e-01
3.057507574558258057e-01
2.182220518589019775e-01
1.653531193733215332e-01
1.599171757698059082e-01
2.919061779975891113e-01
1.776651740074157715e-01
1.663640141487121582e-01
4.622600078582763672e-01
1.804755032062530518e-01
2.173739373683929443e-01
3.355244398117065430e-01
3.298223018646240234e-01
1.532929241657257080e-01
2.184058725833892822e-01
2.431544810533523560e-01
2.740103006362915039e-01
4.753125905990600586e-01
1.584565043449401855e-01
1.695249825716018677e-01
1.714324206113815308e-01
1.495972871780395508e-01
1.363281756639480591e-01
1.280820071697235107e-01
1.461119651794433594e-01
9.250611066818237305e-02
6.263742595911026001e-02
8.460800349712371826e-02
4.782527089118957520e-01
1.664203852415084839e-01
3.163062632083892822e-01
1.582787781953811646e-01
1.689709424972534180e-01
3.570452332496643066e-01
3.368470668792724609e-01
2.019628882408142090e-01
1.922528892755508423e-01
1.397040039300918579e-01
1.314383447170257568e-01
2.562168836593627930e-01
4.014250040054321289e-01
3.502978682518005371e-01
2.031953483819961548e-01
9.530986845493316650e-02
2.138957977294921875e-01
2.157445251941680908e-01
3.766723275184631348e-01
3.162648081779479980e-01
2.422603368759155273e-01
3.588453829288482666e-01
1.759366095066070557e-01
2.139637470245361328e-01
1.782243251800537109e-01
2.196878641843795776e-01
2.155974507331848145e-01
2.501939535140991211e-01
5.325652956962585449e-01
1.612970232963562012e-01
3.476177453994750977e-01
2.821086049079895020e-01
3.641132712364196777e-01
2.180290967226028442e-01
7.309493422508239746e-01
1.630928665399551392e-01
2.598535120487213135e-01
2.518338859081268311e-01
1.381610631942749023e-01
1.608106493949890137e-01
2.490041851997375488e-01
2.208967357873916626e-01
1.379254907369613647e-01
1.976574957370758057e-01
1.212675571441650391e-01
4.026757478713989258e-01
3.705587089061737061e-01
2.570846080780029297e-01
1.846314221620559692e-01
1.954642236232757568e-01
6.352422386407852173e-02
3.613421022891998291e-01
2.413274049758911133e-01
1.695293635129928589e-01
1.959847211837768555e-01
4.420206844806671143e-01
2.182702720165252686e-01
2.099930942058563232e-01
2.688000500202178955e-01
2.026016116142272949e-01
1.020066440105438232e-01
1.560494303703308105e-01
4.133349657058715820e-02
1.437610238790512085e-01
9.990882128477096558e-02
1.661263257265090942e-01
3.868333697319030762e-01
1.264489293098449707e-01
2.152457833290100098e-01
4.417048692703247070e-01
1.463766396045684814e-01
1.908733993768692017e-01
2.595626115798950195e-01
1.860349774360656738e-01
2.342728376388549805e-01
3.577217161655426025e-01
1.977128237485885620e-01
1.995049864053726196e-01
3.099538087844848633e-01
3.314774036407470703e-01
1.519499421119689941e-01
1.103722453117370605e-01
1.694893091917037964e-01
6.867176294326782227e-02
3.378868997097015381e-01
3.313762545585632324e-01
2.194919586181640625e-01
3.460162281990051270e-01
2.691939473152160645e-01
1.282483935356140137e-01
8.757789433002471924e-02
2.724778950214385986e-01
1.465343087911605835e-01
3.328718841075897217e-01
2.283182144165039062e-01
8.119282126426696777e-02
2.136219143867492676e-01
1.235982030630111694e-01
7.820677757263183594e-02
2.891877889633178711e-01
2.015530914068222046e-01
3.616753220558166504e-01
3.175672292709350586e-01
1.648122817277908325e-01
3.010860085487365723e-01
2.919632196426391602e-01
1.877132356166839600e-01
2.406314313411712646e-01
2.184955179691314697e-01
2.833658754825592041e-01
1.320293396711349487e-01
3.099191486835479736e-01
4.426223933696746826e-01
1.767290234565734863e-01
5.536428838968276978e-02
1.156646162271499634e-01
4.021353125572204590e-01
2.205372154712677002e-01
2.358531951904296875e-01
6.238780915737152100e-02
1.977901458740234375e-01
1.705893278121948242e-01
2.066440582275390625e-01
3.246265649795532227e-01
3.480640351772308350e-01
2.084145545959472656e-01
3.627913892269134521e-01
1.282982081174850464e-01
2.271449565887451172e-01
2.814597785472869873e-01
2.837823033332824707e-01
1.382579207420349121e-01
2.363140136003494263e-01
1.355174034833908081e-01
2.179702371358871460e-01
3.350455760955810547e-01
3.264798521995544434e-01
2.065406292676925659e-01
2.411616891622543335e-01
1.948160827159881592e-01
2.274110466241836548e-01
5.941009521484375000e-02
1.243519634008407593e-01
1.381372511386871338e-01
3.100597858428955078e-01
1.797051280736923218e-01
4.291080236434936523e-01
4.026659727096557617e-01
2.976010441780090332e-01
3.189263939857482910e-01
1.221718341112136841e-01
1.756756305694580078e-01
1.016806811094284058e-01
2.238846123218536377e-01
1.750542074441909790e-01
4.159668087959289551e-02
1.877513527870178223e-01
1.946976184844970703e-01
3.158223927021026611e-01
2.469549775123596191e-01
3.298591077327728271e-01
2.685515284538269043e-01
1.946200132369995117e-01
4.436956644058227539e-01
2.063173651695251465e-01
2.027245014905929565e-01
4.749591946601867676e-01
6.659251451492309570e-02
1.935224235057830811e-01
1.399230062961578369e-01
2.738415002822875977e-01
2.184985578060150146e-01
4.097071290016174316e-01
2.541114985942840576e-01
1.411139816045761108e-01
1.867213547229766846e-01
2.261603325605392456e-01
4.134982824325561523e-01
9.935200959444046021e-02
1.543074697256088257e-01
1.093615293502807617e-01
3.012804985046386719e-01
2.787675559520721436e-01
1.216537207365036011e-01
1.368960738182067871e-01
4.948218911886215210e-02
3.205856382846832275e-01
2.517436146736145020e-01
3.011249899864196777e-01
8.558256924152374268e-02
4.005599766969680786e-02
1.779168546199798584e-01
3.286009430885314941e-01
1.696023344993591309e-01
6.729511916637420654e-02
1.174523085355758667e-01
3.509330153465270996e-01
6.290862709283828735e-02
1.853291988372802734e-01
9.738634526729583740e-02
4.424861669540405273e-01
1.193120777606964111e-01
3.828110098838806152e-01
2.023652344942092896e-01
5.680853500962257385e-02
1.742255687713623047e-01
2.041211277246475220e-01
1.613880395889282227e-01
4.829178452491760254e-01
2.377287298440933228e-01
1.723574995994567871e-01
4.505873322486877441e-01
1.565612107515335083e-01
1.236535906791687012e-01
2.797329425811767578e-01
2.029255777597427368e-01
2.952725291252136230e-01
3.240094780921936035e-01
1.794838756322860718e-01
1.071436107158660889e-01
2.799595594406127930e-01
2.194687277078628540e-01
2.968829870223999023e-01
8.403102308511734009e-02
3.212555050849914551e-01
1.881329715251922607e-01
4.465564191341400146e-01
2.581995427608489990e-01
9.205178916454315186e-02
8.469594269990921021e-02
1.746007055044174194e-01
1.528978049755096436e-01
2.244216948747634888e-01
2.594438791275024414e-01
4.682039916515350342e-01
3.132719695568084717e-01
1.876440048217773438e-01
2.526718676090240479e-01
1.648620069026947021e-01
1.550194919109344482e-01
2.141970396041870117e-01
5.204549431800842285e-01
2.666222453117370605e-01
2.488756626844406128e-01
1.350953876972198486e-01
2.483692616224288940e-01
9.392528235912322998e-02
3.350796103477478027e-01
8.235578238964080811e-02
4.643729031085968018e-01
2.428269386291503906e-01
2.615302801132202148e-01
2.942687273025512695e-01
1.325544118881225586e-01
5.869157612323760986e-02
2.169637978076934814e-01
2.073541134595870972e-01
1.537537127733230591e-01
2.773633003234863281e-01
1.368608921766281128e-01
3.463409841060638428e-01
1.581610441207885742e-01
2.730808854103088379e-01
1.613169312477111816e-01
1.435961425304412842e-01
1.559298634529113770e-01
1.446761786937713623e-01
2.683486044406890869e-01
2.046122997999191284e-01
3.680741190910339355e-01
2.690201699733734131e-01
2.333821505308151245e-01
3.803881406784057617e-01
1.943946480751037598e-01
1.098313406109809875e-01
2.665394842624664307e-01
1.366981714963912964e-01
1.345517486333847046e-01
3.040682673454284668e-01
5.027076601982116699e-02
1.640285849571228027e-01
2.314276099205017090e-01
2.748600840568542480e-01
2.235842943191528320e-01
2.401147484779357910e-01
2.910453081130981445e-01
1.612910032272338867e-01
1.884378790855407715e-01
1.676082015037536621e-01
9.391038119792938232e-02
2.400954067707061768e-01
3.034763932228088379e-01
8.932746946811676025e-02
2.454336732625961304e-01
1.485551744699478149e-01
3.003168404102325439e-01
2.840542495250701904e-01
4.855954349040985107e-01
9.903293102979660034e-02
2.769025266170501709e-01
2.849316000938415527e-01
2.018034756183624268e-01
1.467981934547424316e-01
1.131680980324745178e-01
1.334801316261291504e-01
2.276871055364608765e-01
1.093678325414657593e-01
2.279317378997802734e-01
1.546459794044494629e-01
1.661877781152725220e-01
1.720025539398193359e-01
2.722296416759490967e-01
1.362700462341308594e-01
1.568809896707534790e-01
1.773963570594787598e-01
1.090003773570060730e-01
4.954286664724349976e-02
2.712221145629882812e-01
1.199510693550109863e-01
4.618012905120849609e-01
2.332475185394287109e-01
1.804975867271423340e-01
1.024658381938934326e-01
1.906983107328414917e-01
1.451916247606277466e-01
1.117924973368644714e-01
1.654663085937500000e-01
3.690007925033569336e-01
2.530074715614318848e-01
3.738017976284027100e-01
1.131901293992996216e-01
3.175067901611328125e-01
3.197537958621978760e-01
1.024126112461090088e-01
2.336162030696868896e-01
1.411400735378265381e-01
5.500072240829467773e-01
1.776422858238220215e-01
2.190271914005279541e-01
1.090890318155288696e-01
3.908571600914001465e-01
1.729641705751419067e-01
3.581888079643249512e-01
3.597081303596496582e-01
2.410925626754760742e-01
1.431354284286499023e-01
2.656269669532775879e-01
2.567743659019470215e-01
3.944120109081268311e-01
2.606801092624664307e-01
3.443087637424468994e-01
1.864410638809204102e-01
1.515763103961944580e-01
1.122631579637527466e-01
3.356101512908935547e-01
1.614631414413452148e-01
2.377121299505233765e-01
1.331001818180084229e-01
4.222861528396606445e-01
1.803997755050659180e-01
2.080275714397430420e-01
2.765213549137115479e-01
1.482632309198379517e-01
1.539258956909179688e-01
1.761934161186218262e-01
3.889185190200805664e-01
2.699466347694396973e-01
4.495791792869567871e-01
2.274265885353088379e-01
1.444477289915084839e-01
1.017976328730583191e-01
8.446235209703445435e-02
8.430188894271850586e-02
1.829130351543426514e-01
1.420826464891433716e-01
3.652803301811218262e-01
2.557019293308258057e-01
5.354592800140380859e-01
2.797995209693908691e-01
1.703894585371017456e-01
3.470394909381866455e-01
4.589916020631790161e-02
9.409675747156143188e-02
1.003608182072639465e-01
5.936636775732040405e-02
6.105685979127883911e-02
8.422616869211196899e-02
2.161820083856582642e-01
1.237320676445960999e-01
1.880439519882202148e-01
3.418985605239868164e-01
1.875536441802978516e-01
1.907910108566284180e-01
2.625757157802581787e-01
5.025871396064758301e-01
2.100256383419036865e-01
3.336306810379028320e-01
1.032304763793945312e-01
3.478311896324157715e-01
3.084945678710937500e-01
3.080998957157135010e-01
2.151704281568527222e-01
2.696815431118011475e-01
2.074312567710876465e-01
2.320055812597274780e-01
2.879820764064788818e-01
1.158828884363174438e-01
1.663151681423187256e-01
2.058989256620407104e-01
8.576277643442153931e-02
3.628281354904174805e-01
2.665020823478698730e-01
9.812904894351959229e-02
1.796936094760894775e-01
1.673608422279357910e-01
1.870337724685668945e-01
2.230119407176971436e-01
2.292242199182510376e-01
1.706470400094985962e-01
1.163981556892395020e-01
6.366958469152450562e-02
2.719249129295349121e-01
1.195031180977821350e-01
1.616883873939514160e-01
1.392134726047515869e-01
2.200670391321182251e-01
5.578823760151863098e-02
6.535839289426803589e-02
4.241574704647064209e-01
2.659999728202819824e-01
3.371144831180572510e-01
1.932231038808822632e-01
2.311460971832275391e-01
1.591802537441253662e-01
2.009846568107604980e-01
2.653323411941528320e-01
2.582648694515228271e-01
2.902200222015380859e-01
2.120096087455749512e-01
7.147820293903350830e-02
2.631787061691284180e-01
1.698842048645019531e-01
2.851820886135101318e-01
2.224345505237579346e-01
7.408927381038665771e-02
1.071228235960006714e-01
1.190972924232482910e-01
2.141904681921005249e-01
3.700709939002990723e-01
8.769399672746658325e-02
2.853398919105529785e-01
2.300682216882705688e-01
2.587341964244842529e-01
1.899866759777069092e-01
1.190623790025711060e-01
2.572696208953857422e-01
3.649544417858123779e-01
2.840539813041687012e-01
1.584346890449523926e-01
3.998805284500122070e-01
2.616460919380187988e-01
1.145769134163856506e-01
4.042813777923583984e-01
2.039812654256820679e-01
3.662439882755279541e-01
2.777674198150634766e-01
1.154524460434913635e-01
2.361499965190887451e-01
1.751919984817504883e-01
2.574721574783325195e-01
2.984782457351684570e-01
3.754965364933013916e-01
2.789784073829650879e-01
2.288362830877304077e-01
3.538714945316314697e-01
2.201594859361648560e-01
1.678096055984497070e-01
1.831523776054382324e-01
4.659240543842315674e-01
2.706435620784759521e-01
2.819424271583557129e-01
1.974936723709106445e-01
3.257924616336822510e-01
1.619782745838165283e-01
2.058865875005722046e-01
2.005124390125274658e-01
3.258414566516876221e-01
1.274829506874084473e-01
6.186297535896301270e-02
1.410854011774063110e-01
1.926279366016387939e-01
1.945212185382843018e-01
2.843112945556640625e-01
1.645302921533584595e-01
1.116768568754196167e-01
8.317101746797561646e-02
3.740100860595703125e-01
2.976120412349700928e-01
3.511682748794555664e-01
1.137267351150512695e-01
3.798624873161315918e-01
1.626175045967102051e-01
2.110476791858673096e-01
8.642306923866271973e-02
4.203132987022399902e-01
3.951818346977233887e-01
1.230144053697586060e-01
1.365757882595062256e-01
8.837518095970153809e-02
1.574421226978302002e-01
9.509222209453582764e-02
2.349005490541458130e-01
4.120716750621795654e-01
1.692322492599487305e-01
3.998202979564666748e-01
3.281847536563873291e-01
4.994027018547058105e-01
2.487640082836151123e-01
1.242116987705230713e-01
3.322430849075317383e-01
3.864781856536865234e-01
3.706292510032653809e-01
1.689909696578979492e-01
1.983820348978042603e-01
3.819813728332519531e-01
3.577477931976318359e-01
1.689310073852539062e-01
1.871400326490402222e-01
3.985576629638671875e-01
3.447269797325134277e-01
1.390433311462402344e-01
9.586198627948760986e-02
2.337967753410339355e-01
2.502189874649047852e-01
2.363353669643402100e-01
4.477272033691406250e-01
2.141566425561904907e-01
1.956551074981689453e-01
7.156053185462951660e-02
5.185810327529907227e-01
1.109616011381149292e-01
3.390915095806121826e-01
2.210776507854461670e-01
2.049228996038436890e-01
1.543423235416412354e-01
2.834955751895904541e-01
1.680592596530914307e-01
3.769114315509796143e-01
7.207126915454864502e-02
3.673520684242248535e-01
1.325669288635253906e-01
8.251850306987762451e-02
2.638952732086181641e-01
1.934651434421539307e-01
1.651223897933959961e-01
9.165638685226440430e-02
3.952329158782958984e-01
2.139606475830078125e-01
2.011735290288925171e-01
2.979373335838317871e-01
1.151244342327117920e-01
2.430585622787475586e-01
2.041925489902496338e-01
1.138350814580917358e-01
5.789412185549736023e-02
3.154355585575103760e-01
1.608507931232452393e-01
3.065777719020843506e-01
4.139868617057800293e-01
1.487702578306198120e-01
3.988524377346038818e-01
1.209268867969512939e-01
1.340429484844207764e-01
2.241366803646087646e-01
2.983364164829254150e-01
1.229661554098129272e-01
2.265745103359222412e-01
5.041386187076568604e-02
8.033823221921920776e-02
2.339437603950500488e-01
1.018738895654678345e-01
4.016842842102050781e-01
1.061314642429351807e-01
2.489462196826934814e-01
2.087342143058776855e-01
3.447492718696594238e-01
1.888048797845840454e-01
2.233249694108963013e-01
1.429781019687652588e-01
2.467482388019561768e-01
4.980530142784118652e-01
8.886224031448364258e-02
3.119447231292724609e-01
1.471991986036300659e-01
2.943067252635955811e-01
4.112005829811096191e-01
1.410231590270996094e-01
2.868335247039794922e-01
1.715417802333831787e-01
1.824404448270797729e-01
1.372362375259399414e-01
7.977770268917083740e-02
1.963154971599578857e-01
9.935490787029266357e-02
2.023369520902633667e-01
2.994523048400878906e-01
2.656753361225128174e-01
1.315595507621765137e-01
1.823522448539733887e-01
2.816061675548553467e-01
1.030227467417716980e-01
1.449052095413208008e-01
2.813977599143981934e-01
2.787263691425323486e-01
7.822273671627044678e-02
3.494237959384918213e-01
2.102568745613098145e-01
2.762660384178161621e-01
1.413222253322601318e-01
3.909960687160491943e-01
1.964309513568878174e-01
1.732693314552307129e-01
1.894730031490325928e-01
2.234968841075897217e-01
2.466081678867340088e-01
1.046783998608589172e-01
1.619233787059783936e-01
7.680486440658569336e-01
1.304648667573928833e-01
4.280316233634948730e-01
2.341037988662719727e-01
2.522782981395721436e-01
1.885129809379577637e-01
2.553284764289855957e-01
1.280361562967300415e-01
9.036569297313690186e-02
2.853550016880035400e-01
3.119333386421203613e-01
1.749801933765411377e-01
1.153152957558631897e-01
1.199434176087379456e-01
2.082545161247253418e-01
2.900067865848541260e-01
3.780096173286437988e-01
2.256832122802734375e-01
1.508962959051132202e-01
1.979057788848876953e-01
1.965187788009643555e-01
5.894452333450317383e-01
2.143624573945999146e-01
3.223907351493835449e-01
1.654742509126663208e-01
1.800104975700378418e-01
3.511394262313842773e-01
1.071089059114456177e-01
2.946610450744628906e-01
1.944000124931335449e-01
9.790343791246414185e-02
2.550472021102905273e-01
4.058519303798675537e-01
2.852844595909118652e-01
9.206345677375793457e-02
3.294696807861328125e-01
1.894530490972101688e-03
