2.281055599451065063e-01
2.945010662078857422e-01
2.729926109313964844e-01
3.007942438125610352e-01
3.200354278087615967e-01
3.201792538166046143e-01
3.754139542579650879e-01
1.469158828258514404e-01
7.202759385108947754e-02
2.286276817321777344e-01
1.842806637287139893e-01
3.804535567760467529e-01
2.196171283721923828e-01
2.565931975841522217e-01
1.434022188186645508e-01
5.706897974014282227e-01
2.242785692214965820e-01
4.046401977539062500e-01
2.279192358255386353e-01
2.970726490020751953e-01
1.924483478069305420e-01
2.553130090236663818e-01
2.535525560379028320e-01
4.402860999107360840e-01
1.632608473300933838e-01
6.508740782737731934e-01
3.923123180866241455e-01
3.340418338775634766e-01
2.970218360424041748e-01
2.984241545200347900e-01
3.430120944976806641e-01
6.613345146179199219e-01
2.774434089660644531e-01
3.705019950866699219e-01
2.814838886260986328e-01
3.400334417819976807e-01
2.564700841903686523e-01
2.716081738471984863e-01
3.475930094718933105e-01
3.244591951370239258e-01
2.570053935050964355e-01
4.485621452331542969e-01
3.448942899703979492e-01
1.661234945058822632e-01
2.569994628429412842e-01
3.818706572055816650e-01
2.636294066905975342e-01
2.884689569473266602e-01
1.697266250848770142e-01
4.963563084602355957e-01
1.996901184320449829e-01
3.624854683876037598e-01
2.080252766609191895e-01
1.773892343044281006e-01
3.307015895843505859e-01
1.782251000404357910e-01
2.358063459396362305e-01
3.316912651062011719e-01
1.809656023979187012e-01
5.105580687522888184e-01
4.285594522953033447e-01
2.861199975013732910e-01
3.204626142978668213e-01
2.721703052520751953e-01
2.742749750614166260e-01
1.460302770137786865e-01
3.970736861228942871e-01
1.148804798722267151e-01
5.340294837951660156e-01
2.217608392238616943e-01
5.007730126380920410e-01
4.446284770965576172e-01
1.766853034496307373e-01
2.236795425415039062e-01
3.563900291919708252e-01
4.719831049442291260e-01
1.970202028751373291e-01
3.433347344398498535e-01
5.282472968101501465e-01
3.752304613590240479e-01
4.300799965858459473e-01
3.063390851020812988e-01
5.630687475204467773e-01
2.394837737083435059e-01
3.586912155151367188e-01
4.696787893772125244e-01
1.447470486164093018e-01
2.428370714187622070e-01
4.354960918426513672e-01
2.133859694004058838e-01
2.170631289482116699e-01
4.192339181900024414e-01
5.053185224533081055e-01
2.717570066452026367e-01
3.553265035152435303e-01
6.189697980880737305e-01
3.728454411029815674e-01
1.889673769474029541e-01
1.737069934606552124e-01
1.606375277042388916e-01
2.639991044998168945e-01
2.142983675003051758e-01
3.099377155303955078e-01
4.278230071067810059e-01
3.870288431644439697e-01
1.957314759492874146e-01
1.433280110359191895e-01
1.880826801061630249e-01
2.248380184173583984e-01
1.919114291667938232e-01
2.762125730514526367e-01
3.831422030925750732e-01
3.910255432128906250e-01
2.877531647682189941e-01
1.754248142242431641e-01
2.490507662296295166e-01
2.708448469638824463e-01
3.070906102657318115e-01
4.398313164710998535e-01
2.292719036340713501e-01
2.623582184314727783e-01
2.994452714920043945e-01
1.867858171463012695e-01
2.650894522666931152e-01
4.446907937526702881e-01
2.009784430265426636e-01
1.425339579582214355e-01
2.112357020378112793e-01
1.140831261873245239e-01
3.162009119987487793e-01
1.042687669396400452e-01
2.963270545005798340e-01
3.715772926807403564e-01
4.181268513202667236e-01
2.771022021770477295e-01
1.965281069278717041e-01
2.170701324939727783e-01
2.932645678520202637e-01
1.470806896686553955e-01
4.395588934421539307e-01
2.150677442550659180e-01
1.511267423629760742e-01
2.692412734031677246e-01
1.863793134689331055e-01
2.441268712282180786e-01
2.611852586269378662e-01
4.715015292167663574e-01
2.986466884613037109e-01
8.092538267374038696e-02
2.086926102638244629e-01
2.202395796775817871e-01
4.738141298294067383e-01
3.844114243984222412e-01
2.695057392120361328e-01
3.357957601547241211e-01
3.624902963638305664e-01
3.474912047386169434e-01
2.095400094985961914e-01
3.251725435256958008e-01
3.606144785881042480e-01
3.074571490287780762e-01
2.558362185955047607e-01
2.948040962219238281e-01
4.448916912078857422e-01
1.597819179296493530e-01
2.293995916843414307e-01
4.385945498943328857e-01
3.078687787055969238e-01
1.407323628664016724e-01
4.933232665061950684e-01
4.214681386947631836e-01
2.727870941162109375e-01
3.342436552047729492e-01
3.884900212287902832e-01
3.027101159095764160e-01
5.232623815536499023e-01
2.459404766559600830e-01
2.100853174924850464e-01
2.309803813695907593e-01
4.504598081111907959e-01
2.122020274400711060e-01
3.175396323204040527e-01
4.948642253875732422e-01
4.593074023723602295e-01
2.545320391654968262e-01
1.908922344446182251e-01
1.302600950002670288e-01
1.212613806128501892e-01
3.300147652626037598e-01
3.550394475460052490e-01
3.602602779865264893e-01
3.879690170288085938e-01
2.875051796436309814e-01
4.746802151203155518e-01
2.068418264389038086e-01
5.444664359092712402e-01
2.969802618026733398e-01
5.100437402725219727e-01
2.910340726375579834e-01
2.249307036399841309e-01
4.039523601531982422e-01
3.643867075443267822e-01
3.650918006896972656e-01
1.665735840797424316e-01
1.432022452354431152e-01
2.820105850696563721e-01
2.769716382026672363e-01
2.608438432216644287e-01
3.722144663333892822e-01
3.125749230384826660e-01
2.753033638000488281e-01
2.056051492691040039e-01
1.359650790691375732e-01
4.175695478916168213e-01
2.874971032142639160e-01
3.515175580978393555e-01
3.125681877136230469e-01
2.076725959777832031e-01
3.420799374580383301e-01
4.443683922290802002e-01
4.042386710643768311e-01
4.597733318805694580e-01
2.201270312070846558e-01
3.881991207599639893e-01
3.229556679725646973e-01
4.054615497589111328e-01
1.379157900810241699e-01
1.885749399662017822e-01
1.184720322489738464e-01
2.302772104740142822e-01
2.387166470289230347e-01
2.040981203317642212e-01
2.289229035377502441e-01
4.915065169334411621e-01
1.632911264896392822e-01
3.144826292991638184e-01
2.331871092319488525e-01
4.414675533771514893e-01
2.268168330192565918e-01
3.294382691383361816e-01
4.976682662963867188e-01
2.809691429138183594e-01
4.336544871330261230e-01
2.614712119102478027e-01
3.193955421447753906e-01
4.418967664241790771e-01
2.919051051139831543e-01
3.232768177986145020e-01
3.875792622566223145e-01
2.592179775238037109e-01
3.595872223377227783e-01
1.446125209331512451e-01
3.279917836189270020e-01
2.381498962640762329e-01
3.859232068061828613e-01
3.025894165039062500e-01
3.279884159564971924e-01
4.151483774185180664e-01
2.478942871093750000e-01
5.547999739646911621e-01
2.003140598535537720e-01
2.118749618530273438e-01
6.223493218421936035e-01
4.056802988052368164e-01
4.667708873748779297e-01
2.710124552249908447e-01
3.723444938659667969e-01
3.735249936580657959e-01
1.802070736885070801e-01
2.367071360349655151e-01
3.513003289699554443e-01
3.081949353218078613e-01
4.787894189357757568e-01
2.919237613677978516e-01
3.378027975559234619e-01
3.150669634342193604e-01
2.904983162879943848e-01
2.754679322242736816e-01
3.418784141540527344e-01
3.050448298454284668e-01
2.527465820312500000e-01
2.580722868442535400e-01
1.975876390933990479e-01
3.171148300170898438e-01
6.853756308555603027e-01
1.796762943267822266e-01
3.298297524452209473e-01
3.934278786182403564e-01
3.069849014282226562e-01
1.574544459581375122e-01
1.846368014812469482e-01
3.709823489189147949e-01
1.315078586339950562e-01
5.008122920989990234e-01
2.542158365249633789e-01
2.513411641120910645e-01
2.175309658050537109e-01
2.352550327777862549e-01
1.943453550338745117e-01
2.727208435535430908e-01
2.542464137077331543e-01
2.466050237417221069e-01
3.821758627891540527e-01
1.571431010961532593e-01
3.119891881942749023e-01
2.394596338272094727e-01
3.059355616569519043e-01
1.990453600883483887e-01
1.998894512653350830e-01
2.791679203510284424e-01
2.088718116283416748e-01
1.658307015895843506e-01
2.381868809461593628e-01
4.943390488624572754e-01
1.446132063865661621e-01
3.980418741703033447e-01
4.193260073661804199e-01
2.287155985832214355e-01
2.546512782573699951e-01
2.625106871128082275e-01
4.960559010505676270e-01
2.305704653263092041e-01
2.411871701478958130e-01
2.834249138832092285e-01
2.877185344696044922e-01
2.038783431053161621e-01
2.646262943744659424e-01
1.994493603706359863e-01
4.233879446983337402e-01
2.387129813432693481e-01
1.671885251998901367e-01
1.385189443826675415e-01
3.681112527847290039e-01
3.515843749046325684e-01
5.262968540191650391e-01
2.642564773559570312e-01
2.335755825042724609e-01
2.100377231836318970e-01
2.206422984600067139e-01
2.012744992971420288e-01
2.754998207092285156e-01
3.619753420352935791e-01
3.461131453514099121e-01
2.196762263774871826e-01
3.048138916492462158e-01
2.883638441562652588e-01
2.809475958347320557e-01
3.704103827476501465e-01
3.636165261268615723e-01
2.863766551017761230e-01
9.314556419849395752e-02
3.607785701751708984e-01
1.036854609847068787e-01
1.922813653945922852e-01
2.118220329284667969e-01
2.302965819835662842e-01
3.771157562732696533e-01
1.800237149000167847e-01
2.934315800666809082e-01
4.042704701423645020e-01
3.054245114326477051e-01
2.586496174335479736e-01
3.439615964889526367e-01
1.979958415031433105e-01
4.079850912094116211e-01
1.576921790838241577e-01
2.453767955303192139e-01
2.206836938858032227e-01
2.494308948516845703e-01
3.660835623741149902e-01
5.733903646469116211e-01
2.784864604473114014e-01
3.117023110389709473e-01
4.102512598037719727e-01
1.731084585189819336e-01
2.592031657695770264e-01
1.976895481348037720e-01
2.912794947624206543e-01
2.804550528526306152e-01
2.438665777444839478e-01
2.950024604797363281e-01
2.648918628692626953e-01
2.892870604991912842e-01
1.912494599819183350e-01
4.678195714950561523e-01
3.551899194717407227e-01
1.168866753578186035e-01
4.703869521617889404e-01
3.544567823410034180e-01
2.246512472629547119e-01
5.321860909461975098e-01
2.441922724246978760e-01
4.366661012172698975e-01
4.511048197746276855e-01
2.311064302921295166e-01
1.729003489017486572e-01
3.111594915390014648e-01
3.081005811691284180e-01
2.250083982944488525e-01
1.715822666883468628e-01
5.791039466857910156e-01
4.494006931781768799e-01
2.936196327209472656e-01
1.864168494939804077e-01
4.758008420467376709e-01
3.984836041927337646e-01
2.715280652046203613e-01
3.050455749034881592e-01
1.731679141521453857e-01
3.086976408958435059e-01
2.500626444816589355e-01
4.939635992050170898e-01
3.963009715080261230e-01
3.308835029602050781e-01
2.544954419136047363e-01
3.140018582344055176e-01
2.016969323158264160e-01
2.590372562408447266e-01
2.499113976955413818e-01
1.781417131423950195e-01
1.974363327026367188e-01
2.475477755069732666e-01
2.073980867862701416e-01
2.419267445802688599e-01
2.324567735195159912e-01
1.965600401163101196e-01
2.058768570423126221e-01
3.025895655155181885e-01
3.951681852340698242e-01
3.067802786827087402e-01
3.069256544113159180e-01
1.171501874923706055e-01
2.707726061344146729e-01
2.047012299299240112e-01
4.041222631931304932e-01
4.134308695793151855e-01
2.888024449348449707e-01
1.840817034244537354e-01
3.489551544189453125e-01
2.835282087326049805e-01
3.044743537902832031e-01
2.648132443428039551e-01
2.544340193271636963e-01
1.963783502578735352e-01
1.087495535612106323e-01
1.153405010700225830e-01
4.939455986022949219e-01
3.681098222732543945e-01
2.396877259016036987e-01
1.778664588928222656e-01
4.638955593109130859e-01
5.052868723869323730e-01
3.027672469615936279e-01
8.263270556926727295e-02
2.147152423858642578e-01
3.756717145442962646e-01
2.432341426610946655e-01
2.130400240421295166e-01
4.801208674907684326e-01
2.210315912961959839e-01
4.774829447269439697e-01
3.083826303482055664e-01
2.819139659404754639e-01
2.330764681100845337e-01
2.086665034294128418e-01
7.940366864204406738e-02
4.082823991775512695e-01
1.459885239601135254e-01
3.848732113838195801e-01
3.364840149879455566e-01
3.331793546676635742e-01
2.351223826408386230e-01
1.370446979999542236e-01
3.329222798347473145e-01
3.214699923992156982e-01
3.130846619606018066e-01
1.400404870510101318e-01
1.359642148017883301e-01
4.499788284301757812e-01
3.464654088020324707e-01
1.413835287094116211e-01
1.524003446102142334e-01
1.884718239307403564e-01
2.616300582885742188e-01
2.032372653484344482e-01
1.789566576480865479e-01
2.204759716987609863e-01
6.303192377090454102e-01
3.132171034812927246e-01
6.001698970794677734e-02
2.665482461452484131e-01
5.557171702384948730e-01
4.698855876922607422e-01
3.585733473300933838e-01
3.636079728603363037e-01
2.611538469791412354e-01
2.061884701251983643e-01
4.380894899368286133e-01
8.044525980949401855e-02
2.430325448513031006e-01
1.313288062810897827e-01
4.351860284805297852e-01
2.930167317390441895e-01
2.365179061889648438e-01
4.170755147933959961e-01
3.361936807632446289e-01
3.106165826320648193e-01
2.881542444229125977e-01
4.790998995304107666e-01
3.071481585502624512e-01
2.431681454181671143e-01
5.390489101409912109e-01
4.461072087287902832e-01
3.560597002506256104e-01
1.873154938220977783e-01
3.268388211727142334e-01
3.287853896617889404e-01
3.539720475673675537e-01
1.477879881858825684e-01
3.741556406021118164e-01
4.950000643730163574e-01
2.826687991619110107e-01
3.085671067237854004e-01
3.010466098785400391e-01
2.239162027835845947e-01
1.849586665630340576e-01
1.267840117216110229e-01
2.023123800754547119e-01
3.720465600490570068e-01
3.611826002597808838e-01
1.835219562053680420e-01
3.441583216190338135e-01
2.599688470363616943e-01
2.439140379428863525e-01
4.082461893558502197e-01
3.449586629867553711e-01
1.971425712108612061e-01
9.397120773792266846e-02
4.189480543136596680e-01
3.610634207725524902e-01
2.411181330680847168e-01
1.792791038751602173e-01
3.663291037082672119e-01
2.034824937582015991e-01
1.955975890159606934e-01
2.167580127716064453e-01
1.847042441368103027e-01
3.757606744766235352e-01
1.169344559311866760e-01
3.924706280231475830e-01
1.904125213623046875e-01
3.093515932559967041e-01
2.102847397327423096e-01
4.147623479366302490e-01
3.308201730251312256e-01
3.101902902126312256e-01
2.525379061698913574e-01
2.825727462768554688e-01
2.706882953643798828e-01
2.413930594921112061e-01
2.060882598161697388e-01
3.323994874954223633e-01
3.894728720188140869e-01
2.374410033226013184e-01
1.187959909439086914e-01
3.349511325359344482e-01
5.592316985130310059e-01
3.184150457382202148e-01
3.124942779541015625e-01
2.923983633518218994e-01
6.992575526237487793e-02
1.382954120635986328e-01
2.976085543632507324e-01
1.140863522887229919e-01
1.392094492912292480e-01
3.869090974330902100e-01
2.759513854980468750e-01
1.750722825527191162e-01
1.100256443023681641e-01
5.076533555984497070e-01
2.225927710533142090e-01
3.746365010738372803e-01
3.317398726940155029e-01
3.971194028854370117e-01
3.029401898384094238e-01
5.670642852783203125e-01
4.046815633773803711e-01
3.093602955341339111e-01
3.331525325775146484e-01
3.317775726318359375e-01
4.012781381607055664e-01
5.838382840156555176e-01
2.194904088973999023e-01
2.784535884857177734e-01
2.396771907806396484e-01
3.279495835304260254e-01
2.250798791646957397e-01
3.722133040428161621e-01
4.517534971237182617e-01
4.220494627952575684e-01
3.384147882461547852e-01
1.670478582382202148e-01
8.212714642286300659e-02
3.295103609561920166e-01
2.301759570837020874e-01
4.511418044567108154e-01
3.169072866439819336e-01
3.622816801071166992e-01
2.831419110298156738e-01
3.604163229465484619e-01
2.283051311969757080e-01
3.276496827602386475e-01
2.084592282772064209e-01
4.021007120609283447e-01
2.080235034227371216e-01
2.961244583129882812e-01
3.252624869346618652e-01
3.336818814277648926e-01
1.942100524902343750e-01
4.170851111412048340e-01
1.876229196786880493e-01
3.461685180664062500e-01
3.050731122493743896e-01
2.954680323600769043e-01
2.757061123847961426e-01
3.470689058303833008e-01
2.412956655025482178e-01
4.757463335990905762e-01
2.869925498962402344e-01
3.160593807697296143e-01
1.829348206520080566e-01
2.799675762653350830e-01
2.256298959255218506e-01
3.033196330070495605e-01
2.088647186756134033e-01
1.969935595989227295e-01
4.520432054996490479e-01
2.051579505205154419e-01
3.258816599845886230e-01
1.625252068042755127e-01
1.947476565837860107e-01
2.340403199195861816e-01
1.318887174129486084e-01
4.358237087726593018e-01
2.222340553998947144e-01
3.286428153514862061e-01
1.859366893768310547e-01
2.729941606521606445e-01
7.059007883071899414e-02
8.275710791349411011e-02
4.674106538295745850e-01
2.713251411914825439e-01
3.380746245384216309e-01
4.289426803588867188e-01
2.738004326820373535e-01
2.878360748291015625e-01
2.870611548423767090e-01
1.810362786054611206e-01
8.399057388305664062e-01
4.895819723606109619e-01
3.117865324020385742e-01
3.777945637702941895e-01
2.060283869504928589e-01
3.633210659027099609e-01
4.100766479969024658e-01
2.145324349403381348e-01
1.661033779382705688e-01
1.643964052200317383e-01
1.727916300296783447e-01
2.190380990505218506e-01
3.006256818771362305e-01
1.742237806320190430e-01
3.674305677413940430e-01
3.559504151344299316e-01
2.372434437274932861e-01
3.120279312133789062e-01
3.895195126533508301e-01
3.343592286109924316e-01
4.374457001686096191e-01
2.711896896362304688e-01
2.217146456241607666e-01
2.391823381185531616e-01
3.447807133197784424e-01
4.009253978729248047e-01
3.022070527076721191e-01
2.926696240901947021e-01
2.613069713115692139e-01
3.574993610382080078e-01
2.164863646030426025e-01
2.336452454328536987e-01
1.729625165462493896e-01
1.596116572618484497e-01
4.035562276840209961e-01
3.269329965114593506e-01
3.475325405597686768e-01
3.087487220764160156e-01
1.082660704851150513e-01
3.290949463844299316e-01
2.332470118999481201e-01
3.001425266265869141e-01
2.054826617240905762e-01
1.407896876335144043e-01
1.993201673030853271e-01
2.111280262470245361e-01
2.445916235446929932e-01
2.893297076225280762e-01
3.523868322372436523e-01
4.589006304740905762e-01
2.294026315212249756e-01
1.511599421501159668e-01
4.290614724159240723e-01
3.661875426769256592e-01
2.043978273868560791e-01
1.507644951343536377e-01
3.172881901264190674e-01
4.261135458946228027e-01
2.431652098894119263e-01
2.544708847999572754e-01
2.403533905744552612e-01
3.880030214786529541e-01
3.616919517517089844e-01
2.530784010887145996e-01
3.260155916213989258e-01
4.033637642860412598e-01
3.730224668979644775e-01
2.370261698961257935e-01
2.331619858741760254e-01
2.490992546081542969e-01
2.977943122386932373e-01
1.920496970415115356e-01
1.846910417079925537e-01
2.395288050174713135e-01
2.801125645637512207e-01
4.888139963150024414e-01
3.183293938636779785e-01
1.452839076519012451e-01
3.433496952056884766e-01
1.429221034049987793e-01
3.526264131069183350e-01
2.282119691371917725e-01
1.877008378505706787e-01
3.045902550220489502e-01
2.497776746749877930e-01
1.534834057092666626e-01
3.051708936691284180e-01
1.051817983388900757e-01
2.997232377529144287e-01
2.306583076715469360e-01
3.649780750274658203e-01
2.406429946422576904e-01
3.095964193344116211e-01
3.323057293891906738e-01
2.934692502021789551e-01
2.125967442989349365e-01
1.863339841365814209e-01
2.287451028823852539e-01
3.698007762432098389e-01
4.503738582134246826e-01
2.883355319499969482e-01
3.124998211860656738e-01
1.984788179397583008e-01
3.037984073162078857e-01
3.143647611141204834e-01
5.341784358024597168e-01
2.866063416004180908e-01
5.320926904678344727e-01
3.186061680316925049e-01
4.069225490093231201e-01
3.627987205982208252e-01
1.374060213565826416e-01
4.609927833080291748e-01
2.353306114673614502e-01
1.686336994171142578e-01
1.766087710857391357e-01
1.613160073757171631e-01
2.581709921360015869e-01
1.376066356897354126e-01
3.015993535518646240e-01
2.921460270881652832e-01
1.626287549734115601e-01
2.869283556938171387e-01
8.408947288990020752e-02
1.259067654609680176e-01
2.726390659809112549e-01
1.558082699775695801e-01
2.893813252449035645e-01
2.445163279771804810e-01
4.499950408935546875e-01
2.274210453033447266e-01
2.127255201339721680e-01
3.264138400554656982e-01
1.927760243415832520e-01
4.481948316097259521e-01
6.564638018608093262e-02
2.756981253623962402e-01
2.981046736240386963e-01
2.641537785530090332e-01
3.534131050109863281e-01
3.601686656475067139e-01
1.907931119203567505e-01
2.469444423913955688e-01
3.678450286388397217e-01
3.957839012145996094e-01
3.742362260818481445e-01
2.196033596992492676e-01
2.219254970550537109e-01
5.538496375083923340e-01
2.014588713645935059e-01
2.415113747119903564e-01
4.490839540958404541e-01
3.805604577064514160e-01
2.156092226505279541e-01
3.192466497421264648e-01
1.910341829061508179e-01
4.281031787395477295e-01
4.226742386817932129e-01
2.286708503961563110e-01
2.970303893089294434e-01
2.889443039894104004e-01
1.194480285048484802e-01
6.821286678314208984e-02
2.213127017021179199e-01
3.672909140586853027e-01
3.442918062210083008e-01
2.231428772211074829e-01
1.394818276166915894e-01
4.727004170417785645e-01
1.480010598897933960e-01
1.187591552734375000e-01
3.934735059738159180e-01
1.916116923093795776e-01
1.502546668052673340e-01
3.254447579383850098e-01
4.526768326759338379e-01
3.013457655906677246e-01
2.346062511205673218e-01
1.400716155767440796e-01
4.017721116542816162e-01
1.983090788125991821e-01
3.515391647815704346e-01
2.874879240989685059e-01
4.366696476936340332e-01
1.607606559991836548e-01
3.884870409965515137e-01
3.386720418930053711e-01
1.813989132642745972e-01
1.256769597530364990e-01
2.786037921905517578e-01
2.234800159931182861e-01
1.199453175067901611e-01
5.215832591056823730e-01
2.011884450912475586e-01
2.460560947656631470e-01
1.096045374870300293e-01
2.007093429565429688e-01
2.444213926792144775e-01
4.758079051971435547e-01
1.149341166019439697e-01
3.467890024185180664e-01
3.639054596424102783e-01
1.625393927097320557e-01
2.260085344314575195e-01
1.636343300342559814e-01
1.373490542173385620e-01
1.258905529975891113e-01
1.272516697645187378e-01
2.949432730674743652e-01
2.229938805103302002e-01
2.816614508628845215e-01
2.510794997215270996e-01
6.266781091690063477e-01
3.419203162193298340e-01
2.240192741155624390e-01
1.609215438365936279e-01
2.242937684059143066e-01
9.624323248863220215e-02
2.596092820167541504e-01
3.013831377029418945e-01
3.552837073802947998e-01
2.378063201904296875e-01
1.421562731266021729e-01
3.052995800971984863e-01
3.399044871330261230e-01
1.701007187366485596e-01
2.086991816759109497e-01
3.252840638160705566e-01
2.551434636116027832e-01
3.359561860561370850e-01
3.762930035591125488e-01
3.126801252365112305e-01
2.345877587795257568e-01
2.694452702999114990e-01
3.131400346755981445e-01
5.516775697469711304e-02
5.586307644844055176e-01
3.585081994533538818e-01
4.174341857433319092e-01
3.746191859245300293e-01
3.651120662689208984e-01
3.219945430755615234e-01
1.757195740938186646e-01
1.941032409667968750e-01
2.873156368732452393e-01
5.626581907272338867e-01
3.002119064331054688e-01
4.833656549453735352e-01
3.151544034481048584e-01
3.941236436367034912e-01
2.001221477985382080e-01
2.307190597057342529e-01
5.127745866775512695e-01
1.734041571617126465e-01
2.931105494499206543e-01
3.528665304183959961e-01
2.908758223056793213e-01
3.910092711448669434e-01
6.398058533668518066e-01
3.510850071907043457e-01
4.434151053428649902e-01
2.418131828308105469e-01
2.551021575927734375e-01
2.943906188011169434e-01
2.914857864379882812e-01
2.074698805809020996e-01
2.091690748929977417e-01
2.869434356689453125e-01
2.349601536989212036e-01
2.541660666465759277e-01
1.810820251703262329e-01
1.218612045049667358e-01
1.461846232414245605e-01
2.802361845970153809e-01
2.401723265647888184e-01
2.188936471939086914e-01
1.392609477043151855e-01
3.605206608772277832e-01
3.925374150276184082e-01
1.626585125923156738e-01
2.170053273439407349e-01
3.970191776752471924e-01
3.382626473903656006e-01
3.142314553260803223e-01
3.705799579620361328e-01
4.360196888446807861e-01
3.666006624698638916e-01
3.320670127868652344e-01
3.108826279640197754e-01
1.233221888542175293e-01
3.431497812271118164e-01
4.005498290061950684e-01
2.918031215667724609e-01
3.073873221874237061e-01
1.517370492219924927e-01
6.006117463111877441e-01
3.814128637313842773e-01
2.815415263175964355e-01
3.471148014068603516e-01
4.083227813243865967e-01
2.649183273315429688e-01
5.019127130508422852e-01
2.752609252929687500e-01
3.149648904800415039e-01
5.372797846794128418e-01
3.777226209640502930e-01
2.133572399616241455e-01
2.133542895317077637e-01
3.216258883476257324e-01
2.200143933296203613e-01
3.174570798873901367e-01
2.440172731876373291e-01
2.116085439920425415e-01
4.452094733715057373e-01
6.867289543151855469e-01
4.437408447265625000e-01
1.791375726461410522e-01
3.753330111503601074e-01
2.971929013729095459e-01
3.885990679264068604e-01
2.145013660192489624e-01
4.980251789093017578e-01
2.304872721433639526e-01
4.968072175979614258e-01
4.697376787662506104e-01
3.444485664367675781e-01
1.873834282159805298e-01
1.624695956707000732e-01
3.920770585536956787e-01
1.183133125305175781e-01
2.168961018323898315e-01
2.951405048370361328e-01
2.325228005647659302e-01
3.222343921661376953e-01
3.556807041168212891e-01
2.987765073776245117e-01
4.526162445545196533e-01
3.512515127658843994e-01
2.124102860689163208e-01
3.377492427825927734e-01
1.579602658748626709e-01
3.355520069599151611e-01
4.207628965377807617e-01
4.198896884918212891e-01
4.452688992023468018e-01
4.367152750492095947e-01
2.029721885919570923e-01
1.728561222553253174e-01
3.492714464664459229e-01
2.664006948471069336e-01
3.138767778873443604e-01
4.034375548362731934e-01
2.281652987003326416e-01
1.979612410068511963e-01
4.026635289192199707e-01
3.517493009567260742e-01
2.183991074562072754e-01
2.175056040287017822e-01
2.408992946147918701e-01
2.138351798057556152e-01
4.135888814926147461e-01
2.383519113063812256e-01
1.974910944700241089e-01
3.032376766204833984e-01
5.513374805450439453e-01
4.397767484188079834e-01
2.840917706489562988e-01
1.825183331966400146e-01
2.884575724601745605e-01
1.176148653030395508e-01
2.818226516246795654e-01
5.090093612670898438e-01
1.736625134944915771e-01
1.054128706455230713e-01
2.954220175743103027e-01
2.629202902317047119e-01
2.662216424942016602e-01
3.335154056549072266e-01
2.319929003715515137e-01
3.523540794849395752e-01
1.476808041334152222e-01
2.557315230369567871e-01
5.867155194282531738e-01
3.370045423507690430e-01
3.664044439792633057e-01
3.631313443183898926e-01
2.719246447086334229e-01
3.095764517784118652e-01
2.071184217929840088e-01
3.161942064762115479e-01
2.218992412090301514e-01
1.554512381553649902e-01
1.430061161518096924e-01
4.705984592437744141e-01
1.577556133270263672e-01
5.097592473030090332e-01
4.039655923843383789e-01
2.872927784919738770e-01
3.415349721908569336e-01
3.337875008583068848e-01
2.787375748157501221e-01
2.579111158847808838e-01
3.888550996780395508e-01
4.022419750690460205e-01
3.336980342864990234e-01
4.289076924324035645e-01
2.939422130584716797e-01
3.708229064941406250e-01
2.637867033481597900e-01
3.202801048755645752e-01
2.096353173255920410e-01
2.502532005310058594e-01
1.970748752355575562e-01
1.381880640983581543e-01
3.560165762901306152e-01
2.550384402275085449e-01
2.841992378234863281e-01
3.747357726097106934e-01
1.926223039627075195e-01
2.655669152736663818e-01
2.900691926479339600e-01
1.998290717601776123e-01
3.260710239410400391e-01
4.023095369338989258e-01
3.374491035938262939e-01
2.880430221557617188e-01
2.646344304084777832e-01
3.337637484073638916e-01
4.952295124530792236e-01
3.622516393661499023e-01
3.503672778606414795e-01
2.643627822399139404e-01
3.180126249790191650e-01
3.198064565658569336e-01
2.645900845527648926e-01
4.863320589065551758e-01
3.058431148529052734e-01
4.759703874588012695e-01
5.215594768524169922e-01
1.954315453767776489e-01
2.363230288028717041e-01
3.457887470722198486e-01
6.131477355957031250e-01
2.005167901515960693e-01
1.776992976665496826e-01
4.091630578041076660e-01
2.974995076656341553e-01
4.664292931556701660e-01
3.203530013561248779e-01
2.179391682147979736e-01
2.642945647239685059e-01
1.264918446540832520e-01
3.591768741607666016e-01
3.460449278354644775e-01
2.372334599494934082e-01
2.574924230575561523e-01
1.514284014701843262e-01
1.047907173633575439e-01
1.573120355606079102e-01
2.598821520805358887e-01
4.053677320480346680e-01
2.334803640842437744e-01
2.648417353630065918e-01
1.885333955287933350e-01
2.696958780288696289e-01
3.873805403709411621e-01
1.857937276363372803e-01
3.279473781585693359e-01
2.335131764411926270e-01
5.029228925704956055e-01
3.976716995239257812e-01
1.167012229561805725e-01
3.171145617961883545e-01
1.860356032848358154e-01
2.622883617877960205e-01
3.354794979095458984e-01
3.295115828514099121e-01
3.361935913562774658e-01
2.055086493492126465e-01
2.524910569190979004e-01
3.077905476093292236e-01
2.892197072505950928e-01
2.688684761524200439e-01
2.139735370874404907e-01
3.010816276073455811e-01
2.049212157726287842e-01
1.621327102184295654e-01
4.031341373920440674e-01
3.967352509498596191e-01
6.370987296104431152e-01
1.454916298389434814e-01
2.715300917625427246e-01
2.354074865579605103e-01
2.784965038299560547e-01
2.989846467971801758e-01
1.642894446849822998e-01
3.203476071357727051e-01
3.947101235389709473e-01
3.879740834236145020e-01
3.820254206657409668e-01
2.024394869804382324e-01
2.290722131729125977e-01
1.346380710601806641e-01
3.565357923507690430e-01
1.894237697124481201e-01
2.979662418365478516e-01
1.578390896320343018e-01
3.064115941524505615e-01
2.894256412982940674e-01
3.262218832969665527e-01
4.221547544002532959e-01
3.090749680995941162e-01
4.366330206394195557e-01
2.982220053672790527e-01
3.511205613613128662e-01
3.912603259086608887e-01
3.136320710182189941e-01
1.667186915874481201e-01
3.487786650657653809e-01
2.692193388938903809e-01
2.899487912654876709e-01
2.959344685077667236e-01
3.167550265789031982e-01
2.057789266109466553e-01
2.716931998729705811e-01
3.532239496707916260e-01
4.854938685894012451e-01
3.569267392158508301e-01
2.685413360595703125e-01
1.326230466365814209e-01
3.532026410102844238e-01
4.998205900192260742e-01
2.610332965850830078e-01
3.046609461307525635e-01
1.403541266918182373e-01
4.132175445556640625e-01
2.449322193861007690e-01
3.736428320407867432e-01
3.569408059120178223e-01
1.574506014585494995e-01
6.588532328605651855e-01
3.139022588729858398e-01
2.974255084991455078e-01
1.793936640024185181e-01
1.421263813972473145e-01
4.080364406108856201e-01
2.296468019485473633e-01
2.621545791625976562e-01
2.560056447982788086e-01
2.539403438568115234e-01
2.597510218620300293e-01
2.411769628524780273e-01
1.722728013992309570e-01
3.663996756076812744e-01
1.690538525581359863e-01
3.430120348930358887e-01
3.124047815799713135e-01
3.223330974578857422e-01
2.895945906639099121e-01
1.201987266540527344e-01
2.506355643272399902e-01
3.063006103038787842e-01
2.233354747295379639e-01
1.404913961887359619e-01
2.248272299766540527e-01
3.778370022773742676e-01
3.154562115669250488e-01
1.692338287830352783e-01
4.848223328590393066e-01
2.947251498699188232e-01
1.295995712280273438e-01
1.506171673536300659e-01
3.409177362918853760e-01
3.427799344062805176e-01
3.566030263900756836e-01
3.694048821926116943e-01
3.646793961524963379e-01
1.754719913005828857e-01
2.270512729883193970e-01
2.107378542423248291e-01
2.693162560462951660e-01
3.230138123035430908e-01
1.425546407699584961e-01
3.424123525619506836e-01
3.548706769943237305e-01
1.618627011775970459e-01
2.131902873516082764e-01
1.337044239044189453e-01
