1.916453689336776733e-01
4.329907000064849854e-01
2.727522253990173340e-01
1.737268120050430298e-01
3.148068785667419434e-01
2.203551381826400757e-01
2.178923785686492920e-01
5.335573852062225342e-02
4.909332096576690674e-01
3.806214630603790283e-01
1.983247399330139160e-01
8.161005377769470215e-02
3.628087639808654785e-01
3.508728742599487305e-01
2.575513720512390137e-01
2.547168135643005371e-01
6.270392537117004395e-01
2.987110614776611328e-01
1.260643750429153442e-01
4.176692962646484375e-01
2.109353244304656982e-01
1.312651187181472778e-01
2.326974123716354370e-01
1.229345500469207764e-01
8.550955355167388916e-02
3.806869387626647949e-01
1.038959547877311707e-01
2.264258414506912231e-01
6.478174924850463867e-01
2.354317009449005127e-01
4.202020168304443359e-01
2.001252919435501099e-01
3.357530236244201660e-01
1.601854413747787476e-01
2.370781749486923218e-01
2.974098920822143555e-01
2.380986213684082031e-01
2.900772392749786377e-01
2.333851754665374756e-01
2.665450572967529297e-01
1.376474499702453613e-01
1.082309335470199585e-01
3.104267418384552002e-01
4.816938042640686035e-01
2.812100052833557129e-01
1.840081959962844849e-01
1.683861911296844482e-01
1.085409745573997498e-01
3.152863979339599609e-01
1.866663992404937744e-01
2.078830003738403320e-01
3.398502171039581299e-01
6.401495933532714844e-01
9.676153957843780518e-02
2.350735664367675781e-01
1.569232940673828125e-01
2.463597357273101807e-01
2.235721200704574585e-01
3.035033941268920898e-01
3.410809636116027832e-01
2.090749889612197876e-01
1.728297770023345947e-01
1.970395296812057495e-01
3.476088941097259521e-01
1.874037981033325195e-01
2.219065278768539429e-01
1.967084556818008423e-01
1.894524097442626953e-01
4.366151392459869385e-01
2.023797184228897095e-01
1.516622304916381836e-01
3.144298791885375977e-01
3.010179400444030762e-01
2.278057932853698730e-01
2.649795711040496826e-01
1.438831090927124023e-01
1.295309662818908691e-01
1.467208862304687500e-01
2.307530343532562256e-01
1.400380879640579224e-01
8.521589636802673340e-02
1.485321223735809326e-01
1.525518894195556641e-01
1.517027318477630615e-01
1.377061754465103149e-01
1.912212967872619629e-01
2.553905844688415527e-01
1.387107968330383301e-01
1.532929241657257080e-01
1.948333829641342163e-01
2.173234224319458008e-01
3.086015880107879639e-01
2.431718409061431885e-01
8.303720504045486450e-02
1.310489624738693237e-01
1.605826169252395630e-01
4.632951915264129639e-01
1.504901647567749023e-01
1.524187028408050537e-01
1.747877597808837891e-01
6.823001801967620850e-02
2.234485745429992676e-01
1.468073427677154541e-01
9.458413720130920410e-02
1.513104438781738281e-01
2.006486207246780396e-01
1.894396990537643433e-01
2.589078843593597412e-01
3.806814849376678467e-01
2.884279489517211914e-01
1.566018760204315186e-01
1.257810890674591064e-01
2.057299166917800903e-01
2.160526812076568604e-01
2.056265771389007568e-01
1.003507450222969055e-01
1.147452592849731445e-01
1.774636507034301758e-01
1.066207587718963623e-01
3.287896513938903809e-01
8.828637003898620605e-02
1.028094664216041565e-01
1.272261589765548706e-01
1.998350322246551514e-01
2.336787879467010498e-01
1.533331274986267090e-01
1.463593840599060059e-01
3.226665556430816650e-01
6.938958168029785156e-02
4.988110437989234924e-02
2.758516073226928711e-01
1.977934241294860840e-01
2.501330673694610596e-01
1.383757293224334717e-01
4.989098906517028809e-01
2.961116135120391846e-01
1.464340686798095703e-01
8.396283537149429321e-02
1.909189522266387939e-01
2.135645300149917603e-01
2.985817790031433105e-01
9.888611733913421631e-02
3.147819340229034424e-01
1.275666654109954834e-01
1.595427244901657104e-01
1.406513452529907227e-01
7.497144490480422974e-02
4.194631576538085938e-01
2.473989576101303101e-01
3.362461328506469727e-01
1.596689671277999878e-01
9.738261997699737549e-02
3.207880556583404541e-01
2.383935749530792236e-01
1.050648316740989685e-01
1.548759341239929199e-01
2.712272107601165771e-01
1.830394715070724487e-01
2.747333347797393799e-01
2.912015914916992188e-01
1.381238400936126709e-01
1.817173361778259277e-01
1.511980295181274414e-01
1.685513854026794434e-01
1.657523214817047119e-01
1.608277261257171631e-01
2.827975153923034668e-01
2.679041028022766113e-01
2.594804465770721436e-01
1.932774782180786133e-01
1.481923758983612061e-01
1.493007242679595947e-01
1.937022805213928223e-01
1.027451381087303162e-01
2.188527733087539673e-01
5.235407352447509766e-01
1.311612576246261597e-01
2.932200133800506592e-01
1.229648143053054810e-01
2.919279336929321289e-01
1.757005006074905396e-01
2.030252069234848022e-01
1.295095980167388916e-01
4.441210031509399414e-01
4.506234526634216309e-01
2.221965044736862183e-01
1.822339296340942383e-01
1.548654735088348389e-01
3.612303435802459717e-01
1.225909441709518433e-01
3.169055581092834473e-01
2.002589255571365356e-01
2.580410838127136230e-01
2.085313498973846436e-01
1.096461117267608643e-01
2.320666313171386719e-01
3.491586148738861084e-01
5.765064060688018799e-02
8.320626616477966309e-02
9.040119498968124390e-02
1.156482845544815063e-01
8.681042492389678955e-02
2.212704122066497803e-01
3.286845982074737549e-01
2.220141291618347168e-01
1.127926632761955261e-01
3.192419707775115967e-01
2.858682274818420410e-01
8.679495751857757568e-02
3.756276369094848633e-01
1.562720835208892822e-01
1.206626519560813904e-01
1.442224830389022827e-01
1.942776143550872803e-01
1.349684000015258789e-01
1.506989300251007080e-01
3.414536714553833008e-01
1.055022478103637695e-01
4.584406614303588867e-01
3.443815708160400391e-01
2.037736475467681885e-01
1.030568554997444153e-01
1.055095717310905457e-01
1.787315309047698975e-01
9.186939150094985962e-02
2.574797868728637695e-01
1.701821088790893555e-01
2.377910912036895752e-01
1.515454798936843872e-01
2.589454054832458496e-01
1.501310765743255615e-01
2.098799943923950195e-01
2.334769666194915771e-01
1.601451039314270020e-01
4.488431289792060852e-02
2.078879624605178833e-01
1.344685554504394531e-01
6.345634907484054565e-02
1.167746037244796753e-01
1.219636946916580200e-01
2.801551222801208496e-01
1.262916326522827148e-01
3.924327716231346130e-02
2.020611763000488281e-01
1.022152528166770935e-01
2.269065380096435547e-01
3.414946198463439941e-01
1.537488102912902832e-01
9.585660696029663086e-02
1.872034519910812378e-01
2.136965692043304443e-01
3.538658097386360168e-02
5.905456095933914185e-02
1.861677169799804688e-01
1.621983051300048828e-01
1.129143238067626953e-01
3.351928889751434326e-01
2.273961305618286133e-01
9.696884453296661377e-02
9.984013438224792480e-02
1.740355342626571655e-01
3.139851689338684082e-01
4.323449432849884033e-01
7.529883086681365967e-02
2.256561666727066040e-01
3.873117566108703613e-01
1.809666305780410767e-01
1.334428638219833374e-01
3.680231273174285889e-01
1.341676861047744751e-01
6.690366566181182861e-02
2.936945557594299316e-01
2.606949210166931152e-01
7.114449888467788696e-02
2.132632732391357422e-01
1.289437860250473022e-01
2.832730412483215332e-01
2.134132087230682373e-01
3.342987298965454102e-01
3.121118843555450439e-01
1.463706195354461670e-01
3.106272816658020020e-01
2.446097433567047119e-01
2.751242518424987793e-01
1.536785364151000977e-01
1.374011039733886719e-01
8.901220560073852539e-02
3.453169465065002441e-01
1.080080270767211914e-01
3.187588453292846680e-01
1.674297749996185303e-01
2.788279056549072266e-01
1.851759999990463257e-01
3.662941753864288330e-01
1.449669599533081055e-01
2.675327658653259277e-01
2.424147129058837891e-01
2.240732163190841675e-01
1.394819617271423340e-01
1.858136355876922607e-01
1.526264697313308716e-01
1.548645943403244019e-01
3.053108155727386475e-01
4.157801270484924316e-01
3.195586204528808594e-01
3.014206886291503906e-01
2.510901093482971191e-01
1.451037526130676270e-01
3.422317206859588623e-01
1.003242805600166321e-01
1.934909671545028687e-01
2.303139865398406982e-01
3.757827281951904297e-01
3.522457182407379150e-01
1.511477828025817871e-01
1.590410172939300537e-01
1.982727050781250000e-01
1.537133157253265381e-01
3.620516657829284668e-01
2.527633905410766602e-01
1.533171981573104858e-01
2.726650834083557129e-01
1.738777309656143188e-01
2.276940643787384033e-01
1.540691852569580078e-01
1.304807364940643311e-01
1.032936424016952515e-01
1.907377243041992188e-01
2.009845227003097534e-01
1.167205572128295898e-01
1.199354380369186401e-01
2.386452108621597290e-01
2.280826568603515625e-01
8.631566911935806274e-02
5.939439311623573303e-02
1.123323738574981689e-01
4.302119314670562744e-01
1.492260396480560303e-01
1.117523610591888428e-01
1.384374201297760010e-01
2.563107609748840332e-01
1.063954830169677734e-01
3.480319082736968994e-01
2.294498383998870850e-01
8.827780187129974365e-02
2.266341000795364380e-01
4.934022128582000732e-01
2.069228142499923706e-01
8.383668959140777588e-02
2.121942192316055298e-01
1.392541527748107910e-01
1.744970828294754028e-01
2.246434986591339111e-01
2.038110643625259399e-01
8.963803946971893311e-02
2.832583785057067871e-01
1.783296763896942139e-01
3.901153802871704102e-01
8.550687134265899658e-02
3.263610899448394775e-01
3.393485546112060547e-01
9.221776574850082397e-02
1.195652261376380920e-01
2.723303139209747314e-01
3.621683120727539062e-01
1.582535803318023682e-01
2.957667708396911621e-01
6.757907569408416748e-02
6.898561120033264160e-02
3.196782469749450684e-01
1.069016680121421814e-01
3.548889756202697754e-01
3.887937963008880615e-01
2.894343137741088867e-01
1.922872960567474365e-01
5.695253610610961914e-01
2.026945054531097412e-01
3.344916105270385742e-01
3.044038414955139160e-01
1.965079903602600098e-01
7.846105843782424927e-02
1.775458604097366333e-01
1.608229875564575195e-01
3.568065762519836426e-01
1.701062023639678955e-01
1.192719489336013794e-01
3.223504424095153809e-01
1.775492131710052490e-01
1.250800043344497681e-01
3.526458740234375000e-01
2.907202243804931641e-01
1.786216497421264648e-01
1.326453536748886108e-01
3.984496593475341797e-01
1.708024442195892334e-01
2.177849560976028442e-01
1.942867636680603027e-01
2.877349257469177246e-01
1.096554100513458252e-01
2.044101059436798096e-01
2.587757408618927002e-01
2.517693340778350830e-01
1.307206451892852783e-01
1.753312051296234131e-01
1.694786399602890015e-01
1.004445999860763550e-01
3.323280215263366699e-01
1.759884804487228394e-01
6.287479400634765625e-02
2.316910624504089355e-01
2.448061406612396240e-01
4.746577441692352295e-01
3.728448450565338135e-01
2.433487027883529663e-01
1.408395022153854370e-01
1.159697771072387695e-01
9.608279168605804443e-02
2.891179621219635010e-01
1.788374334573745728e-01
1.992389261722564697e-01
1.409794092178344727e-01
1.604730188846588135e-01
8.109416067600250244e-02
3.210164904594421387e-01
1.991792917251586914e-01
2.544310986995697021e-01
3.290523290634155273e-01
1.437788605690002441e-01
8.002917468547821045e-02
3.482202887535095215e-01
1.022160351276397705e-01
3.652816414833068848e-01
3.754199743270874023e-01
2.653837800025939941e-01
1.917754411697387695e-01
2.223797738552093506e-01
1.814293712377548218e-01
1.934068202972412109e-01
1.520869433879852295e-01
1.709007024765014648e-01
2.031424045562744141e-01
2.567120790481567383e-01
9.788916260004043579e-02
3.306795656681060791e-01
2.517518103122711182e-01
3.197605609893798828e-01
3.064475059509277344e-01
8.028399944305419922e-02
2.389601916074752808e-01
1.011003106832504272e-01
1.916839629411697388e-01
3.888956010341644287e-01
2.601401209831237793e-01
2.282674908638000488e-01
1.571949422359466553e-01
2.228786945343017578e-01
3.001989126205444336e-01
1.879910826683044434e-01
1.678136885166168213e-01
2.344336509704589844e-01
3.114981651306152344e-01
1.941121220588684082e-01
1.916219294071197510e-01
5.267757177352905273e-02
1.132473722100257874e-01
3.254861533641815186e-01
1.566195338964462280e-01
2.953864932060241699e-01
7.916588336229324341e-02
2.363522201776504517e-01
1.193544566631317139e-01
1.869634389877319336e-01
1.400879323482513428e-01
2.548932433128356934e-01
3.456747531890869141e-01
2.847896814346313477e-01
2.352908551692962646e-01
6.655162572860717773e-02
4.329603910446166992e-01
1.623098850250244141e-01
8.821506798267364502e-02
1.129661351442337036e-01
3.209312856197357178e-01
2.450306713581085205e-01
4.080601930618286133e-01
2.600553035736083984e-01
2.849823534488677979e-01
2.164683938026428223e-01
1.920561492443084717e-01
1.577296853065490723e-01
1.963070482015609741e-01
1.313796043395996094e-01
1.327313631772994995e-01
2.035891115665435791e-01
1.431378871202468872e-01
1.248231381177902222e-01
2.647956013679504395e-01
2.489354461431503296e-01
3.078655004501342773e-01
3.302670121192932129e-01
3.589173853397369385e-01
2.412794083356857300e-01
3.524144887924194336e-01
9.617282450199127197e-02
1.685408651828765869e-01
2.002247273921966553e-01
1.056526377797126770e-01
3.670197427272796631e-01
1.482650637626647949e-01
1.660695970058441162e-01
1.603116989135742188e-01
1.125131323933601379e-01
2.184637784957885742e-01
1.764416694641113281e-01
3.506891801953315735e-02
4.058819115161895752e-01
1.559917628765106201e-01
6.883377581834793091e-02
1.201845854520797729e-01
3.338369727134704590e-01
2.772440910339355469e-01
1.162335872650146484e-01
3.617523312568664551e-01
1.081821396946907043e-01
3.521085977554321289e-01
5.066933855414390564e-02
2.984519302845001221e-01
2.973706722259521484e-01
1.235944703221321106e-01
5.041952431201934814e-02
2.584449052810668945e-01
3.867464363574981689e-01
1.992137283086776733e-01
2.021031975746154785e-01
2.331532835960388184e-01
2.281449139118194580e-01
1.187258809804916382e-01
5.630110204219818115e-02
2.694209218025207520e-01
3.238787651062011719e-01
2.402446269989013672e-01
5.257172584533691406e-01
1.653764545917510986e-01
1.229938119649887085e-01
1.447058618068695068e-01
2.402599751949310303e-01
8.203877508640289307e-02
2.493387013673782349e-01
1.891202777624130249e-01
3.157118558883666992e-01
1.427242010831832886e-01
3.196569979190826416e-01
1.182653680443763733e-01
1.594786345958709717e-01
3.214583396911621094e-01
3.595682978630065918e-01
1.995518803596496582e-01
1.972649693489074707e-01
1.315445005893707275e-01
1.279662251472473145e-01
1.261224150657653809e-01
2.467066347599029541e-01
3.196676671504974365e-01
2.112201154232025146e-01
2.814652025699615479e-01
1.539444923400878906e-01
2.207376211881637573e-01
2.688417434692382812e-01
3.209490776062011719e-01
4.047568142414093018e-01
3.319665193557739258e-01
1.513354778289794922e-01
1.500493586063385010e-01
1.028756871819496155e-01
2.362049967050552368e-01
4.077832400798797607e-01
1.386924237012863159e-01
1.843297034502029419e-01
2.262689918279647827e-01
1.988804340362548828e-01
1.493375450372695923e-01
1.111479550600051880e-01
2.873644232749938965e-01
1.608879864215850830e-01
2.165709137916564941e-01
5.723811313509941101e-02
2.070354372262954712e-01
9.526969492435455322e-02
2.006635069847106934e-01
7.470643520355224609e-02
1.030429005622863770e-01
3.587181568145751953e-01
3.145380616188049316e-01
1.735807657241821289e-01
8.598308265209197998e-02
1.973074376583099365e-01
2.135279774665832520e-01
2.465259134769439697e-01
9.274017065763473511e-02
3.555623292922973633e-01
3.137496709823608398e-01
9.731416404247283936e-02
2.622103989124298096e-01
2.196842581033706665e-01
1.290251016616821289e-01
4.469811916351318359e-02
3.244679570198059082e-01
2.567985951900482178e-01
8.758889138698577881e-02
1.980512738227844238e-01
2.978722751140594482e-01
2.647767961025238037e-01
2.765326797962188721e-01
1.510265320539474487e-01
1.453751027584075928e-01
2.625026106834411621e-01
1.881633102893829346e-01
2.440428882837295532e-01
1.783294677734375000e-01
3.388493061065673828e-01
1.537442207336425781e-01
3.087052702903747559e-01
2.773120105266571045e-01
1.893794685602188110e-01
2.509278059005737305e-01
1.919965744018554688e-01
5.689483135938644409e-02
3.347753882408142090e-01
1.869033128023147583e-01
1.236971914768218994e-01
2.566677331924438477e-01
9.630079567432403564e-02
1.617201268672943115e-01
1.651273369789123535e-01
1.603965759277343750e-01
2.717548906803131104e-01
3.412248790264129639e-01
4.645724594593048096e-01
2.043803036212921143e-01
2.178967446088790894e-01
2.257989346981048584e-01
4.493573307991027832e-01
1.207504346966743469e-01
2.157988995313644409e-01
9.997875243425369263e-02
1.194275319576263428e-01
5.462846159934997559e-01
2.952716648578643799e-01
6.748449057340621948e-02
6.289115548133850098e-01
1.398575901985168457e-01
2.126871198415756226e-01
4.963282346725463867e-01
2.470075786113739014e-01
2.998973131179809570e-01
3.199509978294372559e-01
2.132635116577148438e-01
2.135162651538848877e-01
1.932049393653869629e-01
1.413280665874481201e-01
4.095681011676788330e-01
1.308913975954055786e-01
1.449636816978454590e-01
2.446142286062240601e-01
3.013265132904052734e-01
1.506565362215042114e-01
3.417289853096008301e-01
2.541347444057464600e-01
6.534618139266967773e-02
1.327194422483444214e-01
1.201165392994880676e-01
1.406973302364349365e-01
1.698522269725799561e-01
4.118543565273284912e-01
2.382884621620178223e-01
2.969570755958557129e-01
3.767088651657104492e-01
2.060743272304534912e-01
4.619460403919219971e-01
2.114110440015792847e-01
3.475173413753509521e-01
1.321258246898651123e-01
1.816841959953308105e-01
1.192033737897872925e-01
1.204455271363258362e-01
1.605848968029022217e-01
4.249041080474853516e-01
1.608278006315231323e-01
2.627148032188415527e-01
6.794460117816925049e-02
1.447618752717971802e-01
2.738171219825744629e-01
2.029151916503906250e-01
9.602724015712738037e-02
1.830767095088958740e-01
4.956642538309097290e-02
1.625191867351531982e-01
1.100180894136428833e-01
1.816328465938568115e-01
1.914303004741668701e-01
3.241313099861145020e-01
1.589919179677963257e-01
5.466705560684204102e-01
4.760130643844604492e-01
2.329916507005691528e-01
2.031704783439636230e-01
7.103659212589263916e-02
1.490723341703414917e-01
3.307211697101593018e-01
1.761795133352279663e-01
1.296167075634002686e-01
9.815745055675506592e-02
1.864998638629913330e-01
2.287654876708984375e-01
3.992457687854766846e-01
1.395960450172424316e-01
1.694763749837875366e-01
1.064377874135971069e-01
3.770882487297058105e-01
1.332679390907287598e-01
8.768299967050552368e-02
1.231756508350372314e-01
3.578705787658691406e-01
3.107663989067077637e-01
3.436592221260070801e-01
1.093894317746162415e-01
1.093405485153198242e-01
2.228669822216033936e-01
1.075071394443511963e-01
1.328261792659759521e-01
2.927700877189636230e-01
4.231262803077697754e-01
1.571986377239227295e-01
1.810788512229919434e-01
2.250197082757949829e-01
2.770081162452697754e-01
1.750524938106536865e-01
1.805352568626403809e-01
1.848563104867935181e-01
1.520981192588806152e-01
2.145226597785949707e-01
1.689286381006240845e-01
1.979857683181762695e-01
2.401820421218872070e-01
1.672314554452896118e-01
2.667190432548522949e-01
3.550000786781311035e-01
1.834186017513275146e-01
1.185359060764312744e-01
1.844824850559234619e-01
2.349175065755844116e-01
1.427901089191436768e-01
3.148058056831359863e-01
1.498000621795654297e-01
1.776472628116607666e-01
3.511561453342437744e-01
1.772029846906661987e-01
1.776847541332244873e-01
3.317595422267913818e-01
1.217622309923171997e-01
1.666171997785568237e-01
2.157888263463973999e-01
9.433283656835556030e-02
4.040669649839401245e-02
1.156477928161621094e-01
1.748304367065429688e-01
2.268086969852447510e-01
2.000445574522018433e-01
1.249759197235107422e-01
2.703588604927062988e-01
7.605470716953277588e-02
5.412281304597854614e-02
1.242473721504211426e-01
8.623494952917098999e-02
2.461057603359222412e-01
2.051476240158081055e-01
2.175398170948028564e-01
1.610742956399917603e-01
2.124528884887695312e-01
3.896130919456481934e-01
1.897021532058715820e-01
1.867907047271728516e-01
9.467571973800659180e-02
1.227629780769348145e-01
1.045381799340248108e-01
2.002473920583724976e-01
1.853616237640380859e-01
2.373645752668380737e-01
2.408117353916168213e-01
1.928290426731109619e-01
1.832749098539352417e-01
1.518342196941375732e-01
2.655974626541137695e-01
2.513923645019531250e-01
2.680576741695404053e-01
1.578609645366668701e-01
2.538104057312011719e-01
7.751887291669845581e-02
2.285302281379699707e-01
3.342690467834472656e-01
2.289352416992187500e-01
1.407987773418426514e-01
3.485423028469085693e-01
1.129288300871849060e-01
8.282488584518432617e-02
1.182538941502571106e-01
2.222313731908798218e-01
3.345809578895568848e-01
1.654373109340667725e-01
1.521128863096237183e-01
1.961319446563720703e-01
2.695597410202026367e-01
1.476175338029861450e-01
1.116491407155990601e-01
2.180221676826477051e-01
1.423090547323226929e-01
1.755796968936920166e-01
1.652027815580368042e-01
1.683767437934875488e-01
1.157991513609886169e-01
1.862863898277282715e-01
1.982307732105255127e-01
2.772140130400657654e-02
1.990325301885604858e-01
1.641824245452880859e-01
1.903786361217498779e-01
2.365569621324539185e-01
7.196509838104248047e-02
1.492192298173904419e-01
3.612094521522521973e-01
1.482598483562469482e-01
1.819860041141510010e-01
2.983049750328063965e-01
2.280434966087341309e-01
2.191297113895416260e-01
1.439117193222045898e-01
1.582931727170944214e-01
3.258168995380401611e-01
1.725117117166519165e-01
2.896642386913299561e-01
1.222994178533554077e-01
2.486757934093475342e-01
2.275503873825073242e-01
1.965052187442779541e-01
2.691518664360046387e-01
2.445932626724243164e-01
1.269943863153457642e-01
2.910353243350982666e-01
1.766085624694824219e-01
1.343594342470169067e-01
2.924852967262268066e-01
2.744056582450866699e-01
8.800686150789260864e-02
7.155499607324600220e-02
2.988067269325256348e-01
1.396290659904479980e-01
1.386019587516784668e-01
1.108014285564422607e-01
1.082232818007469177e-01
1.388624459505081177e-01
1.566051989793777466e-01
1.286831051111221313e-01
2.080118507146835327e-01
1.625398993492126465e-01
2.661728262901306152e-01
1.168991848826408386e-01
2.543253302574157715e-01
2.409805059432983398e-01
9.197635948657989502e-02
1.586650013923645020e-01
1.047671288251876831e-01
2.610851526260375977e-01
8.310721814632415771e-02
1.376126110553741455e-01
1.125959679484367371e-01
1.172906011343002319e-01
3.734187483787536621e-01
2.538758814334869385e-01
2.367273867130279541e-01
2.113019675016403198e-01
2.430958002805709839e-01
2.836208343505859375e-01
6.160588264465332031e-01
2.783690690994262695e-01
1.936483830213546753e-01
6.195590645074844360e-02
1.759302318096160889e-01
1.735998094081878662e-01
1.027256473898887634e-01
1.614085733890533447e-01
1.447835564613342285e-01
2.795280218124389648e-01
1.064857020974159241e-01
8.975327014923095703e-02
2.078789323568344116e-01
1.445134878158569336e-01
2.321378886699676514e-01
1.311891376972198486e-01
2.363821864128112793e-01
3.240689039230346680e-01
2.439249902963638306e-01
1.781775951385498047e-01
2.439480721950531006e-01
1.104644834995269775e-01
2.081549465656280518e-01
1.843941658735275269e-01
1.861712634563446045e-01
1.682553589344024658e-01
3.162164390087127686e-01
2.836844921112060547e-01
3.132504522800445557e-01
2.443807721138000488e-01
1.614175736904144287e-01
1.910572946071624756e-01
1.990197896957397461e-01
1.377126723527908325e-01
2.689404487609863281e-01
9.825179725885391235e-02
2.060976028442382812e-01
2.994002103805541992e-01
3.065365850925445557e-01
2.487825304269790649e-01
1.917834281921386719e-01
2.249663770198822021e-01
1.442795246839523315e-01
3.251151740550994873e-01
7.265182584524154663e-02
2.307610213756561279e-01
2.647023499011993408e-01
2.053442597389221191e-01
2.795651555061340332e-01
1.207263469696044922e-01
3.224651813507080078e-01
1.768462061882019043e-01
3.820665478706359863e-01
1.115453094244003296e-01
1.488776057958602905e-01
1.716427206993103027e-01
1.303529441356658936e-01
3.899313211441040039e-01
1.348848044872283936e-01
2.095310688018798828e-01
1.765511929988861084e-01
3.391505479812622070e-01
2.472902983427047729e-01
2.742494940757751465e-01
1.627827882766723633e-01
1.310179233551025391e-01
4.460187256336212158e-02
1.851816177368164062e-01
1.710759401321411133e-01
2.166325896978378296e-01
5.804941654205322266e-01
1.216475069522857666e-01
1.215342059731483459e-01
9.515987336635589600e-02
1.153228133916854858e-01
1.295487880706787109e-01
1.344543397426605225e-01
1.572478860616683960e-01
1.334827542304992676e-01
1.597994416952133179e-01
4.766836762428283691e-01
2.378444075584411621e-01
2.677498459815979004e-01
3.742485493421554565e-02
3.135147392749786377e-01
1.270574331283569336e-01
2.073353528976440430e-01
1.606401056051254272e-01
3.087375164031982422e-01
1.310622543096542358e-01
3.225645422935485840e-01
2.801332771778106689e-01
1.562912762165069580e-01
5.072414278984069824e-01
2.134286314249038696e-01
2.689155936241149902e-01
2.327756434679031372e-01
6.148450076580047607e-02
9.807770699262619019e-02
8.794642984867095947e-02
7.401657849550247192e-02
2.109188586473464966e-01
1.049509346485137939e-01
1.146231219172477722e-01
1.687439829111099243e-01
1.878264993429183960e-01
1.261984556913375854e-01
2.675071954727172852e-01
9.421037137508392334e-02
1.961662322282791138e-01
1.574116647243499756e-01
8.114073425531387329e-02
1.067101433873176575e-01
8.647170662879943848e-02
2.811123132705688477e-01
2.121775448322296143e-01
2.078114151954650879e-01
1.683200895786285400e-01
3.502418696880340576e-01
1.211241930723190308e-01
3.492747545242309570e-01
1.894551515579223633e-01
3.276564478874206543e-01
1.920888870954513550e-01
1.009600013494491577e-01
1.720315515995025635e-01
1.293552070856094360e-01
5.955366045236587524e-02
9.695871919393539429e-02
2.283138930797576904e-01
2.697216570377349854e-01
2.639102935791015625e-01
2.746703326702117920e-01
3.079230487346649170e-01
2.609478235244750977e-01
2.231371104717254639e-01
2.003843188285827637e-01
1.262023001909255981e-01
3.059608340263366699e-01
3.785279095172882080e-01
2.393555492162704468e-01
1.454342603683471680e-01
8.993829786777496338e-02
4.597575217485427856e-02
3.561652004718780518e-01
1.783423125743865967e-01
1.267405003309249878e-01
1.665261536836624146e-01
1.899759173393249512e-01
4.074961543083190918e-01
2.265544682741165161e-01
1.296127885580062866e-01
6.121663004159927368e-02
1.071249246597290039e-01
1.592414677143096924e-01
3.746988177299499512e-01
4.520908296108245850e-01
2.264587581157684326e-01
3.712584674358367920e-01
3.894390463829040527e-01
2.707486748695373535e-01
2.307713031768798828e-01
5.769069194793701172e-01
2.262510508298873901e-01
9.418664872646331787e-02
1.136645525693893433e-01
1.331537514925003052e-01
7.554581761360168457e-02
1.500385999679565430e-01
2.704136669635772705e-01
3.459663987159729004e-01
4.975317120552062988e-01
4.396156370639801025e-01
1.972091495990753174e-01
3.604221940040588379e-01
1.275506466627120972e-01
2.593987584114074707e-01
3.262277245521545410e-01
2.794846892356872559e-01
2.448342889547348022e-01
3.028210401535034180e-01
2.054766565561294556e-01
1.665718257427215576e-01
1.201702803373336792e-01
2.913472652435302734e-01
2.385699152946472168e-01
3.765921592712402344e-01
1.315071582794189453e-01
1.429253965616226196e-01
1.273635029792785645e-01
2.206231504678726196e-01
2.666274309158325195e-01
5.026958137750625610e-02
1.566509306430816650e-01
2.434628903865814209e-01
8.755686879158020020e-02
1.410697251558303833e-01
3.782921433448791504e-01
1.829686313867568970e-01
2.836957871913909912e-01
3.235020041465759277e-01
2.116797566413879395e-01
2.228842824697494507e-01
2.000068575143814087e-01
1.478531658649444580e-01
1.497646570205688477e-01
2.545060515403747559e-01
1.788072884082794189e-01
1.694360971450805664e-01
3.862246572971343994e-01
1.626746952533721924e-01
2.593103051185607910e-01
1.607393920421600342e-01
1.028849855065345764e-01
2.909634113311767578e-01
7.211813330650329590e-02
1.775587797164916992e-01
2.323063611984252930e-01
2.679093182086944580e-01
1.764247715473175049e-01
1.370983421802520752e-01
5.584850907325744629e-02
1.544677019119262695e-01
3.377681672573089600e-01
1.424516439437866211e-01
1.489575803279876709e-01
1.146448105573654175e-01
2.373694181442260742e-01
1.099187880754470825e-01
1.306826025247573853e-01
4.883535951375961304e-02
1.774922907352447510e-01
1.878343224525451660e-01
1.507009267807006836e-01
6.422773003578186035e-02
2.382378280162811279e-01
1.872763782739639282e-01
2.462624013423919678e-01
1.438760012388229370e-01
2.814057469367980957e-01
2.374408990144729614e-01
4.911568760871887207e-02
6.571352481842041016e-02
3.173739910125732422e-01
2.981873154640197754e-01
5.028368234634399414e-01
3.055020570755004883e-01
9.914329648017883301e-02
1.049591898918151855e-01
3.274701833724975586e-01
9.811188280582427979e-02
1.640699803829193115e-01
1.161086782813072205e-01
1.521909832954406738e-01
3.563715219497680664e-01
2.170952856540679932e-01
3.471310734748840332e-01
1.716262996196746826e-01
1.125434190034866333e-01
1.575963348150253296e-01
1.980959475040435791e-01
2.924707531929016113e-01
4.451666474342346191e-01
3.423816561698913574e-01
3.080888390541076660e-01
2.081294655799865723e-01
1.879840195178985596e-01
1.792760938405990601e-01
7.365386933088302612e-02
1.120328977704048157e-01
1.145228743553161621e-01
1.940329670906066895e-01
3.878185749053955078e-01
1.641930490732192993e-01
5.853271484375000000e-01
1.377903521060943604e-01
3.426739573478698730e-01
1.694036722183227539e-01
2.517216801643371582e-01
2.704136669635772705e-01
2.493653595447540283e-01
2.776190638542175293e-01
2.219943702220916748e-01
3.423019051551818848e-01
5.246247649192810059e-01
1.812462955713272095e-01
1.553611606359481812e-01
1.662465929985046387e-01
2.690604627132415771e-01
1.453666687011718750e-01
3.472151756286621094e-01
4.143839478492736816e-01
3.213993310928344727e-01
3.312032818794250488e-01
1.229384839534759521e-01
2.766120433807373047e-01
1.407993584871292114e-01
2.191089838743209839e-01
3.532017171382904053e-01
4.315300583839416504e-01
2.207375168800354004e-01
1.737134754657745361e-01
1.264063715934753418e-01
1.159068867564201355e-01
2.619153261184692383e-01
1.715681105852127075e-01
3.809207081794738770e-01
4.353619813919067383e-01
1.596218794584274292e-01
2.935281991958618164e-01
1.162669956684112549e-01
2.780272662639617920e-01
2.136095017194747925e-01
1.429631710052490234e-01
3.077046573162078857e-01
4.014846086502075195e-01
3.357997536659240723e-01
1.731160283088684082e-01
1.753005087375640869e-01
1.339598596096038818e-01
2.731981277465820312e-01
1.219666749238967896e-01
2.628935277462005615e-01
1.963343024253845215e-01
2.355404496192932129e-01
2.489676922559738159e-01
3.456643819808959961e-01
7.177323102951049805e-02
1.326653808355331421e-01
3.536568880081176758e-01
2.939726710319519043e-01
3.191394507884979248e-01
1.785109043121337891e-01
1.705249845981597900e-01
9.054064750671386719e-02
1.447747200727462769e-01
3.647932410240173340e-01
1.750680208206176758e-01
7.813252508640289307e-02
1.682770550251007080e-01
2.894904315471649170e-01
3.748406767845153809e-01
3.625505864620208740e-01
2.491031885147094727e-01
2.452856898307800293e-01
4.224117994308471680e-01
2.524108886718750000e-01
2.436597794294357300e-01
2.191660106182098389e-01
2.216223776340484619e-01
1.511602997779846191e-01
2.910102009773254395e-01
1.296720206737518311e-01
5.340449810028076172e-01
5.198484063148498535e-01
1.509841978549957275e-01
3.612872362136840820e-01
3.028264641761779785e-01
2.967633903026580811e-01
2.505855560302734375e-01
1.113560274243354797e-01
3.926305174827575684e-01
2.310341745615005493e-01
2.538475580513477325e-02
