1.402085125446319580e-01
2.557944953441619873e-01
2.118157446384429932e-01
5.192220211029052734e-02
4.225458502769470215e-01
1.203494220972061157e-01
1.962667852640151978e-01
1.871976256370544434e-01
3.582790195941925049e-01
3.552567362785339355e-01
3.128877878189086914e-01
3.254889845848083496e-01
4.215320348739624023e-01
2.168935239315032959e-01
1.566325724124908447e-01
1.656461060047149658e-01
3.796608746051788330e-01
2.147736698389053345e-01
1.225011348724365234e-01
2.598268985748291016e-01
1.828665733337402344e-01
5.519888922572135925e-02
1.620075702667236328e-01
2.198737561702728271e-01
1.484263539314270020e-01
1.490014493465423584e-01
2.284130454063415527e-01
2.933254241943359375e-01
3.269348442554473877e-01
1.134753525257110596e-01
1.834929585456848145e-01
2.626327276229858398e-01
7.676949352025985718e-02
1.773784905672073364e-01
1.496700346469879150e-01
1.882907003164291382e-01
1.475726068019866943e-01
1.507240235805511475e-01
2.453474700450897217e-01
1.778265535831451416e-01
1.620256155729293823e-01
1.559471040964126587e-01
8.305768668651580811e-02
4.503030180931091309e-01
1.516963094472885132e-01
3.028478622436523438e-01
2.629944682121276855e-01
1.246195733547210693e-01
2.878732383251190186e-01
1.409427970647811890e-01
3.450838923454284668e-01
3.152257204055786133e-01
2.424094676971435547e-01
2.301685661077499390e-01
1.231507807970046997e-01
1.124512776732444763e-01
2.279660105705261230e-01
2.305150032043457031e-01
2.804867029190063477e-01
5.092834308743476868e-02
1.511987447738647461e-01
3.505876958370208740e-01
2.974323034286499023e-01
3.070221543312072754e-01
2.331437170505523682e-01
1.497746556997299194e-01
1.171536594629287720e-01
1.922741532325744629e-01
3.481111824512481689e-01
1.230627223849296570e-01
1.403997540473937988e-01
2.606983780860900879e-01
9.832291305065155029e-02
2.750454246997833252e-01
1.915147900581359863e-01
1.366088092327117920e-01
1.805779784917831421e-01
5.196056365966796875e-01
1.927917003631591797e-01
2.812939882278442383e-01
1.797617673873901367e-01
5.696346610784530640e-02
4.253506660461425781e-01
3.213443160057067871e-01
1.944151520729064941e-01
3.614811599254608154e-01
2.844796180725097656e-01
1.232299357652664185e-01
2.229404002428054810e-01
1.558438539505004883e-01
2.186241149902343750e-01
1.206726506352424622e-01
2.597391605377197266e-01
1.840754300355911255e-01
2.436912357807159424e-01
1.932215243577957153e-01
2.369547784328460693e-01
2.118323743343353271e-01
2.304460555315017700e-01
1.392075270414352417e-01
2.187517583370208740e-01
3.455754518508911133e-01
1.330379694700241089e-01
8.043987303972244263e-02
3.885795772075653076e-01
1.229840368032455444e-01
2.744948863983154297e-01
1.029595881700515747e-01
1.277345716953277588e-01
2.238186299800872803e-01
1.395938396453857422e-01
1.472479104995727539e-01
2.674601376056671143e-01
1.584385484457015991e-01
1.810558438301086426e-01
8.486823737621307373e-02
1.369895637035369873e-01
1.217345818877220154e-01
2.571995854377746582e-01
3.155150413513183594e-01
1.002353131771087646e-01
2.056057453155517578e-01
4.707957804203033447e-01
2.619630992412567139e-01
2.285709530115127563e-01
2.125427722930908203e-01
2.264620214700698853e-01
3.626361787319183350e-01
1.653953790664672852e-01
3.697864413261413574e-01
3.331661820411682129e-01
2.429687231779098511e-01
2.488636374473571777e-01
1.216376274824142456e-01
1.489979773759841919e-01
1.062196195125579834e-01
2.734946608543395996e-01
1.335090994834899902e-01
5.740007013082504272e-02
1.397000998258590698e-01
2.289771735668182373e-01
2.978112995624542236e-01
5.152366310358047485e-02
9.254187345504760742e-02
2.367637753486633301e-01
2.743403613567352295e-01
3.337185084819793701e-01
9.358689188957214355e-02
7.449566572904586792e-02
4.031350910663604736e-01
1.402593255043029785e-01
1.286354362964630127e-01
6.005369126796722412e-02
1.316894739866256714e-01
2.536422908306121826e-01
2.773713469505310059e-01
1.024041399359703064e-01
6.641595065593719482e-02
4.117347896099090576e-01
2.227242738008499146e-01
2.278587818145751953e-01
4.060676991939544678e-01
2.694192826747894287e-01
9.612463414669036865e-02
1.459912061691284180e-01
1.680701375007629395e-01
9.736329317092895508e-02
2.233749032020568848e-01
1.107777580618858337e-01
8.563626557588577271e-02
1.112163811922073364e-01
2.017925679683685303e-01
3.133625090122222900e-01
3.090577125549316406e-01
2.421403378248214722e-01
2.918673753738403320e-01
1.531863361597061157e-01
1.623866856098175049e-01
3.038989007472991943e-01
1.951198577880859375e-01
1.004267409443855286e-01
1.479860246181488037e-01
3.003298938274383545e-01
3.724204376339912415e-02
1.885814368724822998e-01
2.918341755867004395e-01
2.342737168073654175e-01
1.913518607616424561e-01
3.593347221612930298e-02
1.845540404319763184e-01
2.659669518470764160e-01
3.284996151924133301e-01
9.427590668201446533e-02
2.151086330413818359e-01
2.915379703044891357e-01
1.648209095001220703e-01
1.411529183387756348e-01
4.723179340362548828e-01
1.578771024942398071e-01
1.893554031848907471e-01
2.638109922409057617e-01
2.886525988578796387e-01
1.114690750837326050e-01
1.157973855733871460e-01
1.764330267906188965e-01
1.913295835256576538e-01
5.897100642323493958e-02
1.955352425575256348e-01
7.511498034000396729e-02
2.307157516479492188e-01
1.347584426403045654e-01
2.002656161785125732e-01
2.578139007091522217e-01
1.961486935615539551e-01
1.460404098033905029e-01
3.371503949165344238e-01
1.665151119232177734e-01
9.212769567966461182e-02
1.425052881240844727e-01
3.099203109741210938e-01
1.347239911556243896e-01
2.193816751241683960e-01
1.534256339073181152e-01
3.902055323123931885e-01
1.071103736758232117e-01
5.116360187530517578e-01
2.407142817974090576e-01
3.673960268497467041e-01
3.010757863521575928e-01
1.355600357055664062e-01
2.641827464103698730e-01
3.039229512214660645e-01
2.698168456554412842e-01
7.788954675197601318e-02
2.194510102272033691e-01
1.112468689680099487e-01
2.725181281566619873e-01
1.207857131958007812e-01
4.196556210517883301e-01
2.393567413091659546e-01
2.094580829143524170e-01
2.125626504421234131e-01
3.281690478324890137e-01
2.274303138256072998e-01
1.394319236278533936e-01
7.356120645999908447e-02
4.492292404174804688e-01
2.281581014394760132e-01
2.458575814962387085e-01
1.537051498889923096e-01
1.328284889459609985e-01
1.138131320476531982e-01
4.403892755508422852e-01
8.093178272247314453e-01
5.801786482334136963e-02
2.424310892820358276e-01
2.225057184696197510e-01
2.241734564304351807e-01
2.182333320379257202e-01
3.497511148452758789e-01
3.077886104583740234e-01
1.241216138005256653e-01
1.387987136840820312e-01
8.657059073448181152e-02
1.587254106998443604e-01
1.330835223197937012e-01
3.708581030368804932e-01
3.519570231437683105e-01
3.117849826812744141e-01
2.100776135921478271e-01
4.853349924087524414e-02
1.134393736720085144e-01
3.347618579864501953e-01
1.094430759549140930e-01
1.746932566165924072e-01
2.670550048351287842e-01
1.638106703758239746e-01
9.592661261558532715e-02
2.301349937915802002e-01
7.343070209026336670e-02
3.027620911598205566e-01
2.119576334953308105e-01
9.597453474998474121e-02
6.453812122344970703e-02
4.115930199623107910e-01
2.092164456844329834e-01
2.056763172149658203e-01
9.404290467500686646e-02
1.031606271862983704e-01
1.560864746570587158e-01
1.450111865997314453e-01
1.105170547962188721e-01
1.901913285255432129e-01
2.855983674526214600e-01
2.292015701532363892e-01
1.658438593149185181e-01
2.304141819477081299e-01
2.229178994894027710e-01
1.617489159107208252e-01
1.334224343299865723e-01
3.411682844161987305e-01
1.938370019197463989e-01
2.286048829555511475e-01
1.870523691177368164e-01
2.804430723190307617e-01
1.192455589771270752e-01
2.924258112907409668e-01
1.020861715078353882e-01
2.771256268024444580e-01
8.560782670974731445e-02
1.406081765890121460e-01
1.169416755437850952e-01
2.952492535114288330e-01
3.362895250320434570e-01
1.465498507022857666e-01
9.758345782756805420e-02
1.959259361028671265e-01
1.544712036848068237e-01
1.339942514896392822e-01
4.608683288097381592e-02
1.430785804986953735e-01
3.524404764175415039e-01
1.298275887966156006e-01
2.577199935913085938e-01
1.687312424182891846e-01
3.272983133792877197e-01
2.701435983180999756e-01
2.213692069053649902e-01
1.049951091408729553e-01
1.237288266420364380e-01
2.984666228294372559e-01
3.689559400081634521e-01
3.428074419498443604e-01
2.286248803138732910e-01
1.563140153884887695e-01
1.497753113508224487e-01
2.827463448047637939e-01
2.213007509708404541e-01
1.046125963330268860e-01
1.053613275289535522e-01
2.449740171432495117e-01
3.862969279289245605e-01
1.562675237655639648e-01
9.378683567047119141e-02
2.267917841672897339e-01
2.577962279319763184e-01
3.135041594505310059e-01
2.891860008239746094e-01
3.743598461151123047e-01
1.915972530841827393e-01
1.649252921342849731e-01
4.225376248359680176e-01
2.042103409767150879e-01
3.185559511184692383e-01
2.737339138984680176e-01
1.047278344631195068e-01
1.492961049079895020e-01
1.059798151254653931e-01
8.757928013801574707e-02
1.262763142585754395e-01
1.988179087638854980e-01
2.073773741722106934e-01
2.293764352798461914e-01
8.701124787330627441e-02
1.416116952896118164e-01
2.496293485164642334e-01
3.109820187091827393e-01
3.897313773632049561e-01
2.017868459224700928e-01
1.510309129953384399e-01
3.241288065910339355e-01
7.695849239826202393e-02
2.331985384225845337e-01
1.133057475090026855e-01
2.843199968338012695e-01
7.519743591547012329e-02
8.908292651176452637e-02
3.549258708953857422e-01
3.159480392932891846e-01
1.713719815015792847e-01
7.906844466924667358e-02
1.308117061853408813e-01
1.659706234931945801e-01
2.154161185026168823e-01
1.793358027935028076e-01
7.344055920839309692e-02
1.562381982803344727e-01
6.901639699935913086e-02
1.035941839218139648e-01
1.540875136852264404e-01
3.915423154830932617e-02
1.949778795242309570e-01
2.752206921577453613e-01
1.123235076665878296e-01
5.104522034525871277e-02
3.089399933815002441e-01
3.485852479934692383e-01
3.143810331821441650e-01
2.911196947097778320e-01
2.531800866127014160e-01
1.974832862615585327e-01
1.871710866689682007e-01
1.386557817459106445e-01
1.938876211643218994e-01
4.868540465831756592e-01
6.427668780088424683e-02
5.583212152123451233e-02
4.655057489871978760e-01
1.530596315860748291e-01
3.367927670478820801e-02
1.909797936677932739e-01
8.846454322338104248e-02
1.453241854906082153e-01
1.099029034376144409e-01
1.369442045688629150e-01
1.740735918283462524e-01
2.749648690223693848e-01
5.517942458391189575e-02
1.305680572986602783e-01
2.410882860422134399e-01
3.464955091476440430e-01
3.612922430038452148e-01
1.553480029106140137e-01
2.693103253841400146e-01
2.316836118698120117e-01
4.335331320762634277e-01
1.112949103116989136e-01
4.684064984321594238e-01
1.213795095682144165e-01
1.363697350025177002e-01
1.988594979047775269e-01
2.924479842185974121e-01
1.892036199569702148e-01
2.055242061614990234e-01
1.368905901908874512e-01
1.407624185085296631e-01
4.432915151119232178e-01
2.871475219726562500e-01
1.976291239261627197e-01
2.718741893768310547e-01
3.111478686332702637e-01
1.762885749340057373e-01
2.735886573791503906e-01
4.926726818084716797e-01
2.352776527404785156e-01
1.346712708473205566e-01
4.137424528598785400e-01
1.849596947431564331e-01
1.609938293695449829e-01
1.898913979530334473e-01
6.789948046207427979e-02
2.178065478801727295e-01
1.233345717191696167e-01
1.111467182636260986e-01
1.422841548919677734e-01
3.079319000244140625e-01
2.126002609729766846e-01
5.708770081400871277e-02
2.844140529632568359e-01
5.662871003150939941e-01
2.417403757572174072e-01
2.790428400039672852e-01
1.652246564626693726e-01
1.160859987139701843e-01
1.771641075611114502e-01
1.517339795827865601e-01
2.691855132579803467e-01
2.417309135198593140e-01
3.424199223518371582e-01
1.164893880486488342e-01
1.806685626506805420e-01
7.530683279037475586e-02
6.096817925572395325e-02
1.275485157966613770e-01
2.316357195377349854e-01
7.906998693943023682e-02
1.188118755817413330e-01
2.516276836395263672e-01
1.568278521299362183e-01
8.956598490476608276e-02
1.852911263704299927e-01
2.102516591548919678e-01
8.357074856758117676e-02
1.799063831567764282e-01
4.699316024780273438e-01
1.716555953025817871e-01
2.076166719198226929e-01
4.997208118438720703e-01
6.783540546894073486e-02
1.970647424459457397e-01
3.896035999059677124e-02
1.083964556455612183e-01
1.938555240631103516e-01
7.242820411920547485e-02
2.195872366428375244e-01
2.730362713336944580e-01
1.111452654004096985e-01
2.885682582855224609e-01
2.918047308921813965e-01
2.578001022338867188e-01
7.182505130767822266e-01
4.312136173248291016e-01
1.778485774993896484e-01
2.012282609939575195e-01
2.338459193706512451e-01
4.390012025833129883e-01
1.533817499876022339e-01
2.201440781354904175e-01
2.297756671905517578e-01
2.339294254779815674e-01
2.458848208189010620e-01
2.410002946853637695e-01
2.581975460052490234e-01
1.118677705526351929e-01
9.794639796018600464e-02
1.807433664798736572e-01
2.858456969261169434e-01
8.626947551965713501e-02
3.274501562118530273e-01
2.981306314468383789e-01
2.100505530834197998e-01
2.517725825309753418e-01
2.724273800849914551e-01
1.246863007545471191e-01
1.620343029499053955e-01
3.173462152481079102e-01
1.481789648532867432e-01
2.007660120725631714e-01
1.116196513175964355e-01
5.447294563055038452e-02
3.342106342315673828e-01
1.893416196107864380e-01
2.121939063072204590e-01
2.452574670314788818e-01
9.576289355754852295e-02
3.660873770713806152e-01
2.407294362783432007e-01
3.061419129371643066e-01
1.867915242910385132e-01
4.867114126682281494e-01
1.957436650991439819e-01
1.128623783588409424e-01
5.586638450622558594e-01
1.566566973924636841e-01
1.668552756309509277e-01
1.600999832153320312e-01
1.695764660835266113e-01
2.804117202758789062e-01
3.923407495021820068e-01
3.254066109657287598e-01
1.696729660034179688e-01
1.127137765288352966e-01
2.244897037744522095e-01
6.778717041015625000e-02
2.804020047187805176e-01
9.938791394233703613e-02
1.268523037433624268e-01
4.225157797336578369e-01
1.499656736850738525e-01
2.282412350177764893e-01
2.632825970649719238e-01
1.193209290504455566e-01
1.885551959276199341e-01
2.142281234264373779e-01
6.727398931980133057e-02
1.178273409605026245e-01
2.002715468406677246e-01
2.759434878826141357e-01
5.115817785263061523e-01
1.657727658748626709e-01
2.388535588979721069e-01
1.180282235145568848e-01
1.308010220527648926e-01
3.584792613983154297e-01
8.611947298049926758e-02
8.338493108749389648e-02
2.752269804477691650e-01
1.137250736355781555e-01
2.336943745613098145e-01
6.345827132463455200e-02
1.008002310991287231e-01
4.507974386215209961e-01
3.269084095954895020e-01
6.822547316551208496e-02
2.499257773160934448e-01
3.109507858753204346e-01
5.054883956909179688e-01
2.552528977394104004e-01
2.013696730136871338e-01
1.300019025802612305e-01
1.179546862840652466e-01
2.539910674095153809e-01
2.372813969850540161e-01
3.406618535518646240e-01
2.875475585460662842e-01
3.310472369194030762e-01
2.237511873245239258e-01
4.133612811565399170e-01
3.358839750289916992e-01
1.185424327850341797e-01
1.348313093185424805e-01
2.850252389907836914e-01
5.211853981018066406e-01
2.628795206546783447e-01
5.101924762129783630e-02
1.721546053886413574e-01
2.675793766975402832e-01
7.784845679998397827e-02
2.974567413330078125e-01
2.306937277317047119e-01
1.384792029857635498e-01
2.332111299037933350e-01
1.669617295265197754e-01
1.002948060631752014e-01
9.024275839328765869e-02
1.105212792754173279e-01
2.118825614452362061e-01
2.162356972694396973e-01
2.099741399288177490e-01
1.498717218637466431e-01
2.700523734092712402e-01
9.155528247356414795e-02
1.843295395374298096e-01
1.748290807008743286e-01
2.906172275543212891e-01
1.526147425174713135e-01
2.967705130577087402e-01
1.166109889745712280e-01
1.271114051342010498e-01
1.638159602880477905e-01
2.546164989471435547e-01
1.988286375999450684e-01
3.194931149482727051e-01
1.277945041656494141e-01
9.958942234516143799e-02
7.459894567728042603e-02
2.260228395462036133e-01
1.932264566421508789e-01
8.804015070199966431e-02
2.541672587394714355e-01
1.269716769456863403e-01
4.182099997997283936e-01
2.338984012603759766e-01
3.919076025485992432e-01
2.730033993721008301e-01
1.028532385826110840e-01
8.439311385154724121e-02
2.626273930072784424e-01
3.039441108703613281e-01
2.250781953334808350e-01
1.764606386423110962e-01
1.424612700939178467e-01
1.884139180183410645e-01
2.446614205837249756e-01
3.023147583007812500e-01
1.175088360905647278e-01
1.069643869996070862e-01
2.073030173778533936e-01
5.886400490999221802e-02
9.529034793376922607e-02
1.241000741720199585e-01
1.087119579315185547e-01
2.700318694114685059e-01
9.149758517742156982e-02
1.265390217304229736e-01
1.346206665039062500e-01
2.161071300506591797e-01
1.487445682287216187e-01
2.559962868690490723e-01
8.443692326545715332e-02
3.621198832988739014e-01
2.783627510070800781e-01
1.364715993404388428e-01
4.224270582199096680e-01
1.340969800949096680e-01
1.099558919668197632e-01
1.799069643020629883e-01
1.302060484886169434e-01
3.107132911682128906e-01
5.063447356224060059e-02
3.242173492908477783e-01
2.352066040039062500e-01
1.836901605129241943e-01
1.658211350440979004e-01
1.645603775978088379e-01
1.075642555952072144e-01
2.830261290073394775e-01
2.514313757419586182e-01
8.077611029148101807e-02
2.190732210874557495e-01
1.138452216982841492e-01
9.911883622407913208e-02
1.344145536422729492e-01
3.770881295204162598e-01
6.982897967100143433e-02
3.543050885200500488e-01
1.095250695943832397e-01
1.786020845174789429e-01
2.222558856010437012e-01
2.717052102088928223e-01
2.343119680881500244e-01
9.586526453495025635e-02
1.448754072189331055e-01
1.645540744066238403e-01
8.151447772979736328e-02
2.278498709201812744e-01
1.194918826222419739e-01
2.287153899669647217e-01
2.744314670562744141e-01
7.839607447385787964e-02
1.832312047481536865e-01
2.766094505786895752e-01
1.387774646282196045e-01
3.130955696105957031e-01
9.317319095134735107e-02
3.167894184589385986e-01
2.515351474285125732e-01
1.171548366546630859e-01
2.620106637477874756e-01
1.771689206361770630e-01
1.813752800226211548e-01
4.714354276657104492e-01
8.329173922538757324e-02
1.984319984912872314e-01
2.616587579250335693e-01
1.237265393137931824e-01
8.884282410144805908e-02
2.833198308944702148e-01
2.114617228507995605e-01
3.052498698234558105e-01
2.448427975177764893e-01
2.934063673019409180e-01
4.642199277877807617e-01
2.722374796867370605e-01
3.328330516815185547e-01
1.467059254646301270e-01
2.987128198146820068e-01
1.518199294805526733e-01
7.723405957221984863e-02
9.280855208635330200e-02
7.022914290428161621e-02
9.596506506204605103e-02
2.115790843963623047e-01
1.396470367908477783e-01
2.507540285587310791e-01
1.240214183926582336e-01
2.259355485439300537e-01
3.439753651618957520e-01
3.008774816989898682e-01
1.327024549245834351e-01
1.518521755933761597e-01
1.373268365859985352e-01
2.703176140785217285e-01
3.235581517219543457e-01
1.417316645383834839e-01
1.385605335235595703e-01
2.604621350765228271e-01
3.701147437095642090e-01
9.790709614753723145e-02
3.881062269210815430e-01
2.917128801345825195e-01
1.033913418650627136e-01
1.769616603851318359e-01
2.320073544979095459e-01
1.718834042549133301e-01
1.023809090256690979e-01
1.073286235332489014e-01
1.339169442653656006e-01
1.095870435237884521e-01
3.045465350151062012e-01
2.554600834846496582e-01
1.477430760860443115e-01
6.748597323894500732e-02
2.177924364805221558e-01
1.690933853387832642e-01
2.224955707788467407e-01
1.963540464639663696e-01
3.719492554664611816e-01
1.645924746990203857e-01
1.747642755508422852e-01
3.322380781173706055e-01
1.589093804359436035e-01
1.415453553199768066e-01
3.792056441307067871e-01
2.264521569013595581e-01
3.543642461299896240e-01
8.850997686386108398e-02
1.976304948329925537e-01
1.979354619979858398e-01
2.191147506237030029e-01
6.504951417446136475e-02
9.389574080705642700e-02
3.150735497474670410e-01
1.274788677692413330e-01
2.235562950372695923e-01
1.757495850324630737e-01
2.833258211612701416e-01
2.303239405155181885e-01
1.681611835956573486e-01
2.118819057941436768e-01
4.217767119407653809e-01
1.394512653350830078e-01
1.451540440320968628e-01
1.300174295902252197e-01
6.326426565647125244e-02
1.268080621957778931e-01
5.636225640773773193e-02
9.681340306997299194e-02
5.466345697641372681e-02
3.438924551010131836e-01
2.457666397094726562e-01
5.956827104091644287e-02
2.855996191501617432e-01
1.532314121723175049e-01
1.109006851911544800e-01
2.734911143779754639e-01
1.907578408718109131e-01
8.966593444347381592e-02
2.520480155944824219e-01
1.661952435970306396e-01
1.577236056327819824e-01
1.754225194454193115e-01
1.113471537828445435e-01
1.093101799488067627e-01
2.681331038475036621e-01
3.383298814296722412e-01
1.463696658611297607e-01
2.038558423519134521e-01
1.115357130765914917e-01
4.614267945289611816e-01
2.297222018241882324e-01
1.063029170036315918e-01
7.293961197137832642e-02
3.070721626281738281e-01
1.128616929054260254e-01
1.529393047094345093e-01
8.214722573757171631e-02
1.460430473089218140e-01
3.671346902847290039e-01
7.098966836929321289e-02
1.635474562644958496e-01
9.151075780391693115e-02
1.749347597360610962e-01
2.362915128469467163e-01
5.318576097488403320e-01
1.345184892416000366e-01
1.741451174020767212e-01
2.337291240692138672e-01
9.291462600231170654e-02
1.439513266086578369e-01
2.326821386814117432e-01
1.367845833301544189e-01
1.343025267124176025e-01
9.546461701393127441e-02
2.140612304210662842e-01
1.890595257282257080e-01
2.213119715452194214e-01
2.129211425781250000e-01
2.615257501602172852e-01
1.824989169836044312e-01
1.840263456106185913e-01
1.887814700603485107e-01
3.715675473213195801e-01
3.059924542903900146e-01
1.746178865432739258e-01
9.379401057958602905e-02
1.192430853843688965e-01
2.104638516902923584e-01
6.796280294656753540e-02
1.729901283979415894e-01
1.380199790000915527e-01
2.178640365600585938e-01
2.582933604717254639e-01
1.339313089847564697e-01
1.302954703569412231e-01
1.441404372453689575e-01
1.473334133625030518e-01
3.896835744380950928e-01
1.548242568969726562e-01
6.134031713008880615e-02
2.531820833683013916e-01
8.070373535156250000e-02
9.558983147144317627e-02
2.323345243930816650e-01
5.999505519866943359e-02
1.350989937782287598e-01
6.100877746939659119e-02
2.722175121307373047e-01
2.957904040813446045e-01
4.103984832763671875e-01
3.011150360107421875e-01
1.258436739444732666e-01
2.380283325910568237e-01
1.577045321464538574e-01
1.614449620246887207e-01
2.915863096714019775e-01
4.159051924943923950e-02
1.693935990333557129e-01
1.061217114329338074e-01
5.856887102127075195e-01
2.972133457660675049e-01
1.878770589828491211e-01
1.664090454578399658e-01
1.594026833772659302e-01
2.184868752956390381e-01
3.042382299900054932e-01
2.232675552368164062e-01
1.569502055644989014e-01
2.549710869789123535e-01
1.756289154291152954e-01
1.226217597723007202e-01
2.007109969854354858e-01
3.877515196800231934e-01
1.482411026954650879e-01
2.437303066253662109e-01
8.799469470977783203e-02
1.501031070947647095e-01
2.377808988094329834e-01
1.103082895278930664e-01
1.826211363077163696e-01
3.022538125514984131e-01
2.859356403350830078e-01
2.320584505796432495e-01
2.637998759746551514e-01
1.801414340734481812e-01
2.129248976707458496e-01
1.425820589065551758e-01
1.779509782791137695e-01
7.324036955833435059e-02
9.175674617290496826e-02
2.582252323627471924e-01
6.149192899465560913e-02
1.296809315681457520e-01
1.211822032928466797e-01
2.319334596395492554e-01
3.793940544128417969e-01
1.533050835132598877e-01
4.000803828239440918e-01
4.658649265766143799e-01
5.510881543159484863e-01
2.232426106929779053e-01
2.777149081230163574e-01
1.100966334342956543e-01
2.145450264215469360e-01
2.578102946281433105e-01
1.097410172224044800e-01
1.856157332658767700e-01
1.049674525856971741e-01
9.262275695800781250e-02
2.903470396995544434e-01
1.022747978568077087e-01
8.524194359779357910e-02
1.753183752298355103e-01
3.967932462692260742e-01
1.873582452535629272e-01
7.572142779827117920e-02
1.970307528972625732e-01
1.781006604433059692e-01
2.203664183616638184e-02
2.129937708377838135e-01
2.401642352342605591e-01
1.820576488971710205e-01
8.383313566446304321e-02
1.961636990308761597e-01
3.523328900337219238e-01
2.255216836929321289e-01
7.731581479310989380e-02
1.445385515689849854e-01
1.342019736766815186e-01
5.362374335527420044e-02
2.993950545787811279e-01
1.499074101448059082e-01
3.953058645129203796e-02
1.385411620140075684e-01
3.457829356193542480e-01
2.385556548833847046e-01
1.544184982776641846e-01
2.416746914386749268e-01
2.142281532287597656e-01
2.248368710279464722e-01
2.008370906114578247e-01
3.831689357757568359e-01
1.539043337106704712e-01
2.016415297985076904e-01
1.058802753686904907e-01
1.670367419719696045e-01
2.643947601318359375e-01
3.415702283382415771e-01
7.349509000778198242e-02
2.433784008026123047e-01
2.468966394662857056e-01
2.154682427644729614e-01
1.216986551880836487e-01
2.342729270458221436e-01
1.406719684600830078e-01
2.386545985937118530e-01
1.907697021961212158e-01
2.521544992923736572e-01
1.618620604276657104e-01
2.995401620864868164e-01
3.980415463447570801e-01
1.983419209718704224e-01
2.417917549610137939e-01
1.312085241079330444e-01
2.396746873855590820e-01
9.383488446474075317e-02
1.892861723899841309e-01
1.710171699523925781e-01
1.175195425748825073e-01
3.361845016479492188e-01
3.059353232383728027e-01
7.524356245994567871e-02
1.230469942092895508e-01
1.019061058759689331e-01
1.414566338062286377e-01
7.095044106245040894e-02
5.244657769799232483e-02
1.338415145874023438e-01
3.449119925498962402e-01
4.326246678829193115e-02
1.905984282493591309e-01
1.598013192415237427e-01
1.855141818523406982e-01
3.543848544359207153e-02
5.442274808883666992e-01
2.025934159755706787e-01
1.419571936130523682e-01
9.229829907417297363e-02
2.011623084545135498e-01
2.336511015892028809e-01
1.306449025869369507e-01
9.927600622177124023e-02
1.638360917568206787e-01
1.816944181919097900e-01
5.666391551494598389e-02
2.954748868942260742e-01
1.071694269776344299e-01
1.867195963859558105e-01
1.726191937923431396e-01
2.567198872566223145e-01
2.639274001121520996e-01
2.879544496536254883e-01
1.812716871500015259e-01
2.187672555446624756e-01
2.059632837772369385e-01
2.678781151771545410e-01
3.763448894023895264e-01
5.149574279785156250e-01
2.319602370262145996e-01
1.538238823413848877e-01
2.465885728597640991e-01
1.581854224205017090e-01
2.945510149002075195e-01
3.950460255146026611e-01
1.108397245407104492e-01
1.267638802528381348e-01
3.500576615333557129e-01
1.074699014425277710e-01
4.271054267883300781e-02
4.201800376176834106e-02
3.667535781860351562e-01
2.273455560207366943e-01
1.916427612304687500e-01
2.519511580467224121e-01
1.479533612728118896e-01
2.779833078384399414e-01
2.538474798202514648e-01
5.956047400832176208e-02
2.083353102207183838e-01
1.159474477171897888e-01
3.503087460994720459e-01
1.544849574565887451e-01
3.219747841358184814e-01
6.558692455291748047e-02
1.032775044441223145e-01
3.286579251289367676e-01
3.071612715721130371e-01
4.374951869249343872e-02
3.981627821922302246e-01
1.370132863521575928e-01
3.480637073516845703e-01
2.085721641778945923e-01
2.783437371253967285e-01
1.541226208209991455e-01
1.202079057693481445e-01
4.195836558938026428e-02
1.033872216939926147e-01
1.483575701713562012e-01
1.290081441402435303e-01
1.054621860384941101e-01
9.691351652145385742e-02
1.660342365503311157e-01
1.750445067882537842e-01
1.173072233796119690e-01
7.464570552110671997e-02
1.387796401977539062e-01
6.404506415128707886e-02
1.726481914520263672e-01
1.247257888317108154e-01
1.520991027355194092e-01
1.026347652077674866e-01
1.295465081930160522e-01
1.455179750919342041e-01
3.124703168869018555e-01
1.281751543283462524e-01
1.884823888540267944e-01
2.342821955680847168e-01
2.272315621376037598e-01
1.266941130161285400e-01
9.887722134590148926e-02
3.357368111610412598e-01
2.066912353038787842e-01
2.031523585319519043e-01
1.404022574424743652e-01
4.542157053947448730e-01
2.710756659507751465e-01
3.637306988239288330e-01
2.509770393371582031e-01
2.466573119163513184e-01
3.076546490192413330e-01
4.688473939895629883e-01
3.916930556297302246e-01
2.962637841701507568e-01
1.943182349205017090e-01
2.614517807960510254e-01
1.753385812044143677e-01
3.195553719997406006e-01
8.304516971111297607e-02
2.320496290922164917e-01
1.937108784914016724e-01
2.934952378273010254e-01
1.053585931658744812e-01
1.740890592336654663e-01
1.790268719196319580e-01
2.219185531139373779e-01
2.027010321617126465e-01
1.799584925174713135e-01
1.524834930896759033e-01
1.824872493743896484e-01
1.565437167882919312e-01
2.580342888832092285e-01
8.988721668720245361e-02
3.071480989456176758e-01
2.131214290857315063e-01
2.948228120803833008e-01
4.208030402660369873e-01
2.184654474258422852e-01
8.474062383174896240e-02
2.109371423721313477e-01
1.639828830957412720e-01
4.296283423900604248e-01
2.078892290592193604e-01
1.112133264541625977e-01
1.473299860954284668e-01
2.150728702545166016e-01
6.392256021499633789e-01
2.418058663606643677e-01
3.624379038810729980e-01
1.707384586334228516e-01
8.593052625656127930e-02
3.072022795677185059e-01
1.018237471580505371e-01
2.004692554473876953e-01
1.065421104431152344e-01
1.302791684865951538e-01
1.098248884081840515e-01
1.532717645168304443e-01
8.304698765277862549e-02
1.734072566032409668e-01
3.533694744110107422e-01
4.478067159652709961e-01
2.577267289161682129e-01
1.522327363491058350e-01
1.549593359231948853e-01
4.095766246318817139e-01
1.281733512878417969e-01
1.188368350267410278e-01
6.629479676485061646e-02
3.650696873664855957e-01
2.058129906654357910e-01
2.140212953090667725e-01
2.718563377857208252e-01
1.509279310703277588e-01
2.776352167129516602e-01
2.142145484685897827e-01
1.170481592416763306e-01
1.005050688982009888e-01
2.041331231594085693e-01
3.451144993305206299e-01
1.221829652786254883e-01
2.012775838375091553e-01
2.697470188140869141e-01
7.929058372974395752e-02
2.858185172080993652e-01
4.005713760852813721e-02
1.730846166610717773e-01
8.245572447776794434e-02
1.861496865749359131e-01
1.386892050504684448e-01
2.412355691194534302e-01
2.002896964550018311e-01
1.866323947906494141e-01
1.051308512687683105e-01
2.745018899440765381e-01
2.967707514762878418e-01
8.581019937992095947e-02
2.966684103012084961e-01
2.135371267795562744e-01
2.064400762319564819e-01
6.988520175218582153e-02
1.875572949647903442e-01
1.042649224400520325e-01
4.166113734245300293e-01
1.930138319730758667e-01
2.378792762756347656e-01
6.344348192214965820e-02
1.875838935375213623e-01
1.115608364343643188e-01
9.981586784124374390e-02
4.308201372623443604e-01
1.244210004806518555e-01
2.318670451641082764e-01
1.616449356079101562e-01
2.363610565662384033e-01
1.057602018117904663e-01
1.296426355838775635e-01
2.494382262229919434e-01
1.187115535140037537e-01
1.480291783809661865e-01
8.555696904659271240e-02
2.212677299976348877e-01
2.619214653968811035e-01
4.478677511215209961e-01
9.493861347436904907e-02
2.140621244907379150e-01
3.693204224109649658e-01
1.582781076431274414e-01
1.426289677619934082e-01
1.145824491977691650e-01
1.392184048891067505e-01
2.179213613271713257e-01
1.254723668098449707e-01
2.476139068603515625e-01
2.419990748167037964e-01
1.126116067171096802e-01
7.413241267204284668e-01
