2.180877327919006348e-01
2.402731627225875854e-01
3.427689671516418457e-01
5.206302180886268616e-02
1.923491954803466797e-01
3.131579458713531494e-01
1.110161542892456055e-01
1.755915582180023193e-01
1.049677729606628418e-01
3.847701549530029297e-01
1.818937659263610840e-01
1.461528837680816650e-01
3.997991085052490234e-01
2.506845891475677490e-01
2.016239017248153687e-01
2.033895254135131836e-01
5.805475264787673950e-02
1.295463740825653076e-01
2.646312713623046875e-01
7.367870211601257324e-02
1.774834394454956055e-01
2.040503174066543579e-01
1.901564449071884155e-01
2.624823749065399170e-01
1.058584898710250854e-01
9.258924424648284912e-02
1.426627188920974731e-01
8.378699421882629395e-02
1.983158141374588013e-01
2.796142920851707458e-02
1.828100830316543579e-01
1.971556246280670166e-01
2.557904832065105438e-02
1.160197108983993530e-01
2.726106345653533936e-01
1.360926330089569092e-01
3.405771553516387939e-01
4.235068857669830322e-01
9.703721851110458374e-02
2.996253967285156250e-01
4.037243723869323730e-01
7.892478257417678833e-02
2.005153298377990723e-01
3.266932666301727295e-01
1.009325236082077026e-01
3.664967417716979980e-01
5.694242566823959351e-02
1.585592329502105713e-01
4.032547771930694580e-02
3.157763183116912842e-01
1.827386021614074707e-01
1.784742921590805054e-01
3.443627953529357910e-01
2.198206186294555664e-01
2.713944315910339355e-01
1.750675290822982788e-01
1.667574048042297363e-01
8.303987979888916016e-02
3.216632902622222900e-01
4.938983544707298279e-02
1.441573649644851685e-01
9.673947840929031372e-02
8.489502966403961182e-02
2.445518523454666138e-01
1.922717690467834473e-01
1.591026335954666138e-01
1.504226922988891602e-01
6.268309801816940308e-02
3.487437963485717773e-01
1.014679670333862305e-01
1.212470084428787231e-01
4.028851911425590515e-02
1.861085444688796997e-01
8.676867932081222534e-02
2.135804593563079834e-01
1.228697225451469421e-01
7.168295979499816895e-02
7.102157920598983765e-02
1.276597976684570312e-01
3.825170695781707764e-01
1.506060063838958740e-01
1.929618865251541138e-01
2.761101722717285156e-01
1.621706485748291016e-01
1.629417389631271362e-01
2.414867579936981201e-01
2.156465947628021240e-01
2.753921151161193848e-01
1.606708168983459473e-01
1.016655117273330688e-01
8.401034772396087646e-02
2.416256070137023926e-01
1.336071491241455078e-01
1.153441891074180603e-01
2.600417435169219971e-01
1.271465122699737549e-01
2.254634052515029907e-01
4.613445699214935303e-01
1.083785668015480042e-01
2.663947045803070068e-01
1.584340631961822510e-01
2.079410851001739502e-01
1.294870078563690186e-01
2.017919868230819702e-01
1.768499612808227539e-01
1.105902567505836487e-01
1.443503797054290771e-01
1.965930908918380737e-01
2.125615477561950684e-01
4.146816581487655640e-02
2.038598805665969849e-01
2.745720744132995605e-01
9.615533053874969482e-02
9.682919085025787354e-02
2.241134643554687500e-01
1.786551773548126221e-01
3.615046441555023193e-01
2.667856812477111816e-01
1.945118010044097900e-01
1.314286887645721436e-01
1.264265328645706177e-01
2.919201850891113281e-01
8.677703142166137695e-02
2.948261201381683350e-01
2.217831760644912720e-01
2.436966896057128906e-01
1.263117939233779907e-01
8.734470605850219727e-02
2.318445593118667603e-01
2.118546813726425171e-01
1.740190684795379639e-01
2.114509195089340210e-01
1.550326794385910034e-01
1.030877456068992615e-01
2.478844523429870605e-01
2.022039592266082764e-01
2.799485623836517334e-01
1.472975015640258789e-01
3.045847415924072266e-01
1.115161404013633728e-01
2.005148828029632568e-01
1.311403512954711914e-01
2.481617927551269531e-01
1.733533740043640137e-01
4.628793150186538696e-02
2.054423540830612183e-01
3.221805095672607422e-01
3.852245211601257324e-01
5.578999966382980347e-02
1.853103339672088623e-01
2.563104927539825439e-01
2.495772242546081543e-01
1.638728678226470947e-01
1.069106757640838623e-01
1.602788418531417847e-01
3.440691232681274414e-01
7.089553773403167725e-02
4.611338675022125244e-02
3.054029345512390137e-01
2.233002185821533203e-01
2.308088541030883789e-01
6.254059821367263794e-02
1.822605282068252563e-01
3.282290697097778320e-01
3.131974637508392334e-01
1.768079102039337158e-01
2.359750270843505859e-01
2.503931522369384766e-01
8.738464117050170898e-02
1.901200711727142334e-01
1.241234168410301208e-01
4.787030518054962158e-01
3.059043288230895996e-01
2.009777426719665527e-01
2.494592219591140747e-01
2.180474102497100830e-01
2.382786273956298828e-01
8.320701867341995239e-02
4.598063230514526367e-02
1.603100746870040894e-01
3.221648931503295898e-01
3.493900299072265625e-01
5.632259845733642578e-01
2.387871146202087402e-01
1.634138226509094238e-01
2.349115014076232910e-01
1.531696766614913940e-01
4.058209955692291260e-01
3.557319641113281250e-01
8.286829292774200439e-02
2.773742079734802246e-01
2.598870694637298584e-01
2.474876940250396729e-01
3.827142119407653809e-01
2.472381889820098877e-01
1.987443268299102783e-01
2.615060508251190186e-01
1.782022714614868164e-01
2.968138456344604492e-01
2.291578352451324463e-01
2.039951533079147339e-01
1.669165194034576416e-01
3.413790464401245117e-01
1.477273255586624146e-01
2.456842660903930664e-01
1.981361210346221924e-01
2.305855751037597656e-01
1.346454918384552002e-01
2.141155600547790527e-01
1.123728230595588684e-01
2.000185847282409668e-01
2.618257403373718262e-01
9.971388429403305054e-02
3.605749607086181641e-01
2.308995276689529419e-01
2.020293772220611572e-01
1.425129771232604980e-01
1.440790742635726929e-01
7.247060537338256836e-02
2.827395796775817871e-01
5.226726084947586060e-02
4.213895648717880249e-02
2.683313488960266113e-01
8.205208182334899902e-02
3.057153522968292236e-01
7.414101064205169678e-02
1.924654990434646606e-01
1.587457954883575439e-01
2.735581398010253906e-01
1.527995765209197998e-01
3.856291770935058594e-01
2.866197824478149414e-01
1.824106723070144653e-01
1.828868985176086426e-01
2.084131091833114624e-01
2.093793153762817383e-01
1.677740812301635742e-01
1.878324300050735474e-01
2.114858627319335938e-01
1.835280507802963257e-01
1.450209617614746094e-01
5.768072232604026794e-02
1.714879870414733887e-01
7.773683965206146240e-02
2.780321836471557617e-01
3.440337777137756348e-01
3.133274912834167480e-01
1.085490509867668152e-01
7.601789385080337524e-02
2.991065382957458496e-01
2.818697690963745117e-01
3.611038997769355774e-02
8.644685149192810059e-02
1.423344314098358154e-01
1.947143673896789551e-01
6.966627389192581177e-02
1.828177869319915771e-01
1.489091366529464722e-01
3.181622624397277832e-01
1.702581048011779785e-01
1.284142732620239258e-01
2.049728184938430786e-01
2.900347113609313965e-01
8.982509374618530273e-02
1.284843385219573975e-01
2.698417901992797852e-01
2.908576428890228271e-01
2.752702236175537109e-01
1.191454380750656128e-01
1.591582149267196655e-01
2.232764959335327148e-01
9.719455987215042114e-02
1.240518465638160706e-01
2.690879106521606445e-01
1.541140228509902954e-01
1.614976525306701660e-01
1.479183137416839600e-01
2.924090325832366943e-01
2.161539047956466675e-01
3.766887784004211426e-01
2.080890238285064697e-01
1.777872294187545776e-01
8.914765715599060059e-02
8.918230235576629639e-02
1.362722069025039673e-01
2.607806921005249023e-01
7.318527996540069580e-02
1.383807361125946045e-01
2.829552292823791504e-01
4.321542978286743164e-01
1.029166430234909058e-01
8.655563741922378540e-02
1.496379077434539795e-01
1.096228361129760742e-01
2.166899293661117554e-01
1.282654702663421631e-01
2.810479402542114258e-01
1.777985394001007080e-01
1.882024407386779785e-01
1.027227342128753662e-01
4.469197690486907959e-01
1.398442536592483521e-01
1.808167695999145508e-01
9.853961318731307983e-02
2.963114976882934570e-01
1.889179348945617676e-01
2.248192876577377319e-01
1.272531896829605103e-01
1.649875938892364502e-01
1.707813739776611328e-01
2.487499564886093140e-01
7.530236244201660156e-02
9.019881486892700195e-02
2.440028488636016846e-01
1.499376446008682251e-01
2.167251110076904297e-01
7.806735485792160034e-02
1.535814255475997925e-01
2.709552943706512451e-01
1.796208471059799194e-01
1.400764137506484985e-01
1.773433685302734375e-01
2.190414965152740479e-01
2.147263139486312866e-01
5.085869133472442627e-02
1.910888552665710449e-01
1.268289536237716675e-01
2.474930882453918457e-01
9.205466508865356445e-02
2.072162926197052002e-01
5.438444763422012329e-02
1.947243511676788330e-01
9.053170680999755859e-02
3.860688209533691406e-01
7.754849642515182495e-02
1.858522891998291016e-01
2.438116222620010376e-01
4.245446324348449707e-01
1.689891517162322998e-01
2.141014337539672852e-01
1.463752835988998413e-01
2.465962022542953491e-01
3.203506469726562500e-01
8.579050004482269287e-02
1.672569811344146729e-01
3.319441974163055420e-01
4.027639031410217285e-01
1.052649617195129395e-01
7.451735436916351318e-02
2.452915310859680176e-01
1.007958501577377319e-01
1.757727563381195068e-01
1.246032118797302246e-01
1.400515735149383545e-01
3.363730609416961670e-01
1.046558693051338196e-01
1.739917695522308350e-01
1.194799616932868958e-01
7.122146338224411011e-02
8.608787506818771362e-02
1.040963977575302124e-01
3.843768537044525146e-01
1.264361292123794556e-01
1.613844335079193115e-01
2.976726889610290527e-01
3.571626543998718262e-01
6.839860230684280396e-02
1.746417880058288574e-01
1.944981217384338379e-01
2.270789444446563721e-01
1.726387739181518555e-01
2.777086198329925537e-01
1.720045804977416992e-01
2.092494964599609375e-01
1.591167747974395752e-01
7.886657118797302246e-02
1.705334186553955078e-01
3.037512302398681641e-01
2.019594758749008179e-01
6.800280511379241943e-02
3.959418833255767822e-01
1.890647560358047485e-01
1.855674684047698975e-01
1.983436346054077148e-01
3.236401975154876709e-01
1.298438459634780884e-01
1.013655737042427063e-01
9.199395030736923218e-02
2.581263482570648193e-01
5.528513193130493164e-01
2.130650132894515991e-01
4.542156755924224854e-01
6.336044073104858398e-01
3.914982378482818604e-01
1.757212877273559570e-01
2.418826520442962646e-01
2.196884155273437500e-01
2.853397727012634277e-01
1.270909011363983154e-01
1.791737675666809082e-01
1.692275702953338623e-01
3.626598417758941650e-01
1.599569320678710938e-01
3.927509188652038574e-01
2.629826068878173828e-01
1.992144584655761719e-01
3.030818104743957520e-01
2.161652743816375732e-01
2.150466889142990112e-01
2.865763306617736816e-01
1.946178823709487915e-01
2.362336665391921997e-01
1.398908197879791260e-01
2.851213216781616211e-01
1.619634926319122314e-01
1.977650225162506104e-01
3.686090111732482910e-01
2.257874608039855957e-01
2.711840271949768066e-01
6.018374860286712646e-02
9.276305884122848511e-02
1.216508001089096069e-01
8.319072425365447998e-02
4.135637581348419189e-01
1.837788373231887817e-01
1.147067099809646606e-01
1.494322568178176880e-01
1.736493706703186035e-01
9.591771662235260010e-02
2.619864344596862793e-01
2.542259693145751953e-01
2.383347302675247192e-01
2.313704490661621094e-01
2.935931086540222168e-01
2.400353997945785522e-01
2.027177065610885620e-01
2.875694930553436279e-01
2.539362907409667969e-01
2.998492717742919922e-01
3.408874273300170898e-01
3.327003419399261475e-01
2.658153474330902100e-01
3.358725905418395996e-01
1.724802255630493164e-01
1.012513041496276855e-01
1.687933206558227539e-01
2.629236280918121338e-01
2.205226719379425049e-01
1.723890602588653564e-01
2.637462019920349121e-01
2.693283259868621826e-01
1.544885337352752686e-01
2.993255853652954102e-01
2.175832986831665039e-01
3.410285711288452148e-01
2.417924702167510986e-01
2.673640251159667969e-01
3.663673698902130127e-01
1.377680003643035889e-01
5.538232922554016113e-01
2.378004491329193115e-01
3.057507574558258057e-01
1.400312334299087524e-01
1.853557825088500977e-01
1.695274859666824341e-01
1.832559555768966675e-01
1.241346597671508789e-01
3.157997727394104004e-01
1.558415591716766357e-01
3.299306631088256836e-01
1.409437954425811768e-01
1.206892579793930054e-01
1.642374396324157715e-01
3.130326271057128906e-01
3.242467641830444336e-01
2.142642140388488770e-01
2.588227987289428711e-01
1.661160290241241455e-01
2.019281387329101562e-01
3.364949524402618408e-01
3.392683863639831543e-01
3.042068183422088623e-01
1.138127148151397705e-01
1.188559234142303467e-01
1.590645611286163330e-01
1.520389020442962646e-01
2.879652380943298340e-01
8.378561586141586304e-02
1.578105986118316650e-01
2.880155742168426514e-01
7.848889380693435669e-02
1.625997722148895264e-01
7.883746176958084106e-02
7.407896965742111206e-02
2.687847912311553955e-01
2.261859476566314697e-01
8.092992752790451050e-02
7.701961696147918701e-02
1.636451333761215210e-01
2.463965713977813721e-01
4.148633480072021484e-01
1.671552360057830811e-01
2.074066102504730225e-01
3.751497864723205566e-01
3.238154649734497070e-01
3.852624893188476562e-01
1.892866343259811401e-01
2.167997807264328003e-01
2.247297912836074829e-01
4.696068167686462402e-01
4.579574614763259888e-02
2.075238227844238281e-01
3.072403669357299805e-01
2.944607436656951904e-01
2.703826427459716797e-01
2.914773225784301758e-01
2.097996324300765991e-01
1.668094545602798462e-01
2.166342139244079590e-01
1.533956378698348999e-01
1.679314374923706055e-01
1.937378048896789551e-01
2.560899853706359863e-01
5.879464745521545410e-02
1.723140478134155273e-01
2.336696833372116089e-01
1.151059269905090332e-01
2.284767478704452515e-01
1.981320828199386597e-01
1.327968984842300415e-01
2.686975598335266113e-01
3.832452297210693359e-01
2.214618921279907227e-01
1.833391934633255005e-01
8.009331673383712769e-02
4.908562898635864258e-01
9.870907664299011230e-02
1.435371786355972290e-01
5.356822013854980469e-01
2.380888462066650391e-01
2.420856356620788574e-01
3.055152595043182373e-01
2.179818451404571533e-01
9.933191537857055664e-02
2.676260173320770264e-01
1.685081571340560913e-01
4.815645813941955566e-01
2.729462087154388428e-01
5.465930700302124023e-01
1.661663353443145752e-01
2.262739241123199463e-01
3.051378726959228516e-01
3.325342237949371338e-01
1.541056334972381592e-01
2.340366393327713013e-01
1.037786751985549927e-01
5.393075942993164062e-01
4.206817746162414551e-01
8.423496484756469727e-01
8.751308917999267578e-01
3.660708069801330566e-01
4.988678395748138428e-01
3.016996383666992188e-01
2.627126872539520264e-01
3.411562442779541016e-01
4.551663100719451904e-01
2.839268743991851807e-01
3.609431385993957520e-01
1.935063749551773071e-01
2.023600339889526367e-01
2.429748475551605225e-01
2.533239126205444336e-01
7.269683480262756348e-02
3.173997998237609863e-01
1.022446751594543457e-01
2.748028039932250977e-01
2.011239528656005859e-01
1.779749691486358643e-01
1.864492595195770264e-01
1.534764170646667480e-01
2.755811810493469238e-01
1.448025852441787720e-01
2.030094563961029053e-01
1.616789102554321289e-01
2.760411500930786133e-01
2.942997515201568604e-01
2.865095734596252441e-01
1.173919662833213806e-01
1.320472955703735352e-01
1.481941044330596924e-01
9.282527863979339600e-02
1.216111406683921814e-01
1.113286688923835754e-01
2.327644526958465576e-01
1.780204474925994873e-01
1.981284767389297485e-01
1.606566607952117920e-01
1.131361871957778931e-01
2.933309674263000488e-01
1.264109462499618530e-01
2.574321627616882324e-01
2.797375321388244629e-01
1.316500902175903320e-01
2.431608140468597412e-01
1.945439875125885010e-01
2.310915738344192505e-01
7.436043024063110352e-02
1.543246358633041382e-01
9.305517375469207764e-02
9.554514288902282715e-02
3.258073925971984863e-01
2.560437023639678955e-01
2.099875211715698242e-01
2.963055372238159180e-01
1.907404661178588867e-01
1.303353905677795410e-01
3.033470511436462402e-01
2.514627277851104736e-01
1.309343576431274414e-01
2.765037417411804199e-01
2.362743616104125977e-01
3.811727464199066162e-01
9.710839390754699707e-02
1.716499924659729004e-01
4.486840218305587769e-02
1.214522495865821838e-01
1.191433444619178772e-01
3.081839978694915771e-01
2.579413056373596191e-01
1.929967999458312988e-01
3.128130435943603516e-01
1.793705523014068604e-01
2.391565144062042236e-01
2.159557044506072998e-01
9.975432604551315308e-02
1.944224536418914795e-01
2.557906806468963623e-01
7.555750012397766113e-02
4.655061960220336914e-01
8.027573674917221069e-02
6.126797944307327271e-02
2.181419581174850464e-01
1.531311422586441040e-01
1.046447604894638062e-01
8.971519768238067627e-02
3.618142902851104736e-01
2.275398671627044678e-01
3.232886195182800293e-01
8.271031081676483154e-02
1.469569355249404907e-01
3.669080734252929688e-01
1.542029380798339844e-01
2.428930401802062988e-01
2.405318617820739746e-01
1.038806140422821045e-01
2.152616381645202637e-01
3.134365975856781006e-01
2.185794115066528320e-01
1.611431241035461426e-01
2.843889594078063965e-01
3.155797719955444336e-01
1.242116987705230713e-01
2.251023203134536743e-01
3.715924620628356934e-01
1.974296271800994873e-01
1.301848143339157104e-01
2.402029186487197876e-01
3.780832886695861816e-01
1.376389414072036743e-01
1.166846156120300293e-01
1.329466402530670166e-01
1.583426445722579956e-01
1.974584162235260010e-01
1.958550661802291870e-01
2.894100546836853027e-01
4.768957793712615967e-01
1.812576651573181152e-01
5.764465779066085815e-02
5.663724243640899658e-02
8.862170577049255371e-02
6.925382465124130249e-02
2.798264324665069580e-01
1.558199226856231689e-01
7.135997712612152100e-02
5.296218395233154297e-02
6.720913201570510864e-02
4.012325406074523926e-01
3.740860819816589355e-01
7.181251049041748047e-02
1.016249060630798340e-01
1.563303917646408081e-01
1.219591945409774780e-01
2.217795699834823608e-01
9.649141132831573486e-02
2.190605700016021729e-01
1.281405538320541382e-01
9.734690189361572266e-02
2.068911641836166382e-01
9.356122463941574097e-02
5.354874953627586365e-02
7.178930193185806274e-02
4.250529408454895020e-01
1.731752604246139526e-01
1.045063734054565430e-01
2.636089324951171875e-01
1.658811718225479126e-01
1.228286996483802795e-01
1.210716515779495239e-01
1.087688207626342773e-01
2.166461795568466187e-01
1.300457119941711426e-01
2.062124609947204590e-01
2.741645276546478271e-01
7.231217622756958008e-02
1.032475605607032776e-01
1.593388170003890991e-01
9.241145849227905273e-02
1.876262128353118896e-01
1.585807800292968750e-01
1.837277114391326904e-01
4.913576543331146240e-01
1.861502379179000854e-01
2.209101766347885132e-01
2.504267692565917969e-01
2.116829752922058105e-01
3.349723815917968750e-01
1.056185141205787659e-01
1.382823586463928223e-01
4.109170287847518921e-02
1.395017802715301514e-01
1.028370112180709839e-01
5.079748034477233887e-01
8.920930325984954834e-02
4.441340267658233643e-01
2.308547645807266235e-01
3.704967498779296875e-01
2.959927022457122803e-01
2.714411020278930664e-01
4.083096086978912354e-01
1.098968461155891418e-01
1.297529339790344238e-01
3.250473737716674805e-01
1.216653659939765930e-01
1.188751161098480225e-01
4.667281508445739746e-01
4.686550796031951904e-01
1.936136633157730103e-01
1.851694136857986450e-01
2.034384757280349731e-01
2.418400198221206665e-01
2.418270707130432129e-01
2.661722898483276367e-01
2.681013345718383789e-01
2.103332430124282837e-01
2.023316919803619385e-01
1.251702010631561279e-01
1.295320987701416016e-01
2.909390628337860107e-01
6.151279062032699585e-02
1.263209432363510132e-01
2.157777547836303711e-01
2.484374642372131348e-01
3.027377128601074219e-01
1.239254325628280640e-01
1.370452940464019775e-01
2.993656396865844727e-01
1.923130303621292114e-01
1.260866373777389526e-01
2.990841567516326904e-01
1.209321990609169006e-01
2.094677388668060303e-01
3.343046903610229492e-01
1.527132689952850342e-01
2.480294853448867798e-01
1.425848156213760376e-01
2.125678062438964844e-01
2.896788120269775391e-01
3.125580251216888428e-01
2.775048613548278809e-01
3.135672807693481445e-01
4.565403163433074951e-01
1.933951377868652344e-01
2.688889503479003906e-01
3.346104174852371216e-02
1.837684810161590576e-01
2.176964432001113892e-01
2.103247791528701782e-01
1.764826923608779907e-01
3.366304337978363037e-01
1.789567470550537109e-01
1.852462887763977051e-01
1.142122223973274231e-01
1.918516755104064941e-01
1.721751987934112549e-01
3.140481710433959961e-01
1.072601601481437683e-01
2.645073533058166504e-01
1.454995572566986084e-01
8.993698656558990479e-02
3.222528100013732910e-01
2.499447613954544067e-01
1.044970750808715820e-01
8.088248968124389648e-02
1.035132408142089844e-01
1.881568878889083862e-01
2.412818819284439087e-01
1.309634000062942505e-01
1.871450692415237427e-01
1.964654624462127686e-01
3.122895359992980957e-01
9.944520890712738037e-02
1.716668307781219482e-01
2.429748326539993286e-01
8.865301311016082764e-02
1.763215661048889160e-01
2.240609824657440186e-01
1.289741843938827515e-01
9.146841615438461304e-02
3.065798282623291016e-01
2.656095325946807861e-01
1.377227753400802612e-01
8.355090022087097168e-02
1.736426353454589844e-01
1.253899931907653809e-01
2.091313600540161133e-01
1.675621122121810913e-01
1.411767750978469849e-01
4.205510616302490234e-01
1.342021673917770386e-01
2.413016408681869507e-01
1.020145937800407410e-01
5.244459509849548340e-01
1.135980039834976196e-01
2.744013071060180664e-01
3.976806402206420898e-01
1.500264406204223633e-01
1.375737190246582031e-01
1.125722825527191162e-01
7.842271029949188232e-02
3.358501791954040527e-01
3.288685679435729980e-01
2.382082790136337280e-01
1.417098641395568848e-01
1.754782497882843018e-01
3.169919848442077637e-01
4.505071640014648438e-01
7.648234069347381592e-02
3.214805126190185547e-01
3.347975313663482666e-01
4.091871380805969238e-01
1.751987785100936890e-01
3.641947507858276367e-01
1.708347797393798828e-01
1.213799491524696350e-01
1.217776015400886536e-01
2.854802608489990234e-01
3.072034120559692383e-01
1.925279051065444946e-01
3.046226799488067627e-01
2.441969811916351318e-01
3.286407887935638428e-01
8.706699311733245850e-02
1.310110092163085938e-01
3.281364440917968750e-01
3.158851563930511475e-01
1.657943129539489746e-01
1.429990977048873901e-01
2.148005366325378418e-01
2.096714973449707031e-01
2.874996364116668701e-01
1.251973509788513184e-01
4.660171270370483398e-02
3.192229270935058594e-01
1.140357479453086853e-01
7.261326909065246582e-02
2.103404700756072998e-01
2.313782274723052979e-01
1.848005205392837524e-01
2.688524127006530762e-01
1.331512033939361572e-01
1.182750165462493896e-01
8.747674524784088135e-02
1.649235188961029053e-01
2.374687343835830688e-01
1.506016105413436890e-01
2.505873441696166992e-01
2.283638119697570801e-01
4.400314092636108398e-01
2.701377272605895996e-01
1.666267067193984985e-01
3.592663407325744629e-01
3.900697231292724609e-01
3.348513841629028320e-01
1.662829816341400146e-01
6.937620788812637329e-02
3.309605717658996582e-01
7.839034497737884521e-02
5.290734022855758667e-02
6.558411568403244019e-02
3.305990397930145264e-01
1.567866057157516479e-01
1.997380703687667847e-01
3.788207471370697021e-01
1.657157838344573975e-01
1.624990850687026978e-01
8.873952925205230713e-02
1.888212561607360840e-01
1.365559995174407959e-01
8.333455771207809448e-02
1.565168350934982300e-01
2.484787106513977051e-01
9.308403730392456055e-02
2.158208340406417847e-01
2.183484137058258057e-01
1.353190988302230835e-01
5.131975412368774414e-01
1.305299401283264160e-01
3.546139001846313477e-01
1.829398572444915771e-01
1.858714520931243896e-01
2.183791995048522949e-01
1.710340678691864014e-01
2.834476530551910400e-01
3.887968659400939941e-01
1.249543130397796631e-01
4.061169922351837158e-01
9.941770136356353760e-02
3.563050329685211182e-01
1.633768081665039062e-01
1.696267724037170410e-01
2.946653962135314941e-01
1.041693463921546936e-01
2.528860569000244141e-01
1.307271420955657959e-01
1.294157356023788452e-01
1.133952513337135315e-01
1.294047087430953979e-01
7.439258694648742676e-02
1.435029953718185425e-01
5.706041306257247925e-02
1.441200524568557739e-01
3.173404932022094727e-01
9.254867583513259888e-02
3.388690352439880371e-01
5.524787902832031250e-01
1.641676127910614014e-01
8.489081263542175293e-02
3.223528563976287842e-01
1.615043133497238159e-01
1.995761692523956299e-01
1.843998730182647705e-01
2.579151988029479980e-01
1.689304411411285400e-01
5.492338538169860840e-01
1.341986060142517090e-01
8.616116642951965332e-02
1.292178183794021606e-01
1.981364041566848755e-01
3.322300314903259277e-01
3.578970730304718018e-01
1.673974692821502686e-01
1.783434301614761353e-01
2.318896353244781494e-01
8.182754367589950562e-02
1.468563973903656006e-01
3.259365558624267578e-01
3.519459962844848633e-01
1.045214980840682983e-01
1.758268773555755615e-01
1.844159662723541260e-01
2.015996575355529785e-01
2.548210024833679199e-01
4.157342761754989624e-02
1.741563677787780762e-01
1.200048923492431641e-01
2.628259658813476562e-01
1.269384473562240601e-01
1.914391964673995972e-01
2.038085013628005981e-01
1.683350205421447754e-01
1.249568909406661987e-01
1.375351250171661377e-01
2.878857851028442383e-01
2.838379144668579102e-01
1.597942411899566650e-01
1.494105607271194458e-01
1.113536059856414795e-01
1.328796446323394775e-01
1.072861477732658386e-01
1.858594268560409546e-01
8.557314425706863403e-02
2.926411032676696777e-01
3.687267303466796875e-01
5.896791815757751465e-01
9.658206254243850708e-02
6.345248222351074219e-02
5.308547616004943848e-01
2.755689024925231934e-01
1.976464092731475830e-01
2.503316998481750488e-01
1.705698370933532715e-01
3.822660446166992188e-01
1.861799806356430054e-01
1.326867192983627319e-01
1.723165214061737061e-01
2.647488117218017578e-01
2.758898735046386719e-01
2.537901997566223145e-01
1.259694993495941162e-01
2.192377448081970215e-01
9.194039553403854370e-02
1.854518055915832520e-01
1.784018725156784058e-01
1.030351519584655762e-01
1.462554782629013062e-01
2.369912415742874146e-01
6.765120476484298706e-02
1.610528975725173950e-01
1.744556725025177002e-01
8.574679493904113770e-02
1.020170897245407104e-01
1.373368948698043823e-01
9.459263086318969727e-02
1.251751035451889038e-01
2.679495811462402344e-01
5.021510124206542969e-01
2.520098090171813965e-01
1.484420895576477051e-01
1.278828382492065430e-01
2.492988705635070801e-01
2.663172483444213867e-01
1.335596740245819092e-01
2.766435444355010986e-01
2.063107043504714966e-01
1.162110418081283569e-01
1.815846264362335205e-01
7.684256881475448608e-02
1.747203171253204346e-01
2.775188684463500977e-01
2.137372493743896484e-01
2.202066481113433838e-01
1.366031467914581299e-01
8.309642225503921509e-02
1.793994605541229248e-01
2.187663763761520386e-01
3.926163315773010254e-01
1.155036017298698425e-01
2.552980482578277588e-01
1.808723211288452148e-01
5.371630936861038208e-02
1.016617789864540100e-01
5.204648897051811218e-02
2.709172070026397705e-01
3.164849579334259033e-01
1.469320356845855713e-01
4.286338090896606445e-01
4.289074540138244629e-01
3.348580002784729004e-01
1.451137363910675049e-01
1.952825784683227539e-01
2.229188978672027588e-01
1.450594067573547363e-01
1.388842761516571045e-01
1.068724393844604492e-01
1.715660393238067627e-01
1.385316848754882812e-01
2.309534400701522827e-01
5.136449262499809265e-02
1.838240623474121094e-01
2.170198857784271240e-01
6.276561319828033447e-02
2.435390651226043701e-01
2.783704698085784912e-01
1.434403806924819946e-01
2.545028328895568848e-01
1.499719768762588501e-01
2.101918160915374756e-01
1.750691533088684082e-01
3.943422436714172363e-01
2.991935312747955322e-01
1.622824072837829590e-01
1.650752574205398560e-01
1.720083653926849365e-01
2.535001933574676514e-01
2.337696254253387451e-01
1.922902911901473999e-01
1.301877945661544800e-01
1.011972129344940186e-01
4.114459753036499023e-01
2.575651407241821289e-01
2.304554581642150879e-01
1.339801847934722900e-01
1.670814454555511475e-01
8.914835751056671143e-02
2.539265155792236328e-01
1.765596717596054077e-01
1.165085285902023315e-01
8.395161479711532593e-02
2.020930349826812744e-01
1.996668428182601929e-01
3.230355978012084961e-01
2.621958553791046143e-01
1.246599704027175903e-01
1.543224304914474487e-01
1.082873344421386719e-01
1.576664447784423828e-01
3.485942482948303223e-01
1.065135449171066284e-01
5.293402075767517090e-02
3.413317799568176270e-01
3.012739717960357666e-01
1.983501613140106201e-01
2.360906600952148438e-01
1.790918558835983276e-01
2.290958762168884277e-01
1.621903777122497559e-01
1.792212277650833130e-01
8.715753257274627686e-02
2.866460084915161133e-01
2.176978886127471924e-01
2.791427373886108398e-01
3.556698262691497803e-01
2.980882227420806885e-01
1.475287377834320068e-01
2.181744277477264404e-01
8.227501809597015381e-02
9.553180634975433350e-02
2.542448341846466064e-01
1.977977156639099121e-01
2.710684537887573242e-01
2.127165496349334717e-01
2.295748293399810791e-01
1.912240982055664062e-01
1.810298562049865723e-01
1.174477785825729370e-01
2.760915756225585938e-01
6.455089896917343140e-02
1.110595911741256714e-01
3.672411665320396423e-02
2.392941713333129883e-01
4.055063799023628235e-02
3.114418685436248779e-01
6.238680332899093628e-02
1.619896739721298218e-01
2.642244696617126465e-01
1.136055588722229004e-01
3.897090256214141846e-01
2.497679740190505981e-01
2.506645619869232178e-01
2.880330979824066162e-01
3.917331099510192871e-01
1.642819941043853760e-01
2.507192194461822510e-01
1.458837836980819702e-01
1.746687591075897217e-01
6.342173367738723755e-02
2.181251198053359985e-01
1.772806495428085327e-01
8.372411131858825684e-02
2.699618339538574219e-01
2.333884239196777344e-01
8.619690686464309692e-02
1.558764725923538208e-01
9.018900245428085327e-02
1.696304082870483398e-01
1.438915133476257324e-01
6.228773668408393860e-02
3.169224262237548828e-01
1.103528961539268494e-01
2.730216979980468750e-01
1.849659383296966553e-01
1.992083340883255005e-01
6.685879826545715332e-02
2.802193164825439453e-01
3.273047208786010742e-01
1.229214221239089966e-01
2.213115841150283813e-01
1.748683303594589233e-01
1.939997822046279907e-01
9.118030220270156860e-02
6.949334591627120972e-02
1.233155280351638794e-01
1.365270614624023438e-01
2.018840312957763672e-01
2.931271493434906006e-01
8.764686435461044312e-02
5.940710008144378662e-02
4.486148357391357422e-01
8.847682178020477295e-02
5.532428249716758728e-02
1.593990474939346313e-01
1.365260481834411621e-01
7.708856463432312012e-02
1.269262731075286865e-01
1.780300736427307129e-01
1.881784945726394653e-01
1.795451641082763672e-01
1.590147018432617188e-01
1.343403458595275879e-01
2.108127921819686890e-01
1.865637600421905518e-01
2.334038913249969482e-01
1.295596659183502197e-01
1.110079064965248108e-01
3.509228825569152832e-01
5.882697179913520813e-02
1.336225867271423340e-01
1.887517869472503662e-01
5.334799289703369141e-01
1.482182294130325317e-01
2.758455872535705566e-01
2.592132389545440674e-01
4.449360072612762451e-02
1.540964543819427490e-01
1.673011183738708496e-01
3.728424608707427979e-01
2.964964807033538818e-01
3.638434410095214844e-01
2.359848767518997192e-01
2.607155740261077881e-01
1.503470689058303833e-01
2.445060312747955322e-01
6.643563508987426758e-02
9.446147084236145020e-02
4.442243576049804688e-01
2.208249419927597046e-01
2.032325118780136108e-01
1.613942235708236694e-01
3.703745603561401367e-01
1.671302467584609985e-01
2.811399698257446289e-01
1.196650266647338867e-01
5.443669110536575317e-02
1.770910024642944336e-01
6.964226067066192627e-02
3.076503574848175049e-01
4.155764281749725342e-01
1.250803172588348389e-01
2.678816318511962891e-01
3.546172678470611572e-01
1.570873856544494629e-01
1.595492064952850342e-01
1.779298037290573120e-01
3.290209770202636719e-01
1.762749999761581421e-01
1.266277162358164787e-03
