7.345855981111526489e-02
2.661781907081604004e-01
1.198935657739639282e-01
4.028587043285369873e-01
1.000785529613494873e-01
4.603610932826995850e-02
2.150315493345260620e-01
3.323260545730590820e-01
1.152307391166687012e-01
8.828572928905487061e-02
1.265491098165512085e-01
5.887855961918830872e-02
2.131814509630203247e-01
2.595190703868865967e-01
4.613075032830238342e-02
1.595778614282608032e-01
1.571647375822067261e-01
1.753072440624237061e-01
1.444070935249328613e-01
1.497595459222793579e-01
4.524874091148376465e-01
9.584131836891174316e-02
2.331542819738388062e-01
2.385481297969818115e-01
2.558643221855163574e-01
7.988163828849792480e-02
3.958435729146003723e-02
6.865313649177551270e-02
3.440582156181335449e-01
1.050589382648468018e-01
1.395921111106872559e-01
9.148831665515899658e-02
3.884686231613159180e-01
9.069247543811798096e-02
1.873978674411773682e-01
5.265856906771659851e-02
2.409895062446594238e-01
3.102588653564453125e-01
1.061811372637748718e-01
1.279036253690719604e-01
2.894328832626342773e-01
1.625581085681915283e-01
1.302542388439178467e-01
4.658423364162445068e-02
1.590617299079895020e-01
1.825535297393798828e-01
1.286658197641372681e-01
5.932691693305969238e-02
7.219164073467254639e-02
7.435320317745208740e-02
1.462214440107345581e-01
6.609350442886352539e-02
3.021368682384490967e-01
1.827942579984664917e-01
8.691471815109252930e-02
1.696293205022811890e-01
1.041227206587791443e-01
1.071047261357307434e-01
2.991139590740203857e-01
1.345790177583694458e-01
1.949657797813415527e-01
9.650066494941711426e-02
3.976758569478988647e-02
8.308654278516769409e-02
4.678769707679748535e-01
3.856139183044433594e-01
1.485378891229629517e-01
1.023749262094497681e-01
1.849423944950103760e-01
3.285986781120300293e-01
7.388921082019805908e-02
6.346677243709564209e-02
1.146753653883934021e-01
5.095022171735763550e-02
2.607946395874023438e-01
3.107967376708984375e-01
2.930558025836944580e-01
1.941681504249572754e-01
1.260377019643783569e-01
2.672829329967498779e-01
1.882452666759490967e-01
7.679203152656555176e-02
8.950020372867584229e-02
3.452267050743103027e-01
1.128076016902923584e-01
1.804560869932174683e-01
6.385809183120727539e-02
7.447509467601776123e-02
4.251941293478012085e-02
8.287465572357177734e-02
1.886747628450393677e-01
3.662047982215881348e-01
8.880415558815002441e-02
1.957595497369766235e-01
3.873858228325843811e-02
7.741992175579071045e-02
3.271486461162567139e-01
8.201755583286285400e-02
1.649881601333618164e-01
1.391640603542327881e-01
4.949957728385925293e-01
2.053555995225906372e-01
4.330320283770561218e-02
1.095631569623947144e-01
1.253124922513961792e-01
1.244795024394989014e-01
1.307801306247711182e-01
1.256089508533477783e-01
1.904448270797729492e-01
1.585368961095809937e-01
7.792139053344726562e-02
1.207216680049896240e-01
2.053559720516204834e-01
8.969846367835998535e-02
8.176959306001663208e-02
1.380844116210937500e-01
3.870379328727722168e-01
9.036880731582641602e-02
7.564340531826019287e-02
1.686578094959259033e-01
6.991421431303024292e-02
1.914527863264083862e-01
8.563482016324996948e-02
5.214872956275939941e-02
6.940855085849761963e-02
2.222964316606521606e-01
1.254794299602508545e-01
2.463671714067459106e-01
2.275548726320266724e-01
9.689567983150482178e-02
1.009140014648437500e-01
1.951201111078262329e-01
1.445707082748413086e-01
8.941732347011566162e-02
2.006434947252273560e-01
2.219028174877166748e-01
2.791518159210681915e-02
4.105699658393859863e-01
2.874725461006164551e-01
1.167786270380020142e-01
2.718839943408966064e-01
6.446062028408050537e-02
1.831983029842376709e-01
2.445343583822250366e-01
1.149098277091979980e-01
6.400683522224426270e-02
1.693328022956848145e-01
8.492930233478546143e-02
1.677991747856140137e-01
1.688244640827178955e-01
2.055364996194839478e-01
2.443939149379730225e-01
2.588873505592346191e-01
2.127772867679595947e-01
2.293806225061416626e-01
3.100559413433074951e-01
1.069464087486267090e-01
1.716401726007461548e-01
1.188268661499023438e-01
7.664908468723297119e-02
1.455537974834442139e-01
3.052593022584915161e-02
1.758285760879516602e-01
2.479971945285797119e-01
8.558871597051620483e-02
2.552359737455844879e-02
8.523213863372802734e-02
1.086925715208053589e-01
1.716015636920928955e-01
1.335671544075012207e-01
2.344455420970916748e-01
1.423173546791076660e-01
2.256405204534530640e-01
1.142847463488578796e-01
1.064756959676742554e-01
2.399529963731765747e-01
3.732256591320037842e-02
1.255946159362792969e-01
1.123775243759155273e-01
1.351468265056610107e-01
3.733873367309570312e-01
3.274922817945480347e-02
1.789453923702239990e-01
2.223423719406127930e-01
1.885559260845184326e-01
7.799665629863739014e-02
1.448302865028381348e-01
7.985825836658477783e-02
2.421189099550247192e-01
1.251800358295440674e-01
2.865259945392608643e-01
2.364934086799621582e-01
2.384624779224395752e-01
1.878528669476509094e-02
2.441171705722808838e-01
1.560078114271163940e-01
1.806858181953430176e-01
1.288226842880249023e-01
5.619853138923645020e-01
1.726900935173034668e-01
6.302752345800399780e-02
1.824272572994232178e-01
2.223240137100219727e-01
5.865284055471420288e-02
1.459463685750961304e-01
1.588330119848251343e-01
4.171434789896011353e-02
2.431198805570602417e-01
5.977092310786247253e-02
8.906082808971405029e-02
2.661762237548828125e-01
2.435286939144134521e-01
3.068746998906135559e-02
9.745489060878753662e-02
1.754691004753112793e-01
1.166522279381752014e-01
2.614705078303813934e-02
2.244259230792522430e-02
7.423983514308929443e-02
4.191694408655166626e-02
8.258889429271221161e-03
1.661375351250171661e-02
2.091634646058082581e-02
2.316257208585739136e-01
5.477260798215866089e-02
2.774170935153961182e-01
1.012595146894454956e-01
7.829160243272781372e-02
2.119022011756896973e-01
1.430965811014175415e-01
1.330241262912750244e-01
5.098730325698852539e-02
7.409996539354324341e-02
3.784216940402984619e-01
1.675258427858352661e-01
1.532690227031707764e-01
1.387914866209030151e-01
1.001792475581169128e-01
1.472181677818298340e-01
9.798848628997802734e-02
3.874064609408378601e-02
1.837035417556762695e-01
7.033766061067581177e-02
1.468796432018280029e-01
2.170625925064086914e-01
2.442474812269210815e-01
1.709529757499694824e-01
2.078376561403274536e-01
4.958899319171905518e-02
3.784650564193725586e-02
1.627189815044403076e-01
9.945735335350036621e-02
1.605300903320312500e-01
4.450969696044921875e-01
3.320209309458732605e-02
4.003026187419891357e-01
9.586848318576812744e-02
1.766149401664733887e-01
3.115293979644775391e-01
3.389954268932342529e-01
1.268660724163055420e-01
3.626560568809509277e-01
1.506644636392593384e-01
2.703303098678588867e-01
6.564987450838088989e-02
1.737035661935806274e-01
1.842782646417617798e-01
2.513193190097808838e-01
1.195460557937622070e-01
9.098626673221588135e-02
8.481983840465545654e-02
1.668055206537246704e-01
1.412107348442077637e-01
1.234312057495117188e-01
1.177584007382392883e-01
3.994749113917350769e-02
1.881989091634750366e-01
1.451197862625122070e-01
1.329748630523681641e-01
5.643112212419509888e-02
1.857560276985168457e-01
2.136345058679580688e-01
1.642917245626449585e-01
2.798814773559570312e-01
6.375104933977127075e-02
1.662912368774414062e-01
1.222027167677879333e-01
9.021878242492675781e-02
1.406532078981399536e-01
3.141633868217468262e-01
3.153602033853530884e-02
1.066655665636062622e-01
3.327103853225708008e-01
2.210202813148498535e-01
1.845880150794982910e-01
1.843606829643249512e-01
2.582603096961975098e-01
1.721457391977310181e-01
1.807789355516433716e-01
7.726395130157470703e-02
1.062984988093376160e-01
5.877684801816940308e-02
2.069097608327865601e-01
4.098618030548095703e-01
1.752856969833374023e-01
1.467816382646560669e-01
1.479854136705398560e-01
1.331072300672531128e-01
1.465722620487213135e-01
7.054268568754196167e-02
1.406707167625427246e-01
3.872418403625488281e-02
1.059354022145271301e-01
2.684834413230419159e-02
1.718159914016723633e-01
9.456779062747955322e-02
6.531921774148941040e-02
1.644144058227539062e-01
2.296757251024246216e-01
8.487130701541900635e-02
2.576777935028076172e-01
2.005540728569030762e-01
9.542858600616455078e-02
1.922910213470458984e-01
6.013063788414001465e-01
8.494435250759124756e-02
1.499110013246536255e-01
1.629026532173156738e-01
1.674140095710754395e-01
3.016070723533630371e-01
8.198266476392745972e-02
4.030147790908813477e-01
3.908996656537055969e-02
2.331997752189636230e-01
2.462731301784515381e-01
5.633558034896850586e-01
7.607195526361465454e-02
2.181842029094696045e-01
1.558808535337448120e-01
2.774313092231750488e-01
2.403855621814727783e-01
1.510057151317596436e-01
1.655275821685791016e-01
2.034622579813003540e-01
3.794724941253662109e-01
1.813786774873733521e-01
1.478181630373001099e-01
1.679560095071792603e-01
7.907870411872863770e-02
5.893189832568168640e-02
1.895143985748291016e-01
2.272819727659225464e-01
8.561220765113830566e-02
8.047486841678619385e-02
1.976165175437927246e-01
1.902457177639007568e-01
1.572701334953308105e-01
6.466035544872283936e-02
2.750753760337829590e-01
3.328627943992614746e-01
1.619016528129577637e-01
7.539834827184677124e-02
2.157204598188400269e-01
2.032026499509811401e-01
8.478371798992156982e-02
8.300139755010604858e-02
7.222626358270645142e-02
2.365457713603973389e-01
4.983323439955711365e-02
4.129792377352714539e-02
1.473780572414398193e-01
1.052026003599166870e-01
4.298403486609458923e-02
9.928844869136810303e-02
1.371652781963348389e-01
6.960687786340713501e-02
2.037474513053894043e-01
6.306866407394409180e-01
1.490350514650344849e-01
1.206316426396369934e-01
1.297189593315124512e-01
8.167769014835357666e-02
1.179518476128578186e-01
1.291925311088562012e-01
2.633730471134185791e-01
1.131591126322746277e-01
1.980859339237213135e-01
1.730139553546905518e-01
1.092418879270553589e-01
2.952319383621215820e-01
1.289226114749908447e-01
1.110029593110084534e-01
1.416275650262832642e-01
1.787600852549076080e-02
2.226170599460601807e-01
6.075328215956687927e-02
3.021413087844848633e-01
1.524836421012878418e-01
3.322763368487358093e-02
1.729853451251983643e-01
1.835055649280548096e-01
1.528815031051635742e-01
2.357853502035140991e-01
1.902073919773101807e-01
8.820018172264099121e-02
1.143710613250732422e-01
3.224679529666900635e-01
4.183718189597129822e-02
1.771710515022277832e-01
1.257045716047286987e-01
2.369521260261535645e-01
6.381569802761077881e-02
1.907340288162231445e-01
4.291189834475517273e-02
1.026482284069061279e-01
7.144993543624877930e-02
1.675066947937011719e-01
8.389645814895629883e-02
1.365777999162673950e-01
1.079396307468414307e-01
1.659577786922454834e-01
2.892918325960636139e-02
2.936322689056396484e-01
1.810389161109924316e-01
1.646787226200103760e-01
1.101202219724655151e-01
4.244567453861236572e-02
2.200734019279479980e-01
6.216793507337570190e-02
1.751807630062103271e-01
1.596118658781051636e-01
2.432740777730941772e-01
1.064499765634536743e-01
1.555899679660797119e-01
7.906201481819152832e-02
7.158674299716949463e-02
6.731233000755310059e-02
2.991068959236145020e-01
1.925297081470489502e-01
2.036514580249786377e-01
9.836525470018386841e-02
7.053565979003906250e-02
3.986192494630813599e-02
3.645699098706245422e-02
1.112753301858901978e-01
2.095540612936019897e-01
2.371490895748138428e-01
1.521714031696319580e-01
2.181876152753829956e-01
1.582286208868026733e-01
3.799594044685363770e-01
3.266936838626861572e-01
9.169474989175796509e-02
1.546394973993301392e-01
4.327161237597465515e-02
1.416769027709960938e-01
4.033378958702087402e-01
2.850755304098129272e-02
1.571015417575836182e-01
1.853128373622894287e-01
1.088303998112678528e-01
4.777254164218902588e-02
7.411529123783111572e-02
8.393619954586029053e-02
2.999319694936275482e-02
5.009342730045318604e-02
9.298550337553024292e-02
1.454219520092010498e-01
3.039010465145111084e-01
3.030926585197448730e-01
3.570826053619384766e-01
2.075101733207702637e-01
2.568118572235107422e-01
1.925170719623565674e-01
1.128835082054138184e-01
2.168417274951934814e-01
3.254700899124145508e-01
1.414631158113479614e-01
9.501412510871887207e-02
4.184353724122047424e-02
1.552259325981140137e-01
3.972327709197998047e-01
8.891095966100692749e-02
1.448436975479125977e-01
1.081839278340339661e-01
1.228014081716537476e-01
1.464897394180297852e-01
2.345305383205413818e-01
7.089100778102874756e-02
1.345339119434356689e-01
1.027083247900009155e-01
2.167913019657135010e-01
1.572697162628173828e-01
2.794799506664276123e-01
4.848161339759826660e-02
4.373099505901336670e-01
2.222911119461059570e-01
8.271226286888122559e-02
2.020894587039947510e-01
5.488392710685729980e-02
1.036181747913360596e-01
9.880086779594421387e-02
1.316364109516143799e-01
1.144110634922981262e-01
1.170489341020584106e-01
1.088442578911781311e-01
2.227329015731811523e-01
6.246719881892204285e-02
7.785885035991668701e-02
9.390824288129806519e-02
2.306353151798248291e-01
1.180288046598434448e-01
2.066362500190734863e-01
3.786297887563705444e-02
2.292639315128326416e-01
8.584193885326385498e-02
5.685040727257728577e-02
2.731641829013824463e-01
1.112101972103118896e-01
1.115087792277336121e-01
1.759123504161834717e-01
7.560738921165466309e-02
2.220344543457031250e-01
1.591078639030456543e-01
2.627428248524665833e-02
7.100257277488708496e-02
6.743835657835006714e-02
1.967321336269378662e-01
1.910754144191741943e-01
3.450262919068336487e-02
1.619727164506912231e-01
1.626754403114318848e-01
6.161641329526901245e-02
1.039646863937377930e-01
2.113006711006164551e-01
6.130860000848770142e-02
2.829946577548980713e-01
7.757084071636199951e-02
1.610931754112243652e-01
3.547575324773788452e-02
2.118267491459846497e-02
2.664393782615661621e-01
1.063776016235351562e-01
2.613461911678314209e-01
8.484657108783721924e-02
1.305765211582183838e-01
2.008838653564453125e-01
1.384287476539611816e-01
3.973503410816192627e-02
1.763149052858352661e-01
2.549819834530353546e-02
1.269866228103637695e-01
2.284160628914833069e-02
3.763369023799896240e-01
5.135870352387428284e-02
1.098779737949371338e-01
2.590605616569519043e-01
6.800102442502975464e-02
9.919757954776287079e-03
3.176076710224151611e-01
1.754124015569686890e-01
3.172798454761505127e-02
1.013036668300628662e-01
2.924098372459411621e-01
2.777181938290596008e-02
1.617278009653091431e-01
1.227985247969627380e-01
3.740552365779876709e-01
7.378827035427093506e-02
1.714426577091217041e-01
2.693225145339965820e-01
8.943428099155426025e-02
1.181449443101882935e-01
2.524247765541076660e-01
8.220482617616653442e-02
1.276013106107711792e-01
1.194465011358261108e-01
4.011531546711921692e-02
6.739207357168197632e-02
1.773219853639602661e-01
1.071690097451210022e-01
2.474439144134521484e-01
4.532929658889770508e-01
2.359217703342437744e-01
4.614376425743103027e-01
2.103484272956848145e-01
3.732896149158477783e-01
2.483669817447662354e-01
1.964028030633926392e-01
1.434637904167175293e-01
1.438139081001281738e-01
7.832305133342742920e-02
1.279308646917343140e-01
2.825773656368255615e-01
4.956755787134170532e-02
6.579292565584182739e-02
7.289698719978332520e-02
1.597982794046401978e-01
1.019707247614860535e-01
1.832138895988464355e-01
4.223346710205078125e-02
2.757239937782287598e-01
1.444799602031707764e-01
4.091857373714447021e-01
1.356159746646881104e-01
2.245490849018096924e-01
4.070060700178146362e-02
1.530724614858627319e-01
3.509528636932373047e-01
4.573743641376495361e-01
1.669959872961044312e-01
2.057706117630004883e-01
2.352650761604309082e-01
1.441419422626495361e-01
2.855208218097686768e-01
1.938481181859970093e-01
2.568802535533905029e-01
1.246648579835891724e-01
1.465446203947067261e-01
9.731842577457427979e-02
3.541917353868484497e-02
2.705794572830200195e-02
1.877122819423675537e-01
2.632449567317962646e-02
2.064150124788284302e-01
3.224185854196548462e-02
1.615996062755584717e-01
1.886421293020248413e-01
1.598521769046783447e-01
7.512208819389343262e-02
2.024203538894653320e-01
5.317627266049385071e-02
1.552733778953552246e-02
1.324015557765960693e-01
2.299959212541580200e-01
1.808169186115264893e-01
1.522887647151947021e-01
1.999156922101974487e-01
4.715822637081146240e-02
5.181871354579925537e-02
2.247840166091918945e-01
1.884809285402297974e-01
1.984414309263229370e-01
1.757827997207641602e-01
7.711187750101089478e-02
7.191324234008789062e-02
1.835081577301025391e-01
2.561758831143379211e-02
2.898170948028564453e-01
5.489118099212646484e-01
2.067937850952148438e-01
1.677279472351074219e-01
6.557766348123550415e-02
9.257268905639648438e-02
1.779396533966064453e-01
2.300668060779571533e-01
6.896211206912994385e-02
1.028684452176094055e-01
2.676179632544517517e-02
1.738197207450866699e-01
1.695128679275512695e-01
1.188636720180511475e-01
3.799557685852050781e-01
1.347389519214630127e-01
3.348343372344970703e-01
7.694000005722045898e-02
2.447049468755722046e-01
2.834872305393218994e-01
1.415098607540130615e-01
6.144887208938598633e-02
1.073467582464218140e-01
1.216643303632736206e-01
1.960084438323974609e-01
1.170745491981506348e-01
1.706943511962890625e-01
2.103043496608734131e-01
2.067348062992095947e-01
2.436986118555068970e-01
2.599181532859802246e-01
1.381183117628097534e-01
1.291740089654922485e-01
8.739906549453735352e-02
8.559912443161010742e-02
3.837760090827941895e-01
9.057182073593139648e-02
1.390672028064727783e-01
1.476138085126876831e-01
1.332850605249404907e-01
1.370786726474761963e-01
6.418791413307189941e-02
2.249958068132400513e-01
1.684255599975585938e-01
4.236676096916198730e-01
1.907781511545181274e-01
4.500432312488555908e-02
1.604262590408325195e-01
1.684279739856719971e-01
1.569701917469501495e-02
2.061145752668380737e-01
1.494599431753158569e-01
2.385624349117279053e-01
7.591731846332550049e-02
2.506417632102966309e-01
9.892153739929199219e-02
1.276028305292129517e-01
9.421993792057037354e-02
8.508427441120147705e-02
1.754993796348571777e-01
1.507179141044616699e-01
7.993624359369277954e-02
2.510229349136352539e-01
1.847437322139739990e-01
1.338306665420532227e-01
1.026460975408554077e-01
1.251921206712722778e-01
6.344363093376159668e-02
4.595355689525604248e-02
4.294120967388153076e-01
7.692094147205352783e-02
1.450073570013046265e-01
1.787307411432266235e-01
4.221525043249130249e-02
1.036087274551391602e-01
2.732313238084316254e-02
5.134660005569458008e-02
3.258033394813537598e-01
1.490422189235687256e-01
9.438741207122802734e-02
1.246944218873977661e-01
5.267599821090698242e-01
2.628092467784881592e-01
3.192020058631896973e-01
3.097980022430419922e-01
1.874291598796844482e-01
2.841565012931823730e-01
4.701963067054748535e-02
1.204093694686889648e-01
2.373068928718566895e-01
1.295302063226699829e-01
1.075049936771392822e-01
9.774560481309890747e-02
1.404848992824554443e-01
5.619024485349655151e-02
1.640245318412780762e-01
1.831708103418350220e-01
2.496302686631679535e-02
5.244769454002380371e-01
1.568162143230438232e-01
1.810244470834732056e-01
5.659896135330200195e-02
1.854242384433746338e-01
5.127206444740295410e-02
4.367728829383850098e-01
1.727113872766494751e-01
1.750916838645935059e-01
1.296442151069641113e-01
5.859519913792610168e-02
2.854762673377990723e-01
1.336621791124343872e-01
4.858252033591270447e-02
2.568952441215515137e-01
8.731045573949813843e-02
2.674274742603302002e-01
2.132427245378494263e-01
3.580540418624877930e-01
3.396530747413635254e-01
3.594104349613189697e-01
2.051344215869903564e-01
1.115586683154106140e-01
1.163237541913986206e-01
1.149088293313980103e-01
2.012065947055816650e-01
1.197233572602272034e-01
3.967500925064086914e-01
1.701821982860565186e-01
3.690728843212127686e-01
2.202681899070739746e-01
2.770978212356567383e-01
1.474987268447875977e-01
1.085401773452758789e-01
8.208787441253662109e-02
2.082125395536422729e-01
3.067013919353485107e-01
6.935811787843704224e-02
1.549797803163528442e-01
2.434668689966201782e-01
1.343733072280883789e-01
8.301992714405059814e-02
6.833791732788085938e-02
1.092964038252830505e-01
3.855446353554725647e-02
2.946240082383155823e-02
5.617095530033111572e-02
3.321898877620697021e-01
5.268972516059875488e-01
1.307227462530136108e-01
5.171856880187988281e-01
2.104305773973464966e-01
1.374656558036804199e-01
6.467918306589126587e-02
9.753911197185516357e-02
4.141697287559509277e-01
1.497918218374252319e-01
7.743428647518157959e-02
1.657271832227706909e-01
2.569395601749420166e-01
1.191250756382942200e-01
8.918665349483489990e-02
1.522592604160308838e-01
2.081041932106018066e-01
2.404818236827850342e-01
2.096610218286514282e-01
3.516753017902374268e-02
1.220750808715820312e-01
1.304382681846618652e-01
3.093888461589813232e-01
5.968312919139862061e-02
1.004057452082633972e-01
3.076559007167816162e-01
3.486355394124984741e-02
1.851599514484405518e-01
1.523487567901611328e-01
1.633714586496353149e-01
5.409185215830802917e-02
1.520122736692428589e-01
3.619469106197357178e-01
2.315574437379837036e-01
1.480278968811035156e-01
2.401345819234848022e-01
9.117608517408370972e-02
1.246424615383148193e-01
1.957974433898925781e-01
1.533566415309906006e-01
1.893587112426757812e-01
5.212518945336341858e-02
3.909900784492492676e-01
2.025503218173980713e-01
2.713082730770111084e-01
3.886126279830932617e-01
2.952665984630584717e-01
2.824545502662658691e-01
1.159112155437469482e-01
6.777263432741165161e-02
2.737385928630828857e-01
8.491304516792297363e-02
2.009592056274414062e-01
9.415507316589355469e-02
7.135303318500518799e-02
2.511857151985168457e-01
1.560440361499786377e-01
1.946456879377365112e-01
1.982706785202026367e-01
7.738842070102691650e-02
2.200537174940109253e-01
1.535139530897140503e-01
6.741654872894287109e-02
1.306241899728775024e-01
3.239307552576065063e-02
1.373527646064758301e-01
2.477228492498397827e-01
1.661722064018249512e-01
1.322236210107803345e-01
4.822205379605293274e-02
2.485202699899673462e-01
1.330890059471130371e-01
4.309534281492233276e-02
4.636938124895095825e-02
5.871142819523811340e-02
1.809675991535186768e-01
1.348277628421783447e-01
9.228161722421646118e-02
4.929674416780471802e-02
2.721617817878723145e-01
2.082494050264358521e-01
8.296616375446319580e-02
1.519816368818283081e-01
4.205402731895446777e-01
1.648252606391906738e-01
1.663984954357147217e-01
2.755135297775268555e-01
1.928109824657440186e-01
2.231772840023040771e-01
7.856248319149017334e-02
3.622555136680603027e-01
1.065098047256469727e-01
6.426262855529785156e-02
3.171262443065643311e-01
9.321188926696777344e-02
1.111119762063026428e-01
1.753420829772949219e-01
5.294788628816604614e-02
1.461649686098098755e-01
9.846499562263488770e-02
1.469537913799285889e-01
6.192787289619445801e-01
1.005303263664245605e-01
2.264760434627532959e-01
6.952789425849914551e-02
1.587890684604644775e-01
1.700784564018249512e-01
2.026982158422470093e-01
5.065350979566574097e-02
1.649101078510284424e-01
1.497756540775299072e-01
1.542360484600067139e-01
8.577841520309448242e-01
2.676758766174316406e-01
2.723780870437622070e-01
1.338054090738296509e-01
1.972336471080780029e-01
1.391029953956604004e-01
6.461527198553085327e-02
9.761115908622741699e-02
1.206113472580909729e-01
3.354636579751968384e-02
5.844344198703765869e-02
1.940825879573822021e-01
1.326630562543869019e-01
3.691158294677734375e-01
6.361711025238037109e-02
3.419622033834457397e-02
1.298304349184036255e-01
3.312839865684509277e-01
2.666060328483581543e-01
2.164269685745239258e-01
3.186361789703369141e-01
8.997572213411331177e-02
2.294182479381561279e-01
1.475355625152587891e-01
1.297392994165420532e-01
1.296078711748123169e-01
1.779867708683013916e-01
2.096052169799804688e-01
1.908682584762573242e-01
2.026356905698776245e-01
3.926123380661010742e-01
1.894153505563735962e-01
1.112163960933685303e-01
1.654788702726364136e-01
2.062168121337890625e-01
9.905055165290832520e-02
3.283791840076446533e-01
1.102112382650375366e-01
1.530172079801559448e-01
1.008432805538177490e-01
1.657458245754241943e-01
1.888632327318191528e-01
1.630913019180297852e-01
2.678645253181457520e-01
2.118866592645645142e-01
2.499483525753021240e-01
2.694534659385681152e-01
1.688925027847290039e-01
8.062084019184112549e-02
9.885274618864059448e-02
9.547226876020431519e-02
9.286535531282424927e-02
7.516856491565704346e-02
1.790125519037246704e-01
3.221777677536010742e-01
2.479652464389801025e-01
1.447127759456634521e-01
1.415226906538009644e-01
8.500101417303085327e-02
1.016705855727195740e-01
7.273207604885101318e-02
8.525749295949935913e-02
3.525506556034088135e-01
1.054399162530899048e-01
5.635502934455871582e-01
1.676033139228820801e-01
2.111234664916992188e-01
2.179543524980545044e-01
4.508819580078125000e-01
1.983433961868286133e-01
2.182998210191726685e-01
1.689625382423400879e-01
6.126349419355392456e-02
1.165251433849334717e-01
2.207659631967544556e-01
2.434531897306442261e-01
2.972950935363769531e-01
2.768681049346923828e-01
1.673975884914398193e-01
2.606652677059173584e-01
1.477605104446411133e-01
1.943045705556869507e-01
4.905474931001663208e-02
2.409688234329223633e-01
1.136734038591384888e-01
7.217153906822204590e-02
1.148321926593780518e-01
3.447512984275817871e-01
1.375516951084136963e-01
2.130213975906372070e-01
1.793345212936401367e-01
2.409825623035430908e-01
2.081895768642425537e-01
2.277650833129882812e-01
1.315641403198242188e-01
8.744321763515472412e-02
1.191423088312149048e-01
1.247286051511764526e-01
1.182500720024108887e-01
5.083189159631729126e-02
1.217712312936782837e-01
8.518938720226287842e-02
7.845474779605865479e-02
1.235560998320579529e-01
2.597928047180175781e-01
3.524622023105621338e-01
2.128656059503555298e-01
2.418007850646972656e-01
2.944570481777191162e-01
7.322811335325241089e-02
2.001668214797973633e-01
1.049796640872955322e-01
8.609192073345184326e-02
1.017995029687881470e-01
1.028014868497848511e-01
5.001971498131752014e-02
3.946183621883392334e-02
1.105772405862808228e-01
1.126192659139633179e-01
6.989837437868118286e-02
4.702905416488647461e-01
2.689312770962715149e-02
6.961904168128967285e-01
2.236477732658386230e-01
1.936162412166595459e-01
8.431924879550933838e-02
8.838910609483718872e-02
3.477186262607574463e-01
6.700721383094787598e-02
1.293314546346664429e-01
2.751212120056152344e-01
1.157617419958114624e-01
1.105584949254989624e-01
1.262090802192687988e-01
1.869114339351654053e-01
6.264273822307586670e-02
1.900942325592041016e-01
1.235001534223556519e-01
1.155572980642318726e-01
1.639360338449478149e-01
1.157804280519485474e-01
1.452062427997589111e-01
2.260195016860961914e-01
1.661298871040344238e-01
6.479839980602264404e-02
1.254813075065612793e-01
1.041975021362304688e-01
2.809166312217712402e-01
2.412295192480087280e-01
3.836770057678222656e-01
3.184301853179931641e-01
3.383622691035270691e-02
2.112923711538314819e-01
1.432032883167266846e-01
1.417686641216278076e-01
5.223709344863891602e-01
1.661643385887145996e-01
1.560065001249313354e-01
1.502464413642883301e-01
2.426097542047500610e-01
1.416912376880645752e-01
1.838398873805999756e-01
5.396144837141036987e-02
1.372950077056884766e-01
1.850782893598079681e-02
1.086791753768920898e-01
3.633180260658264160e-02
6.009233370423316956e-02
5.742612853646278381e-02
4.547207951545715332e-01
1.623740941286087036e-01
2.450721561908721924e-01
4.077590107917785645e-01
9.602917730808258057e-02
1.285930275917053223e-01
1.447267234325408936e-01
9.961812943220138550e-02
4.415878653526306152e-02
9.947817027568817139e-02
2.352508008480072021e-01
2.088685780763626099e-01
3.379220366477966309e-01
1.406321078538894653e-01
3.067278265953063965e-01
4.933226481080055237e-02
1.902240365743637085e-01
1.914407014846801758e-01
1.398555934429168701e-01
4.296845942735671997e-02
1.347907334566116333e-01
2.925980091094970703e-02
2.346683740615844727e-01
5.671360343694686890e-02
1.423861384391784668e-01
7.520038634538650513e-02
5.571731179952621460e-02
2.287897169589996338e-01
4.025552868843078613e-01
5.987580865621566772e-02
2.811313271522521973e-01
1.057103872299194336e-01
2.336713671684265137e-01
1.267502605915069580e-01
1.964027881622314453e-01
2.357517480850219727e-01
1.311149597167968750e-01
1.013935655355453491e-01
3.671587407588958740e-01
1.453654766082763672e-01
1.576096564531326294e-01
2.818040549755096436e-01
1.196963489055633545e-01
2.422381639480590820e-01
1.622107475996017456e-01
1.570015251636505127e-01
3.296468555927276611e-01
1.156432479619979858e-01
8.434152603149414062e-02
2.526221573352813721e-01
2.816668152809143066e-02
2.231868505477905273e-01
4.415194317698478699e-02
1.150642335414886475e-01
2.260936349630355835e-01
3.377236798405647278e-02
7.765369862318038940e-02
1.673157811164855957e-01
2.373196929693222046e-01
9.932195395231246948e-02
2.148123979568481445e-01
2.686335444450378418e-01
1.961282938718795776e-01
3.811825066804885864e-02
2.341006696224212646e-01
1.901162564754486084e-01
1.392342001199722290e-01
8.784781396389007568e-02
5.178914964199066162e-02
1.113075539469718933e-01
7.848921418190002441e-02
1.659418642520904541e-01
9.404243528842926025e-02
1.247601062059402466e-01
2.029118537902832031e-01
4.707333818078041077e-02
1.773191690444946289e-01
2.642000317573547363e-01
4.568918049335479736e-02
2.421189248561859131e-01
2.528473734855651855e-01
3.511979579925537109e-01
1.159392669796943665e-01
2.556018829345703125e-01
1.367624402046203613e-01
1.575363576412200928e-01
4.039667844772338867e-01
6.079154014587402344e-01
6.419703960418701172e-01
3.018340766429901123e-01
3.385168313980102539e-02
1.619525849819183350e-01
5.847669392824172974e-02
9.098363667726516724e-02
4.132656008005142212e-02
6.885987520217895508e-02
1.035915091633796692e-01
7.087633013725280762e-02
1.892170310020446777e-01
1.513709723949432373e-01
2.949861288070678711e-01
2.723426818847656250e-01
1.174244210124015808e-01
1.173371821641921997e-01
2.572335302829742432e-02
1.365719437599182129e-01
2.483577281236648560e-02
4.069802165031433105e-02
2.066546082496643066e-01
3.003817200660705566e-01
4.487718939781188965e-01
2.197895348072052002e-01
1.429965794086456299e-01
5.191032961010932922e-02
7.815730571746826172e-02
2.389883697032928467e-01
1.232477203011512756e-01
2.079467624425888062e-01
1.445632129907608032e-01
2.401142418384552002e-01
4.575303792953491211e-01
1.544613242149353027e-01
1.510627716779708862e-01
4.115450978279113770e-01
1.419046372175216675e-01
1.034864187240600586e-01
1.357396095991134644e-01
3.184843659400939941e-01
1.075026541948318481e-01
6.787644326686859131e-02
3.541619181632995605e-01
3.080546483397483826e-02
4.360692948102951050e-02
2.183629572391510010e-01
1.699375808238983154e-01
1.103128865361213684e-01
1.602413952350616455e-01
1.062784641981124878e-01
1.090811491012573242e-01
1.346510648727416992e-01
6.216029822826385498e-02
4.723824933171272278e-02
4.837191104888916016e-02
4.906266927719116211e-01
3.867362067103385925e-02
2.729817628860473633e-01
6.194669380784034729e-02
4.378084838390350342e-01
1.177367493510246277e-01
1.889443844556808472e-01
1.395751386880874634e-01
1.376608908176422119e-01
4.662942141294479370e-02
4.658694565296173096e-02
1.579409837722778320e-01
2.212199717760086060e-01
3.742766380310058594e-01
1.037108451128005981e-01
2.399573177099227905e-01
1.234501898288726807e-01
1.160581111907958984e-01
1.215950250625610352e-01
1.201566308736801147e-01
7.858951389789581299e-02
5.440633744001388550e-02
5.203624814748764038e-02
2.716981247067451477e-02
2.836226820945739746e-01
2.553792297840118408e-01
2.125091850757598877e-01
1.419714093208312988e-02
1.218618199345655739e-04
