2.300650179386138916e-01
1.116475015878677368e-01
3.618067800998687744e-01
6.110789626836776733e-02
3.045293092727661133e-01
6.878667324781417847e-02
3.298028409481048584e-01
1.705706715583801270e-01
1.946541517972946167e-01
9.903170168399810791e-02
2.100262641906738281e-01
8.325282484292984009e-02
3.201270401477813721e-01
1.707627922296524048e-01
3.958732187747955322e-01
3.158950805664062500e-01
3.048630058765411377e-01
1.703171879053115845e-01
2.401876449584960938e-01
1.442398130893707275e-01
4.723480939865112305e-01
3.013293743133544922e-01
9.684289991855621338e-02
1.515428423881530762e-01
1.897268891334533691e-01
2.174364477396011353e-01
1.599698364734649658e-01
7.408143579959869385e-02
7.379486411809921265e-02
1.808034479618072510e-01
2.724087834358215332e-01
4.708447456359863281e-01
6.573258340358734131e-02
6.909705698490142822e-02
1.227397918701171875e-01
1.350355148315429688e-01
4.151101782917976379e-02
8.676608651876449585e-02
1.609668433666229248e-01
2.831586003303527832e-01
1.839800626039505005e-01
1.996802389621734619e-01
1.563337296247482300e-01
2.760293781757354736e-01
4.911668300628662109e-01
1.545924246311187744e-01
2.575899660587310791e-01
1.629417687654495239e-01
1.326449960470199585e-01
2.409069538116455078e-01
2.876312732696533203e-01
1.693422347307205200e-01
2.176089286804199219e-01
1.896471977233886719e-01
4.258943796157836914e-01
7.595890760421752930e-02
1.027119308710098267e-01
2.381792217493057251e-01
1.240314841270446777e-01
2.146639823913574219e-01
7.986362278461456299e-02
3.239068388938903809e-01
1.933589875698089600e-01
2.355279773473739624e-01
3.708689510822296143e-01
6.214577555656433105e-01
2.691621184349060059e-01
1.195289343595504761e-01
3.037263154983520508e-01
1.998288929462432861e-01
2.787065505981445312e-01
3.074441552162170410e-01
2.352047860622406006e-01
3.212476372718811035e-01
2.022304385900497437e-01
2.921406328678131104e-01
4.731895327568054199e-01
2.028336673974990845e-01
1.991437971591949463e-01
3.841685652732849121e-01
2.469363212585449219e-01
2.349368333816528320e-01
4.913097023963928223e-01
2.860305905342102051e-01
2.211268544197082520e-01
2.683893740177154541e-01
2.768512368202209473e-01
1.457778066396713257e-01
2.623910605907440186e-01
1.694033741950988770e-01
9.426552057266235352e-02
2.101407349109649658e-01
2.438027858734130859e-01
2.650814056396484375e-01
1.501349359750747681e-01
2.391097545623779297e-01
6.555575132369995117e-02
2.191093862056732178e-01
3.418528437614440918e-01
3.247393369674682617e-01
1.342881917953491211e-01
4.205695390701293945e-01
1.140560954809188843e-01
3.771758824586868286e-02
2.102122008800506592e-01
2.386072129011154175e-01
5.338041782379150391e-01
1.580338776111602783e-01
9.231524169445037842e-02
1.461791992187500000e-01
1.836576908826828003e-01
4.892258048057556152e-01
3.514771461486816406e-01
1.582449972629547119e-01
2.207000255584716797e-01
3.611609935760498047e-01
2.130962908267974854e-01
1.309659481048583984e-01
3.397354483604431152e-01
1.637433618307113647e-01
1.879371404647827148e-01
1.055911034345626831e-01
1.911726891994476318e-01
1.130393147468566895e-01
1.847746074199676514e-01
1.792296171188354492e-01
2.866684794425964355e-01
1.379379928112030029e-01
2.759830653667449951e-01
1.948147416114807129e-01
3.299749493598937988e-01
2.473516762256622314e-01
1.272537559270858765e-01
1.200037747621536255e-01
3.361713290214538574e-01
1.224934905767440796e-01
1.784142702817916870e-01
1.293322592973709106e-01
4.359094798564910889e-02
2.312028110027313232e-01
5.899773165583610535e-02
1.024914979934692383e-01
4.377865791320800781e-01
4.168644547462463379e-01
2.826069593429565430e-01
1.906469166278839111e-01
2.165905386209487915e-01
1.281049251556396484e-01
2.796806991100311279e-01
1.703595221042633057e-01
5.772203952074050903e-02
2.245100438594818115e-01
1.246607452630996704e-01
2.464361935853958130e-01
1.743650585412979126e-01
1.024443358182907104e-01
3.535166382789611816e-01
2.257877141237258911e-01
4.541280567646026611e-01
1.233346015214920044e-01
1.324388384819030762e-01
8.906701207160949707e-02
2.212006449699401855e-01
2.239039093255996704e-01
7.727086544036865234e-02
3.339019417762756348e-01
4.511934518814086914e-01
2.264185845851898193e-01
1.371218264102935791e-01
1.068474948406219482e-01
7.724320143461227417e-02
1.661954969167709351e-01
1.919827461242675781e-01
2.746928930282592773e-01
2.049578726291656494e-01
1.965771019458770752e-01
9.193669259548187256e-02
4.777435958385467529e-02
5.950828641653060913e-02
2.785857319831848145e-01
1.504727900028228760e-01
7.020198553800582886e-02
5.206802487373352051e-02
1.556359827518463135e-01
2.487188130617141724e-01
1.410514414310455322e-01
1.155175194144248962e-01
9.209548681974411011e-02
3.994087874889373779e-01
2.655938565731048584e-01
2.974327094852924347e-02
3.445488214492797852e-01
2.876901030540466309e-01
2.596380114555358887e-01
2.166745066642761230e-01
9.636062383651733398e-02
2.157290428876876831e-01
1.550215929746627808e-01
1.030686125159263611e-01
1.697559058666229248e-01
2.543918192386627197e-01
1.495652347803115845e-01
1.363706737756729126e-01
1.210924163460731506e-01
1.039241924881935120e-01
2.673827409744262695e-01
9.410619735717773438e-02
8.837807178497314453e-02
2.769051492214202881e-01
1.999910175800323486e-01
1.769055873155593872e-01
1.608538031578063965e-01
3.363932371139526367e-01
1.134301573038101196e-01
9.041097015142440796e-02
6.161290779709815979e-02
3.145862519741058350e-01
3.506946861743927002e-01
1.498036086559295654e-01
1.512678712606430054e-01
2.053132057189941406e-01
1.004092544317245483e-01
1.055720448493957520e-01
1.593395620584487915e-01
9.979608654975891113e-02
3.573746681213378906e-01
1.273896992206573486e-01
1.463968753814697266e-01
3.384169638156890869e-01
5.935794115066528320e-02
1.854031682014465332e-01
1.961223930120468140e-01
6.396458297967910767e-02
3.891286998987197876e-02
2.446759790182113647e-01
1.911359876394271851e-01
2.359794825315475464e-01
7.195417582988739014e-02
2.817407250404357910e-01
2.276353389024734497e-01
3.549828529357910156e-01
2.120403647422790527e-01
7.954863458871841431e-02
2.881862223148345947e-01
1.966564953327178955e-01
2.762091159820556641e-01
2.621243000030517578e-01
2.308311611413955688e-01
1.817447245121002197e-01
1.019954979419708252e-01
1.474729031324386597e-01
2.426359653472900391e-01
2.160382121801376343e-01
1.756345331668853760e-01
1.314035952091217041e-01
1.006428375840187073e-01
1.210758537054061890e-01
9.419926255941390991e-02
1.498061418533325195e-01
1.119295284152030945e-01
3.614624142646789551e-01
2.907004952430725098e-01
1.869443058967590332e-01
1.718453764915466309e-01
9.960199892520904541e-02
1.404603421688079834e-01
1.239870563149452209e-01
2.265172004699707031e-01
1.523957252502441406e-01
2.276691794395446777e-01
1.110161095857620239e-01
2.530853748321533203e-01
1.349979490041732788e-01
1.143380105495452881e-01
4.755661487579345703e-01
4.788855314254760742e-01
2.819342911243438721e-01
3.401095569133758545e-01
1.305068731307983398e-01
4.827677309513092041e-01
2.883391976356506348e-01
2.597980201244354248e-01
1.083471924066543579e-01
2.204903364181518555e-01
1.247784644365310669e-01
2.711099684238433838e-01
3.649376332759857178e-01
3.193434774875640869e-01
1.152187362313270569e-01
1.218399703502655029e-01
1.796974837779998779e-01
2.850841879844665527e-01
1.037108227610588074e-01
2.656271755695343018e-01
1.949419081211090088e-01
2.111271619796752930e-01
1.091801971197128296e-01
1.994130909442901611e-01
2.110878825187683105e-01
1.237358152866363525e-01
1.278903782367706299e-01
3.193356990814208984e-01
1.353208422660827637e-01
1.630180329084396362e-01
5.831376463174819946e-02
4.508390277624130249e-02
2.139336764812469482e-01
2.224770486354827881e-01
1.373982280492782593e-01
2.136536389589309692e-01
1.786434352397918701e-01
1.039758995175361633e-01
2.566530108451843262e-01
7.055450975894927979e-02
1.548221707344055176e-01
5.529049783945083618e-02
8.719475567340850830e-02
1.605658978223800659e-01
1.457104980945587158e-01
1.971943229436874390e-01
1.306914091110229492e-01
1.464560478925704956e-01
1.699724495410919189e-01
2.855930924415588379e-01
4.456811845302581787e-01
1.330198943614959717e-01
2.985288500785827637e-01
2.310519218444824219e-01
2.470898777246475220e-01
2.200689762830734253e-01
3.450084626674652100e-01
8.950012922286987305e-02
1.804621815681457520e-01
1.750415861606597900e-01
5.989566445350646973e-02
1.458915770053863525e-01
1.111654564738273621e-01
2.406491041183471680e-01
2.049905247986316681e-02
3.704038262367248535e-01
2.114534676074981689e-01
2.054376006126403809e-01
1.665132790803909302e-01
2.458144724369049072e-01
2.582287192344665527e-01
2.275113910436630249e-01
1.403059661388397217e-01
2.740008831024169922e-01
3.756196498870849609e-01
2.061818838119506836e-01
1.326080560684204102e-01
5.998149514198303223e-02
2.631635367870330811e-01
3.554861545562744141e-01
1.501792669296264648e-01
1.287032514810562134e-01
2.877064049243927002e-01
3.386799693107604980e-01
9.916675090789794922e-02
1.357325911521911621e-01
1.439935564994812012e-01
2.253614515066146851e-01
2.684860825538635254e-01
3.116582036018371582e-01
2.198934853076934814e-01
2.389745116233825684e-01
3.982661068439483643e-01
1.014107093214988708e-01
2.050165534019470215e-01
1.457783877849578857e-01
2.910726368427276611e-01
3.405814766883850098e-01
1.289644092321395874e-01
3.847751021385192871e-01
2.931717336177825928e-01
1.534246802330017090e-01
2.462278604507446289e-01
1.943686604499816895e-01
1.643854975700378418e-01
2.169349789619445801e-01
4.187871813774108887e-01
1.507969200611114502e-01
1.098517179489135742e-01
4.775902628898620605e-01
1.019498854875564575e-01
1.037666276097297668e-01
1.398904472589492798e-01
4.772892594337463379e-01
1.763615310192108154e-01
3.792904317378997803e-01
2.801522016525268555e-01
3.474148511886596680e-01
2.992672026157379150e-01
1.181610077619552612e-01
9.282989799976348877e-02
1.650768965482711792e-01
2.393683940172195435e-01
1.326120942831039429e-01
3.660429716110229492e-01
1.723205298185348511e-01
1.033211052417755127e-01
2.574374675750732422e-01
2.035495936870574951e-01
2.144620269536972046e-01
2.945725321769714355e-01
1.618091017007827759e-01
1.233502179384231567e-01
2.288885116577148438e-01
9.815197438001632690e-02
2.360241115093231201e-01
1.804044246673583984e-01
2.430176436901092529e-01
1.321261525154113770e-01
3.260166049003601074e-01
1.597795933485031128e-01
8.682047575712203979e-02
1.982905864715576172e-01
1.883326023817062378e-01
1.602417528629302979e-01
7.837283611297607422e-02
2.804732322692871094e-01
7.753855735063552856e-02
3.705045878887176514e-01
3.353690505027770996e-01
1.505592167377471924e-01
3.114491105079650879e-01
9.094083309173583984e-02
8.561994880437850952e-02
9.708715975284576416e-02
1.547883450984954834e-01
3.258593678474426270e-01
2.207774817943572998e-01
2.776330113410949707e-01
1.002187430858612061e-01
1.484837234020233154e-01
1.860545873641967773e-01
1.547877788543701172e-01
1.273771375417709351e-01
4.717647135257720947e-01
1.854908168315887451e-01
3.926687240600585938e-01
1.522410809993743896e-01
2.343796938657760620e-01
1.541912257671356201e-01
1.478847861289978027e-01
5.740898102521896362e-02
4.712598323822021484e-01
8.201393485069274902e-02
2.256522923707962036e-01
2.987770140171051025e-01
8.686207979917526245e-02
1.320646107196807861e-01
1.509183943271636963e-01
1.762207746505737305e-01
1.121562123298645020e-01
3.000774383544921875e-01
2.131345570087432861e-01
2.572331726551055908e-01
2.917692065238952637e-01
7.373359799385070801e-02
4.442139267921447754e-01
1.877211332321166992e-01
1.441629827022552490e-01
2.729397416114807129e-01
5.007626414299011230e-01
2.064460217952728271e-01
2.401816695928573608e-01
4.207418859004974365e-02
2.141753137111663818e-01
5.786978453397750854e-02
2.589291036128997803e-01
6.889508664608001709e-02
3.725762367248535156e-01
3.461287617683410645e-01
1.840482354164123535e-01
7.699232548475265503e-02
1.942266523838043213e-01
2.306115180253982544e-01
1.707022488117218018e-01
2.040324509143829346e-01
1.522876918315887451e-01
1.296447068452835083e-01
3.098053932189941406e-01
2.088484019041061401e-01
1.834928989410400391e-01
3.874312639236450195e-01
3.850677013397216797e-01
2.275800555944442749e-01
3.260379433631896973e-01
2.407575249671936035e-01
1.943862438201904297e-01
3.260269165039062500e-01
1.906284987926483154e-01
2.140893042087554932e-01
4.449394345283508301e-01
1.999232172966003418e-01
2.135092467069625854e-01
4.166239798069000244e-01
1.605311334133148193e-01
6.097698956727981567e-02
2.593081295490264893e-01
2.953374683856964111e-01
2.103419005870819092e-01
2.022781074047088623e-01
1.670197099447250366e-01
1.938852071762084961e-01
2.949183285236358643e-01
5.563801527023315430e-02
1.353093534708023071e-01
1.184381097555160522e-01
2.896247506141662598e-01
3.278296887874603271e-01
1.526875942945480347e-01
3.609108179807662964e-02
4.642778635025024414e-02
5.638173967599868774e-02
1.171476021409034729e-01
1.203606277704238892e-01
4.499033838510513306e-02
1.594202965497970581e-01
2.122259438037872314e-01
3.211541175842285156e-01
5.091679841279983521e-02
3.191958665847778320e-01
4.043404459953308105e-01
1.758219301700592041e-01
3.159766495227813721e-01
2.442976534366607666e-01
1.922402083873748779e-01
1.483017653226852417e-01
3.482200205326080322e-01
2.985880672931671143e-01
3.783953487873077393e-01
2.164154946804046631e-01
3.053591847419738770e-01
2.269112616777420044e-01
2.271988093852996826e-01
1.342407912015914917e-01
1.897339820861816406e-01
2.553221285343170166e-01
2.480746507644653320e-01
1.717935949563980103e-01
3.378483653068542480e-02
2.786193490028381348e-01
1.409200578927993774e-01
3.092157244682312012e-01
3.134145140647888184e-01
2.015069574117660522e-01
9.762760251760482788e-02
1.152145117521286011e-01
3.134578168392181396e-01
1.852396279573440552e-01
2.865923941135406494e-01
1.309719979763031006e-01
3.333289027214050293e-01
1.602021008729934692e-01
2.211005538702011108e-01
1.489055901765823364e-01
2.824573814868927002e-01
1.652901768684387207e-01
2.504812479019165039e-01
3.419187963008880615e-01
2.074526697397232056e-01
2.654442787170410156e-01
2.458672970533370972e-01
3.913589715957641602e-01
2.333435118198394775e-01
1.231330111622810364e-01
1.718169450759887695e-01
2.000406682491302490e-01
9.360028803348541260e-02
1.869526505470275879e-01
3.793671727180480957e-01
3.814493417739868164e-01
2.318571060895919800e-01
3.321643769741058350e-01
5.002079010009765625e-01
1.045670956373214722e-01
1.226280629634857178e-01
2.798017859458923340e-01
1.828930675983428955e-01
2.142900228500366211e-01
3.000974655151367188e-01
2.338060885667800903e-01
1.867746710777282715e-01
1.598715186119079590e-01
2.226655185222625732e-01
1.844573915004730225e-01
1.602670997381210327e-01
1.674573421478271484e-01
1.642777919769287109e-01
6.602399051189422607e-02
1.164021417498588562e-01
2.676432430744171143e-01
2.605755627155303955e-01
3.846065998077392578e-01
3.147408962249755859e-01
3.056260943412780762e-01
1.835508942604064941e-01
1.115359961986541748e-01
2.547906935214996338e-01
1.569274663925170898e-01
1.130585521459579468e-01
1.068489551544189453e-01
2.372553795576095581e-01
2.884539365768432617e-01
2.326812744140625000e-01
1.316865831613540649e-01
7.332172989845275879e-02
2.443785965442657471e-01
1.656486392021179199e-01
2.430588006973266602e-01
1.303270161151885986e-01
1.701951324939727783e-01
1.278383135795593262e-01
1.604017019271850586e-01
9.157731384038925171e-02
1.843024790287017822e-01
3.183987140655517578e-01
9.461604058742523193e-02
1.133551597595214844e-01
1.609263569116592407e-01
3.261413276195526123e-01
1.296393871307373047e-01
2.950932681560516357e-01
1.900684535503387451e-01
1.944195181131362915e-01
7.687436044216156006e-02
3.316555619239807129e-01
2.716565728187561035e-01
3.295616507530212402e-01
2.398034334182739258e-01
2.752234339714050293e-01
1.183682531118392944e-01
1.472910344600677490e-01
1.319926530122756958e-01
4.002476334571838379e-01
2.491373419761657715e-01
2.397162020206451416e-01
3.232846260070800781e-01
2.030868828296661377e-01
1.741396635770797729e-01
1.782772839069366455e-01
1.651104539632797241e-01
1.156863048672676086e-01
2.214939296245574951e-01
3.619955778121948242e-01
9.550972282886505127e-02
2.201371192932128906e-01
1.585605740547180176e-01
1.832719445228576660e-01
3.279781937599182129e-01
1.652622073888778687e-01
1.211661696434020996e-01
3.455536961555480957e-01
1.448898911476135254e-01
2.780882418155670166e-01
2.920110821723937988e-01
2.320031970739364624e-01
1.203766912221908569e-01
1.938949823379516602e-01
1.368395835161209106e-01
5.074908733367919922e-01
1.672646701335906982e-01
3.507983088493347168e-01
1.761235743761062622e-01
2.724295258522033691e-01
1.627790778875350952e-01
1.870042979717254639e-01
2.470503747463226318e-01
2.392067909240722656e-01
9.596351534128189087e-02
7.881527394056320190e-02
1.293578743934631348e-01
8.992272615432739258e-02
2.363372594118118286e-01
2.135167419910430908e-01
2.160422056913375854e-01
2.261072099208831787e-01
3.497768938541412354e-01
5.376276969909667969e-01
5.293940007686614990e-02
3.424760103225708008e-01
2.786115407943725586e-01
1.691938936710357666e-01
3.318151235580444336e-01
5.657361820340156555e-02
2.604935765266418457e-01
1.995587050914764404e-01
1.360442638397216797e-01
1.082361340522766113e-01
6.191430613398551941e-02
2.901183962821960449e-01
1.418884098529815674e-01
2.567440867424011230e-01
2.185651361942291260e-01
2.406948506832122803e-01
1.609010696411132812e-01
2.189945876598358154e-01
3.874584436416625977e-01
1.357363760471343994e-01
1.666417717933654785e-01
2.202812433242797852e-01
2.109517008066177368e-01
1.768394112586975098e-01
1.413124799728393555e-01
1.245491355657577515e-01
5.321747809648513794e-02
4.599119722843170166e-01
2.006498128175735474e-01
2.098646759986877441e-01
2.534060180187225342e-01
2.913655340671539307e-01
1.897263526916503906e-01
1.808102726936340332e-01
2.141653299331665039e-01
8.540281653404235840e-02
2.372678518295288086e-01
1.661989390850067139e-01
2.412949502468109131e-01
1.883537769317626953e-01
2.480501234531402588e-01
1.981809735298156738e-01
8.572764694690704346e-02
1.196847334504127502e-01
1.305846273899078369e-01
9.303553402423858643e-02
4.408644437789916992e-01
2.651117146015167236e-01
4.066321849822998047e-01
3.414773941040039062e-02
1.746469140052795410e-01
2.040159404277801514e-01
2.749360203742980957e-01
2.768899500370025635e-01
1.338823884725570679e-01
1.845431029796600342e-01
1.611622571945190430e-01
1.106702163815498352e-01
1.104774698615074158e-01
1.785032302141189575e-01
2.501783967018127441e-01
1.982161253690719604e-01
1.482475996017456055e-01
1.617728173732757568e-01
2.241636067628860474e-01
2.703139781951904297e-01
4.019430279731750488e-01
3.022543787956237793e-01
2.459802627563476562e-01
1.545001268386840820e-01
1.247695311903953552e-01
5.190323665738105774e-02
4.044658690690994263e-02
3.346387445926666260e-01
3.409922122955322266e-01
1.957187652587890625e-01
2.845376729965209961e-01
3.961173892021179199e-01
1.715505719184875488e-01
2.546043694019317627e-01
2.807336449623107910e-01
3.097606897354125977e-01
2.680353224277496338e-01
3.690373301506042480e-01
2.410177886486053467e-01
1.938542425632476807e-01
3.002701103687286377e-01
1.842565387487411499e-01
3.109824061393737793e-01
1.335425078868865967e-01
3.063752651214599609e-01
2.113543152809143066e-01
2.056318372488021851e-01
2.007559835910797119e-01
1.153240278363227844e-01
1.340771317481994629e-01
3.839330375194549561e-01
2.210917621850967407e-01
2.465508431196212769e-01
2.639065384864807129e-01
2.015003561973571777e-01
3.327530622482299805e-01
3.748522698879241943e-01
1.317834109067916870e-01
1.634699404239654541e-01
1.944868564605712891e-01
2.831901311874389648e-01
3.033035397529602051e-01
3.070083856582641602e-01
2.744628190994262695e-01
2.765057682991027832e-01
3.517231345176696777e-01
1.234764233231544495e-01
3.834025561809539795e-01
1.925268024206161499e-01
3.413856327533721924e-01
8.315656334161758423e-02
1.338976621627807617e-01
2.237802743911743164e-01
1.266003847122192383e-01
1.241702437400817871e-01
2.022933512926101685e-01
2.454938888549804688e-01
1.520706117153167725e-01
9.194217622280120850e-02
2.513382434844970703e-01
1.198281422257423401e-01
2.351706624031066895e-01
1.181942746043205261e-01
3.915038406848907471e-01
2.942365705966949463e-01
2.886297106742858887e-01
8.021729439496994019e-02
5.915525555610656738e-02
3.243158161640167236e-01
1.907819807529449463e-01
2.370311766862869263e-01
1.103786677122116089e-01
2.123756706714630127e-01
5.826494097709655762e-02
2.821342945098876953e-01
8.874341845512390137e-02
6.685243546962738037e-02
1.666965186595916748e-01
2.063438296318054199e-01
1.273596584796905518e-01
1.068967357277870178e-01
2.153372317552566528e-01
1.248571202158927917e-01
1.298899948596954346e-01
2.322828173637390137e-01
2.269891947507858276e-01
1.762435138225555420e-01
1.846185326576232910e-01
9.393903613090515137e-02
5.022979527711868286e-02
1.198205798864364624e-01
1.339070945978164673e-01
1.580376327037811279e-01
5.413800105452537537e-02
6.305329501628875732e-02
2.405177056789398193e-01
1.510355323553085327e-01
1.820411980152130127e-01
2.746346294879913330e-01
2.411426901817321777e-01
3.653456866741180420e-01
3.907950967550277710e-02
5.063639581203460693e-02
2.136221379041671753e-01
2.191660106182098389e-01
2.010170966386795044e-01
2.017616927623748779e-01
1.702880859375000000e-01
2.603961825370788574e-01
7.175497710704803467e-02
2.381085157394409180e-01
1.116538196802139282e-01
1.650728285312652588e-01
1.062509119510650635e-01
1.558745950460433960e-01
1.327492445707321167e-01
2.592405080795288086e-01
1.077735498547554016e-01
3.091262280941009521e-01
2.225813418626785278e-01
2.759936451911926270e-01
3.039418160915374756e-01
2.777559161186218262e-01
1.456527113914489746e-01
1.491924524307250977e-01
1.798744648694992065e-01
1.875926256179809570e-01
3.467187583446502686e-01
1.238943785429000854e-01
2.041042149066925049e-01
1.663650721311569214e-01
4.632013142108917236e-01
2.214012742042541504e-01
2.950406372547149658e-01
1.241048574447631836e-01
2.848341464996337891e-01
2.401133328676223755e-01
1.358088105916976929e-01
2.121650129556655884e-01
2.164951115846633911e-01
2.292950749397277832e-01
1.680238097906112671e-01
2.895995080471038818e-01
3.890497386455535889e-01
1.697671115398406982e-01
1.863936036825180054e-01
1.728121936321258545e-01
1.822994649410247803e-01
1.314602494239807129e-01
1.955969333648681641e-01
1.251837760210037231e-01
4.573981091380119324e-02
2.639704644680023193e-01
1.180049031972885132e-01
2.960787117481231689e-01
2.396417558193206787e-01
7.924678921699523926e-02
1.033854112029075623e-01
1.896736323833465576e-01
3.256773650646209717e-01
3.145940303802490234e-01
2.332036942243576050e-01
1.881902664899826050e-01
3.345569372177124023e-01
1.180489510297775269e-01
4.063345789909362793e-01
1.738769263029098511e-01
1.488854289054870605e-01
2.328621745109558105e-01
1.519304662942886353e-01
1.948349773883819580e-01
2.544136047363281250e-01
1.471790969371795654e-01
1.451763063669204712e-01
1.341961622238159180e-01
2.995490431785583496e-01
1.481481939554214478e-01
7.994038611650466919e-02
1.531182676553726196e-01
1.459037363529205322e-01
1.641017049551010132e-01
1.392400860786437988e-01
3.365853428840637207e-01
1.108338236808776855e-01
1.936987936496734619e-01
2.722292542457580566e-01
2.205855399370193481e-01
1.112106516957283020e-01
2.336221635341644287e-01
9.150394052267074585e-02
1.914550215005874634e-01
1.993539184331893921e-01
4.035935997962951660e-01
2.116522341966629028e-01
8.359266072511672974e-02
3.425053954124450684e-01
5.062587559223175049e-02
1.326527148485183716e-01
8.096855878829956055e-02
1.771024316549301147e-01
4.625937938690185547e-01
2.894775867462158203e-01
2.309731245040893555e-01
2.237970679998397827e-01
1.903448849916458130e-01
1.668549478054046631e-01
2.809403240680694580e-01
1.017222106456756592e-01
1.831144690513610840e-01
6.771433353424072266e-02
9.026555716991424561e-02
2.225161790847778320e-01
3.357766866683959961e-01
2.163639664649963379e-01
2.402769625186920166e-01
3.993364572525024414e-01
2.416273355484008789e-01
2.051700055599212646e-01
1.752997934818267822e-01
4.312630891799926758e-01
1.750708073377609253e-01
1.321104913949966431e-01
2.143490165472030640e-01
1.721226274967193604e-01
3.361560702323913574e-01
2.166490554809570312e-01
1.329877227544784546e-01
1.498752832412719727e-01
3.136939108371734619e-01
2.423899918794631958e-01
2.347103655338287354e-01
3.838177919387817383e-01
1.027375087141990662e-01
2.800806760787963867e-01
6.958892941474914551e-02
1.082659140229225159e-01
3.723620474338531494e-01
1.291287541389465332e-01
2.053342759609222412e-01
2.438657283782958984e-01
2.382914870977401733e-01
1.865713894367218018e-01
1.999707221984863281e-01
1.446843892335891724e-01
1.011589244008064270e-01
3.365198373794555664e-01
1.532116830348968506e-01
1.245451420545578003e-01
2.109375298023223877e-01
6.397794187068939209e-02
2.026668190956115723e-01
1.496261954307556152e-01
1.711385250091552734e-01
2.328265905380249023e-01
5.126588046550750732e-02
2.288509309291839600e-01
3.867141008377075195e-01
2.098861932754516602e-01
2.741597890853881836e-01
4.292342066764831543e-02
1.061184033751487732e-01
1.447608768939971924e-01
2.529712915420532227e-01
1.758644878864288330e-01
5.118126869201660156e-01
2.730194330215454102e-01
1.562095880508422852e-01
2.165938019752502441e-01
2.752552926540374756e-01
5.513229221105575562e-02
2.089480310678482056e-01
1.653971374034881592e-01
6.751058995723724365e-02
3.058795928955078125e-01
1.480714976787567139e-01
2.680190801620483398e-01
2.291287630796432495e-01
3.929137289524078369e-01
1.224130988121032715e-01
6.979291141033172607e-02
1.904248744249343872e-01
3.452115058898925781e-01
2.109405845403671265e-01
1.143441945314407349e-01
1.560171246528625488e-01
2.698620557785034180e-01
2.993842661380767822e-01
1.468930691480636597e-01
1.375319063663482666e-01
2.451816350221633911e-01
4.183006286621093750e-01
6.472570449113845825e-02
9.181641787290573120e-02
1.995412856340408325e-01
1.854869276285171509e-01
2.195114791393280029e-01
1.329142451286315918e-01
1.460009217262268066e-01
1.430404484272003174e-01
3.319962620735168457e-01
3.805119097232818604e-01
1.387601047754287720e-01
1.243631988763809204e-01
5.199803039431571960e-02
1.550776362419128418e-01
5.879646912217140198e-02
2.022444009780883789e-01
1.368250846862792969e-01
1.511170864105224609e-01
1.953877806663513184e-01
1.501908600330352783e-01
8.836799860000610352e-02
3.131788969039916992e-01
1.733860075473785400e-01
1.357072740793228149e-01
9.407772123813629150e-02
1.787023693323135376e-01
2.433309108018875122e-01
1.433183103799819946e-01
6.787846982479095459e-02
1.115052029490470886e-01
8.749441057443618774e-02
7.361029833555221558e-02
3.691523373126983643e-01
6.652974337339401245e-02
1.580259352922439575e-01
1.762338280677795410e-01
1.595431864261627197e-01
1.857948899269104004e-01
1.862083822488784790e-01
3.068845272064208984e-01
3.242373466491699219e-01
1.655586659908294678e-01
5.459871515631675720e-02
2.219832390546798706e-01
5.071547627449035645e-01
8.337496221065521240e-02
1.168636158108711243e-01
1.717935502529144287e-01
2.888672351837158203e-01
2.206809967756271362e-01
1.340761333703994751e-01
3.178878426551818848e-01
1.732513606548309326e-01
7.714930921792984009e-02
2.921708226203918457e-01
8.238857984542846680e-02
1.846493333578109741e-01
1.510196179151535034e-01
1.512234807014465332e-01
2.038579136133193970e-01
1.504968106746673584e-01
5.653425306081771851e-02
7.122641801834106445e-02
4.378106296062469482e-01
2.362344115972518921e-01
9.969400614500045776e-02
1.096602529287338257e-01
2.088562101125717163e-01
2.764704525470733643e-01
1.523739397525787354e-01
1.215882450342178345e-01
1.109135448932647705e-01
1.011642366647720337e-01
7.648442685604095459e-02
2.608890235424041748e-01
1.862378865480422974e-01
2.136448472738265991e-01
3.071612417697906494e-01
1.261827647686004639e-01
7.028104364871978760e-02
3.858143463730812073e-02
4.657535552978515625e-01
2.350130379199981689e-01
1.762489676475524902e-01
3.107894062995910645e-01
1.265147030353546143e-01
6.796688586473464966e-02
1.256901919841766357e-01
1.988246142864227295e-01
2.317089438438415527e-01
2.182482331991195679e-01
1.888633072376251221e-01
2.110368162393569946e-01
2.297300398349761963e-01
3.029482662677764893e-01
6.586118042469024658e-02
1.404845118522644043e-01
7.287314534187316895e-02
6.110507249832153320e-02
2.419090569019317627e-01
1.599001884460449219e-01
2.149875611066818237e-01
1.424577981233596802e-01
1.479185372591018677e-01
1.791210025548934937e-01
2.341125756502151489e-01
3.445037007331848145e-01
4.567540884017944336e-01
5.020819231867790222e-02
2.038354873657226562e-01
1.345822364091873169e-01
2.034314572811126709e-01
3.094092309474945068e-01
5.388635396957397461e-02
1.975355148315429688e-01
1.242606416344642639e-01
2.302316874265670776e-01
1.284749507904052734e-01
2.294871658086776733e-01
2.631933987140655518e-01
4.204400777816772461e-01
3.450017571449279785e-01
9.761269390583038330e-02
1.996835172176361084e-01
2.031734883785247803e-01
3.866450786590576172e-01
1.657206416130065918e-01
1.885402798652648926e-01
1.971302926540374756e-01
4.306095242500305176e-01
2.257486581802368164e-01
1.180524080991744995e-01
3.401669859886169434e-01
4.917836487293243408e-01
2.556965947151184082e-01
1.278568208217620850e-01
6.996926665306091309e-02
1.629669368267059326e-01
8.256027102470397949e-02
2.857628464698791504e-01
2.705615758895874023e-01
4.172762036323547363e-01
1.627930402755737305e-01
4.515861868858337402e-01
3.232237696647644043e-01
1.601633876562118530e-01
2.067346870899200439e-01
2.974191308021545410e-01
3.856669664382934570e-01
1.423408389091491699e-01
1.188785284757614136e-01
2.493994832038879395e-01
1.472239196300506592e-01
3.772307336330413818e-01
1.742389351129531860e-01
1.879527866840362549e-01
7.340221107006072998e-02
2.152114510536193848e-01
8.125841617584228516e-02
1.897948086261749268e-01
5.764471292495727539e-01
1.589273810386657715e-01
1.158023551106452942e-01
3.073130249977111816e-01
2.521063089370727539e-01
2.037380635738372803e-01
1.899996399879455566e-01
3.127595186233520508e-01
3.563520014286041260e-01
2.354587763547897339e-01
1.101136505603790283e-01
1.353705525398254395e-01
1.834829747676849365e-01
2.699362039566040039e-01
2.041040509939193726e-01
1.036859899759292603e-01
1.461091786623001099e-01
1.914581656455993652e-01
1.254600137472152710e-01
2.172179669141769409e-01
6.715863943099975586e-02
2.287454009056091309e-01
2.279047518968582153e-01
1.786913573741912842e-01
1.778956800699234009e-01
2.455498278141021729e-01
1.402193903923034668e-01
2.799185514450073242e-01
1.416737437248229980e-01
2.784011065959930420e-01
2.619286179542541504e-01
1.967617571353912354e-01
1.424717158079147339e-01
1.095281615853309631e-01
1.615763008594512939e-01
4.210027456283569336e-01
7.768357992172241211e-01
6.406930834054946899e-02
1.159211695194244385e-01
2.904947400093078613e-01
5.470651388168334961e-01
5.043818801641464233e-02
3.860913515090942383e-01
3.558866083621978760e-01
1.424815803766250610e-01
3.371263146400451660e-01
4.840047359466552734e-01
6.994907855987548828e-01
