1.428382694721221924e-01
6.902804970741271973e-02
2.509469911456108093e-02
4.744823276996612549e-02
4.013143107295036316e-02
1.674670577049255371e-01
7.423642277717590332e-02
3.021312132477760315e-02
1.833371967077255249e-01
2.661628723144531250e-01
3.340832591056823730e-01
3.238141834735870361e-01
4.538984298706054688e-01
3.915961980819702148e-01
8.791333436965942383e-02
2.889613509178161621e-01
1.731570363044738770e-01
2.461272627115249634e-01
2.843822240829467773e-01
2.193053066730499268e-01
1.976910829544067383e-01
1.676550805568695068e-01
9.743264317512512207e-02
1.097511053085327148e-01
4.290933012962341309e-01
3.834990561008453369e-01
1.488638371229171753e-01
1.343524754047393799e-01
6.530796736478805542e-02
1.017599403858184814e-01
2.737314701080322266e-01
4.367354214191436768e-01
4.246138334274291992e-01
1.330075562000274658e-01
7.826792448759078979e-02
2.116108536720275879e-01
2.603075504302978516e-01
1.192181855440139771e-01
2.191696912050247192e-01
2.031486332416534424e-01
2.146181911230087280e-01
1.948758959770202637e-01
6.305663287639617920e-02
2.078465819358825684e-01
9.229143708944320679e-02
9.553535282611846924e-02
3.955401480197906494e-02
1.552019119262695312e-01
5.382173880934715271e-02
7.894486933946609497e-02
8.569213747978210449e-02
3.351942002773284912e-01
5.435547232627868652e-02
5.839037895202636719e-02
1.357799321413040161e-01
2.400273978710174561e-01
1.397490352392196655e-01
1.516446471214294434e-01
3.198746144771575928e-01
1.935037225484848022e-01
3.504914939403533936e-01
2.123365700244903564e-01
1.763120144605636597e-01
1.263069957494735718e-01
3.918911889195442200e-02
3.261185586452484131e-01
6.349771469831466675e-02
4.515803605318069458e-02
2.571816444396972656e-01
1.954760849475860596e-01
1.513319909572601318e-01
1.915898323059082031e-01
2.298939973115921021e-01
6.918580830097198486e-02
2.740771472454071045e-01
4.718646407127380371e-01
1.425796598196029663e-01
1.521906107664108276e-01
1.471700817346572876e-01
8.375919610261917114e-02
2.880049347877502441e-01
2.352527827024459839e-01
5.557909235358238220e-02
1.996119320392608643e-01
3.126654624938964844e-01
3.105764091014862061e-01
4.425770044326782227e-02
1.969644129276275635e-01
1.926008164882659912e-01
3.514267802238464355e-01
1.441031545400619507e-01
2.563840746879577637e-01
2.391192317008972168e-01
1.865803450345993042e-01
3.746714442968368530e-02
1.555354148149490356e-01
1.771214306354522705e-01
3.630630970001220703e-01
4.409693181514739990e-01
1.390808969736099243e-01
4.934177920222282410e-02
5.532262101769447327e-02
2.357174456119537354e-01
2.211715430021286011e-01
1.580621600151062012e-01
1.737218797206878662e-01
1.689320653676986694e-01
1.718895435333251953e-01
8.919787406921386719e-02
4.832106083631515503e-02
1.557481586933135986e-01
2.438073456287384033e-01
4.468024075031280518e-01
4.360063746571540833e-02
1.238956153392791748e-01
3.360992074012756348e-01
3.397374153137207031e-01
1.188224628567695618e-01
1.674919724464416504e-01
7.572594285011291504e-02
2.344204038381576538e-01
2.134040147066116333e-01
4.183326363563537598e-01
4.674710929393768311e-01
1.152179464697837830e-01
5.685029178857803345e-02
4.565711617469787598e-01
2.139471024274826050e-01
2.748340070247650146e-01
2.186719775199890137e-01
1.738706231117248535e-01
2.021898627281188965e-01
1.276704668998718262e-01
1.898579150438308716e-01
1.836555898189544678e-01
1.982155293226242065e-01
1.455171704292297363e-01
4.639346897602081299e-02
1.356776058673858643e-01
9.186484664678573608e-02
3.383056521415710449e-01
2.480765432119369507e-01
2.112717777490615845e-01
2.273807823657989502e-01
9.820564836263656616e-02
2.289880663156509399e-01
2.392728626728057861e-01
2.083973735570907593e-01
3.529765605926513672e-01
3.224336504936218262e-01
2.205608338117599487e-01
4.665801525115966797e-01
3.568532466888427734e-01
1.489534229040145874e-01
1.948208510875701904e-01
3.345395326614379883e-01
2.576119601726531982e-01
4.637180566787719727e-01
1.705145090818405151e-01
1.753715127706527710e-01
9.083166718482971191e-02
4.299102723598480225e-02
1.850760281085968018e-01
2.078703045845031738e-01
2.992699146270751953e-01
1.817544400691986084e-01
8.826071023941040039e-02
1.295436322689056396e-01
1.690567284822463989e-01
3.339879214763641357e-01
9.555751830339431763e-02
2.349042892456054688e-01
3.696225285530090332e-01
1.742196083068847656e-01
1.816643774509429932e-01
2.235408723354339600e-01
6.042754277586936951e-02
1.536875516176223755e-01
4.491446018218994141e-01
2.392680048942565918e-01
1.528434157371520996e-01
2.946340143680572510e-01
2.053359597921371460e-01
1.624655723571777344e-01
1.517918407917022705e-01
1.058684512972831726e-01
1.491113305091857910e-01
1.858732104301452637e-01
4.651207104325294495e-02
2.329939305782318115e-01
4.759838283061981201e-01
5.641218274831771851e-02
1.201124191284179688e-01
1.202823370695114136e-01
5.186727643013000488e-01
1.914124488830566406e-01
9.285545349121093750e-02
2.395766675472259521e-01
1.497785747051239014e-01
2.351512908935546875e-01
2.399795055389404297e-01
1.764216721057891846e-01
2.062315940856933594e-01
2.151950299739837646e-01
1.384506821632385254e-01
1.372855007648468018e-01
1.057739108800888062e-01
2.719517052173614502e-01
4.753611087799072266e-01
9.394323825836181641e-02
1.820272505283355713e-01
1.462023854255676270e-01
1.539346724748611450e-01
5.162757262587547302e-02
3.812964856624603271e-01
4.445009306073188782e-02
1.290576457977294922e-01
5.028829574584960938e-01
2.596476376056671143e-01
3.008736371994018555e-01
1.767861843109130859e-01
9.992171078920364380e-02
1.852703988552093506e-01
8.246580511331558228e-02
1.576445996761322021e-01
8.836802840232849121e-02
1.811636090278625488e-01
7.922782003879547119e-02
2.687768638134002686e-01
2.622633874416351318e-01
3.518057167530059814e-01
2.092609256505966187e-01
1.636869013309478760e-01
7.961626350879669189e-02
1.950891762971878052e-01
2.256288975477218628e-01
1.302142292261123657e-01
5.375890806317329407e-02
1.196629554033279419e-01
5.185016244649887085e-02
1.015952080488204956e-01
1.495786160230636597e-01
2.449989169836044312e-01
4.158555343747138977e-02
4.883428663015365601e-02
2.758546769618988037e-01
1.343657523393630981e-01
2.636296749114990234e-01
2.787367105484008789e-01
2.608463466167449951e-01
3.311514854431152344e-01
2.673380076885223389e-01
2.386059165000915527e-01
1.525172144174575806e-01
2.385498583316802979e-01
1.853479743003845215e-01
2.567580938339233398e-01
1.754340380430221558e-01
1.675974726676940918e-01
1.565863788127899170e-01
2.115277349948883057e-01
3.930419087409973145e-01
2.322421967983245850e-01
1.175156086683273315e-01
1.257740706205368042e-01
9.358301758766174316e-02
4.453742504119873047e-02
2.459297478199005127e-01
9.793960303068161011e-02
1.093099862337112427e-01
2.445961236953735352e-01
2.586198747158050537e-01
1.827438324689865112e-01
3.621251583099365234e-01
2.063030302524566650e-01
7.409154772758483887e-01
9.292741864919662476e-02
2.411660254001617432e-01
2.083809077739715576e-01
1.867671757936477661e-01
1.568239033222198486e-01
1.149878874421119690e-01
1.349349766969680786e-01
4.177535772323608398e-01
3.051708936691284180e-01
1.717291921377182007e-01
1.368131488561630249e-01
1.973441243171691895e-01
5.169172212481498718e-02
1.096798703074455261e-01
1.372049450874328613e-01
1.162765249609947205e-01
2.413387149572372437e-01
1.835305690765380859e-01
2.417155355215072632e-01
5.635188817977905273e-01
1.469593793153762817e-01
3.018533289432525635e-01
1.711652129888534546e-01
2.026260346174240112e-01
2.444536983966827393e-01
7.324568927288055420e-02
1.948688328266143799e-01
2.707237005233764648e-01
1.321042180061340332e-01
1.958464980125427246e-01
1.433451771736145020e-01
3.069269657135009766e-01
1.447726190090179443e-01
1.016637831926345825e-01
3.643041849136352539e-01
4.239581227302551270e-01
1.379217207431793213e-01
1.088230311870574951e-01
2.386056780815124512e-01
5.654260143637657166e-02
3.462736606597900391e-01
1.068866401910781860e-01
1.654148399829864502e-01
2.375433146953582764e-01
2.091260254383087158e-01
1.583073288202285767e-01
2.428361624479293823e-01
1.079917177557945251e-01
4.040126502513885498e-01
1.539297997951507568e-01
1.014158874750137329e-01
4.329595714807510376e-02
1.705080866813659668e-01
3.033066391944885254e-01
9.355664998292922974e-02
2.584646344184875488e-01
8.505183458328247070e-02
2.112268656492233276e-01
4.643478095531463623e-01
1.038540601730346680e-01
2.001779973506927490e-01
1.566937267780303955e-01
1.988239139318466187e-01
1.823958009481430054e-01
1.430508941411972046e-01
5.271096229553222656e-01
4.051672816276550293e-01
3.113313615322113037e-01
2.771443724632263184e-01
6.698562204837799072e-02
1.680595725774765015e-01
1.956982910633087158e-01
2.120143175125122070e-01
1.999349296092987061e-01
8.334617316722869873e-02
1.259469389915466309e-01
1.021313220262527466e-01
5.951710417866706848e-02
3.577091693878173828e-01
5.612096935510635376e-02
8.641035109758377075e-02
1.429310590028762817e-01
1.275343894958496094e-01
2.851127088069915771e-02
2.818441092967987061e-01
3.462214171886444092e-01
1.352257728576660156e-01
2.874850034713745117e-01
5.841346457600593567e-02
4.038923978805541992e-01
1.585061848163604736e-01
1.499272137880325317e-01
1.801623851060867310e-01
2.726375162601470947e-01
3.415889739990234375e-01
4.026025533676147461e-01
1.423767805099487305e-01
3.270194530487060547e-01
1.763162016868591309e-01
2.211790382862091064e-01
2.915872335433959961e-01
2.440681755542755127e-01
7.588009536266326904e-02
4.975041747093200684e-01
1.709916591644287109e-01
4.885742664337158203e-01
2.737360596656799316e-01
1.910027116537094116e-01
1.805576682090759277e-01
1.102805733680725098e-01
7.773361355066299438e-02
8.180073648691177368e-02
7.037966698408126831e-02
1.276153326034545898e-01
1.865974366664886475e-01
3.875608146190643311e-01
3.994827717542648315e-02
1.393995881080627441e-01
9.447190165519714355e-02
1.484016627073287964e-01
2.674126625061035156e-01
3.151515424251556396e-01
2.640107274055480957e-01
1.303034275770187378e-01
2.808990776538848877e-01
1.276015043258666992e-01
4.313027262687683105e-01
1.690133363008499146e-01
2.414874881505966187e-01
6.535839289426803589e-02
1.769059002399444580e-01
2.661342024803161621e-01
9.527151286602020264e-02
1.695987433195114136e-01
6.207773461937904358e-02
1.957927644252777100e-01
8.845546096563339233e-02
1.372569203376770020e-01
7.111917436122894287e-02
1.094073802232742310e-01
1.413488388061523438e-01
8.178095519542694092e-02
3.137648105621337891e-01
9.454957395792007446e-02
1.568795144557952881e-01
3.099958300590515137e-01
3.565312027931213379e-01
4.938160628080368042e-02
7.743208110332489014e-02
1.573722809553146362e-01
1.165915429592132568e-01
1.132308244705200195e-01
7.464950531721115112e-02
1.901779174804687500e-01
1.351606845855712891e-01
9.032357484102249146e-02
1.500478684902191162e-01
2.494713068008422852e-01
2.041816860437393188e-01
7.539352029561996460e-02
2.297471612691879272e-01
2.047625184059143066e-01
4.451969265937805176e-01
1.061930507421493530e-01
2.065470665693283081e-01
1.504477560520172119e-01
6.089060008525848389e-02
2.036041915416717529e-01
2.306879311800003052e-01
1.938620805740356445e-01
2.814255058765411377e-01
1.720130890607833862e-01
1.471601426601409912e-01
1.730875372886657715e-01
4.661867767572402954e-02
1.691509038209915161e-01
1.261980384588241577e-01
1.952201128005981445e-01
6.351245939731597900e-02
1.723326146602630615e-01
1.214447617530822754e-01
1.771879792213439941e-01
8.097299188375473022e-02
3.554931282997131348e-01
1.526066064834594727e-01
2.915781140327453613e-01
2.077481746673583984e-01
1.888775825500488281e-01
1.829355955123901367e-01
1.609165072441101074e-01
2.196318060159683228e-01
1.265208423137664795e-01
5.275028571486473083e-02
2.270076237618923187e-02
1.532563120126724243e-01
2.966609299182891846e-01
3.204808831214904785e-01
9.355115890502929688e-02
2.257925868034362793e-01
6.490708887577056885e-02
6.465467810630798340e-02
1.278600394725799561e-01
1.788264513015747070e-01
2.535242140293121338e-01
1.549532860517501831e-01
1.826152801513671875e-01
3.800268769264221191e-01
8.556713908910751343e-02
1.402233093976974487e-01
8.169627189636230469e-02
4.082189202308654785e-01
2.102671265602111816e-01
1.933803111314773560e-01
3.262928128242492676e-01
1.753106117248535156e-01
1.655317842960357666e-01
2.157240509986877441e-01
1.162621900439262390e-01
1.948219090700149536e-01
3.052536547183990479e-01
1.438770145177841187e-01
1.658986210823059082e-01
3.134973645210266113e-01
3.463995754718780518e-01
2.474932372570037842e-01
1.466690897941589355e-01
9.371460974216461182e-02
2.015958577394485474e-01
2.712214887142181396e-01
3.538728132843971252e-02
2.132330089807510376e-01
1.015208810567855835e-01
1.487112790346145630e-01
1.437055468559265137e-01
8.034602552652359009e-02
7.383459806442260742e-02
1.985453665256500244e-01
4.430951923131942749e-02
1.388939917087554932e-01
1.728889346122741699e-01
1.650554686784744263e-01
2.329726964235305786e-01
1.270566880702972412e-01
1.601997613906860352e-01
5.789704248309135437e-02
1.295615881681442261e-01
1.021015644073486328e-01
3.219854533672332764e-01
2.238323092460632324e-01
3.201572000980377197e-01
1.464298367500305176e-01
4.678474366664886475e-01
1.986343711614608765e-01
1.707015186548233032e-01
1.190567612648010254e-01
1.764408051967620850e-01
1.817539781332015991e-01
4.540028795599937439e-02
8.589012920856475830e-02
2.188659757375717163e-01
1.154753863811492920e-01
9.311532974243164062e-02
6.818155944347381592e-02
1.821155995130538940e-01
1.247918903827667236e-01
3.353530168533325195e-01
2.898160815238952637e-01
3.740621805191040039e-01
1.124649420380592346e-01
1.713626086711883545e-01
3.805000782012939453e-01
2.869221568107604980e-01
1.199728101491928101e-01
2.699380815029144287e-01
7.367705553770065308e-02
2.979960441589355469e-01
1.115057840943336487e-01
1.321356594562530518e-01
1.646476984024047852e-01
3.525949418544769287e-01
2.721201181411743164e-01
9.328752756118774414e-02
3.215924650430679321e-02
1.238167807459831238e-01
2.215843051671981812e-01
1.902485191822052002e-01
2.547250390052795410e-01
1.936755776405334473e-01
2.568361163139343262e-01
1.579896509647369385e-01
1.002750098705291748e-01
9.733644127845764160e-02
2.446270585060119629e-01
1.390995085239410400e-01
2.493036091327667236e-01
3.326913416385650635e-01
1.601281464099884033e-01
1.246554031968116760e-01
2.579140067100524902e-01
2.436900734901428223e-01
1.059399917721748352e-01
1.247946172952651978e-01
2.239929512143135071e-02
1.115503460168838501e-01
9.664680063724517822e-02
1.241314634680747986e-01
6.621223688125610352e-01
6.725140661001205444e-02
1.223129630088806152e-01
1.873477697372436523e-01
1.702105104923248291e-01
1.623930931091308594e-01
1.377851366996765137e-01
8.212897181510925293e-02
2.602698504924774170e-01
1.827221214771270752e-01
1.359681040048599243e-01
6.202021986246109009e-02
4.303399324417114258e-01
1.956417858600616455e-01
2.605408728122711182e-01
7.614908367395401001e-02
1.396724283695220947e-01
5.959904938936233521e-02
2.785159051418304443e-01
1.806269288063049316e-01
1.980228573083877563e-01
1.880967319011688232e-01
3.691316395998001099e-02
2.471342384815216064e-01
3.248581290245056152e-01
3.516965508460998535e-01
2.365318536758422852e-01
6.684147566556930542e-02
1.884461790323257446e-01
2.489014863967895508e-01
6.403787434101104736e-02
7.978259027004241943e-02
2.423784136772155762e-01
1.032956019043922424e-01
1.992111206054687500e-01
1.083308532834053040e-01
2.596885859966278076e-01
9.903466701507568359e-02
2.108941525220870972e-01
3.335133194923400879e-01
8.826017379760742188e-02
1.183342263102531433e-01
1.516216695308685303e-01
2.902493476867675781e-01
3.956337571144104004e-01
4.103328287601470947e-02
2.304932177066802979e-01
5.993033200502395630e-02
1.861406564712524414e-01
2.716361880302429199e-01
7.495205104351043701e-02
7.374531030654907227e-02
2.697245776653289795e-01
1.811670362949371338e-01
1.649398505687713623e-01
1.553278267383575439e-01
1.155623793601989746e-01
1.697680652141571045e-01
1.503349095582962036e-01
8.228492736816406250e-02
2.940757274627685547e-01
6.338399648666381836e-02
1.409707963466644287e-01
7.222221791744232178e-02
3.953137099742889404e-01
1.308249682188034058e-01
8.746708929538726807e-02
3.780470490455627441e-01
1.133682131767272949e-01
2.095598727464675903e-01
1.836028397083282471e-01
1.808484494686126709e-01
1.250107139348983765e-01
1.059685871005058289e-01
2.848736345767974854e-01
2.556381523609161377e-01
8.134823292493820190e-02
3.547326922416687012e-01
1.622905135154724121e-01
1.521624028682708740e-01
1.873166859149932861e-01
1.968372166156768799e-01
1.838955879211425781e-01
2.838540673255920410e-01
1.967708468437194824e-01
2.490080893039703369e-01
3.816329836845397949e-01
2.705523371696472168e-01
2.543951272964477539e-01
3.378290534019470215e-01
2.535867393016815186e-01
2.097718715667724609e-01
1.122345998883247375e-01
1.106240153312683105e-01
5.641117691993713379e-02
8.035487681627273560e-02
1.698584705591201782e-01
1.678922921419143677e-01
4.405959546566009521e-01
9.983161091804504395e-02
3.032971024513244629e-01
1.498326510190963745e-01
1.757981479167938232e-01
1.431162655353546143e-01
2.093627601861953735e-01
2.143200784921646118e-01
2.355834245681762695e-01
2.142830938100814819e-01
3.212544918060302734e-01
1.679010242223739624e-01
3.060253262519836426e-01
1.435686349868774414e-01
9.721064567565917969e-02
6.171098724007606506e-02
1.915673911571502686e-01
3.747282177209854126e-02
9.723526984453201294e-02
6.678906083106994629e-02
7.005656510591506958e-02
9.315305948257446289e-02
4.407902359962463379e-01
2.333176732063293457e-01
1.719367355108261108e-01
2.553370296955108643e-01
4.470746591687202454e-02
2.581085264682769775e-01
1.278793215751647949e-01
1.727521419525146484e-01
1.444937884807586670e-01
3.512939810752868652e-01
1.746054440736770630e-01
5.356763675808906555e-02
9.576024115085601807e-02
2.924643158912658691e-01
2.408664077520370483e-01
1.303737908601760864e-01
2.262178361415863037e-01
1.697572767734527588e-01
1.671408563852310181e-01
7.661440968513488770e-02
3.723824620246887207e-01
7.717309892177581787e-02
1.705024540424346924e-01
1.530765295028686523e-01
2.169800698757171631e-01
1.006460785865783691e-01
7.099273055791854858e-02
1.328749507665634155e-01
2.169446498155593872e-01
1.455433815717697144e-01
3.113083243370056152e-01
1.143100932240486145e-01
4.925634264945983887e-01
1.191741079092025757e-01
3.231233060359954834e-01
1.119725033640861511e-01
5.780937150120735168e-02
2.443883270025253296e-01
1.039321422576904297e-01
1.526595354080200195e-01
1.303674876689910889e-01
1.788052767515182495e-01
7.491675019264221191e-02
3.548950701951980591e-02
7.759054005146026611e-02
1.002273485064506531e-01
2.408937215805053711e-01
5.226722359657287598e-02
2.772898674011230469e-01
1.024842411279678345e-01
3.212135434150695801e-01
1.773391664028167725e-01
3.157410025596618652e-01
1.974330693483352661e-01
3.218671083450317383e-01
1.809734404087066650e-01
2.707091569900512695e-01
1.347588002681732178e-01
1.654962599277496338e-01
1.923052519559860229e-01
1.616488248109817505e-01
1.497749686241149902e-01
1.234000250697135925e-01
1.733072102069854736e-01
1.334223002195358276e-01
2.491328716278076172e-01
4.297181665897369385e-01
5.059569701552391052e-02
1.430929154157638550e-01
4.423859715461730957e-02
1.474523693323135376e-01
2.656666338443756104e-01
1.400345861911773682e-01
1.357117146253585815e-01
1.516232192516326904e-01
2.314869910478591919e-01
1.739311963319778442e-01
3.410741090774536133e-01
6.993243098258972168e-02
2.367424666881561279e-01
4.539138674736022949e-01
1.421608924865722656e-01
1.418996602296829224e-01
2.078647613525390625e-01
3.455252349376678467e-01
1.133396849036216736e-01
3.923461586236953735e-02
1.586416214704513550e-01
1.095944195985794067e-01
1.959020048379898071e-01
1.994632333517074585e-01
6.356446444988250732e-02
8.425696194171905518e-02
2.369146049022674561e-01
5.253284052014350891e-02
2.287369370460510254e-01
1.946664601564407349e-02
1.198198124766349792e-01
2.688957452774047852e-01
4.600478112697601318e-01
4.251535832881927490e-01
2.304369509220123291e-01
1.287878900766372681e-01
6.129185855388641357e-02
1.671714782714843750e-01
1.697076410055160522e-01
1.946586072444915771e-01
2.774048447608947754e-01
1.749489158391952515e-01
2.163000702857971191e-01
1.811139136552810669e-01
2.116302698850631714e-01
1.585276424884796143e-01
1.778832823038101196e-01
6.027669459581375122e-02
5.393105000257492065e-02
1.758831292390823364e-01
9.419853240251541138e-02
1.272189915180206299e-01
1.223355978727340698e-01
1.133834049105644226e-01
2.375377565622329712e-01
1.823364347219467163e-01
3.117933273315429688e-01
1.422475129365921021e-01
3.569275736808776855e-01
1.612290143966674805e-01
4.778547883033752441e-01
4.040176272392272949e-01
4.570142924785614014e-02
3.881273269653320312e-01
2.727863192558288574e-01
1.260101497173309326e-01
1.050944477319717407e-01
2.913742959499359131e-01
6.585719436407089233e-02
3.470636010169982910e-01
1.587273180484771729e-01
1.036360487341880798e-01
1.491802334785461426e-01
1.860596686601638794e-01
1.830257773399353027e-01
7.507629692554473877e-02
3.333815932273864746e-01
1.470872759819030762e-01
2.047496661543846130e-02
8.653210848569869995e-02
4.832667708396911621e-01
2.575212717056274414e-01
1.230171769857406616e-01
1.301883012056350708e-01
1.468336433172225952e-01
1.108742877840995789e-01
1.232983991503715515e-01
1.391346603631973267e-01
1.768214702606201172e-01
1.651317179203033447e-01
3.219467401504516602e-01
1.614018529653549194e-01
6.324646621942520142e-02
5.197129398584365845e-02
2.027152329683303833e-01
1.525216400623321533e-01
1.999272555112838745e-01
1.501475125551223755e-01
1.747480630874633789e-01
1.791354864835739136e-01
5.589294433593750000e-02
5.347989499568939209e-02
2.173582315444946289e-01
2.303656637668609619e-01
1.506823003292083740e-01
1.635226011276245117e-01
1.131791695952415466e-01
1.734748929738998413e-01
1.176543980836868286e-01
6.021837145090103149e-02
4.898836612701416016e-01
2.056439518928527832e-01
2.103619575500488281e-01
7.888121157884597778e-02
3.319826722145080566e-01
8.471895754337310791e-02
1.281704753637313843e-01
1.809338331222534180e-01
1.116241812705993652e-01
1.725522726774215698e-01
1.037808731198310852e-01
1.414822041988372803e-01
1.311463415622711182e-01
1.514909267425537109e-01
1.056890934705734253e-01
2.724757492542266846e-01
1.631761193275451660e-01
3.175099492073059082e-01
6.146905198693275452e-02
1.852421611547470093e-01
1.787454187870025635e-01
1.609509885311126709e-01
4.145179092884063721e-01
2.250692695379257202e-01
2.397516369819641113e-01
6.340458244085311890e-02
8.672047406435012817e-02
2.781713306903839111e-01
2.399790287017822266e-01
1.810185313224792480e-01
1.888800412416458130e-01
2.057950198650360107e-01
4.230000972747802734e-01
2.416469603776931763e-01
1.415477991104125977e-01
1.308372914791107178e-01
1.313759088516235352e-01
1.819007098674774170e-01
3.265197575092315674e-01
2.771007716655731201e-01
9.985051304101943970e-02
2.875779867172241211e-01
1.377330124378204346e-01
1.785637140274047852e-01
7.812713831663131714e-02
2.035844326019287109e-01
2.127701640129089355e-01
1.857659518718719482e-01
1.155937314033508301e-01
3.357878625392913818e-01
1.536957919597625732e-01
1.898651123046875000e-01
1.058033332228660583e-01
2.477529644966125488e-01
1.251171529293060303e-01
1.661337018013000488e-01
2.859437465667724609e-01
7.765899598598480225e-02
1.493148654699325562e-01
1.281439512968063354e-01
1.410340666770935059e-01
2.206825315952301025e-01
8.573772013187408447e-02
1.944586075842380524e-02
2.584577798843383789e-01
3.213505744934082031e-01
2.653208374977111816e-01
2.566368132829666138e-02
1.514860391616821289e-01
2.086609899997711182e-01
2.457304149866104126e-01
1.084034144878387451e-01
1.234871149063110352e-01
1.916943490505218506e-01
1.474162489175796509e-01
2.980795502662658691e-01
2.955107390880584717e-01
4.051213711500167847e-02
1.685975193977355957e-01
2.551653385162353516e-01
2.830298542976379395e-01
9.751298278570175171e-02
7.589991390705108643e-02
3.761622905731201172e-01
2.247584611177444458e-01
2.263943701982498169e-01
1.697560995817184448e-01
1.149003058671951294e-01
2.800930738449096680e-01
5.122826993465423584e-02
4.401525110006332397e-02
6.329107284545898438e-02
2.376901656389236450e-01
1.625515520572662354e-01
2.814461588859558105e-01
1.325067430734634399e-01
1.920830309391021729e-01
1.837574839591979980e-01
2.639952301979064941e-01
3.296158611774444580e-01
6.601788103580474854e-02
1.598025262355804443e-01
3.037103712558746338e-01
1.675958931446075439e-01
1.465288698673248291e-01
3.329128026962280273e-01
1.235225200653076172e-01
8.709516376256942749e-02
6.763997673988342285e-02
1.629482060670852661e-01
2.294799983501434326e-01
2.213571667671203613e-01
7.794261723756790161e-02
1.877832710742950439e-01
2.584674358367919922e-01
2.204993069171905518e-01
1.876856982707977295e-01
1.975361853837966919e-01
8.828514814376831055e-02
4.850623905658721924e-01
1.200408935546875000e-01
7.156326621770858765e-02
2.517901062965393066e-01
2.479011714458465576e-01
1.763841509819030762e-01
1.899269223213195801e-01
4.076391458511352539e-02
3.382010459899902344e-01
1.815064251422882080e-01
1.144455149769783020e-01
7.649599015712738037e-02
2.797350287437438965e-01
1.206281781196594238e-01
2.370636314153671265e-01
2.669125795364379883e-01
1.378629505634307861e-01
1.730915755033493042e-01
1.512031555175781250e-01
7.733710855245590210e-02
1.204480826854705811e-01
6.215581670403480530e-02
1.282719969749450684e-01
1.823257803916931152e-01
3.065261542797088623e-01
1.633921563625335693e-01
4.163198471069335938e-01
4.500380158424377441e-01
3.818096816539764404e-01
1.517344862222671509e-01
2.612486183643341064e-01
2.096903920173645020e-01
2.779865562915802002e-01
8.000915497541427612e-02
1.177539080381393433e-01
2.447048127651214600e-01
2.660829126834869385e-01
2.198689579963684082e-01
3.108304738998413086e-01
3.080111443996429443e-01
1.798138618469238281e-01
1.632904410362243652e-01
8.179019391536712646e-02
1.362420320510864258e-01
2.572936415672302246e-01
2.887710332870483398e-01
1.738946288824081421e-01
1.813374906778335571e-01
3.272010684013366699e-01
8.234217762947082520e-02
2.454485744237899780e-01
2.230460941791534424e-01
3.854708075523376465e-01
2.215767800807952881e-01
2.603702545166015625e-01
1.680601090192794800e-01
2.467264793813228607e-02
4.260896146297454834e-02
3.550754487514495850e-01
2.469494044780731201e-01
4.418265521526336670e-01
9.086392819881439209e-02
1.545160412788391113e-01
3.042654097080230713e-01
2.545596659183502197e-01
7.987690716981887817e-02
1.609714180231094360e-01
2.132420390844345093e-01
2.587934732437133789e-01
4.637736082077026367e-02
6.254512816667556763e-02
1.402600556612014771e-01
1.107263863086700439e-01
1.150737702846527100e-01
1.473182141780853271e-01
3.215944468975067139e-01
8.101604133844375610e-02
1.661384403705596924e-01
2.524065375328063965e-01
1.945223510265350342e-01
3.042778074741363525e-01
1.575124561786651611e-01
8.089074492454528809e-02
1.048745363950729370e-01
1.671999096870422363e-01
4.485242813825607300e-02
3.125594258308410645e-01
3.278625309467315674e-01
1.240194067358970642e-01
2.881414294242858887e-01
5.516496300697326660e-02
8.791281282901763916e-02
6.054466962814331055e-02
2.881259024143218994e-01
1.909984499216079712e-01
1.974268257617950439e-01
1.903198063373565674e-01
2.920841872692108154e-01
7.146513462066650391e-02
1.813308298587799072e-01
2.300805151462554932e-01
5.388021841645240784e-02
7.430584728717803955e-02
3.571238815784454346e-01
1.556026488542556763e-01
1.091313958168029785e-01
4.446561634540557861e-02
3.696051537990570068e-01
3.070067465305328369e-01
1.183860599994659424e-01
3.013089299201965332e-01
1.487892121076583862e-01
1.170735061168670654e-01
2.165355086326599121e-01
4.323172867298126221e-01
1.570246517658233643e-01
1.704291701316833496e-01
1.207187771797180176e-01
1.900894045829772949e-01
1.202526316046714783e-01
4.559540748596191406e-02
1.756852865219116211e-01
2.664308547973632812e-01
1.657554507255554199e-01
1.340302973985671997e-01
2.432070076465606689e-01
1.575218737125396729e-01
1.597369313240051270e-01
1.455417275428771973e-01
7.827723026275634766e-02
5.165164172649383545e-02
4.243266582489013672e-01
1.160556375980377197e-01
7.088969647884368896e-02
5.029745101928710938e-01
1.458890736103057861e-01
2.063360065221786499e-01
3.282783031463623047e-01
2.633894681930541992e-01
2.583124339580535889e-01
1.216482892632484436e-01
1.689967513084411621e-01
2.782476842403411865e-01
3.067542016506195068e-01
2.530008256435394287e-01
2.343302667140960693e-01
3.973952531814575195e-01
4.074834883213043213e-01
2.706482708454132080e-01
2.409767210483551025e-01
4.088163375854492188e-01
1.780574023723602295e-01
1.938597708940505981e-01
1.757692992687225342e-01
2.831932604312896729e-01
1.822042763233184814e-01
3.282712697982788086e-01
2.502816915512084961e-01
2.296449542045593262e-01
2.282911837100982666e-01
1.868044137954711914e-01
1.388894021511077881e-01
2.085856944322586060e-01
1.884001791477203369e-01
1.471108198165893555e-01
1.388048529624938965e-01
3.069860935211181641e-01
2.901584804058074951e-01
2.289976030588150024e-01
2.812660038471221924e-01
9.853896498680114746e-02
2.069073915481567383e-01
1.465056240558624268e-01
2.665530443191528320e-01
6.897001713514328003e-02
1.026358678936958313e-01
1.883890628814697266e-01
1.134168282151222229e-01
1.909053921699523926e-01
7.344402372837066650e-02
2.167564928531646729e-01
1.198458001017570496e-01
2.629083096981048584e-01
1.735956370830535889e-01
6.637790054082870483e-02
3.027254045009613037e-01
2.788926362991333008e-01
1.910763084888458252e-01
1.641005277633666992e-01
7.206716388463973999e-02
3.460404276847839355e-01
1.623709499835968018e-01
4.260788857936859131e-01
4.945845603942871094e-01
2.168297469615936279e-01
1.642101556062698364e-01
1.456359773874282837e-01
1.708464324474334717e-01
4.422612190246582031e-01
1.172790527343750000e-01
1.477437466382980347e-01
2.552150785923004150e-01
1.237141266465187073e-01
8.579735457897186279e-02
1.273523271083831787e-01
2.285726964473724365e-01
1.374151110649108887e-01
1.407184451818466187e-01
9.167874604463577271e-02
4.368971288204193115e-02
2.271347045898437500e-01
3.534254729747772217e-01
1.073728576302528381e-01
3.749800473451614380e-02
2.559859752655029297e-01
2.148772627115249634e-01
3.106257021427154541e-01
1.372222304344177246e-01
8.961346745491027832e-02
1.652147471904754639e-01
1.600155830383300781e-01
5.647698044776916504e-02
9.258127212524414062e-02
3.631490468978881836e-01
1.280352473258972168e-01
2.262634336948394775e-01
1.188592016696929932e-01
4.297243952751159668e-01
2.491416931152343750e-01
1.016662418842315674e-01
1.168621554970741272e-01
8.942671120166778564e-02
4.118204861879348755e-02
1.152170002460479736e-01
1.748719811439514160e-01
2.821466028690338135e-01
1.933719664812088013e-01
2.252046763896942139e-01
7.275539636611938477e-02
1.330811083316802979e-01
5.501383543014526367e-02
1.408708393573760986e-01
1.729309558868408203e-01
2.172077596187591553e-01
1.889800578355789185e-01
2.979183197021484375e-01
1.282686144113540649e-01
1.711267530918121338e-01
