3.500721976161003113e-02
8.493874967098236084e-02
2.237408161163330078e-01
2.417652606964111328e-01
3.591652810573577881e-01
2.454440146684646606e-01
1.346613019704818726e-01
1.520830988883972168e-01
6.050772219896316528e-02
2.579820752143859863e-01
6.380534172058105469e-02
1.377740204334259033e-01
3.573170304298400879e-02
2.296285033226013184e-01
1.436760425567626953e-01
1.577957421541213989e-01
2.771580219268798828e-01
5.503892898559570312e-01
9.186959266662597656e-02
1.266301274299621582e-01
2.077690064907073975e-01
2.812329530715942383e-01
2.954031825065612793e-01
8.824707567691802979e-02
5.362974405288696289e-01
1.515008807182312012e-01
3.736570477485656738e-01
2.443008273839950562e-01
8.724401891231536865e-02
1.055920571088790894e-01
1.734194457530975342e-01
2.973944246768951416e-01
1.893965750932693481e-01
3.230465650558471680e-01
1.320086270570755005e-01
9.506067633628845215e-02
3.294796943664550781e-01
2.248340249061584473e-01
9.239774942398071289e-02
4.685008525848388672e-02
1.829757094383239746e-01
1.281715035438537598e-01
4.459733963012695312e-01
1.446531862020492554e-01
1.215424984693527222e-01
2.628151476383209229e-01
1.320433616638183594e-01
9.779378771781921387e-02
6.427612900733947754e-02
8.867306262254714966e-02
1.391041874885559082e-01
1.901269704103469849e-01
4.449168741703033447e-01
2.697001099586486816e-01
1.525039225816726685e-01
8.532736450433731079e-02
1.395949125289916992e-01
1.529736518859863281e-01
2.007124722003936768e-01
5.442906916141510010e-02
1.422221660614013672e-01
9.451177716255187988e-02
7.905381917953491211e-02
5.379161238670349121e-02
2.151500731706619263e-01
4.245896637439727783e-01
1.580287069082260132e-01
5.158149078488349915e-02
2.627040147781372070e-01
1.330064386129379272e-01
5.745408311486244202e-02
2.297939211130142212e-01
1.154381632804870605e-01
1.320711076259613037e-01
2.091127783060073853e-01
2.012872248888015747e-01
8.033461868762969971e-02
1.569846868515014648e-01
3.672442138195037842e-01
1.152901351451873779e-01
4.817932844161987305e-02
7.201965153217315674e-02
3.589914441108703613e-01
2.016559392213821411e-01
2.419299930334091187e-01
1.065983772277832031e-01
2.358989417552947998e-01
1.345793604850769043e-01
1.730826646089553833e-01
3.440594673156738281e-02
2.191497683525085449e-01
9.256450831890106201e-02
4.484698176383972168e-01
1.305901855230331421e-01
1.491742134094238281e-01
2.696704268455505371e-01
1.380421519279479980e-01
1.445206403732299805e-01
1.009937152266502380e-01
1.044900864362716675e-01
2.110057324171066284e-01
9.548385441303253174e-02
8.121763169765472412e-02
1.076521128416061401e-01
3.861491084098815918e-01
1.382783353328704834e-01
1.070830821990966797e-01
1.270630210638046265e-01
1.710088700056076050e-01
1.373212933540344238e-01
1.106415987014770508e-01
5.650669336318969727e-02
2.630187869071960449e-01
1.695592701435089111e-01
4.657360911369323730e-02
2.258314490318298340e-01
2.121074795722961426e-01
4.354837834835052490e-01
1.165219023823738098e-01
1.096997931599617004e-01
1.907777488231658936e-01
4.472269117832183838e-01
2.878478765487670898e-01
1.490965485572814941e-01
9.251315891742706299e-02
1.369929313659667969e-01
1.707593202590942383e-01
1.553752869367599487e-01
9.052048623561859131e-02
1.143662855029106140e-01
2.327185720205307007e-01
3.305912762880325317e-02
3.489919900894165039e-01
2.485304474830627441e-01
5.682711303234100342e-02
6.273115426301956177e-02
9.683824330568313599e-02
6.507507711648941040e-02
2.929448485374450684e-01
9.895791858434677124e-02
1.064468547701835632e-01
7.358050346374511719e-02
7.687839865684509277e-02
9.168070554733276367e-02
3.330096602439880371e-01
1.596600115299224854e-01
1.166023612022399902e-01
2.165256440639495850e-01
5.350899323821067810e-02
2.418775111436843872e-01
9.705017507076263428e-02
2.911466956138610840e-01
5.256009474396705627e-02
1.133274286985397339e-01
2.207738161087036133e-01
3.553357720375061035e-01
4.987587779760360718e-02
1.280731558799743652e-01
2.715177237987518311e-01
1.138188838958740234e-01
3.057920038700103760e-01
1.808801144361495972e-01
4.568352177739143372e-02
1.984925121068954468e-01
2.623762488365173340e-01
2.039719671010971069e-01
3.535613045096397400e-02
4.494372010231018066e-01
2.146277725696563721e-01
1.410463303327560425e-01
4.543587192893028259e-02
2.029753327369689941e-01
2.606074213981628418e-01
5.775798112154006958e-02
1.449086368083953857e-01
1.968430876731872559e-01
1.266746073961257935e-01
2.052988708019256592e-01
1.180470660328865051e-01
3.209158405661582947e-02
2.147058546543121338e-01
2.434159666299819946e-01
3.027603328227996826e-01
9.781908988952636719e-02
1.674375236034393311e-01
1.665740013122558594e-01
4.727292805910110474e-02
4.643783345818519592e-02
1.944525241851806641e-01
1.671530753374099731e-01
3.141609206795692444e-02
1.891566962003707886e-01
1.319969445466995239e-01
2.644086480140686035e-01
5.417433008551597595e-02
2.521360516548156738e-01
2.720432877540588379e-01
1.401208937168121338e-01
2.263510078191757202e-01
1.324604451656341553e-01
1.482737511396408081e-01
8.188980817794799805e-02
2.425256073474884033e-01
9.402458369731903076e-02
1.079700738191604614e-01
9.007401019334793091e-02
4.885378181934356689e-01
2.139267623424530029e-01
1.071946397423744202e-01
1.210094839334487915e-01
2.286873906850814819e-01
3.000946938991546631e-01
1.596132218837738037e-01
1.400611549615859985e-01
1.707015484571456909e-01
3.553671836853027344e-01
1.459052860736846924e-01
1.942964792251586914e-01
1.478223204612731934e-01
7.125690579414367676e-02
3.115527033805847168e-01
2.123379409313201904e-01
2.401512265205383301e-01
1.351106017827987671e-01
1.136775016784667969e-01
1.094442754983901978e-01
2.808714210987091064e-01
1.192970946431159973e-01
3.204883933067321777e-01
1.473670005798339844e-01
2.264847904443740845e-01
1.932605504989624023e-01
1.725756376981735229e-01
2.923808991909027100e-01
2.511155307292938232e-01
1.672176122665405273e-01
2.243489623069763184e-01
2.589547038078308105e-01
8.607502281665802002e-02
6.716746091842651367e-02
1.161583513021469116e-01
1.806618571281433105e-01
2.267478555440902710e-01
1.033688858151435852e-01
5.301953107118606567e-02
3.805125057697296143e-01
2.927753329277038574e-01
1.313029527664184570e-01
1.724511384963989258e-01
9.368388354778289795e-02
4.612755775451660156e-02
2.630287408828735352e-01
2.568428218364715576e-02
2.077717781066894531e-01
2.765788435935974121e-01
1.391175091266632080e-01
9.715832024812698364e-02
8.412739634513854980e-02
1.954567134380340576e-01
2.625659704208374023e-01
3.210017383098602295e-01
9.972032159566879272e-02
3.645936846733093262e-01
2.757574319839477539e-01
8.951972424983978271e-02
8.141050487756729126e-02
2.389372885227203369e-01
3.605160117149353027e-01
3.960764706134796143e-01
2.644662261009216309e-01
1.049492284655570984e-01
9.309177100658416748e-02
1.191970109939575195e-01
8.992949128150939941e-02
1.388130187988281250e-01
8.449976146221160889e-02
1.769866198301315308e-01
3.075156211853027344e-01
1.122934371232986450e-01
2.340746521949768066e-01
2.340011596679687500e-01
3.866111636161804199e-01
1.331040561199188232e-01
1.484951078891754150e-01
2.526420950889587402e-01
1.418855637311935425e-01
1.456655263900756836e-01
1.951408237218856812e-01
1.930634826421737671e-01
1.100497096776962280e-01
1.086654514074325562e-01
2.432124614715576172e-01
6.688638031482696533e-02
2.789667844772338867e-01
1.653778702020645142e-01
2.293910682201385498e-01
2.023520469665527344e-01
1.987875401973724365e-01
1.298606693744659424e-01
2.660970687866210938e-01
1.157919093966484070e-01
1.785096526145935059e-01
7.447925955057144165e-02
1.974069029092788696e-01
8.266720175743103027e-02
2.915580570697784424e-01
1.964102983474731445e-01
2.290286272764205933e-01
2.415634244680404663e-01
3.401862382888793945e-01
9.293007105588912964e-02
1.987264156341552734e-01
1.405465304851531982e-01
9.598559886217117310e-02
9.458506107330322266e-02
9.118801355361938477e-02
1.344522237777709961e-01
2.902759313583374023e-01
1.604108810424804688e-01
3.000703454017639160e-01
2.961654663085937500e-01
7.011242210865020752e-02
1.491298377513885498e-01
2.534396946430206299e-01
1.917189210653305054e-01
1.258279532194137573e-01
1.358980685472488403e-01
1.269034594297409058e-01
2.082513868808746338e-01
6.905812025070190430e-02
2.002187669277191162e-01
1.437045186758041382e-01
9.434406459331512451e-02
1.587217450141906738e-01
3.146611452102661133e-01
1.191688030958175659e-01
1.414143592119216919e-01
3.901875019073486328e-01
1.867244541645050049e-01
7.567127048969268799e-02
3.672701492905616760e-02
4.624880105257034302e-02
2.947824001312255859e-01
2.583349347114562988e-01
3.344875276088714600e-01
3.574211895465850830e-01
1.646260470151901245e-01
1.197075545787811279e-01
1.841648668050765991e-01
2.447548657655715942e-01
2.162737250328063965e-01
5.273352861404418945e-01
1.052704825997352600e-01
1.384327858686447144e-01
3.252312541007995605e-01
9.840353578329086304e-02
1.972129195928573608e-01
1.559208184480667114e-01
4.041963517665863037e-01
7.562546432018280029e-02
6.976574659347534180e-02
1.436571925878524780e-01
1.445618420839309692e-01
5.109692364931106567e-02
2.680218219757080078e-01
5.719941854476928711e-02
2.203688174486160278e-01
1.545905470848083496e-01
2.564284801483154297e-01
8.715423941612243652e-02
1.847681403160095215e-01
4.523787647485733032e-02
1.123908609151840210e-01
1.239069104194641113e-01
2.031597793102264404e-01
2.689173221588134766e-01
1.874803751707077026e-01
1.304093301296234131e-01
2.929804921150207520e-01
6.223144754767417908e-02
1.592776179313659668e-01
3.058826923370361328e-01
1.600954830646514893e-01
1.004864424467086792e-01
1.411449313163757324e-01
1.788018345832824707e-01
4.247977435588836670e-01
4.544743001461029053e-01
1.733981370925903320e-01
6.014424562454223633e-02
4.514895081520080566e-01
1.906162798404693604e-01
2.794365584850311279e-01
1.954930275678634644e-01
1.112613081932067871e-01
3.479662537574768066e-01
3.501724451780319214e-02
5.325616896152496338e-02
2.087439447641372681e-01
3.111959993839263916e-01
3.195629417896270752e-01
2.190731018781661987e-01
4.786730185151100159e-02
8.006706833839416504e-02
8.786342293024063110e-02
2.392913997173309326e-01
1.626089960336685181e-01
1.132634729146957397e-01
2.045977413654327393e-01
2.564683258533477783e-01
1.524372547864913940e-01
4.760401695966720581e-02
1.753224432468414307e-01
2.525148391723632812e-01
1.159722954034805298e-01
1.234365701675415039e-01
5.477951839566230774e-02
6.395000964403152466e-02
4.609832167625427246e-02
7.547880709171295166e-02
1.500927209854125977e-01
1.488167196512222290e-01
1.613826453685760498e-01
4.304276108741760254e-01
4.650088027119636536e-02
1.605757623910903931e-01
1.580426394939422607e-01
1.922330260276794434e-01
7.559270411729812622e-02
1.585973203182220459e-01
9.516356885433197021e-02
1.167062222957611084e-01
1.929640918970108032e-01
1.968456804752349854e-01
2.504493594169616699e-01
1.054504513740539551e-01
1.039488837122917175e-01
1.148629263043403625e-01
1.238448265939950943e-02
4.914606213569641113e-01
3.142119050025939941e-01
4.730574786663055420e-02
1.179029718041419983e-01
1.463706344366073608e-01
1.885733008384704590e-01
1.379429399967193604e-01
5.828421115875244141e-01
9.274397790431976318e-02
1.368405669927597046e-01
2.156373858451843262e-01
6.257914751768112183e-02
4.207421243190765381e-01
2.626712024211883545e-01
8.254985511302947998e-02
2.372944355010986328e-01
2.293837666511535645e-01
2.514822483062744141e-01
1.192496418952941895e-01
4.169362187385559082e-01
5.950322374701499939e-02
3.171980082988739014e-01
2.512585520744323730e-01
2.047646045684814453e-01
1.245360597968101501e-01
3.755396306514739990e-01
3.679670691490173340e-01
1.564204096794128418e-01
1.681982874870300293e-01
3.026847839355468750e-01
5.766235589981079102e-01
6.122622638940811157e-02
4.818551242351531982e-02
2.449378222227096558e-01
1.232088357210159302e-01
1.344339251518249512e-01
1.372510641813278198e-01
4.000019729137420654e-01
2.151825577020645142e-01
1.088116317987442017e-01
4.167260527610778809e-01
2.307701706886291504e-01
2.436203062534332275e-01
1.265577226877212524e-01
2.071957290172576904e-01
1.247068569064140320e-01
1.913070976734161377e-01
1.643964052200317383e-01
3.007788062095642090e-01
1.879142522811889648e-01
1.096820011734962463e-01
1.354401409626007080e-01
6.604911386966705322e-02
2.759546041488647461e-01
5.896127969026565552e-02
1.448083370923995972e-01
4.184691309928894043e-01
3.328004181385040283e-01
3.177083730697631836e-01
2.093722075223922729e-01
2.999189496040344238e-01
2.916108369827270508e-01
1.549390107393264771e-01
1.301674693822860718e-01
1.474964916706085205e-01
8.262595534324645996e-02
2.392809838056564331e-01
3.577552735805511475e-01
2.195761203765869141e-01
1.740044951438903809e-01
8.586785942316055298e-02
1.418741494417190552e-01
2.795562148094177246e-01
1.765393614768981934e-01
2.551606595516204834e-01
2.071244567632675171e-01
3.640176057815551758e-01
3.617244958877563477e-01
1.746817082166671753e-01
1.275786012411117554e-01
5.378628373146057129e-01
1.439856141805648804e-01
2.200572937726974487e-01
1.979946941137313843e-01
9.433270245790481567e-02
2.645190060138702393e-01
1.305130422115325928e-01
3.519456088542938232e-01
8.972918242216110229e-02
6.506023555994033813e-02
1.280577331781387329e-01
1.006647869944572449e-01
2.790332436561584473e-01
5.366300046443939209e-02
1.594586521387100220e-01
8.442215621471405029e-02
4.337703809142112732e-02
9.290277957916259766e-02
2.784439325332641602e-01
1.991467028856277466e-01
2.283783853054046631e-01
5.776612833142280579e-02
7.304451614618301392e-02
1.405638009309768677e-01
1.904886215925216675e-01
5.788274481892585754e-02
5.598930269479751587e-02
1.110116243362426758e-01
4.505187273025512695e-01
2.551309168338775635e-01
1.187390908598899841e-01
7.621075212955474854e-02
7.428628206253051758e-02
7.872343063354492188e-02
3.624310493469238281e-01
5.964921414852142334e-02
2.985382378101348877e-01
1.220919638872146606e-01
1.314321309328079224e-01
1.052358672022819519e-01
1.062924563884735107e-01
1.571396887302398682e-01
2.481389939785003662e-01
1.112191453576087952e-01
2.100985050201416016e-01
1.705153286457061768e-01
1.725459694862365723e-01
3.653215467929840088e-01
1.798012256622314453e-01
1.510582864284515381e-01
1.286445558071136475e-01
2.827915549278259277e-01
1.015564650297164917e-01
1.009391769766807556e-01
1.815676391124725342e-01
3.377179801464080811e-01
1.551359295845031738e-01
1.472754478454589844e-01
1.500522792339324951e-01
3.929894864559173584e-01
2.670028209686279297e-01
1.716860234737396240e-01
3.909662961959838867e-01
3.448990583419799805e-01
4.983750730752944946e-02
1.500233560800552368e-01
1.225715205073356628e-01
1.629944741725921631e-01
2.229869365692138672e-01
1.869648098945617676e-01
1.386105716228485107e-01
2.420635521411895752e-01
8.003851771354675293e-02
2.016884088516235352e-01
9.085586667060852051e-02
8.519279211759567261e-02
4.030521810054779053e-01
2.115678787231445312e-01
3.729513287544250488e-01
1.503411233425140381e-01
1.689797043800354004e-01
5.715292319655418396e-02
1.548433303833007812e-01
1.854762732982635498e-01
8.509311825037002563e-02
5.681768059730529785e-02
1.189232692122459412e-01
1.415747404098510742e-01
1.771361380815505981e-01
2.565081417560577393e-01
1.978148818016052246e-01
3.351761773228645325e-02
1.140782833099365234e-01
1.149549186229705811e-01
1.296027153730392456e-01
3.321116268634796143e-01
2.317350804805755615e-01
1.392558217048645020e-01
7.311888039112091064e-02
2.952693700790405273e-01
1.001021265983581543e-01
1.277539730072021484e-01
1.543352454900741577e-01
2.776068747043609619e-01
2.771112918853759766e-01
1.629520803689956665e-01
2.941472530364990234e-01
2.068374454975128174e-01
9.464738517999649048e-02
1.280277371406555176e-01
1.048748493194580078e-01
2.543025016784667969e-01
2.434111833572387695e-01
1.010573208332061768e-01
1.460806727409362793e-01
1.133847162127494812e-01
2.776074707508087158e-01
1.230085566639900208e-01
1.040190085768699646e-01
1.449579298496246338e-01
4.442065209150314331e-02
1.237547695636749268e-01
8.710191398859024048e-02
2.222784757614135742e-01
8.564699441194534302e-02
1.502363085746765137e-01
1.877420693635940552e-01
1.529868692159652710e-01
1.568038463592529297e-01
2.561165392398834229e-01
2.416055947542190552e-01
1.623953878879547119e-01
1.730963736772537231e-01
1.528598517179489136e-01
2.882431149482727051e-01
2.794947624206542969e-01
2.024774849414825439e-01
1.783714890480041504e-01
4.430636167526245117e-01
2.847695350646972656e-01
2.792678475379943848e-01
2.585097849369049072e-01
2.439812868833541870e-01
1.386044323444366455e-01
2.368840426206588745e-01
8.737584948539733887e-02
1.070402264595031738e-01
2.411170303821563721e-01
3.275974988937377930e-01
2.506743967533111572e-01
3.127422034740447998e-01
1.574065536260604858e-01
1.095990687608718872e-01
2.645166814327239990e-01
1.744664609432220459e-01
1.783409714698791504e-01
2.590974271297454834e-01
2.914527058601379395e-01
3.304416537284851074e-01
4.537382721900939941e-02
2.568239271640777588e-01
1.842473149299621582e-01
4.625810682773590088e-02
3.283311426639556885e-01
3.006514310836791992e-01
4.337172210216522217e-02
4.456778168678283691e-01
6.696937978267669678e-02
3.423588275909423828e-01
3.160738945007324219e-01
1.880037784576416016e-01
1.626009494066238403e-01
1.936715841293334961e-01
7.129703462123870850e-02
3.843016028404235840e-01
7.240377366542816162e-02
2.878800332546234131e-01
1.652748584747314453e-01
2.389595508575439453e-01
2.231146544218063354e-01
1.404432058334350586e-01
2.378047704696655273e-01
7.724016904830932617e-02
1.654321700334548950e-01
4.456020891666412354e-02
1.182714104652404785e-01
2.291149497032165527e-01
2.274512350559234619e-01
9.159749746322631836e-02
3.353607952594757080e-01
2.625002861022949219e-01
4.572789072990417480e-01
1.913596838712692261e-01
3.557600378990173340e-01
2.071931660175323486e-01
2.058112323284149170e-01
1.917967051267623901e-01
3.283079266548156738e-01
2.493586093187332153e-01
1.155515909194946289e-01
2.167413532733917236e-01
2.120886445045471191e-01
2.623669505119323730e-01
2.649232149124145508e-01
9.616014361381530762e-02
9.566293656826019287e-02
1.901791691780090332e-01
9.287609159946441650e-02
1.407820284366607666e-01
1.160669028759002686e-01
3.124937415122985840e-02
2.433806657791137695e-01
3.667407482862472534e-02
3.390014767646789551e-01
7.407861948013305664e-02
1.773887425661087036e-01
8.312936127185821533e-02
1.376523077487945557e-01
1.844004988670349121e-01
1.502109169960021973e-01
1.305885314941406250e-01
2.411465942859649658e-01
3.107191622257232666e-01
9.449569135904312134e-02
1.558259874582290649e-01
1.240080147981643677e-01
9.122040867805480957e-02
3.254335224628448486e-01
1.071937903761863708e-01
2.910621762275695801e-01
3.314994871616363525e-01
1.685361862182617188e-01
1.393416076898574829e-01
7.789043337106704712e-02
7.881466299295425415e-02
1.769970655441284180e-01
1.723192483186721802e-01
2.319837659597396851e-01
4.549027606844902039e-02
3.690935298800468445e-02
8.621691912412643433e-02
1.479749381542205811e-01
4.009110853075981140e-02
1.170347929000854492e-01
9.691637009382247925e-02
8.116769045591354370e-02
5.774741619825363159e-02
2.872759103775024414e-01
1.457545608282089233e-01
2.902866601943969727e-01
2.174493819475173950e-01
4.000923931598663330e-01
3.307860791683197021e-01
1.765863895416259766e-01
3.367440104484558105e-01
1.066203117370605469e-01
1.062617003917694092e-01
5.874404311180114746e-02
9.322108328342437744e-02
3.910313844680786133e-01
1.060122922062873840e-01
1.767754554748535156e-01
1.920821368694305420e-01
1.005933433771133423e-01
8.183820545673370361e-02
1.698062717914581299e-01
2.306484282016754150e-01
1.549938321113586426e-01
1.365010887384414673e-01
9.243951737880706787e-02
2.019302397966384888e-01
9.773255884647369385e-02
1.744268983602523804e-01
9.240150451660156250e-02
2.250991761684417725e-01
2.901293635368347168e-01
6.479132920503616333e-02
1.570607125759124756e-01
9.618882089853286743e-02
6.441171467304229736e-02
6.380171775817871094e-01
2.230721898376941681e-02
3.902362883090972900e-01
2.375361919403076172e-01
2.936756908893585205e-01
9.369893372058868408e-02
2.114712148904800415e-01
2.259282320737838745e-01
1.016146242618560791e-01
2.695166468620300293e-01
2.341499775648117065e-01
1.761993020772933960e-01
1.336244344711303711e-01
4.813675582408905029e-02
6.838721781969070435e-02
4.945886135101318359e-02
1.043204292654991150e-01
2.639740407466888428e-01
3.916291594505310059e-01
1.330455839633941650e-01
1.381781250238418579e-01
2.414340078830718994e-01
3.124789595603942871e-01
1.595149636268615723e-01
7.685852050781250000e-02
4.441712796688079834e-02
9.789936244487762451e-02
7.573664188385009766e-02
4.704057425260543823e-02
1.515786945819854736e-01
1.302542984485626221e-01
1.155789494514465332e-01
1.094582304358482361e-01
3.772640973329544067e-02
5.907149612903594971e-02
2.912229597568511963e-01
1.966345608234405518e-01
2.212047427892684937e-01
1.777034997940063477e-01
2.170760482549667358e-01
1.456756144762039185e-01
7.816963642835617065e-02
1.547037661075592041e-01
1.127726808190345764e-01
2.707079946994781494e-01
1.832994371652603149e-01
2.043530941009521484e-01
2.326370626688003540e-01
1.465459167957305908e-01
2.175175249576568604e-01
2.474347651004791260e-01
8.952313661575317383e-02
8.228899538516998291e-02
1.582280099391937256e-01
2.196602523326873779e-01
3.671161830425262451e-01
1.971906423568725586e-01
3.166915848851203918e-02
6.075847521424293518e-02
2.401953190565109253e-01
5.282362923026084900e-02
1.440543234348297119e-01
2.093104720115661621e-01
7.525654882192611694e-02
1.493495404720306396e-01
2.473859041929244995e-01
9.860011190176010132e-02
1.758024543523788452e-01
7.752291858196258545e-02
2.722294628620147705e-01
1.965056359767913818e-01
2.219536155462265015e-01
2.651764154434204102e-01
1.089706942439079285e-01
2.949072122573852539e-01
6.511682271957397461e-02
9.236910194158554077e-02
3.786238431930541992e-01
1.643794178962707520e-01
6.816935539245605469e-02
2.770399153232574463e-01
1.527956128120422363e-01
2.537535727024078369e-01
1.050775945186614990e-01
1.961774230003356934e-01
2.770031690597534180e-01
2.896390259265899658e-01
1.409877091646194458e-01
2.708709836006164551e-01
3.813787102699279785e-01
4.189621210098266602e-01
1.269492059946060181e-01
2.062153518199920654e-01
2.988229393959045410e-01
1.344049572944641113e-01
2.356905937194824219e-01
7.423025369644165039e-02
1.602919846773147583e-01
9.689348936080932617e-02
4.857830107212066650e-01
1.475757062435150146e-01
1.554000675678253174e-01
1.701321750879287720e-01
5.283837392926216125e-02
1.083493977785110474e-01
3.741005957126617432e-01
4.132140427827835083e-02
1.182256042957305908e-01
5.253770202398300171e-02
2.544161677360534668e-01
1.490264385938644409e-01
2.597652673721313477e-01
6.680522114038467407e-02
1.780782341957092285e-01
6.898647546768188477e-02
1.667811274528503418e-01
4.243435263633728027e-01
1.776425689458847046e-01
1.122457012534141541e-01
2.615190744400024414e-01
8.861906081438064575e-02
2.555797398090362549e-01
2.241538465023040771e-01
2.099361866712570190e-01
4.090837389230728149e-02
2.576146423816680908e-01
2.287904322147369385e-01
2.130539417266845703e-01
1.713760495185852051e-01
1.480107009410858154e-01
1.732627451419830322e-01
5.996003001928329468e-02
2.318058311939239502e-01
1.968252658843994141e-01
1.512109041213989258e-01
2.435731887817382812e-01
2.636571228504180908e-01
2.585315406322479248e-01
2.590329647064208984e-01
1.156165748834609985e-01
4.760187268257141113e-01
2.506563365459442139e-01
8.509411662817001343e-02
1.363667845726013184e-01
2.181937545537948608e-01
1.130264252424240112e-01
5.779314786195755005e-02
2.667961716651916504e-01
4.088745266199111938e-02
1.807882934808731079e-01
7.858812808990478516e-02
3.230450451374053955e-01
3.991771340370178223e-01
1.017886325716972351e-01
1.011379957199096680e-01
2.939235568046569824e-01
1.789161413908004761e-01
1.286091059446334839e-01
1.337222307920455933e-01
1.445749700069427490e-01
3.094917833805084229e-01
1.824658662080764771e-01
1.121894568204879761e-01
1.562193036079406738e-01
7.891032099723815918e-02
2.258284091949462891e-01
3.557425737380981445e-01
1.430366635322570801e-01
7.565990090370178223e-02
3.596092462539672852e-01
1.243555769324302673e-01
1.839547157287597656e-01
1.279789656400680542e-01
1.790942698717117310e-01
3.516097664833068848e-01
1.898594498634338379e-01
7.360754907131195068e-02
6.213630363345146179e-02
1.083486676216125488e-01
1.586633771657943726e-01
8.870562165975570679e-02
3.858057558536529541e-01
1.885828673839569092e-01
4.665476083755493164e-01
1.375268846750259399e-01
6.415215879678726196e-02
4.619543254375457764e-02
1.653894782066345215e-01
1.648800969123840332e-01
2.068531215190887451e-01
8.917667716741561890e-02
2.610838413238525391e-01
4.155594706535339355e-01
1.616082340478897095e-01
2.919069826602935791e-01
1.130602210760116577e-01
1.382230371236801147e-01
1.981460005044937134e-01
6.807732582092285156e-02
1.307533681392669678e-01
2.029943615198135376e-01
1.254507601261138916e-01
1.886264085769653320e-01
2.250671386718750000e-01
2.957888543605804443e-01
1.572488546371459961e-01
5.916812643408775330e-02
1.280719041824340820e-01
1.946972906589508057e-01
2.069885730743408203e-01
2.305238693952560425e-01
5.222171545028686523e-02
3.707973957061767578e-01
1.829737275838851929e-01
2.630411684513092041e-01
1.480133086442947388e-01
8.526933938264846802e-02
1.414450556039810181e-01
2.616921663284301758e-01
3.864659368991851807e-01
8.613033592700958252e-02
3.135538399219512939e-01
1.734962165355682373e-01
8.594053238630294800e-02
2.110134065151214600e-01
1.025985255837440491e-01
2.195039838552474976e-01
1.953207552433013916e-01
5.432367324829101562e-02
1.378989815711975098e-01
4.484338760375976562e-01
2.150762081146240234e-01
1.961571574211120605e-01
1.655215471982955933e-01
1.266913712024688721e-01
9.154242277145385742e-02
5.193845033645629883e-01
1.256601065397262573e-01
3.833273947238922119e-01
4.034678041934967041e-01
1.943989247083663940e-01
1.651147753000259399e-01
9.573216736316680908e-02
2.405716031789779663e-01
1.427057683467864990e-01
6.917025148868560791e-02
7.649793475866317749e-02
2.309495955705642700e-01
4.091908410191535950e-02
3.822592198848724365e-01
1.657934188842773438e-01
4.860265552997589111e-02
1.579467058181762695e-01
7.723927497863769531e-02
1.633667200803756714e-01
1.108312532305717468e-01
2.070808410644531250e-01
4.412629008293151855e-01
1.107579916715621948e-01
1.255504190921783447e-01
1.718431264162063599e-01
7.271750271320343018e-02
1.182294040918350220e-01
5.758334696292877197e-02
9.429930895566940308e-02
1.571092754602432251e-01
1.666875332593917847e-01
1.628398001194000244e-01
1.272271573543548584e-01
4.117504954338073730e-01
1.200402379035949707e-01
5.621414259076118469e-02
2.493500709533691406e-01
3.499509096145629883e-01
1.746616065502166748e-01
9.879315644502639771e-02
2.055017650127410889e-01
5.688330531120300293e-02
4.719934239983558655e-02
6.796076893806457520e-02
1.644248664379119873e-01
1.351940184831619263e-01
4.643475264310836792e-02
5.312633514404296875e-02
1.681606471538543701e-01
7.541269063949584961e-02
2.063057571649551392e-01
4.622434824705123901e-02
4.750866815447807312e-02
3.939685225486755371e-01
3.033455312252044678e-01
1.903859823942184448e-01
1.361583918333053589e-01
1.444327831268310547e-01
1.687165200710296631e-01
1.858824640512466431e-01
4.671268910169601440e-02
1.677811443805694580e-01
1.994726061820983887e-01
2.163339108228683472e-01
2.473899424076080322e-01
1.719615757465362549e-01
2.175045907497406006e-01
2.883604466915130615e-01
8.344548940658569336e-02
1.361051797866821289e-01
2.303354144096374512e-01
4.667392745614051819e-02
2.294513285160064697e-01
9.363363683223724365e-02
1.836555898189544678e-01
9.744630753993988037e-02
1.939521878957748413e-01
1.495034992694854736e-01
9.675294160842895508e-02
2.461815476417541504e-01
4.853609800338745117e-01
2.069068253040313721e-01
5.061716958880424500e-02
1.645808368921279907e-01
2.408633679151535034e-01
2.592841982841491699e-01
1.960778534412384033e-01
1.208801269531250000e-01
1.618760228157043457e-01
1.757726371288299561e-01
2.388160675764083862e-01
8.292549848556518555e-02
1.011072695255279541e-01
1.305425912141799927e-01
1.823784708976745605e-01
8.300396800041198730e-02
5.241618156433105469e-01
1.158669888973236084e-01
2.169615328311920166e-01
2.008392363786697388e-01
1.028103157877922058e-01
1.239529699087142944e-01
2.200072258710861206e-01
2.169095277786254883e-01
2.153504937887191772e-01
1.935392320156097412e-01
3.812012672424316406e-01
3.193618953227996826e-01
1.032332107424736023e-01
2.127836048603057861e-01
1.795978546142578125e-01
4.384305179119110107e-01
1.418342292308807373e-01
1.321452707052230835e-01
8.349482715129852295e-02
1.217672303318977356e-01
7.433883845806121826e-02
1.525284349918365479e-01
1.962273567914962769e-01
1.990816295146942139e-01
2.429446876049041748e-01
4.098097085952758789e-01
2.471735179424285889e-01
7.836462557315826416e-02
5.646922439336776733e-02
3.390163183212280273e-01
1.619941294193267822e-01
4.121425747871398926e-01
2.052708566188812256e-01
2.842198610305786133e-01
3.939258307218551636e-02
1.963065415620803833e-01
7.587030529975891113e-02
4.411823302507400513e-02
2.245557308197021484e-01
2.045227140188217163e-01
2.249021828174591064e-01
1.942975223064422607e-01
2.517361938953399658e-01
2.054199576377868652e-01
2.217245399951934814e-01
3.866622149944305420e-01
3.092383444309234619e-01
1.828339844942092896e-01
1.091125011444091797e-01
4.168270826339721680e-01
2.670339345932006836e-01
2.065982520580291748e-01
2.460980713367462158e-01
3.266089856624603271e-01
3.790948390960693359e-01
4.491969943046569824e-01
6.792634725570678711e-02
3.383171260356903076e-01
1.240100041031837463e-01
2.130253911018371582e-01
1.362072527408599854e-01
1.961636990308761597e-01
1.520945727825164795e-01
2.341090589761734009e-01
9.215806424617767334e-02
2.154807895421981812e-01
1.169436275959014893e-01
2.870069146156311035e-01
3.419049978256225586e-01
1.940086185932159424e-01
6.706786155700683594e-02
6.392829120159149170e-02
1.616973280906677246e-01
2.406211197376251221e-01
2.363853454589843750e-01
3.422572016716003418e-01
1.671324670314788818e-01
2.959017157554626465e-01
1.456228196620941162e-01
1.677405238151550293e-01
1.317580342292785645e-01
1.507065445184707642e-01
1.236535310745239258e-01
8.623757958412170410e-02
7.091606408357620239e-02
4.226536154747009277e-01
2.346634566783905029e-01
9.730646759271621704e-02
2.411171048879623413e-01
3.419409394264221191e-01
7.669863104820251465e-02
1.671369671821594238e-01
2.015879303216934204e-01
1.539305150508880615e-01
1.523550748825073242e-01
2.548376023769378662e-01
1.590614169836044312e-01
1.781601309776306152e-01
8.584495633840560913e-02
1.369984149932861328e-01
1.926604807376861572e-01
2.056732326745986938e-01
8.661318570375442505e-02
2.390419840812683105e-01
1.709959954023361206e-01
9.821023046970367432e-02
1.220318675041198730e-01
1.284857094287872314e-01
2.476712465286254883e-01
5.770829319953918457e-02
3.638629317283630371e-01
2.943910360336303711e-01
1.484909057617187500e-01
4.212418794631958008e-01
2.105552516877651215e-02
