3.289514780044555664e-01
1.574363857507705688e-01
1.985859125852584839e-01
1.266560256481170654e-01
1.532140523195266724e-01
7.250064611434936523e-02
1.699289977550506592e-01
1.668860763311386108e-01
4.980441927909851074e-02
1.120214015245437622e-01
1.298755109310150146e-01
1.058671921491622925e-01
2.616834938526153564e-01
2.893531322479248047e-01
7.807888090610504150e-02
4.808054119348526001e-02
1.040869578719139099e-01
2.422796338796615601e-01
3.572341203689575195e-01
1.904555261135101318e-01
1.269884109497070312e-01
1.331169009208679199e-01
1.971648633480072021e-01
2.077796459197998047e-01
1.328003406524658203e-01
2.345815598964691162e-01
7.939321547746658325e-02
9.911623597145080566e-02
2.932538688182830811e-01
9.321404993534088135e-02
1.509279906749725342e-01
2.732567787170410156e-01
1.366355717182159424e-01
2.474029362201690674e-01
6.746810674667358398e-02
2.518588304519653320e-01
9.939230233430862427e-02
3.543566465377807617e-01
2.426305413246154785e-01
1.454389989376068115e-01
1.535436213016510010e-01
8.005084842443466187e-02
1.998687982559204102e-01
3.631391525268554688e-01
1.448535919189453125e-01
2.024622261524200439e-01
9.378983825445175171e-02
1.798755526542663574e-01
1.083485186100006104e-01
1.391124576330184937e-01
1.661442667245864868e-01
3.624606505036354065e-02
7.271300256252288818e-02
1.880514621734619141e-01
1.568362414836883545e-01
3.449440002441406250e-01
2.913839742541313171e-02
3.134874105453491211e-01
2.151359617710113525e-01
1.000939607620239258e-01
2.123458981513977051e-01
4.129477143287658691e-01
7.821254432201385498e-02
2.799373865127563477e-01
2.915790081024169922e-01
3.341409265995025635e-01
1.765399277210235596e-01
4.765120893716812134e-02
2.679819613695144653e-02
2.106724083423614502e-01
2.177363634109497070e-01
1.340178698301315308e-01
2.640433013439178467e-01
1.233435049653053284e-01
3.538212180137634277e-01
6.157692521810531616e-02
2.287102341651916504e-01
1.212076693773269653e-01
9.782189875841140747e-02
1.955868154764175415e-01
2.478878796100616455e-01
2.163698971271514893e-01
1.835156381130218506e-01
8.662932366132736206e-02
2.538420557975769043e-01
1.620378196239471436e-01
1.338413357734680176e-01
1.084507033228874207e-01
1.459723711013793945e-01
9.981999546289443970e-02
1.464914381504058838e-01
9.293849766254425049e-02
7.441138476133346558e-02
3.094583749771118164e-01
4.981748759746551514e-02
2.816797792911529541e-01
1.518029868602752686e-01
2.995643317699432373e-01
1.188866645097732544e-01
1.211927309632301331e-01
2.081204354763031006e-01
2.002592682838439941e-01
2.419005334377288818e-01
1.547668129205703735e-01
1.830290108919143677e-01
1.286899447441101074e-01
3.411436080932617188e-01
2.521915435791015625e-01
2.211758792400360107e-01
7.456596195697784424e-02
1.372485160827636719e-01
4.317488968372344971e-01
2.131638526916503906e-01
1.560418605804443359e-01
6.602035462856292725e-02
1.232359260320663452e-01
1.503666788339614868e-01
8.676570653915405273e-02
2.315973639488220215e-01
1.006601676344871521e-01
5.846334621310234070e-02
1.204817146062850952e-01
2.568533718585968018e-01
1.911803632974624634e-01
2.546598315238952637e-01
2.150543332099914551e-01
4.088328480720520020e-01
6.541404873132705688e-02
1.561552435159683228e-01
3.888619542121887207e-01
1.080004274845123291e-01
8.544588088989257812e-02
9.354518353939056396e-02
1.433993577957153320e-01
1.250569522380828857e-01
8.201177418231964111e-02
3.249781429767608643e-01
1.252964586019515991e-01
2.185214757919311523e-01
1.125157773494720459e-01
9.786762297153472900e-02
1.681478619575500488e-01
7.692942768335342407e-02
9.494391828775405884e-02
3.533258140087127686e-01
3.754615411162376404e-02
6.606256216764450073e-02
1.513722985982894897e-01
3.815553188323974609e-01
2.065905630588531494e-01
3.320877552032470703e-01
1.434152275323867798e-01
2.427991628646850586e-01
2.633040249347686768e-01
1.838306784629821777e-01
1.147345602512359619e-01
1.000944375991821289e-01
7.443117350339889526e-02
8.336059749126434326e-02
3.821266293525695801e-01
2.605528235435485840e-01
9.851706027984619141e-02
1.248471513390541077e-01
6.401602178812026978e-02
4.047388434410095215e-01
3.129585385322570801e-01
4.840598702430725098e-01
8.593846857547760010e-02
1.377432942390441895e-01
3.415197134017944336e-01
6.633581966161727905e-02
9.143431484699249268e-02
6.957441568374633789e-02
3.208032846450805664e-01
1.696449518203735352e-01
2.240419983863830566e-01
2.009482234716415405e-01
2.016028463840484619e-01
2.217162847518920898e-01
1.723104268312454224e-01
1.744131445884704590e-01
2.353688329458236694e-01
1.931058019399642944e-01
1.243483126163482666e-01
2.258836477994918823e-01
1.780439317226409912e-01
2.244140803813934326e-01
7.142854481935501099e-02
1.339123249053955078e-01
6.358403712511062622e-02
1.830077767372131348e-01
3.766658604145050049e-01
1.639371514320373535e-01
5.117058008909225464e-02
1.184291541576385498e-01
1.638404726982116699e-01
1.367398947477340698e-01
2.452749162912368774e-01
1.966391205787658691e-01
1.330886930227279663e-01
3.219929635524749756e-01
6.993658095598220825e-02
1.430624723434448242e-01
1.051297932863235474e-01
5.905637890100479126e-02
1.089091897010803223e-01
1.569028496742248535e-01
3.572211042046546936e-02
2.345634549856185913e-01
3.496070951223373413e-02
1.423409581184387207e-01
1.172275021672248840e-01
3.332033753395080566e-01
1.100010648369789124e-01
2.118538916110992432e-01
5.110518634319305420e-02
2.094588577747344971e-01
5.877497196197509766e-01
8.323490619659423828e-02
9.181036055088043213e-02
2.923148572444915771e-01
2.684839367866516113e-01
2.718207240104675293e-01
9.562513232231140137e-02
1.202825903892517090e-01
1.076540425419807434e-01
1.602575182914733887e-01
1.550367027521133423e-01
4.551138728857040405e-02
1.477547585964202881e-01
2.060365676879882812e-01
1.654770970344543457e-01
2.118305563926696777e-01
2.889605760574340820e-01
2.306246906518936157e-01
6.568330526351928711e-02
1.746122539043426514e-01
3.498457074165344238e-01
2.343281805515289307e-01
1.001708209514617920e-01
2.704373002052307129e-01
2.200229614973068237e-01
1.326444447040557861e-01
1.549371778964996338e-01
2.157579213380813599e-01
1.527315378189086914e-01
8.117706328630447388e-02
1.858966350555419922e-01
5.511106252670288086e-01
2.246550619602203369e-01
4.556309580802917480e-01
3.794306218624114990e-01
1.686141192913055420e-01
1.346926540136337280e-01
1.563295871019363403e-01
6.634238362312316895e-02
4.233843833208084106e-02
2.207270860671997070e-01
5.548372492194175720e-02
9.744632244110107422e-02
3.283122181892395020e-01
3.232242763042449951e-01
3.487077653408050537e-01
2.075115740299224854e-01
1.754470169544219971e-01
2.207382172346115112e-01
1.279743909835815430e-01
1.570136547088623047e-01
3.585283756256103516e-01
4.223503172397613525e-02
2.682125568389892578e-01
2.487309873104095459e-01
1.644755452871322632e-01
1.296904683113098145e-01
2.040799558162689209e-01
8.319175243377685547e-02
3.561993837356567383e-01
1.907257586717605591e-01
1.632830351591110229e-01
1.650569140911102295e-01
2.116900086402893066e-01
5.654305964708328247e-02
3.940643668174743652e-01
2.449921071529388428e-01
2.986480295658111572e-01
1.633737981319427490e-01
1.548541933298110962e-01
1.585468202829360962e-01
1.481803357601165771e-01
1.625134050846099854e-01
1.076124683022499084e-01
2.088170647621154785e-01
2.359508872032165527e-01
1.024084091186523438e-01
2.407869845628738403e-01
1.576032042503356934e-01
9.823635220527648926e-02
6.941491365432739258e-02
8.388103544712066650e-02
9.495897591114044189e-02
8.654451370239257812e-02
2.182825505733489990e-01
1.791264265775680542e-01
1.675457805395126343e-01
3.036442399024963379e-01
1.485400199890136719e-01
1.046461611986160278e-01
1.760564893484115601e-01
1.493927538394927979e-01
2.332895994186401367e-01
2.175442129373550415e-01
9.980055689811706543e-02
3.154827356338500977e-01
2.025247812271118164e-01
9.411732852458953857e-02
8.409918099641799927e-02
1.756927520036697388e-01
2.280460149049758911e-01
6.879205256700515747e-02
2.746141552925109863e-01
1.118361577391624451e-01
2.616974711418151855e-01
3.345772624015808105e-01
1.480160057544708252e-01
1.674237549304962158e-01
2.068532705307006836e-01
2.070130556821823120e-01
1.204519569873809814e-01
1.715270578861236572e-01
5.847764760255813599e-02
8.526032418012619019e-02
1.573423743247985840e-01
3.280889391899108887e-01
2.394614964723587036e-01
1.133898943662643433e-01
1.249014362692832947e-01
1.863286197185516357e-01
1.069958060979843140e-01
8.635114133358001709e-02
3.688898682594299316e-01
2.051225900650024414e-01
6.382232904434204102e-02
3.619731962680816650e-01
4.270034432411193848e-01
1.941353082656860352e-01
6.262291967868804932e-02
1.040170639753341675e-01
2.911569774150848389e-01
2.167055755853652954e-01
3.087587058544158936e-01
2.164236158132553101e-01
2.101913690567016602e-01
1.066547185182571411e-01
1.331840902566909790e-01
2.235392481088638306e-01
5.102391242980957031e-01
2.394573688507080078e-01
2.464135587215423584e-01
9.182434529066085815e-02
2.268932163715362549e-01
1.067768782377243042e-01
1.286742240190505981e-01
1.048964411020278931e-01
5.547443777322769165e-02
2.487973272800445557e-01
1.418493390083312988e-01
1.874853074550628662e-01
5.457338094711303711e-01
3.738778531551361084e-01
4.821259528398513794e-02
2.747398614883422852e-01
2.859787046909332275e-01
1.534951925277709961e-01
1.787055134773254395e-01
2.647383511066436768e-01
9.093216061592102051e-02
8.823534846305847168e-02
2.456339001655578613e-01
1.780548244714736938e-01
1.248822659254074097e-01
2.420689165592193604e-01
1.615602374076843262e-01
1.361909508705139160e-01
1.355632245540618896e-01
2.843222320079803467e-01
1.779094636440277100e-01
2.542119026184082031e-01
1.093514859676361084e-01
1.205744296312332153e-01
2.601837217807769775e-01
3.136211037635803223e-01
4.317937791347503662e-01
1.755751520395278931e-01
1.555662900209426880e-01
2.367985248565673828e-01
1.882881224155426025e-01
1.063819006085395813e-01
6.198772788047790527e-02
2.045434117317199707e-01
9.320901334285736084e-02
2.009776830673217773e-01
8.530123531818389893e-02
2.154919654130935669e-01
5.396668910980224609e-01
2.501804828643798828e-01
1.415761709213256836e-01
2.263777703046798706e-01
1.033023819327354431e-01
2.358625084161758423e-01
2.581249475479125977e-01
9.156268835067749023e-02
3.436018526554107666e-01
2.773955762386322021e-01
1.697721183300018311e-01
1.148525029420852661e-01
1.667082309722900391e-01
5.170670896768569946e-02
1.955103874206542969e-01
2.972060739994049072e-01
1.036661192774772644e-01
1.453471332788467407e-01
1.197604611515998840e-01
1.084447801113128662e-01
1.736214160919189453e-01
1.385226845741271973e-01
1.353412717580795288e-01
6.508426368236541748e-02
8.690092712640762329e-02
1.183202266693115234e-01
3.317580819129943848e-01
1.114320009946823120e-01
9.923104941844940186e-02
1.297159492969512939e-01
1.204161792993545532e-01
1.408053785562515259e-01
1.222040206193923950e-01
1.669091433286666870e-01
1.234997659921646118e-01
2.077617794275283813e-01
2.629615068435668945e-01
3.389211297035217285e-01
2.873188257217407227e-01
2.908090949058532715e-01
2.208994626998901367e-01
1.702579855918884277e-01
1.591394990682601929e-01
1.811013221740722656e-01
3.157141506671905518e-01
2.310578376054763794e-01
1.877166181802749634e-01
2.499839067459106445e-01
1.460333019495010376e-01
1.510632932186126709e-01
6.823493540287017822e-02
1.675259321928024292e-01
1.974655091762542725e-01
2.424051612615585327e-01
1.448223292827606201e-01
2.675953321158885956e-02
2.112835347652435303e-01
1.988729834556579590e-01
3.814784884452819824e-01
2.059468924999237061e-01
9.609062224626541138e-02
2.352527827024459839e-01
8.397988229990005493e-02
2.293735444545745850e-01
2.067680209875106812e-01
1.129350736737251282e-01
2.246765643358230591e-01
7.032944262027740479e-02
6.483596563339233398e-02
2.185171246528625488e-01
9.176859259605407715e-02
3.143064975738525391e-01
1.315357536077499390e-01
1.868347823619842529e-01
1.483192145824432373e-01
1.465387195348739624e-01
1.626565158367156982e-01
1.155324801802635193e-01
7.859971374273300171e-02
1.791669726371765137e-01
2.234194874763488770e-01
5.344755202531814575e-02
1.146607622504234314e-01
2.820161581039428711e-01
3.333699703216552734e-01
1.531357914209365845e-01
9.681954979896545410e-02
1.240034997463226318e-01
5.931671708822250366e-02
2.724738717079162598e-01
4.205989539623260498e-01
2.107535302639007568e-01
6.144525855779647827e-02
2.090731561183929443e-01
1.430805176496505737e-01
1.382344812154769897e-01
1.029657721519470215e-01
9.961504489183425903e-02
4.765484854578971863e-02
1.937794089317321777e-01
9.776397049427032471e-02
1.425159722566604614e-01
1.633425801992416382e-01
1.234063655138015747e-01
2.651823759078979492e-01
1.520605087280273438e-01
2.021268010139465332e-01
1.226470097899436951e-01
1.954500973224639893e-01
3.344842791557312012e-01
2.094838470220565796e-01
1.820151209831237793e-01
1.244115084409713745e-01
2.217308878898620605e-01
1.745398789644241333e-01
2.263894230127334595e-01
5.815821886062622070e-02
1.234658434987068176e-01
2.153905779123306274e-01
6.111081317067146301e-02
7.790521532297134399e-02
2.856824100017547607e-01
2.040429413318634033e-01
3.494593203067779541e-01
3.167025148868560791e-01
1.378269791603088379e-01
1.380714625120162964e-01
9.564194828271865845e-02
2.548105716705322266e-01
1.350595951080322266e-01
1.838435977697372437e-01
2.614884674549102783e-01
1.813549399375915527e-01
1.765967607498168945e-01
1.206426098942756653e-01
2.400783300399780273e-01
1.012166291475296021e-01
1.113555580377578735e-01
2.990309894084930420e-01
2.556554079055786133e-01
2.107926011085510254e-01
1.571697592735290527e-01
6.436587870121002197e-02
1.794360876083374023e-01
3.452517092227935791e-01
6.523401290178298950e-02
7.250793278217315674e-02
1.266564875841140747e-01
5.165613889694213867e-01
3.072601556777954102e-01
1.718872338533401489e-01
3.588941693305969238e-01
2.527199089527130127e-01
2.832269668579101562e-01
2.890472412109375000e-01
2.006546854972839355e-01
2.578372061252593994e-01
1.055764034390449524e-01
2.361440211534500122e-01
8.844819664955139160e-02
7.642337679862976074e-02
2.152998745441436768e-01
1.342432796955108643e-01
2.472175955772399902e-01
1.520851254463195801e-01
1.116750165820121765e-01
3.539471924304962158e-01
1.206501051783561707e-01
1.556049138307571411e-01
2.096180915832519531e-01
2.404834032058715820e-01
1.605590581893920898e-01
2.701915204524993896e-01
7.310133427381515503e-02
1.398047655820846558e-01
1.563136875629425049e-01
2.669792473316192627e-01
2.803364694118499756e-01
1.219132170081138611e-01
3.391183018684387207e-01
2.573219537734985352e-01
1.431451290845870972e-01
6.337122619152069092e-02
1.388004422187805176e-01
2.211232930421829224e-01
1.737475693225860596e-01
1.760675013065338135e-01
2.198469936847686768e-01
2.501400709152221680e-01
3.922264575958251953e-01
4.837651550769805908e-01
1.301320940256118774e-01
2.050652951002120972e-01
4.805792570114135742e-01
8.869989216327667236e-02
3.395821750164031982e-01
3.751527070999145508e-01
1.172947362065315247e-01
2.064113467931747437e-01
1.292154192924499512e-01
1.729469448328018188e-01
1.154594272375106812e-01
5.704183131456375122e-02
2.491053491830825806e-01
2.298154979944229126e-01
1.411922425031661987e-01
2.398786544799804688e-01
1.301878988742828369e-01
6.849484145641326904e-02
1.318822652101516724e-01
2.365223616361618042e-01
2.203830629587173462e-01
2.667466402053833008e-01
3.525657653808593750e-01
1.387541294097900391e-01
1.964381337165832520e-01
2.580415010452270508e-01
7.513689249753952026e-02
1.174092069268226624e-01
1.757585406303405762e-01
1.612162590026855469e-01
3.357601165771484375e-01
2.291069626808166504e-01
2.206901162862777710e-01
2.225537598133087158e-01
1.748754829168319702e-01
1.546096205711364746e-01
1.226099580526351929e-01
1.985716819763183594e-01
7.059327512979507446e-02
9.233246743679046631e-02
1.535523086786270142e-01
9.316679835319519043e-02
3.091928362846374512e-01
1.811344325542449951e-01
7.772922515869140625e-02
1.287084817886352539e-01
2.293480634689331055e-01
1.390725970268249512e-01
3.095692396163940430e-01
1.425049751996994019e-01
1.316616535186767578e-01
1.632958799600601196e-01
2.921227216720581055e-01
1.541560292243957520e-01
1.818313300609588623e-01
1.300418525934219360e-01
2.018204778432846069e-01
1.161596328020095825e-01
4.063437581062316895e-01
1.191702336072921753e-01
1.350384354591369629e-01
1.156955882906913757e-01
3.618260473012924194e-02
1.830760240554809570e-01
6.952467560768127441e-02
1.347002536058425903e-01
2.898684889078140259e-02
3.247240185737609863e-01
7.360444217920303345e-02
1.257213205099105835e-01
9.262628853321075439e-02
4.810439050197601318e-02
1.339918076992034912e-01
6.500521302223205566e-02
2.494136989116668701e-01
1.792686879634857178e-01
1.622543036937713623e-01
2.261365205049514771e-01
1.804516166448593140e-01
1.545335650444030762e-01
2.266715168952941895e-01
2.730298042297363281e-01
1.452616006135940552e-01
5.963172763586044312e-02
1.704638898372650146e-01
9.124784171581268311e-02
2.718470692634582520e-01
8.329381793737411499e-02
4.386457428336143494e-02
1.073341518640518188e-01
1.894812881946563721e-01
5.620142072439193726e-02
7.242580503225326538e-02
5.864434316754341125e-02
4.798365756869316101e-02
3.477314710617065430e-01
3.217122554779052734e-01
2.565429210662841797e-01
5.132632851600646973e-01
2.951060235500335693e-01
2.104396671056747437e-01
2.178716361522674561e-01
1.669345796108245850e-01
7.157595455646514893e-02
1.436646878719329834e-01
2.256190180778503418e-01
3.729716539382934570e-01
4.296514019370079041e-02
1.249791532754898071e-01
1.162398681044578552e-01
5.528943985700607300e-02
1.966165602207183838e-01
7.693529129028320312e-02
1.340023279190063477e-01
1.278735250234603882e-01
1.026421785354614258e-01
3.816307187080383301e-01
6.235208362340927124e-02
7.487805187702178955e-02
2.483851313591003418e-01
2.066624164581298828e-01
5.988807231187820435e-02
2.212478071451187134e-01
1.630589514970779419e-01
1.589938700199127197e-01
1.584758609533309937e-01
1.210694089531898499e-01
3.412911295890808105e-01
2.785323560237884521e-01
1.374477446079254150e-01
2.493364214897155762e-01
2.831026017665863037e-01
9.224493801593780518e-02
9.798553586006164551e-02
8.951565623283386230e-02
5.061129331588745117e-01
1.223402321338653564e-01
4.462090134620666504e-01
2.047668844461441040e-01
7.880528271198272705e-02
2.904644310474395752e-01
3.918878436088562012e-01
7.917271256446838379e-01
2.058961093425750732e-01
5.894215404987335205e-02
4.307947158813476562e-01
4.227738678455352783e-01
2.231935113668441772e-01
7.778360694646835327e-02
1.815198212862014771e-01
3.084534108638763428e-01
2.296714186668395996e-01
6.014677882194519043e-02
3.877420127391815186e-01
3.047070801258087158e-01
1.882736235857009888e-01
7.065708190202713013e-02
2.406372874975204468e-01
2.596961855888366699e-01
2.175616770982742310e-01
1.517128944396972656e-01
2.666330337524414062e-01
2.194361090660095215e-01
5.333654955029487610e-02
1.426372826099395752e-01
2.223127335309982300e-01
1.296218782663345337e-01
1.603815853595733643e-01
7.287256419658660889e-02
1.310683488845825195e-01
4.172573983669281006e-02
3.098234906792640686e-02
1.022271364927291870e-01
1.048471927642822266e-01
2.932084500789642334e-01
5.899337530136108398e-01
1.804136335849761963e-01
2.267749011516571045e-01
3.827751874923706055e-01
1.072558015584945679e-01
5.355563759803771973e-02
5.568819493055343628e-02
1.584361046552658081e-01
1.712945997714996338e-01
6.737184524536132812e-02
4.299003779888153076e-01
6.808862835168838501e-02
2.667179703712463379e-01
1.464189141988754272e-01
2.317977547645568848e-01
1.899832785129547119e-01
8.231178671121597290e-02
7.680724561214447021e-02
3.861747384071350098e-01
5.859275534749031067e-02
1.180469691753387451e-01
1.563676893711090088e-01
4.170572161674499512e-01
8.960069715976715088e-02
3.717342615127563477e-01
5.813907086849212646e-02
1.663450300693511963e-01
3.918252885341644287e-01
3.875971585512161255e-02
1.349691450595855713e-01
3.007763028144836426e-01
1.273856312036514282e-01
1.795613765716552734e-01
1.448922455310821533e-01
1.406709253787994385e-01
5.929747968912124634e-02
1.333189308643341064e-01
3.747901916503906250e-01
1.838207542896270752e-01
1.247428581118583679e-01
1.245322078466415405e-01
1.625451445579528809e-01
6.559339910745620728e-02
1.598471254110336304e-01
2.570438385009765625e-01
2.244097739458084106e-01
1.616070866584777832e-01
1.157801449298858643e-01
1.158932596445083618e-01
2.018974870443344116e-01
3.202260136604309082e-01
1.535813510417938232e-01
2.289523556828498840e-02
1.334465146064758301e-01
3.145792484283447266e-01
9.145762026309967041e-02
1.374071836471557617e-01
2.481301128864288330e-01
2.017464339733123779e-01
5.908085033297538757e-02
3.942636772990226746e-02
2.503257989883422852e-01
2.411035001277923584e-01
2.118388712406158447e-01
1.878894418478012085e-01
2.031448185443878174e-01
2.168522775173187256e-01
1.948779523372650146e-01
7.884589582681655884e-02
2.609826326370239258e-01
1.553927659988403320e-01
1.538743078708648682e-01
8.817148953676223755e-02
1.628670096397399902e-01
2.110328972339630127e-01
2.857710719108581543e-01
1.218941658735275269e-01
1.256343573331832886e-01
2.076035737991333008e-01
2.503681778907775879e-01
2.327168583869934082e-01
2.204993516206741333e-01
2.521722912788391113e-01
1.497298926115036011e-01
1.433764696121215820e-01
1.218990236520767212e-01
5.761798471212387085e-02
1.321871280670166016e-01
3.419968187808990479e-01
1.409621834754943848e-01
1.622893810272216797e-01
8.549581468105316162e-02
1.303542852401733398e-01
1.273618042469024658e-01
1.733007133007049561e-01
2.084708213806152344e-01
1.761936843395233154e-01
1.336198449134826660e-01
5.208300799131393433e-02
1.318863630294799805e-01
3.590017259120941162e-01
2.986691705882549286e-02
1.668709516525268555e-01
1.269849091768264771e-01
3.930369019508361816e-02
2.746979892253875732e-01
2.824031114578247070e-01
2.352180331945419312e-01
1.269311308860778809e-01
1.192539185285568237e-01
1.866429597139358521e-01
7.204072922468185425e-02
2.682966887950897217e-01
3.015874624252319336e-01
3.043961822986602783e-01
1.392852962017059326e-01
5.920006707310676575e-02
1.603104472160339355e-01
6.810355186462402344e-02
1.359164118766784668e-01
1.342172175645828247e-01
2.125836908817291260e-01
1.168853491544723511e-01
2.610169649124145508e-01
2.462988197803497314e-01
6.987231224775314331e-02
1.310143172740936279e-01
2.541234791278839111e-01
1.314357668161392212e-01
2.369480878114700317e-01
2.428686618804931641e-01
2.320959866046905518e-01
2.018476277589797974e-01
1.026498228311538696e-01
1.119599491357803345e-01
1.902977526187896729e-01
1.887535303831100464e-01
1.221444681286811829e-01
1.647858619689941406e-01
1.266311407089233398e-01
2.968273162841796875e-01
5.531940236687660217e-02
5.307032167911529541e-02
7.830269634723663330e-02
1.708067655563354492e-01
2.008293867111206055e-01
8.017852902412414551e-02
4.433446228504180908e-01
2.239641100168228149e-01
1.921483278274536133e-01
5.074731260538101196e-02
3.680905103683471680e-01
1.561010926961898804e-01
1.644746661186218262e-01
2.929615974426269531e-01
3.489089608192443848e-01
1.634796559810638428e-01
2.403400838375091553e-01
9.303569793701171875e-02
3.299912810325622559e-01
2.849947214126586914e-01
1.295474767684936523e-01
2.360922098159790039e-01
7.219790667295455933e-02
1.730476170778274536e-01
6.688523292541503906e-02
2.189252525568008423e-01
3.636333718895912170e-02
2.059535980224609375e-01
1.334731280803680420e-01
4.031553864479064941e-01
1.269404441118240356e-01
8.704092353582382202e-02
1.790523231029510498e-01
1.178072243928909302e-01
6.403249502182006836e-02
1.295237243175506592e-01
2.859432250261306763e-02
9.638763964176177979e-02
2.649944424629211426e-01
3.588433861732482910e-01
2.904452085494995117e-01
1.168020814657211304e-01
1.202295720577239990e-01
5.067684650421142578e-01
7.930408418178558350e-02
2.474163770675659180e-01
1.350498795509338379e-01
9.798169136047363281e-02
4.176351726055145264e-01
3.581073880195617676e-01
1.513293087482452393e-01
2.946049869060516357e-01
3.257953226566314697e-01
1.465943753719329834e-01
3.081013560295104980e-01
1.220970898866653442e-01
1.032848581671714783e-01
2.383801341056823730e-01
2.378937005996704102e-01
1.642036139965057373e-01
2.176171839237213135e-01
1.163470745086669922e-01
1.659469604492187500e-01
1.398843526840209961e-01
1.818081438541412354e-01
1.877530068159103394e-01
1.510151177644729614e-01
4.541432559490203857e-01
9.726659953594207764e-02
6.046306341886520386e-02
2.148339897394180298e-01
1.714411675930023193e-01
1.113899424672126770e-01
2.234297543764114380e-01
2.507706284523010254e-01
6.038747355341911316e-02
7.813090085983276367e-02
1.017731651663780212e-01
1.062175557017326355e-01
8.815942704677581787e-02
1.957989335060119629e-01
1.453400403261184692e-01
2.166934013366699219e-01
5.342445522546768188e-02
2.718168795108795166e-01
2.719258964061737061e-01
2.291095554828643799e-01
1.461922228336334229e-01
1.793346554040908813e-01
1.905815154314041138e-01
1.231279596686363220e-01
7.709829509258270264e-02
2.397501617670059204e-01
3.621621727943420410e-01
5.261970311403274536e-02
1.062425523996353149e-01
2.072479724884033203e-01
1.908662319183349609e-01
3.816707730293273926e-01
1.296223551034927368e-01
1.670547872781753540e-01
2.629830241203308105e-01
2.464035153388977051e-01
2.986629903316497803e-01
2.458858937025070190e-01
1.700368523597717285e-01
1.362491548061370850e-01
2.821800708770751953e-01
2.233701795339584351e-01
2.005971670150756836e-01
1.282980889081954956e-01
2.414104491472244263e-01
2.183014452457427979e-01
1.456836163997650146e-01
1.021910011768341064e-01
1.942799389362335205e-01
3.566045761108398438e-01
3.665691018104553223e-01
2.763546705245971680e-01
1.748011410236358643e-01
1.244731843471527100e-01
5.086486041545867920e-02
1.099041849374771118e-01
1.741462945938110352e-01
1.536331772804260254e-01
5.947489291429519653e-02
2.590596675872802734e-02
3.832728862762451172e-01
1.473209410905838013e-01
7.784299552440643311e-02
2.484429478645324707e-01
7.563008368015289307e-02
5.627205371856689453e-01
3.479610681533813477e-01
1.840937882661819458e-01
3.813520669937133789e-01
1.054249852895736694e-01
9.259580075740814209e-02
1.123000904917716980e-01
3.246809542179107666e-01
2.688809037208557129e-01
1.572239696979522705e-01
3.646396696567535400e-01
1.653950959444046021e-01
1.201835572719573975e-01
2.170161902904510498e-01
4.137842729687690735e-02
1.699198335409164429e-01
2.006557434797286987e-01
1.483718454837799072e-01
3.175872936844825745e-02
7.829867303371429443e-02
2.107834815979003906e-01
1.089150682091712952e-01
6.387581676244735718e-02
1.843572407960891724e-01
1.885058879852294922e-01
4.398293048143386841e-02
1.860617548227310181e-01
1.041946262121200562e-01
2.591906189918518066e-01
2.177768647670745850e-01
8.155926316976547241e-02
1.370289474725723267e-01
2.303830161690711975e-02
3.774210214614868164e-01
1.146564707159996033e-01
3.430290818214416504e-01
2.869849205017089844e-01
2.259736359119415283e-01
1.728321909904479980e-01
1.296314001083374023e-01
1.935941129922866821e-01
2.699084579944610596e-01
2.677426040172576904e-01
9.449793398380279541e-02
3.025654554367065430e-01
1.473935842514038086e-01
8.111990988254547119e-02
1.032936275005340576e-01
1.813278794288635254e-01
2.456726580858230591e-01
3.456110507249832153e-02
9.188228845596313477e-02
1.989411711692810059e-01
2.308914363384246826e-01
6.597527861595153809e-02
1.816292703151702881e-01
3.284308314323425293e-01
2.549893558025360107e-01
1.461784243583679199e-01
2.054671347141265869e-01
3.318422660231590271e-02
6.681918352842330933e-02
6.238158345222473145e-01
3.141723275184631348e-01
3.392088413238525391e-02
7.724104821681976318e-02
1.653938740491867065e-01
6.367217004299163818e-02
1.925925016403198242e-01
3.833056688308715820e-01
1.085776537656784058e-01
1.779611706733703613e-01
5.048640072345733643e-02
5.241291970014572144e-02
1.318075060844421387e-01
1.291924566030502319e-01
7.443977892398834229e-02
1.143498942255973816e-01
1.654926538467407227e-01
2.244644463062286377e-01
1.165186911821365356e-01
5.866119265556335449e-02
1.434545069932937622e-01
2.308905422687530518e-01
3.332176208496093750e-01
1.020359173417091370e-01
2.439337819814682007e-01
8.021761476993560791e-02
6.666333973407745361e-02
1.321558207273483276e-01
1.926789581775665283e-01
2.172064185142517090e-01
1.886122822761535645e-01
1.556080430746078491e-01
3.782091140747070312e-01
1.718108057975769043e-01
2.695808112621307373e-01
1.322187781333923340e-01
2.144387960433959961e-01
1.349870860576629639e-01
8.510699868202209473e-02
2.652198672294616699e-01
1.806159019470214844e-01
1.069145798683166504e-01
1.065775305032730103e-01
1.755333989858627319e-01
6.897630542516708374e-02
1.401792764663696289e-01
1.198704689741134644e-01
2.483001202344894409e-01
1.883182823657989502e-01
2.034403830766677856e-01
2.302387654781341553e-01
1.173690930008888245e-01
1.218361407518386841e-01
9.660418331623077393e-02
8.148486912250518799e-02
2.740953564643859863e-01
2.271745353937149048e-01
9.504373371601104736e-02
5.278575420379638672e-01
9.363221377134323120e-02
2.284205108880996704e-01
2.489682137966156006e-01
9.489308297634124756e-02
1.531409472227096558e-01
1.002745926380157471e-01
2.058684825897216797e-01
1.494400203227996826e-01
1.408718377351760864e-01
2.718018591403961182e-01
1.094169467687606812e-01
1.649388223886489868e-01
4.303966462612152100e-02
1.346731632947921753e-01
1.610732227563858032e-01
1.890355162322521210e-02
1.642162054777145386e-01
1.589413434267044067e-01
1.025196462869644165e-01
1.292050778865814209e-01
9.463277459144592285e-02
3.525847494602203369e-01
8.587955683469772339e-02
2.754023671150207520e-01
2.865915298461914062e-01
1.010491400957107544e-01
4.063214659690856934e-01
2.918710410594940186e-01
1.732903718948364258e-01
2.466809153556823730e-01
1.602054536342620850e-01
1.474739313125610352e-01
1.231028512120246887e-01
1.223085299134254456e-01
1.198663562536239624e-01
8.871491253376007080e-02
2.111391127109527588e-01
6.612605601549148560e-02
1.041164249181747437e-01
5.114307999610900879e-01
1.960997879505157471e-01
1.086864769458770752e-01
9.280657023191452026e-02
2.052829563617706299e-01
1.151784509420394897e-01
1.369667351245880127e-01
7.226366549730300903e-02
1.353126168251037598e-01
7.534584403038024902e-02
3.088366687297821045e-01
2.515509128570556641e-01
2.709281742572784424e-01
1.258079707622528076e-01
3.228594958782196045e-01
9.793563187122344971e-02
2.272217571735382080e-01
1.746295243501663208e-01
1.083824634552001953e-01
1.605741679668426514e-01
2.411476671695709229e-01
4.541429579257965088e-01
9.991682320833206177e-02
3.733823895454406738e-01
2.748848199844360352e-01
6.173494085669517517e-02
2.775881588459014893e-01
1.214423254132270813e-01
1.098150759935379028e-01
6.177139654755592346e-02
9.082196652889251709e-02
8.980929851531982422e-02
2.677122950553894043e-01
1.059589013457298279e-01
1.002530753612518311e-01
2.905659079551696777e-01
1.414263546466827393e-01
1.840586960315704346e-01
8.702507615089416504e-02
1.303747594356536865e-01
1.832973062992095947e-01
5.297253280878067017e-02
1.555709838867187500e-01
8.030553726712241769e-05
