2.122392654418945312e-01
3.915974497795104980e-01
1.184947565197944641e-01
4.446323513984680176e-01
1.813624948263168335e-01
2.082774937152862549e-01
2.927877008914947510e-01
2.573468983173370361e-01
2.596213817596435547e-01
4.326365590095520020e-01
4.482599496841430664e-01
6.339924037456512451e-02
2.681637108325958252e-01
2.822004854679107666e-01
2.619511485099792480e-01
9.566201269626617432e-02
6.095657870173454285e-02
2.412022501230239868e-01
2.752869725227355957e-01
1.311086714267730713e-01
2.736595869064331055e-01
2.348071038722991943e-01
4.144003689289093018e-01
4.550369381904602051e-01
1.395789980888366699e-01
2.148843705654144287e-01
4.267151355743408203e-01
2.097188532352447510e-01
3.167620599269866943e-01
2.146190255880355835e-01
2.833169698715209961e-01
2.652114331722259521e-01
4.056997001171112061e-01
1.820062100887298584e-01
4.061972498893737793e-01
5.576107501983642578e-01
4.027110934257507324e-01
3.209573626518249512e-01
3.618889749050140381e-01
2.321019172668457031e-01
2.019272744655609131e-01
3.744398057460784912e-01
2.551463246345520020e-01
1.602976024150848389e-01
1.224834620952606201e-01
2.180098295211791992e-01
1.729547679424285889e-01
2.693013250827789307e-01
2.844456434249877930e-01
1.110782250761985779e-01
3.786856532096862793e-01
3.715712428092956543e-01
2.636100649833679199e-01
1.523465961217880249e-01
2.145465314388275146e-01
2.097658216953277588e-01
2.866483628749847412e-01
1.708001792430877686e-01
4.585015773773193359e-01
2.405887544155120850e-01
1.719161719083786011e-01
9.230552613735198975e-02
8.329474180936813354e-02
2.022256851196289062e-01
6.726439297199249268e-02
1.684541255235671997e-01
2.326948642730712891e-01
1.410351991653442383e-01
1.701332926750183105e-01
7.946490496397018433e-02
2.763288617134094238e-01
1.805019080638885498e-01
1.011829972267150879e-01
4.246914982795715332e-01
1.833969801664352417e-01
3.052517771720886230e-01
3.588199317455291748e-01
2.694771587848663330e-01
4.094181060791015625e-01
2.965480089187622070e-01
2.765920758247375488e-01
2.181374579668045044e-01
2.774184942245483398e-01
2.231648266315460205e-01
2.706011235713958740e-01
3.599397838115692139e-01
2.494276016950607300e-01
2.093043774366378784e-01
3.963302373886108398e-01
3.060021400451660156e-01
2.421179711818695068e-01
2.914161682128906250e-01
2.453342825174331665e-01
3.898321688175201416e-01
4.370946288108825684e-01
2.308127582073211670e-01
2.229754328727722168e-01
2.578915655612945557e-01
2.940212488174438477e-01
4.495331943035125732e-01
2.556765377521514893e-01
1.226109862327575684e-01
1.700285673141479492e-01
1.514144837856292725e-01
6.172374635934829712e-02
1.343384683132171631e-01
1.697983294725418091e-01
3.606088757514953613e-01
4.692458808422088623e-01
6.841467320919036865e-02
1.764778643846511841e-01
1.032409965991973877e-01
2.730723321437835693e-01
2.171504199504852295e-01
3.527400493621826172e-01
1.834904402494430542e-01
2.076240628957748413e-01
2.909173369407653809e-01
2.775178551673889160e-01
2.859160602092742920e-01
3.850152492523193359e-01
1.137382015585899353e-01
2.172002494335174561e-01
2.883700728416442871e-01
2.432186603546142578e-01
9.525892138481140137e-02
1.980418562889099121e-01
4.685600101947784424e-01
3.237038254737854004e-01
2.711160182952880859e-01
2.248324006795883179e-01
1.894168257713317871e-01
1.302730441093444824e-01
1.448162049055099487e-01
2.723755240440368652e-01
1.821054518222808838e-01
2.469632774591445923e-01
1.221329122781753540e-01
2.092694193124771118e-01
3.548301458358764648e-01
3.021547794342041016e-01
2.515920400619506836e-01
2.125159502029418945e-01
2.984470427036285400e-01
1.459642201662063599e-01
3.648076653480529785e-01
7.381659746170043945e-02
1.971500962972640991e-01
1.512117236852645874e-01
1.363201439380645752e-01
4.631242156028747559e-01
3.322168290615081787e-01
2.836314439773559570e-01
1.548075377941131592e-01
2.295990139245986938e-01
3.559257388114929199e-01
2.798477113246917725e-01
1.362260580062866211e-01
1.660185158252716064e-01
2.338627278804779053e-01
1.665910184383392334e-01
2.080949544906616211e-01
1.970803141593933105e-01
1.622579097747802734e-01
3.481829166412353516e-01
2.827342748641967773e-01
2.579146921634674072e-01
2.183725088834762573e-01
1.904116719961166382e-01
4.064963459968566895e-01
1.813333928585052490e-01
2.299624979496002197e-01
3.543899953365325928e-01
3.186479210853576660e-01
1.443491429090499878e-01
1.850089430809020996e-01
4.849512577056884766e-01
2.600161731243133545e-01
1.118205562233924866e-01
2.411058545112609863e-01
1.541931927204132080e-01
1.254559904336929321e-01
1.905085146427154541e-01
1.662589907646179199e-01
1.324052810668945312e-01
3.643836677074432373e-01
2.679790854454040527e-01
3.017985820770263672e-01
2.688505649566650391e-01
2.094379961490631104e-01
2.025730311870574951e-01
2.345442324876785278e-01
1.928232610225677490e-01
2.287943661212921143e-01
1.985286772251129150e-01
8.052775263786315918e-02
1.714340150356292725e-01
3.326794803142547607e-01
1.172225400805473328e-01
5.175969600677490234e-01
1.449522525072097778e-01
1.606788188219070435e-01
1.835688054561614990e-01
4.203248620033264160e-01
3.245600759983062744e-01
2.238750755786895752e-01
1.266028434038162231e-01
2.490243166685104370e-01
2.250794172286987305e-01
3.451666235923767090e-01
3.595966398715972900e-01
2.058470249176025391e-01
2.849349379539489746e-01
4.107826650142669678e-01
2.104867696762084961e-01
1.040020510554313660e-01
2.000409513711929321e-01
2.494105398654937744e-01
4.015535712242126465e-01
1.946679353713989258e-01
1.837049126625061035e-01
1.639339327812194824e-01
7.593549787998199463e-02
1.908505260944366455e-01
9.613858163356781006e-02
1.428690254688262939e-01
1.604939252138137817e-01
3.046060204505920410e-01
1.936958432197570801e-01
1.366221904754638672e-01
2.058295309543609619e-01
3.126158416271209717e-01
2.989613711833953857e-01
1.944374740123748779e-01
3.373483717441558838e-01
1.540578305721282959e-01
2.395821958780288696e-01
3.649222850799560547e-01
7.897964119911193848e-02
2.935919761657714844e-01
1.410782635211944580e-01
2.157391011714935303e-01
3.084272146224975586e-01
2.492916584014892578e-01
1.253139972686767578e-01
3.319289684295654297e-01
1.492576450109481812e-01
3.149210810661315918e-01
2.107005119323730469e-01
2.593556046485900879e-01
1.244757995009422302e-01
2.600662112236022949e-01
1.525210291147232056e-01
1.664452999830245972e-01
3.905403316020965576e-01
3.040398359298706055e-01
2.018291652202606201e-01
1.453057527542114258e-01
1.196859031915664673e-01
2.261876165866851807e-01
2.162047326564788818e-01
3.112121820449829102e-01
2.764357924461364746e-01
1.060126721858978271e-01
1.477295458316802979e-01
6.324262171983718872e-02
1.101481020450592041e-01
1.546338945627212524e-01
1.145356371998786926e-01
1.545231193304061890e-01
1.807203739881515503e-01
2.143798768520355225e-01
1.314869523048400879e-01
3.772360682487487793e-01
1.895678490400314331e-01
3.606762886047363281e-01
2.234764546155929565e-01
3.342888653278350830e-01
2.517704367637634277e-01
4.091014266014099121e-01
2.774949371814727783e-01
3.141370415687561035e-01
5.215770378708839417e-02
2.776377797126770020e-01
1.999098211526870728e-01
1.708762496709823608e-01
4.766002669930458069e-02
2.402634620666503906e-01
1.385185122489929199e-01
3.209474980831146240e-01
4.096103906631469727e-01
2.786085605621337891e-01
2.204139232635498047e-01
1.902928650379180908e-01
1.365115642547607422e-01
1.475360989570617676e-01
2.459152936935424805e-01
2.548396587371826172e-01
2.114527970552444458e-01
1.716562211513519287e-01
1.621462106704711914e-01
9.093952178955078125e-02
2.555374801158905029e-01
2.710334062576293945e-01
5.173874497413635254e-01
1.493569612503051758e-01
2.480382770299911499e-01
1.824502199888229370e-01
2.817613184452056885e-01
1.977282166481018066e-01
1.873679608106613159e-01
1.935466527938842773e-01
1.952078342437744141e-01
1.880042552947998047e-01
4.138405025005340576e-01
2.183651626110076904e-01
2.069876194000244141e-01
3.653371930122375488e-01
3.393886089324951172e-01
2.602535486221313477e-01
1.381432861089706421e-01
2.417627871036529541e-01
1.627770066261291504e-01
1.670583188533782959e-01
2.789092659950256348e-01
2.764626741409301758e-01
2.736931443214416504e-01
2.451589256525039673e-01
1.738820970058441162e-01
2.955655455589294434e-01
2.205738872289657593e-01
2.514017224311828613e-01
1.005403846502304077e-01
1.780640333890914917e-01
2.706695497035980225e-01
2.104997932910919189e-01
2.632852792739868164e-01
1.976297348737716675e-01
1.409763246774673462e-01
2.071077972650527954e-01
1.154062002897262573e-01
2.164642512798309326e-01
4.101336002349853516e-01
2.754425704479217529e-01
3.846730589866638184e-01
2.632260620594024658e-01
1.516084671020507812e-01
1.753620058298110962e-01
9.611526876688003540e-02
8.377586305141448975e-02
2.924362719058990479e-01
3.300176262855529785e-01
2.541253864765167236e-01
1.205472499132156372e-01
1.691475510597229004e-01
7.422943413257598877e-02
5.769357085227966309e-01
2.760825753211975098e-01
2.546375393867492676e-01
2.815048694610595703e-01
2.815648019313812256e-01
4.631933197379112244e-02
3.374286890029907227e-01
4.533001780509948730e-01
2.598504722118377686e-01
2.667106986045837402e-01
1.927250623703002930e-01
3.397441506385803223e-01
2.264962345361709595e-01
2.118119448423385620e-01
3.211309313774108887e-01
1.178803071379661560e-01
7.729326188564300537e-02
1.119622141122817993e-01
1.436645090579986572e-01
8.888588100671768188e-02
4.842651188373565674e-01
5.655536651611328125e-01
2.430726140737533569e-01
2.407373338937759399e-01
1.632282286882400513e-01
1.765676736831665039e-01
2.443649917840957642e-01
1.634971946477890015e-01
1.115245521068572998e-01
5.900492072105407715e-01
4.056768715381622314e-01
2.069401144981384277e-01
3.089137971401214600e-01
1.858929395675659180e-01
1.405524313449859619e-01
2.549747526645660400e-01
1.789764910936355591e-01
4.523966610431671143e-01
1.012622565031051636e-01
3.228947520256042480e-01
3.388391137123107910e-01
1.791072636842727661e-01
1.007830649614334106e-01
1.487306654453277588e-01
1.333550512790679932e-01
1.610051989555358887e-01
3.538371324539184570e-01
2.670582532882690430e-01
3.165098130702972412e-01
2.945601046085357666e-01
7.825756072998046875e-02
2.087651342153549194e-01
2.392206639051437378e-01
1.217619627714157104e-01
2.378745377063751221e-01
1.409177482128143311e-01
2.377392649650573730e-01
2.936543822288513184e-01
3.598481416702270508e-01
2.007060647010803223e-01
4.336170852184295654e-01
3.726937174797058105e-01
1.093067973852157593e-01
2.632397711277008057e-01
3.379222750663757324e-01
2.792068421840667725e-01
1.463368386030197144e-01
1.760143786668777466e-01
1.395717561244964600e-01
2.956738173961639404e-01
2.824720144271850586e-01
1.499178707599639893e-01
8.647581934928894043e-02
1.147632896900177002e-01
1.991791725158691406e-01
1.847317218780517578e-01
2.711908817291259766e-01
1.510999500751495361e-01
1.249257028102874756e-01
1.163139939308166504e-01
9.069416671991348267e-02
3.042030036449432373e-01
1.425106227397918701e-01
1.443509757518768311e-01
2.106607407331466675e-01
9.336195886135101318e-02
1.266251504421234131e-01
9.568153321743011475e-02
4.600040614604949951e-01
4.412034451961517334e-01
2.699936032295227051e-01
1.361984014511108398e-01
2.324506938457489014e-01
3.089719414710998535e-01
4.725860953330993652e-01
1.938784718513488770e-01
3.504970073699951172e-01
2.383206188678741455e-01
2.902853488922119141e-01
1.384230256080627441e-01
3.812301158905029297e-01
6.983808428049087524e-02
2.014334499835968018e-01
1.238131448626518250e-01
1.856148242950439453e-01
1.362379342317581177e-01
3.110842108726501465e-01
1.932945847511291504e-01
3.711986541748046875e-01
3.685105144977569580e-01
3.212894797325134277e-01
1.111870706081390381e-01
2.857742309570312500e-01
2.755641937255859375e-01
1.021969094872474670e-01
1.087392047047615051e-01
1.309775710105895996e-01
1.641259789466857910e-01
1.942382603883743286e-01
2.899276614189147949e-01
9.029670804738998413e-02
2.324648201465606689e-01
1.725080907344818115e-01
2.645479440689086914e-01
4.615370035171508789e-01
3.236404359340667725e-01
1.789126843214035034e-01
1.999751478433609009e-01
1.432784497737884521e-01
2.426878511905670166e-01
1.663809716701507568e-01
2.734802961349487305e-01
3.220976591110229492e-01
2.538101077079772949e-01
2.341160774230957031e-01
2.920958995819091797e-01
3.807436823844909668e-01
1.710448414087295532e-01
1.216217577457427979e-01
1.538129597902297974e-01
2.755028307437896729e-01
2.556126415729522705e-01
2.899887263774871826e-01
2.244975268840789795e-01
1.782488822937011719e-01
3.024831414222717285e-01
1.852293759584426880e-01
2.207003086805343628e-01
1.755012273788452148e-01
2.532855868339538574e-01
2.584777474403381348e-01
2.023876458406448364e-01
2.050711810588836670e-01
1.723491847515106201e-01
2.346545159816741943e-01
1.119392290711402893e-01
1.947853416204452515e-01
7.763729989528656006e-02
3.191241919994354248e-01
2.966270446777343750e-01
3.503026068210601807e-01
2.369387447834014893e-01
8.622881770133972168e-02
2.282185405492782593e-01
2.547971308231353760e-01
1.254009306430816650e-01
2.285153269767761230e-01
1.862395107746124268e-01
2.744433879852294922e-01
3.103398680686950684e-01
3.819454908370971680e-01
3.012738525867462158e-01
3.365240395069122314e-01
1.209417283535003662e-01
4.169236421585083008e-01
1.324210762977600098e-01
2.850287854671478271e-01
3.581475317478179932e-01
3.233293294906616211e-01
2.231999337673187256e-01
1.337206065654754639e-01
1.628603339195251465e-01
1.951419860124588013e-01
2.045304179191589355e-01
2.393155097961425781e-01
2.234836667776107788e-01
2.318974435329437256e-01
2.823577225208282471e-01
3.491781055927276611e-01
1.486477851867675781e-01
1.178999021649360657e-01
3.980782926082611084e-01
7.763749361038208008e-02
2.699207961559295654e-01
7.115237414836883545e-02
1.578192859888076782e-01
2.754320204257965088e-01
1.894176155328750610e-01
4.072912335395812988e-01
2.065473794937133789e-01
2.235142886638641357e-01
3.483145534992218018e-01
2.621973156929016113e-01
2.234453856945037842e-01
1.816123425960540771e-01
1.508743464946746826e-01
1.054018661379814148e-01
1.657901406288146973e-01
3.881276249885559082e-01
1.299509108066558838e-01
2.141194492578506470e-01
3.008445501327514648e-01
1.830699294805526733e-01
1.557909846305847168e-01
1.139534339308738708e-01
2.751228809356689453e-01
3.597902059555053711e-01
5.820187553763389587e-02
2.943891286849975586e-01
3.773968219757080078e-01
1.777050495147705078e-01
2.216808795928955078e-01
2.198488414287567139e-01
1.391115784645080566e-01
1.953641623258590698e-01
1.384619474411010742e-01
1.000524908304214478e-01
4.177650511264801025e-01
3.308062553405761719e-01
3.765219748020172119e-01
1.871202588081359863e-01
1.112189739942550659e-01
1.496428847312927246e-01
2.014294117689132690e-01
3.111131787300109863e-01
1.143313497304916382e-01
1.849664300680160522e-01
2.746628522872924805e-01
2.737069725990295410e-01
1.182481944561004639e-01
3.255837559700012207e-01
2.984573543071746826e-01
2.032214254140853882e-01
7.537047564983367920e-02
1.344353854656219482e-01
7.626413553953170776e-02
2.438810169696807861e-01
2.439668476581573486e-01
2.128150463104248047e-01
2.714823186397552490e-01
3.007290363311767578e-01
2.802924215793609619e-01
1.494952291250228882e-01
1.030418947339057922e-01
1.226118057966232300e-01
4.413311779499053955e-01
2.312753796577453613e-01
2.335524559020996094e-01
1.713461279869079590e-01
1.785147935152053833e-01
4.127501249313354492e-01
2.887026667594909668e-01
1.102219074964523315e-01
3.646029829978942871e-01
1.269431561231613159e-01
5.515211820602416992e-01
1.331866681575775146e-01
2.370190024375915527e-01
3.058666586875915527e-01
2.820781767368316650e-01
2.949682474136352539e-01
1.228152289986610413e-01
1.735739409923553467e-01
5.435607433319091797e-01
1.516303569078445435e-01
1.696517020463943481e-01
1.530573666095733643e-01
2.137458324432373047e-01
1.860359460115432739e-01
9.311217069625854492e-02
3.320547938346862793e-01
2.437257319688796997e-01
6.978333741426467896e-02
4.563995599746704102e-01
1.694853007793426514e-01
3.559355735778808594e-01
1.372711360454559326e-01
2.638740539550781250e-01
1.599910706281661987e-01
2.462961077690124512e-01
2.829570770263671875e-01
1.130802482366561890e-01
3.178575634956359863e-01
2.092329859733581543e-01
2.461400777101516724e-01
2.882193326950073242e-01
2.229170948266983032e-01
3.475678265094757080e-01
2.035186886787414551e-01
2.066463679075241089e-01
1.424143612384796143e-01
3.570483624935150146e-01
1.764218658208847046e-01
3.263280391693115234e-01
2.018883973360061646e-01
3.045757412910461426e-01
2.506752610206604004e-01
2.030695527791976929e-01
1.413738131523132324e-01
2.668664455413818359e-01
5.461270809173583984e-01
2.777411341667175293e-01
2.509530782699584961e-01
1.511770486831665039e-01
1.152727305889129639e-01
1.305672824382781982e-01
1.743843555450439453e-01
8.665769547224044800e-02
1.403645426034927368e-01
4.220227301120758057e-01
1.053600907325744629e-01
9.695684909820556641e-02
1.529524475336074829e-01
2.997919321060180664e-01
1.116323024034500122e-01
2.122903615236282349e-01
3.265057206153869629e-01
1.656221002340316772e-01
4.372996091842651367e-01
3.842661380767822266e-01
4.913533926010131836e-01
1.849086731672286987e-01
2.999766170978546143e-01
2.041756212711334229e-01
1.669191569089889526e-01
3.192340135574340820e-01
5.517414808273315430e-01
3.664762973785400391e-01
3.023327291011810303e-01
4.325521886348724365e-01
2.712461948394775391e-01
9.569390118122100830e-02
4.588822424411773682e-01
1.412338018417358398e-01
2.018992006778717041e-01
1.837779879570007324e-01
2.865403592586517334e-01
3.968128263950347900e-01
1.729828417301177979e-01
3.750377893447875977e-01
2.015994638204574585e-01
3.433749079704284668e-01
2.870352864265441895e-01
1.766024529933929443e-01
2.215813994407653809e-01
1.653102636337280273e-01
2.602564692497253418e-01
1.133454963564872742e-01
7.925819605588912964e-02
2.367069423198699951e-01
9.397302567958831787e-02
1.751292794942855835e-01
1.523081809282302856e-01
9.436815977096557617e-02
9.877570718526840210e-02
4.102946221828460693e-01
2.035247087478637695e-01
1.730135679244995117e-01
1.142456233501434326e-01
1.587736457586288452e-01
7.259348779916763306e-02
5.542620420455932617e-01
2.532591819763183594e-01
3.538838028907775879e-01
2.981751561164855957e-01
1.598272919654846191e-01
4.614966213703155518e-01
1.189050972461700439e-01
2.276460826396942139e-01
1.185780763626098633e-01
2.659758031368255615e-01
1.831335872411727905e-01
2.085446119308471680e-01
3.617300689220428467e-01
1.738027632236480713e-01
2.220367491245269775e-01
1.281536221504211426e-01
1.254813522100448608e-01
1.791281104087829590e-01
1.650960296392440796e-01
2.699048817157745361e-01
2.306966185569763184e-01
2.521210610866546631e-01
3.627502918243408203e-01
2.117201387882232666e-01
2.046328634023666382e-01
1.354002952575683594e-01
4.721088707447052002e-01
1.306031793355941772e-01
9.845836460590362549e-02
1.208591759204864502e-01
2.426503002643585205e-01
2.637803554534912109e-01
1.710278987884521484e-01
2.124306559562683105e-01
1.983138620853424072e-01
3.833303749561309814e-01
1.855741739273071289e-01
1.487925350666046143e-01
4.221058487892150879e-01
2.222223281860351562e-01
4.182789623737335205e-01
1.324004679918289185e-01
3.902600109577178955e-01
3.723591566085815430e-01
2.976587414741516113e-01
4.078432321548461914e-01
2.990747988224029541e-01
3.174963593482971191e-01
3.658272624015808105e-01
2.053209841251373291e-01
2.451989650726318359e-01
2.242774814367294312e-01
2.944317460060119629e-01
2.454572468996047974e-01
2.939943373203277588e-01
2.569403946399688721e-01
1.191215813159942627e-01
4.801034331321716309e-01
2.950103878974914551e-01
2.406390607357025146e-01
2.548183798789978027e-01
1.038628965616226196e-01
1.702325940132141113e-01
3.503202795982360840e-01
2.272408306598663330e-01
2.576646208763122559e-01
5.188316851854324341e-02
8.803674578666687012e-02
2.334524691104888916e-01
9.964919090270996094e-02
1.926891803741455078e-01
1.077674627304077148e-01
2.131846547126770020e-01
2.359169274568557739e-01
2.196030616760253906e-01
2.829628288745880127e-01
2.520437836647033691e-01
1.536848694086074829e-01
4.129845499992370605e-01
2.496229261159896851e-01
4.565029144287109375e-01
2.973220348358154297e-01
7.242655009031295776e-02
4.591126739978790283e-01
1.866644322872161865e-01
1.546509414911270142e-01
2.622017860412597656e-01
2.884774506092071533e-01
3.292971849441528320e-01
2.064290344715118408e-01
1.389420777559280396e-01
1.872483193874359131e-01
1.169180199503898621e-01
1.295690536499023438e-01
1.769416481256484985e-01
1.915604770183563232e-01
2.806201577186584473e-01
4.591144919395446777e-01
6.797156482934951782e-02
2.530763149261474609e-01
9.832115471363067627e-02
1.957642436027526855e-01
1.908215284347534180e-01
1.709516793489456177e-01
5.709374696016311646e-02
1.232275664806365967e-01
1.255916059017181396e-01
3.462342023849487305e-01
2.016389220952987671e-01
4.646795988082885742e-01
9.803222119808197021e-02
4.027624726295471191e-01
4.235234260559082031e-01
2.300254702568054199e-01
1.490855365991592407e-01
3.813193142414093018e-01
1.404140591621398926e-01
1.135475337505340576e-01
1.273303329944610596e-01
1.393496841192245483e-01
1.876066178083419800e-01
9.563405066728591919e-02
1.852179616689682007e-01
2.883709669113159180e-01
2.857491672039031982e-01
3.048048615455627441e-01
1.182471364736557007e-01
2.338220924139022827e-01
2.415961623191833496e-01
1.414831876754760742e-01
1.951098144054412842e-01
2.415084540843963623e-01
5.713555216789245605e-02
2.906274795532226562e-01
1.590179800987243652e-01
3.041836619377136230e-01
1.880757510662078857e-01
7.538318634033203125e-02
1.199909299612045288e-01
2.362485229969024658e-01
9.832523763179779053e-02
8.950231969356536865e-02
2.088938653469085693e-01
4.018198251724243164e-01
1.589468419551849365e-01
2.076147496700286865e-01
3.494637310504913330e-01
3.473789095878601074e-01
1.743737906217575073e-01
2.323319613933563232e-01
8.042340725660324097e-02
1.576877683401107788e-01
3.612316846847534180e-01
2.853088080883026123e-01
2.269144058227539062e-01
1.521162241697311401e-01
3.641203641891479492e-01
2.151921093463897705e-01
1.130571663379669189e-01
2.008053064346313477e-01
1.989836692810058594e-01
1.199477910995483398e-01
3.869714736938476562e-01
2.466120570898056030e-01
6.826816499233245850e-02
1.881392896175384521e-01
5.212726593017578125e-01
2.186972945928573608e-01
2.390455603599548340e-01
3.602226674556732178e-01
2.187087684869766235e-01
3.458486795425415039e-01
9.720081090927124023e-02
1.547540724277496338e-01
1.419278383255004883e-01
3.027854263782501221e-01
2.575027942657470703e-01
3.103938698768615723e-01
2.526316940784454346e-01
1.935686320066452026e-01
2.702597081661224365e-01
3.998663648962974548e-02
7.876890897750854492e-02
2.067624628543853760e-01
2.317797243595123291e-01
2.455650717020034790e-01
7.872609794139862061e-02
2.680714130401611328e-01
1.010544076561927795e-01
1.628917008638381958e-01
3.941555023193359375e-01
2.747513651847839355e-01
2.822331786155700684e-01
1.663312166929244995e-01
2.469130456447601318e-01
2.261377871036529541e-01
4.906730651855468750e-01
2.091031074523925781e-01
1.467050611972808838e-01
2.859338521957397461e-01
2.201908528804779053e-01
1.263353228569030762e-01
2.658008038997650146e-01
1.426175534725189209e-01
1.305698156356811523e-01
1.988991498947143555e-01
1.734695434570312500e-01
3.328712582588195801e-01
2.526664733886718750e-01
1.552204489707946777e-01
2.246978282928466797e-01
1.134135872125625610e-01
2.717909812927246094e-01
3.584841489791870117e-01
8.889771997928619385e-02
2.027102559804916382e-01
1.268718242645263672e-01
2.282012104988098145e-01
3.630151450634002686e-01
2.588177919387817383e-01
1.429206728935241699e-01
1.016576737165451050e-01
8.739179372787475586e-02
1.749947965145111084e-01
2.615431547164916992e-01
6.743068248033523560e-02
4.235458672046661377e-01
1.220467463135719299e-01
2.048909366130828857e-01
2.552032172679901123e-01
5.071333050727844238e-01
4.379753768444061279e-01
1.671911776065826416e-01
3.608304858207702637e-01
1.750557422637939453e-01
4.865247607231140137e-01
4.436267614364624023e-01
4.251636862754821777e-01
3.264317512512207031e-01
1.818438768386840820e-01
2.506205439567565918e-01
2.868386507034301758e-01
8.947515487670898438e-02
1.112280637025833130e-01
1.880948692560195923e-01
3.080743253231048584e-01
2.476959228515625000e-01
4.760307073593139648e-01
2.394647896289825439e-01
2.807256281375885010e-01
2.102548480033874512e-01
1.746861040592193604e-01
1.447323560714721680e-01
2.576286792755126953e-01
1.830713599920272827e-01
2.838496565818786621e-01
2.705892622470855713e-01
1.290232241153717041e-01
3.298029899597167969e-01
1.958661377429962158e-01
2.291076481342315674e-01
1.993160992860794067e-01
2.372066676616668701e-01
1.296478360891342163e-01
2.980175018310546875e-01
3.156290352344512939e-01
2.100923657417297363e-01
2.874879240989685059e-01
1.327359080314636230e-01
1.717189252376556396e-01
3.700619637966156006e-01
2.130711823701858521e-01
1.735660582780838013e-01
1.893939226865768433e-01
5.036864280700683594e-01
4.302567243576049805e-01
3.139180839061737061e-01
2.228748351335525513e-01
2.315396070480346680e-01
2.128897011280059814e-01
4.939801096916198730e-01
2.852351069450378418e-01
1.810418367385864258e-01
2.334321141242980957e-01
1.918658912181854248e-01
1.794084012508392334e-01
1.410307139158248901e-01
3.321849107742309570e-01
3.185597658157348633e-01
2.341358065605163574e-01
2.847923636436462402e-01
2.869192659854888916e-01
2.381463646888732910e-01
2.527529895305633545e-01
1.298580169677734375e-01
4.464547634124755859e-01
2.964079976081848145e-01
2.670181393623352051e-01
1.825873702764511108e-01
4.659517854452133179e-02
2.266621440649032593e-01
8.185096085071563721e-02
2.244161516427993774e-01
8.870419859886169434e-02
1.303898990154266357e-01
8.436786383390426636e-02
2.796859741210937500e-01
2.360757887363433838e-01
7.206505537033081055e-02
5.866450667381286621e-01
3.767943382263183594e-01
1.378284841775894165e-01
2.333880811929702759e-01
3.051343560218811035e-01
5.064380168914794922e-01
1.937596201896667480e-01
1.828240752220153809e-01
3.499803841114044189e-01
2.004126608371734619e-01
1.884382367134094238e-01
2.987494170665740967e-01
1.342411041259765625e-01
1.449787914752960205e-01
4.490482807159423828e-02
2.824935615062713623e-01
7.482779026031494141e-02
9.809570759534835815e-02
1.716036200523376465e-01
2.370420992374420166e-01
5.141011476516723633e-01
2.379354834556579590e-01
1.590438485145568848e-01
7.394831627607345581e-02
2.549704909324645996e-01
3.938491642475128174e-01
2.673962712287902832e-01
1.719205379486083984e-01
2.522632181644439697e-01
2.125346362590789795e-01
2.020597159862518311e-01
1.235970780253410339e-01
1.875141263008117676e-01
1.387353837490081787e-01
6.163439750671386719e-01
1.871424317359924316e-01
1.637199968099594116e-01
2.224343419075012207e-01
1.071150749921798706e-01
2.176968753337860107e-01
1.763671636581420898e-01
1.870086193084716797e-01
3.417524695396423340e-01
2.413606196641921997e-01
1.907424032688140869e-01
5.065699666738510132e-02
5.304428339004516602e-01
3.239278197288513184e-01
1.733020842075347900e-01
9.544924646615982056e-02
1.882607638835906982e-01
1.084768772125244141e-01
1.538384258747100830e-01
1.484025418758392334e-01
5.189569592475891113e-01
1.094095185399055481e-01
2.759136557579040527e-01
1.926128715276718140e-01
5.902831628918647766e-02
4.648847877979278564e-02
2.772156000137329102e-01
1.573565304279327393e-01
3.095875978469848633e-01
1.712162345647811890e-01
4.835768342018127441e-01
2.523573637008666992e-01
7.226905226707458496e-02
3.492536842823028564e-01
1.857056170701980591e-01
8.658527582883834839e-02
2.453686594963073730e-01
1.717276871204376221e-01
1.390084177255630493e-01
3.182053565979003906e-01
2.789842188358306885e-01
1.270680427551269531e-01
3.265338838100433350e-01
1.526256501674652100e-01
6.026881337165832520e-01
3.129175007343292236e-01
5.831175297498703003e-02
2.678885161876678467e-01
5.856028944253921509e-02
3.024208247661590576e-01
9.600275009870529175e-02
2.322266697883605957e-01
2.412120699882507324e-01
2.405154556035995483e-01
1.707671433687210083e-01
4.291389584541320801e-01
4.606644436717033386e-02
9.516361355781555176e-02
2.673149704933166504e-01
9.650938957929611206e-02
2.499167323112487793e-01
4.818659275770187378e-02
2.636349499225616455e-01
1.630429625511169434e-01
2.439946830272674561e-01
2.829344868659973145e-01
9.877584874629974365e-02
1.873649060726165771e-01
2.404573261737823486e-01
1.747333705425262451e-01
3.571152687072753906e-01
3.302524983882904053e-01
1.590894460678100586e-01
2.351270318031311035e-01
1.934415847063064575e-01
1.195762753486633301e-01
3.407737016677856445e-01
2.615422904491424561e-01
2.600960135459899902e-01
1.494313478469848633e-01
2.632009088993072510e-01
1.071516647934913635e-01
8.464665710926055908e-02
1.216701120138168335e-01
2.294186502695083618e-01
3.160480782389640808e-02
3.957624733448028564e-01
1.313309967517852783e-01
3.192975521087646484e-01
4.213210940361022949e-01
1.244319379329681396e-01
1.514496654272079468e-01
2.595489621162414551e-01
3.047845363616943359e-01
3.786486089229583740e-01
4.395461380481719971e-01
2.650970816612243652e-01
2.949938774108886719e-01
1.402747035026550293e-01
3.530821204185485840e-01
2.912638783454895020e-01
2.616571187973022461e-01
4.128226637840270996e-01
2.768408656120300293e-01
3.195510506629943848e-01
2.334003448486328125e-01
9.558577090501785278e-02
2.066546231508255005e-01
2.584339976310729980e-01
1.732992678880691528e-01
9.275349974632263184e-02
1.610970497131347656e-01
3.884031772613525391e-01
2.485118061304092407e-01
2.066607177257537842e-01
2.382182925939559937e-01
3.835050463676452637e-01
3.496654927730560303e-01
2.571017146110534668e-01
1.990249752998352051e-01
1.192713826894760132e-01
2.538765370845794678e-01
1.797670871019363403e-01
2.735511958599090576e-01
3.775349557399749756e-01
1.728383451700210571e-01
2.373344898223876953e-01
3.214815855026245117e-01
2.124391198158264160e-01
3.091728985309600830e-01
3.843940496444702148e-01
2.429521977901458740e-01
2.470356225967407227e-01
2.878416776657104492e-01
2.208779007196426392e-01
3.269644975662231445e-01
1.271142661571502686e-01
1.884225755929946899e-01
1.811550706624984741e-01
2.537610381841659546e-02
5.826429277658462524e-02
2.379619330167770386e-01
4.308586716651916504e-01
3.337337374687194824e-01
2.106575965881347656e-01
3.368614614009857178e-01
3.483527004718780518e-01
2.642834186553955078e-01
1.460587084293365479e-01
2.774423658847808838e-01
1.121987849473953247e-01
2.911489009857177734e-01
1.825225204229354858e-01
2.234503626823425293e-01
1.160644814372062683e-01
3.937331438064575195e-01
2.017841935157775879e-01
2.627818584442138672e-01
1.340833902359008789e-01
1.941125094890594482e-01
1.532744169235229492e-01
1.876066029071807861e-01
4.744134098291397095e-02
2.898340523242950439e-01
3.850331604480743408e-01
1.199282705783843994e-01
3.051142096519470215e-01
2.844026684761047363e-01
2.430837452411651611e-01
2.840622365474700928e-01
2.612860202789306641e-01
2.058719694614410400e-01
1.151287332177162170e-01
8.961977809667587280e-02
3.484671711921691895e-01
6.246660947799682617e-01
