3.072616085410118103e-02
6.753446906805038452e-02
1.862480491399765015e-01
3.221715688705444336e-01
7.383240759372711182e-02
2.117979973554611206e-01
6.757461279630661011e-02
5.970918387174606323e-02
1.061725914478302002e-01
2.103970348834991455e-01
9.056748449802398682e-02
1.466667503118515015e-01
2.707956135272979736e-01
2.114896178245544434e-01
2.637957334518432617e-01
2.002448588609695435e-01
1.666982471942901611e-01
1.722391992807388306e-01
1.799147576093673706e-01
2.851308286190032959e-01
1.893228590488433838e-01
9.580297768115997314e-02
2.540223598480224609e-01
1.531870365142822266e-01
3.104893565177917480e-01
7.891033589839935303e-02
9.085058420896530151e-02
2.024348080158233643e-01
3.835301399230957031e-01
1.447439789772033691e-01
2.494589686393737793e-01
1.907852441072463989e-01
1.222917959094047546e-01
5.798589438199996948e-02
2.685127556324005127e-01
1.475411653518676758e-01
2.084961831569671631e-01
1.807726770639419556e-01
3.369386792182922363e-01
6.800696253776550293e-02
1.772436499595642090e-01
3.794060945510864258e-01
9.450127184391021729e-02
3.780584782361984253e-02
5.291364341974258423e-02
1.896578818559646606e-01
6.139025092124938965e-01
1.728281229734420776e-01
1.104448586702346802e-01
1.480578929185867310e-01
1.144160851836204529e-01
1.100086271762847900e-01
1.064155697822570801e-01
1.246913373470306396e-01
8.852963894605636597e-02
1.234550625085830688e-01
7.274984568357467651e-02
3.427991867065429688e-01
3.333782851696014404e-01
1.371426582336425781e-01
4.400195553898811340e-02
1.109474599361419678e-01
3.667955994606018066e-01
1.686273366212844849e-01
1.491268724203109741e-01
1.784159541130065918e-01
2.002060562372207642e-01
2.224672436714172363e-01
8.566202223300933838e-02
3.395301699638366699e-01
2.699850499629974365e-01
2.725567221641540527e-01
2.328441441059112549e-01
5.949913710355758667e-02
1.909021586179733276e-01
1.591357290744781494e-01
2.965626120567321777e-01
1.186332628130912781e-01
2.094547748565673828e-01
2.479321956634521484e-01
1.072215810418128967e-01
1.486582159996032715e-01
1.882857680320739746e-01
6.984892487525939941e-02
2.268745303153991699e-01
7.276616990566253662e-02
2.980020642280578613e-01
1.113106906414031982e-01
1.686161160469055176e-01
8.433340489864349365e-02
1.048295497894287109e-01
1.775021702051162720e-01
1.540319472551345825e-01
1.249706670641899109e-01
1.078240275382995605e-01
2.930527925491333008e-01
8.877948671579360962e-02
1.502605974674224854e-01
2.196202427148818970e-01
7.343765348196029663e-02
8.347714692354202271e-02
1.259521245956420898e-01
4.009206220507621765e-02
4.450672268867492676e-01
1.031975895166397095e-01
5.430420115590095520e-02
9.071551263332366943e-02
3.399001657962799072e-01
1.998180896043777466e-01
7.863283157348632812e-02
1.943346858024597168e-01
1.526021659374237061e-01
1.103660911321640015e-01
3.497761487960815430e-01
2.646616697311401367e-01
5.908816307783126831e-02
1.614314168691635132e-01
2.032132297754287720e-01
1.617225259542465210e-01
1.858459711074829102e-01
1.319611221551895142e-01
1.009658500552177429e-01
8.712451159954071045e-02
1.876952499151229858e-01
9.658838808536529541e-02
2.526090145111083984e-01
2.276939749717712402e-01
5.221398919820785522e-02
9.093090891838073730e-02
1.718340218067169189e-01
7.038991153240203857e-02
8.903731405735015869e-02
3.704096749424934387e-02
1.833465397357940674e-01
3.077463209629058838e-01
1.614292114973068237e-01
1.389391869306564331e-01
2.976883947849273682e-01
2.687911316752433777e-02
1.533292829990386963e-01
2.119373828172683716e-01
1.619987487792968750e-01
2.578973472118377686e-01
4.035441279411315918e-01
6.201795116066932678e-02
2.008954733610153198e-01
1.151253283023834229e-01
2.168732136487960815e-01
7.817719131708145142e-02
8.021635562181472778e-02
7.289449870586395264e-02
1.066553667187690735e-01
2.734958529472351074e-01
2.372976243495941162e-01
8.417996764183044434e-02
6.784220039844512939e-02
1.774033904075622559e-01
2.618840634822845459e-01
2.591978311538696289e-01
7.702337950468063354e-02
2.213681861758232117e-02
3.013979792594909668e-01
1.705853641033172607e-01
7.070694863796234131e-02
2.244885861873626709e-01
1.597824245691299438e-01
5.984311923384666443e-02
1.354230344295501709e-01
1.637239158153533936e-01
9.708952903747558594e-02
1.175851076841354370e-01
2.328581809997558594e-01
1.688199341297149658e-01
2.588591873645782471e-01
1.473123729228973389e-01
1.535637974739074707e-01
7.686175405979156494e-02
4.238369166851043701e-01
1.979775130748748779e-01
1.805004179477691650e-01
2.020647823810577393e-01
1.279604732990264893e-01
9.890389442443847656e-02
2.813593447208404541e-01
1.983978450298309326e-01
1.023980751633644104e-01
2.944366931915283203e-01
1.982147097587585449e-01
1.892718970775604248e-01
2.380642294883728027e-01
1.963817626237869263e-01
1.144544929265975952e-01
2.563134208321571350e-02
2.146048545837402344e-01
1.538147032260894775e-01
3.288899362087249756e-02
1.885725557804107666e-01
3.464159965515136719e-01
3.677492588758468628e-02
1.288835853338241577e-01
1.895574182271957397e-01
1.730514317750930786e-01
2.332824170589447021e-01
3.542857170104980469e-01
3.089339435100555420e-01
1.092696785926818848e-01
1.900512874126434326e-01
5.010128617286682129e-01
1.185416579246520996e-01
1.804754137992858887e-01
3.192935585975646973e-01
1.550386548042297363e-01
3.717988133430480957e-01
7.887336611747741699e-02
5.192368850111961365e-02
1.112805455923080444e-01
2.730310261249542236e-01
2.243347764015197754e-01
2.631484568119049072e-01
7.870225608348846436e-02
2.140933871269226074e-01
1.716957241296768188e-01
1.852849870920181274e-01
2.645397186279296875e-01
1.932915300130844116e-01
2.208195775747299194e-01
6.881169974803924561e-02
2.592608630657196045e-01
1.510044336318969727e-01
5.575899034738540649e-02
2.057020515203475952e-01
1.448849141597747803e-01
2.256940901279449463e-01
2.116916626691818237e-01
1.893378794193267822e-01
3.098125159740447998e-01
1.927030980587005615e-01
2.642880752682685852e-02
7.858724147081375122e-02
8.611754328012466431e-02
1.215730980038642883e-01
5.317154526710510254e-02
1.439082771539688110e-01
1.223889887332916260e-01
1.064014583826065063e-01
1.092639118432998657e-01
1.761911511421203613e-01
3.292107582092285156e-01
1.611461341381072998e-01
9.807875007390975952e-02
3.002218306064605713e-01
5.446969345211982727e-02
2.315694689750671387e-01
3.597842156887054443e-01
1.572236418724060059e-01
6.497747451066970825e-02
1.995558589696884155e-01
1.603442579507827759e-01
7.734596729278564453e-02
1.436579823493957520e-01
8.399163931608200073e-02
3.214205801486968994e-01
2.222197502851486206e-01
1.670675277709960938e-01
1.661148518323898315e-01
3.773851394653320312e-01
3.428570926189422607e-01
1.006983369588851929e-01
2.051541656255722046e-01
1.280713081359863281e-01
2.843876779079437256e-01
2.556742429733276367e-01
1.952579468488693237e-01
1.186962276697158813e-01
5.936139076948165894e-02
8.059129118919372559e-02
6.378583610057830811e-02
3.607589602470397949e-01
7.246100157499313354e-02
1.584296375513076782e-01
2.099732905626296997e-01
7.218556106090545654e-02
3.182988241314888000e-02
1.334393024444580078e-01
1.384802162647247314e-01
1.597645878791809082e-01
7.932929694652557373e-02
1.541943848133087158e-01
3.193615674972534180e-01
3.286609649658203125e-01
1.348405778408050537e-01
8.916738629341125488e-02
1.267587840557098389e-01
1.359841078519821167e-01
1.201645806431770325e-01
1.718871295452117920e-01
2.715898752212524414e-01
2.257759422063827515e-01
2.396803498268127441e-01
9.679595381021499634e-02
1.482440382242202759e-01
2.057734131813049316e-01
1.580789685249328613e-01
2.608523964881896973e-01
5.296017229557037354e-02
2.069239765405654907e-01
1.117931008338928223e-01
3.555634319782257080e-01
1.097804531455039978e-01
5.260076522827148438e-01
8.997923880815505981e-02
2.068751305341720581e-01
2.613803446292877197e-01
1.628009080886840820e-01
1.770355999469757080e-01
2.847053408622741699e-01
2.401436865329742432e-01
2.880297005176544189e-01
1.152117773890495300e-01
1.189928054809570312e-01
1.665687561035156250e-01
2.424827367067337036e-01
1.802965402603149414e-01
8.250219374895095825e-02
2.869592308998107910e-01
2.222246229648590088e-01
2.889992594718933105e-01
7.835978269577026367e-02
1.794108897447586060e-01
1.803443729877471924e-01
5.445746704936027527e-02
2.597545981407165527e-01
2.564405798912048340e-01
1.024754196405410767e-01
2.073956876993179321e-01
2.618977427482604980e-02
2.626531124114990234e-01
3.126195669174194336e-01
9.054620563983917236e-02
3.766473531723022461e-01
1.446565091609954834e-01
5.506665706634521484e-01
3.281924724578857422e-01
1.743640154600143433e-01
2.543370723724365234e-01
3.695736229419708252e-01
1.852945685386657715e-01
1.545732468366622925e-01
2.562304735183715820e-01
2.255489379167556763e-01
1.843517869710922241e-01
8.125749975442886353e-02
1.255779564380645752e-01
1.747922599315643311e-01
1.344683468341827393e-01
2.058589756488800049e-01
1.402989476919174194e-01
3.221701383590698242e-01
1.864863485097885132e-01
7.565493881702423096e-02
1.198793947696685791e-01
1.178666055202484131e-01
2.637410759925842285e-01
2.940407395362854004e-01
1.118633300065994263e-01
2.647114992141723633e-01
1.704889684915542603e-01
7.375904172658920288e-02
2.792748808860778809e-01
3.836840391159057617e-02
7.896275073289871216e-02
2.356592714786529541e-01
4.307195842266082764e-01
5.341239571571350098e-01
2.329117953777313232e-01
1.184414327144622803e-01
2.777464687824249268e-01
1.573062688112258911e-01
1.232818514108657837e-01
1.010567471385002136e-01
4.315060675144195557e-01
1.051992401480674744e-01
2.514252662658691406e-01
3.212045431137084961e-01
3.328931331634521484e-01
1.365003287792205811e-01
1.593031585216522217e-01
1.896981000900268555e-01
7.916451990604400635e-02
2.476379126310348511e-01
2.309202849864959717e-01
2.947179079055786133e-01
1.908309310674667358e-01
1.870400160551071167e-01
9.745940566062927246e-02
5.126667022705078125e-02
2.188542783260345459e-01
2.427476644515991211e-01
3.060222268104553223e-01
2.755554914474487305e-01
3.879890739917755127e-01
1.039235591888427734e-01
8.915809541940689087e-02
1.590194404125213623e-01
2.933805584907531738e-01
1.818090379238128662e-01
2.889953553676605225e-01
9.612166136503219604e-02
2.180106937885284424e-01
1.952657401561737061e-01
9.662055969238281250e-02
2.261437922716140747e-01
1.363374739885330200e-01
3.203260898590087891e-01
1.726272255182266235e-01
4.057037830352783203e-01
1.603513807058334351e-01
2.911321818828582764e-01
2.198470383882522583e-01
9.875833988189697266e-02
1.682989001274108887e-01
1.499007493257522583e-01
1.443073451519012451e-01
6.557943820953369141e-01
1.833275258541107178e-01
9.045194834470748901e-02
9.731109440326690674e-02
8.768285065889358521e-02
2.344342172145843506e-01
1.312043964862823486e-01
3.424748033285140991e-02
1.085377335548400879e-01
1.398341357707977295e-01
2.162025868892669678e-01
1.152361258864402771e-01
2.521173059940338135e-01
2.221024483442306519e-01
3.401483893394470215e-01
4.520739242434501648e-02
4.247739911079406738e-02
1.065898612141609192e-01
2.129967063665390015e-01
1.577033698558807373e-01
3.234582841396331787e-01
9.981896728277206421e-02
6.848977506160736084e-02
9.364592283964157104e-02
8.760419487953186035e-02
1.511168032884597778e-01
2.269164025783538818e-01
4.230179637670516968e-02
1.809582710266113281e-01
5.253776311874389648e-01
2.672465331852436066e-02
1.111529469490051270e-01
2.109422087669372559e-01
1.405666917562484741e-01
2.641990780830383301e-01
9.180266410112380981e-02
7.332906126976013184e-02
2.257815748453140259e-01
7.365322858095169067e-02
1.094342842698097229e-01
2.920498251914978027e-01
2.221418321132659912e-01
5.612217634916305542e-02
1.008123010396957397e-01
5.909555032849311829e-02
2.823754549026489258e-01
1.522896438837051392e-01
1.091056168079376221e-01
3.623946309089660645e-01
8.561614155769348145e-02
4.320097267627716064e-01
4.507381469011306763e-02
1.562250852584838867e-01
9.713569283485412598e-02
7.995654642581939697e-02
1.698431819677352905e-01
2.830721735954284668e-01
1.307077556848526001e-01
8.153574168682098389e-02
3.680155873298645020e-01
1.515841186046600342e-01
6.976954638957977295e-02
1.297517716884613037e-01
2.153591960668563843e-01
1.027638316154479980e-01
3.233331441879272461e-01
1.786606609821319580e-01
1.979350596666336060e-01
1.127757057547569275e-01
2.379003763198852539e-01
6.286354362964630127e-02
1.023625433444976807e-01
1.313199251890182495e-01
2.913415729999542236e-01
1.865352392196655273e-01
1.246272325515747070e-01
1.114852502942085266e-01
2.817547917366027832e-01
3.723230361938476562e-01
2.126411646604537964e-01
3.811160922050476074e-01
2.951484322547912598e-01
1.496627181768417358e-01
2.576451301574707031e-01
7.164303958415985107e-02
1.301350742578506470e-01
1.148925274610519409e-01
1.424199640750885010e-01
6.029204279184341431e-02
8.951834589242935181e-02
2.314698100090026855e-01
1.055213063955307007e-01
3.964419662952423096e-01
1.336427628993988037e-01
8.479679375886917114e-02
3.370325267314910889e-01
2.544923126697540283e-01
1.893424093723297119e-01
6.378692388534545898e-02
6.214224174618721008e-02
1.112195998430252075e-01
7.474720478057861328e-02
8.882473409175872803e-02
2.234401851892471313e-01
3.224508166313171387e-01
1.159560158848762512e-01
4.455870985984802246e-01
1.677852869033813477e-01
1.222949624061584473e-01
2.569505274295806885e-01
1.420621573925018311e-01
1.856707334518432617e-01
3.184313774108886719e-01
1.379730850458145142e-01
1.100542694330215454e-01
2.131387293338775635e-01
1.489279568195343018e-01
2.513483762741088867e-01
2.326856553554534912e-01
2.293903380632400513e-01
1.907232552766799927e-01
1.387572437524795532e-01
1.901510506868362427e-01
7.369613647460937500e-02
9.348183870315551758e-02
2.062113583087921143e-01
1.834996491670608521e-01
1.563849151134490967e-01
7.111783325672149658e-02
1.707568466663360596e-01
2.334780395030975342e-01
2.870680689811706543e-01
2.092262208461761475e-01
2.389255464076995850e-01
2.226166278123855591e-01
2.929847538471221924e-01
2.226983457803726196e-01
9.431878477334976196e-02
3.185668215155601501e-02
1.106893569231033325e-01
1.206070035696029663e-01
2.757999300956726074e-01
1.806854307651519775e-01
2.885245382785797119e-01
2.333949357271194458e-01
1.903816908597946167e-01
2.165546864271163940e-01
3.056027293205261230e-01
8.721981942653656006e-02
1.421940773725509644e-01
2.201692461967468262e-01
2.055623531341552734e-01
1.120346114039421082e-01
7.300031185150146484e-02
1.675930023193359375e-01
9.600961953401565552e-02
1.694916039705276489e-01
1.035756394267082214e-01
1.177996098995208740e-01
1.527230739593505859e-01
2.513933479785919189e-01
2.066432684659957886e-01
5.268376693129539490e-02
6.264431029558181763e-02
9.906262159347534180e-02
1.468404829502105713e-01
1.183226704597473145e-01
1.579382419586181641e-01
7.461351901292800903e-02
7.142260670661926270e-02
7.944437675178050995e-03
3.842575550079345703e-01
3.511657118797302246e-01
1.819953918457031250e-01
2.503618001937866211e-01
1.682048887014389038e-01
2.134602814912796021e-01
2.689919769763946533e-01
1.954632401466369629e-01
1.113145053386688232e-01
1.266941875219345093e-01
1.565060913562774658e-01
1.907663494348526001e-01
2.560851871967315674e-01
3.225298523902893066e-01
6.622382253408432007e-02
1.416549235582351685e-01
1.881156265735626221e-01
3.638801276683807373e-01
2.319109737873077393e-01
1.402133256196975708e-01
1.233778744935989380e-01
4.338665679097175598e-02
2.247014790773391724e-01
2.349714636802673340e-01
6.484085321426391602e-02
2.061702311038970947e-01
1.561091989278793335e-01
1.693925112485885620e-01
1.486462503671646118e-01
7.255276292562484741e-02
1.027698144316673279e-01
1.307030767202377319e-01
1.842093616724014282e-01
1.354076117277145386e-01
2.575331628322601318e-01
1.774147450923919678e-01
1.242792233824729919e-01
1.846213936805725098e-01
1.431353390216827393e-01
1.620825380086898804e-01
1.975921541452407837e-01
9.018471837043762207e-02
1.138436868786811829e-01
1.301077902317047119e-01
2.094485759735107422e-01
2.281258553266525269e-01
2.149165570735931396e-01
5.004277229309082031e-01
3.689503669738769531e-01
3.139423206448554993e-02
3.838344663381576538e-02
4.432753622531890869e-01
8.882203698158264160e-02
2.919680476188659668e-01
3.773034811019897461e-01
1.431003510951995850e-01
2.006499022245407104e-01
1.226406246423721313e-01
1.354475319385528564e-01
1.292915195226669312e-01
2.205121815204620361e-01
2.028756439685821533e-01
3.086920976638793945e-01
2.866460084915161133e-01
2.205859124660491943e-01
1.563488095998764038e-01
2.707129158079624176e-02
1.547463387250900269e-01
3.889356553554534912e-02
6.183866411447525024e-02
1.393408775329589844e-01
5.688466504216194153e-02
4.583512246608734131e-02
1.914691925048828125e-01
2.750243246555328369e-01
1.689176261425018311e-01
2.151361405849456787e-01
3.601349890232086182e-02
1.000884771347045898e-01
1.146850362420082092e-01
1.026555076241493225e-01
1.093216687440872192e-01
2.053454220294952393e-01
1.559392511844635010e-01
2.792847454547882080e-01
3.449492752552032471e-01
2.355527877807617188e-01
2.258315235376358032e-01
2.555007338523864746e-01
3.735129162669181824e-02
9.134261310100555420e-02
3.566209971904754639e-02
1.575895249843597412e-01
7.608376443386077881e-02
2.562939226627349854e-01
6.796831637620925903e-02
1.146884411573410034e-01
1.698234677314758301e-01
4.286071658134460449e-01
8.799576014280319214e-02
1.239905133843421936e-01
1.537496298551559448e-01
4.821473360061645508e-02
9.378035366535186768e-02
2.255683243274688721e-01
1.849174499511718750e-01
1.750238537788391113e-01
2.207428663969039917e-01
1.429115831851959229e-01
2.127725183963775635e-01
2.511122524738311768e-01
2.462858706712722778e-01
2.420706003904342651e-01
1.997657418251037598e-01
1.774399727582931519e-01
6.521165370941162109e-02
7.549320906400680542e-02
1.726771593093872070e-01
1.285405755043029785e-01
1.599096655845642090e-01
1.902354359626770020e-01
3.801446259021759033e-01
2.723524272441864014e-01
1.203182041645050049e-01
1.678298115730285645e-01
1.915468275547027588e-01
1.960446983575820923e-01
4.462521374225616455e-01
2.087322771549224854e-01
1.649147570133209229e-01
1.263171136379241943e-01
1.840362548828125000e-01
2.332500815391540527e-01
1.318984925746917725e-01
2.869718074798583984e-01
3.249776661396026611e-01
8.281994611024856567e-02
1.969718039035797119e-01
9.298212826251983643e-02
2.881400585174560547e-01
1.881680935621261597e-01
3.105956017971038818e-01
1.300181597471237183e-01
1.204184591770172119e-01
9.879045188426971436e-02
1.452230364084243774e-01
2.263294011354446411e-01
1.844086796045303345e-01
2.734096348285675049e-01
3.857173919677734375e-01
9.343439340591430664e-02
3.064598441123962402e-01
1.218136996030807495e-01
1.638140231370925903e-01
6.468706578016281128e-02
1.603743582963943481e-01
1.008798032999038696e-01
1.335156410932540894e-01
1.319225877523422241e-01
8.875939995050430298e-02
2.146410644054412842e-01
6.806083768606185913e-02
2.883264422416687012e-01
8.572509884834289551e-02
3.284902572631835938e-01
1.981700360774993896e-01
1.147421747446060181e-01
2.793955802917480469e-01
1.327638626098632812e-01
4.118711873888969421e-02
1.974689960479736328e-01
1.238772720098495483e-01
5.749180912971496582e-02
1.258904635906219482e-01
1.128015965223312378e-01
2.108228057622909546e-01
2.112856358289718628e-01
1.934104561805725098e-01
2.777911126613616943e-01
8.597773313522338867e-02
2.282420545816421509e-01
1.375083625316619873e-01
1.496549993753433228e-01
3.087539374828338623e-01
1.587766259908676147e-01
3.384431451559066772e-02
1.323123872280120850e-01
3.547824919223785400e-01
8.217120170593261719e-02
6.228082627058029175e-02
3.933665901422500610e-02
2.960952520370483398e-01
2.753105759620666504e-01
1.459580808877944946e-01
1.359325349330902100e-01
2.803643047809600830e-01
4.075837731361389160e-01
1.241055428981781006e-01
2.483342289924621582e-01
6.894642859697341919e-02
3.383152782917022705e-01
2.172068208456039429e-01
2.079192847013473511e-01
1.441656202077865601e-01
1.920664310455322266e-01
5.314162373542785645e-02
2.002074122428894043e-01
3.531894683837890625e-01
1.270611584186553955e-01
3.385169506072998047e-01
2.284796237945556641e-01
2.017971873283386230e-01
5.950624495744705200e-02
2.326554358005523682e-01
4.240068495273590088e-01
1.633382290601730347e-01
3.235581517219543457e-01
1.356955170631408691e-01
2.210381478071212769e-01
1.251173466444015503e-01
1.387154161930084229e-01
2.277269065380096436e-01
1.556541770696640015e-01
2.752599418163299561e-01
1.022457927465438843e-01
1.058240234851837158e-01
1.644415110349655151e-01
3.891316801309585571e-02
8.327022194862365723e-02
1.912566721439361572e-01
1.863396018743515015e-01
3.138739168643951416e-01
8.590067923069000244e-02
1.746067106723785400e-01
2.097657024860382080e-01
1.961496174335479736e-01
6.608099490404129028e-02
7.318874448537826538e-02
1.482063978910446167e-01
1.943831741809844971e-01
8.067369461059570312e-02
4.227205365896224976e-02
6.860490143299102783e-02
1.484654247760772705e-01
2.338874042034149170e-01
7.877613604068756104e-02
1.019370332360267639e-01
1.582816541194915771e-01
3.370091319084167480e-02
7.749746739864349365e-02
4.413111805915832520e-01
1.707209497690200806e-01
4.205967187881469727e-01
3.239656686782836914e-01
4.232799112796783447e-01
1.259858757257461548e-01
8.254084736108779907e-02
1.583470106124877930e-01
2.689802944660186768e-01
1.952449232339859009e-01
3.344829082489013672e-01
1.198756545782089233e-01
5.964103713631629944e-02
8.869192004203796387e-02
2.917652130126953125e-01
3.471245169639587402e-01
1.662452369928359985e-01
7.557499408721923828e-02
2.604261636734008789e-01
2.894510030746459961e-01
1.014622971415519714e-01
1.567215025424957275e-01
3.358854651451110840e-01
3.125711083412170410e-01
2.777520716190338135e-01
2.997928299009799957e-02
1.655662357807159424e-01
1.438779383897781372e-01
2.445260882377624512e-01
1.265144199132919312e-01
1.658112406730651855e-01
7.995764911174774170e-02
3.192948102951049805e-01
2.261658906936645508e-01
2.497481703758239746e-01
7.965560257434844971e-02
6.885407865047454834e-02
3.224224746227264404e-01
2.782613635063171387e-01
2.249225229024887085e-01
3.267489671707153320e-01
2.579241394996643066e-01
1.555271446704864502e-01
1.843028664588928223e-01
1.098898127675056458e-01
1.586087942123413086e-01
2.375924289226531982e-01
1.555060744285583496e-01
9.540107846260070801e-02
4.042953848838806152e-01
1.624148339033126831e-01
2.374590039253234863e-01
3.180623799562454224e-02
3.531656861305236816e-01
8.598306775093078613e-02
6.771270930767059326e-02
3.176800012588500977e-01
2.338200807571411133e-01
3.465889096260070801e-01
4.692240059375762939e-02
9.493955969810485840e-02
2.776070535182952881e-01
1.457175463438034058e-01
4.927785694599151611e-01
3.019632101058959961e-01
2.498456239700317383e-01
2.392733842134475708e-01
1.721318364143371582e-01
3.436303734779357910e-01
1.110342517495155334e-01
6.111832708120346069e-02
1.373871266841888428e-01
4.525365829467773438e-01
2.209812402725219727e-01
3.827267289161682129e-01
1.685731112957000732e-01
1.835515350103378296e-01
2.166104167699813843e-01
8.353428542613983154e-02
1.470694690942764282e-01
1.604704260826110840e-01
1.715160012245178223e-01
3.574977517127990723e-01
4.622650891542434692e-02
3.419491648674011230e-01
1.639478206634521484e-01
2.544853985309600830e-01
1.018915176391601562e-01
8.598591387271881104e-02
3.041372895240783691e-01
1.989700794219970703e-01
2.483478784561157227e-01
5.646919086575508118e-02
1.458184123039245605e-01
2.345755696296691895e-01
1.608813554048538208e-01
1.329809427261352539e-01
1.658937335014343262e-01
9.863582998514175415e-02
1.271886229515075684e-01
5.754891410470008850e-02
3.649546205997467041e-01
4.006495773792266846e-01
1.281446367502212524e-01
8.900773525238037109e-02
7.722157239913940430e-02
1.216100677847862244e-01
7.625444978475570679e-02
6.317898631095886230e-02
1.859237253665924072e-01
3.068612813949584961e-01
2.699632942676544189e-01
8.889591693878173828e-02
2.704153358936309814e-01
4.398645833134651184e-02
8.051387965679168701e-02
1.695551872253417969e-01
5.573581531643867493e-02
1.036725342273712158e-01
4.099624976515769958e-02
8.631155639886856079e-02
1.257217079401016235e-01
1.437359899282455444e-01
5.042324066162109375e-01
1.757434308528900146e-01
1.881061196327209473e-01
1.213740929961204529e-01
7.339444756507873535e-02
1.682763099670410156e-01
2.753221690654754639e-01
1.303720474243164062e-01
1.729101538658142090e-01
1.502685099840164185e-01
9.147515892982482910e-02
3.716499209403991699e-01
1.390998959541320801e-01
4.057537019252777100e-02
2.157761156558990479e-01
1.357657015323638916e-01
6.385543197393417358e-02
4.644917324185371399e-02
1.577859669923782349e-01
1.445973813533782959e-01
7.526517659425735474e-02
3.646390140056610107e-01
3.691259399056434631e-02
7.694153487682342529e-02
1.714276373386383057e-01
2.488907277584075928e-01
1.827087104320526123e-01
1.976736783981323242e-01
6.180430948734283447e-02
6.925156712532043457e-02
3.379784151911735535e-02
1.090021729469299316e-01
4.234982281923294067e-02
2.044413685798645020e-01
2.129497751593589783e-02
2.152741402387619019e-01
1.864438503980636597e-01
7.501511275768280029e-02
2.056800425052642822e-01
1.947492808103561401e-01
2.607168257236480713e-01
3.208022713661193848e-01
2.024630010128021240e-01
6.330974400043487549e-02
1.492686718702316284e-01
2.301213145256042480e-01
2.888363599777221680e-01
1.163169294595718384e-01
1.294521093368530273e-01
2.132431715726852417e-01
2.279331237077713013e-01
2.557516396045684814e-01
5.960622057318687439e-02
3.160650134086608887e-01
1.159076541662216187e-01
1.063642650842666626e-01
1.826326847076416016e-01
9.436592459678649902e-02
1.531804054975509644e-01
8.656544983386993408e-02
1.486245542764663696e-01
1.651551723480224609e-01
1.198844760656356812e-01
3.148549795150756836e-01
4.870603233575820923e-02
2.980228960514068604e-01
1.320224702358245850e-01
7.232505083084106445e-02
1.209859922528266907e-01
9.945382177829742432e-02
3.172128796577453613e-01
1.000735312700271606e-01
1.746727675199508667e-01
1.455813348293304443e-01
1.791701614856719971e-01
2.313081920146942139e-02
3.655586242675781250e-01
2.544540166854858398e-01
1.144721135497093201e-01
1.429614573717117310e-01
3.819034397602081299e-01
3.102990388870239258e-01
1.681266427040100098e-01
1.109256520867347717e-01
1.340098828077316284e-01
8.171992748975753784e-02
1.164551004767417908e-01
2.018532305955886841e-01
1.730728596448898315e-01
1.154586374759674072e-01
3.038012087345123291e-01
1.083396896719932556e-01
2.767971754074096680e-01
2.208994477987289429e-01
1.039463728666305542e-01
1.631597429513931274e-01
1.287194788455963135e-01
1.252034604549407959e-01
1.736972630023956299e-01
3.594492375850677490e-01
8.670632541179656982e-02
2.054266482591629028e-01
9.361235052347183228e-02
1.244201362133026123e-01
9.917669743299484253e-02
5.905129015445709229e-02
9.644605219364166260e-02
7.197153568267822266e-02
1.796071529388427734e-01
6.976302713155746460e-02
1.633574962615966797e-01
2.280529737472534180e-01
1.361514478921890259e-01
1.546470671892166138e-01
2.259949296712875366e-01
1.786704808473587036e-01
1.342037916183471680e-01
9.050173312425613403e-02
1.523972600698471069e-01
6.907542049884796143e-02
2.244628071784973145e-01
1.698047667741775513e-01
8.658328652381896973e-02
2.761545777320861816e-01
2.028336077928543091e-01
9.743321686983108521e-02
1.338678449392318726e-01
2.289258539676666260e-01
5.028992295265197754e-01
1.897477507591247559e-01
2.554168701171875000e-01
2.352778613567352295e-01
1.922726929187774658e-01
2.312457710504531860e-01
2.023963928222656250e-01
3.171709924936294556e-02
7.796425372362136841e-02
2.188726365566253662e-01
2.140228450298309326e-01
1.407999545335769653e-01
3.821661695837974548e-02
2.080211937427520752e-01
7.670266926288604736e-02
6.140541285276412964e-02
4.019627273082733154e-01
4.673800468444824219e-01
1.545196175575256348e-01
1.700495034456253052e-01
5.278784409165382385e-02
1.486992835998535156e-01
2.255757749080657959e-01
2.589150965213775635e-01
4.414901137351989746e-01
8.099761605262756348e-02
2.022461146116256714e-01
2.227005064487457275e-01
4.254070818424224854e-01
6.840935349464416504e-02
6.385066509246826172e-01
2.927662432193756104e-01
1.084123775362968445e-01
2.739429175853729248e-01
9.555198252201080322e-02
2.046974897384643555e-01
4.051523506641387939e-01
1.507424414157867432e-01
4.205233454704284668e-01
3.480751514434814453e-01
4.073267281055450439e-01
3.945596218109130859e-01
3.618457317352294922e-01
1.251543015241622925e-01
1.842204630374908447e-01
3.882580995559692383e-01
4.782789945602416992e-02
1.656148433685302734e-01
2.640787363052368164e-01
1.313734799623489380e-01
8.082430064678192139e-02
1.241298243403434753e-01
2.170256376266479492e-01
2.729346752166748047e-01
9.240254014730453491e-02
2.467462122440338135e-01
7.145944982767105103e-02
2.583338916301727295e-01
1.990939080715179443e-01
3.281133770942687988e-01
2.520601823925971985e-02
3.719687759876251221e-01
2.116369009017944336e-01
7.256332039833068848e-02
1.116946563124656677e-01
1.269126683473587036e-01
2.180743068456649780e-01
1.753680557012557983e-01
1.184355467557907104e-01
3.551496863365173340e-01
3.424148559570312500e-01
1.854961514472961426e-01
2.459909319877624512e-01
8.816488087177276611e-02
1.737037599086761475e-01
2.109467387199401855e-01
1.571953147649765015e-01
1.609604060649871826e-01
2.221461087465286255e-01
2.403455227613449097e-01
4.260564595460891724e-02
8.657804131507873535e-02
1.454862803220748901e-01
1.006374061107635498e-01
1.297277808189392090e-01
3.296069800853729248e-01
2.010121941566467285e-01
4.864963144063949585e-02
9.423027932643890381e-02
3.060927391052246094e-01
1.352353692054748535e-01
9.805361926555633545e-02
2.417715638875961304e-01
3.940844535827636719e-01
2.402916848659515381e-01
2.782701849937438965e-01
1.019599586725234985e-01
1.978910863399505615e-01
1.560947746038436890e-01
1.481966376304626465e-01
1.792424619197845459e-01
1.850040853023529053e-01
8.382995426654815674e-02
3.193699941039085388e-02
4.410939291119575500e-02
3.237155973911285400e-01
2.966297566890716553e-01
3.117929697036743164e-01
1.615629494190216064e-01
1.454553604125976562e-01
3.159269094467163086e-01
7.745850086212158203e-02
6.466940790414810181e-02
1.282939314842224121e-01
6.915494054555892944e-02
9.439062327146530151e-02
1.885310113430023193e-01
5.071301758289337158e-02
3.638737648725509644e-02
5.693376436829566956e-02
1.626540124416351318e-01
4.577791690826416016e-02
2.779559493064880371e-01
7.862031459808349609e-02
1.402846574783325195e-01
7.031936943531036377e-02
2.653463929891586304e-02
3.632682859897613525e-01
2.799290418624877930e-01
3.079158663749694824e-01
7.560715079307556152e-02
2.813907265663146973e-01
2.332614064216613770e-01
1.195280626416206360e-01
1.343261897563934326e-01
1.068468689918518066e-01
2.920214533805847168e-01
3.617102280259132385e-02
3.675564005970954895e-02
3.678493201732635498e-02
1.588191688060760498e-01
1.988218873739242554e-01
2.385191470384597778e-01
4.948527514934539795e-01
5.012074857950210571e-02
2.250133007764816284e-01
1.583542525768280029e-01
9.540256112813949585e-02
8.958327770233154297e-02
9.895073622465133667e-02
5.961889028549194336e-01
