4.248844981193542480e-01
4.473963975906372070e-01
4.363896250724792480e-01
4.170505702495574951e-01
3.544773459434509277e-01
2.218443155288696289e-01
2.985987365245819092e-01
4.685100615024566650e-01
9.564496576786041260e-02
2.817155420780181885e-01
3.734404742717742920e-01
1.078972741961479187e-01
2.160557508468627930e-01
2.378426492214202881e-01
3.552230596542358398e-01
2.620362937450408936e-01
1.982811391353607178e-01
2.962046861648559570e-01
2.901898920536041260e-01
2.903056740760803223e-01
3.280698955059051514e-01
2.514688968658447266e-01
1.583282202482223511e-01
2.008065134286880493e-01
2.543868422508239746e-01
4.209408760070800781e-01
2.159298956394195557e-01
2.844057083129882812e-01
5.280268192291259766e-01
2.096270620822906494e-01
1.191166788339614868e-01
2.424294948577880859e-01
2.220464646816253662e-01
2.295091152191162109e-01
1.829930543899536133e-01
5.695600509643554688e-01
1.847556978464126587e-01
1.620711684226989746e-01
1.904293447732925415e-01
1.529513895511627197e-01
2.374087423086166382e-01
2.560249269008636475e-01
3.163990378379821777e-01
2.616401910781860352e-01
1.645643264055252075e-01
1.533795595169067383e-01
2.421910017728805542e-01
3.348757028579711914e-01
3.231719732284545898e-01
3.594557940959930420e-01
2.819603681564331055e-01
2.657701373100280762e-01
4.253678917884826660e-01
1.028586104512214661e-01
2.840507328510284424e-01
1.219538226723670959e-01
2.645225822925567627e-01
1.115475594997406006e-01
3.701861798763275146e-01
2.472121566534042358e-01
3.385360240936279297e-01
1.425045579671859741e-01
3.029383420944213867e-01
2.564794123172760010e-01
6.302660703659057617e-01
1.992743015289306641e-01
2.120325416326522827e-01
2.855763137340545654e-01
2.668163180351257324e-01
2.542634606361389160e-01
5.401275157928466797e-01
1.415539532899856567e-01
3.278139233589172363e-01
3.190438449382781982e-01
2.434802204370498657e-01
2.728823721408843994e-01
3.286057114601135254e-01
3.767241835594177246e-01
3.423042893409729004e-01
2.552208006381988525e-01
2.679845690727233887e-01
3.231251537799835205e-01
2.594213485717773438e-01
2.474071234464645386e-01
2.048112452030181885e-01
2.650917470455169678e-01
2.404013127088546753e-01
2.182930409908294678e-01
1.056435406208038330e-01
4.684085845947265625e-01
1.917514204978942871e-01
1.628792136907577515e-01
2.145448327064514160e-01
2.972328066825866699e-01
2.577075362205505371e-01
2.685111761093139648e-01
4.317109584808349609e-01
3.162217736244201660e-01
1.821924448013305664e-01
4.330049753189086914e-01
3.528748452663421631e-01
2.038314491510391235e-01
2.253293842077255249e-01
1.185594499111175537e-01
1.544326543807983398e-01
2.002760916948318481e-01
1.829925477504730225e-01
4.419093728065490723e-01
2.413740754127502441e-01
2.173440605401992798e-01
3.305561542510986328e-01
3.312010169029235840e-01
4.177591502666473389e-01
3.894921839237213135e-01
2.440223693847656250e-01
3.727729916572570801e-01
1.165561005473136902e-01
2.594642043113708496e-01
3.203840553760528564e-01
3.484333753585815430e-01
1.748683601617813110e-01
1.345160603523254395e-01
2.614571750164031982e-01
2.334243059158325195e-01
3.403435051441192627e-01
2.658058702945709229e-01
1.878085136413574219e-01
2.200974225997924805e-01
5.166447162628173828e-01
2.478264570236206055e-01
3.116439282894134521e-01
2.716149389743804932e-01
3.040232062339782715e-01
1.650333702564239502e-01
2.456991672515869141e-01
4.644410908222198486e-01
1.965997219085693359e-01
1.681538522243499756e-01
1.009218171238899231e-01
5.203974246978759766e-01
3.298880457878112793e-01
2.358193993568420410e-01
1.517130881547927856e-01
8.899071812629699707e-02
1.935275793075561523e-01
2.252032756805419922e-01
2.499172687530517578e-01
2.205137014389038086e-01
2.094969749450683594e-01
1.616950184106826782e-01
1.240665018558502197e-01
5.416872501373291016e-01
1.246499344706535339e-01
3.197821080684661865e-01
1.634316742420196533e-01
1.805604249238967896e-01
1.294601857662200928e-01
2.732045352458953857e-01
3.278686404228210449e-01
2.697791755199432373e-01
6.203103065490722656e-01
2.901677191257476807e-01
1.345165073871612549e-01
2.959566116333007812e-01
5.194422006607055664e-01
2.920970618724822998e-01
1.935558170080184937e-01
2.452267855405807495e-01
2.035356014966964722e-01
3.077622056007385254e-01
2.875769734382629395e-01
3.517849743366241455e-01
4.028472304344177246e-01
2.780718803405761719e-01
1.684471070766448975e-01
2.451906055212020874e-01
3.895524144172668457e-01
2.300282120704650879e-01
4.548467397689819336e-01
2.504038512706756592e-01
1.988080441951751709e-01
1.582703590393066406e-01
2.515749335289001465e-01
4.749648571014404297e-01
3.271456956863403320e-01
2.448880076408386230e-01
4.796289801597595215e-01
1.349619626998901367e-01
4.173872768878936768e-01
1.875204592943191528e-01
1.965511739253997803e-01
3.500190377235412598e-01
2.234068512916564941e-01
1.706780791282653809e-01
3.802880048751831055e-01
2.323782444000244141e-01
2.884444594383239746e-01
1.469185352325439453e-01
1.876050680875778198e-01
3.138212263584136963e-01
1.626686453819274902e-01
2.740507423877716064e-01
1.540102064609527588e-01
3.776078522205352783e-01
4.228869974613189697e-01
1.823602318763732910e-01
2.728155851364135742e-01
2.301408052444458008e-01
8.478334546089172363e-02
2.567474842071533203e-01
4.180432856082916260e-01
3.815929889678955078e-01
3.680733442306518555e-01
2.445105910301208496e-01
3.793116211891174316e-01
1.656293123960494995e-01
1.753869801759719849e-01
2.818642854690551758e-01
2.649026215076446533e-01
3.652913570404052734e-01
4.371636509895324707e-01
1.879802346229553223e-01
1.735938340425491333e-01
3.146143257617950439e-01
1.764941811561584473e-01
2.436415851116180420e-01
2.404217123985290527e-01
2.599643468856811523e-01
1.682751774787902832e-01
1.207625940442085266e-01
3.092801570892333984e-01
2.150973379611968994e-01
2.734076976776123047e-01
1.943381130695343018e-01
1.729031503200531006e-01
2.945086359977722168e-01
2.186756432056427002e-01
2.677111029624938965e-01
2.428665161132812500e-01
8.424805104732513428e-02
8.464667201042175293e-02
3.745602667331695557e-01
6.363235116004943848e-01
1.436011493206024170e-01
3.714445829391479492e-01
2.570359706878662109e-01
1.546905189752578735e-01
3.429118692874908447e-01
3.484269380569458008e-01
2.332668006420135498e-01
2.310051321983337402e-01
2.835423946380615234e-01
1.616190075874328613e-01
5.078817605972290039e-01
1.431537419557571411e-01
3.787205219268798828e-01
1.688639670610427856e-01
3.526183962821960449e-01
3.642519414424896240e-01
2.849565148353576660e-01
4.020751118659973145e-01
2.659692764282226562e-01
3.274369835853576660e-01
3.062449395656585693e-01
2.916760444641113281e-01
6.442981958389282227e-02
3.032503724098205566e-01
4.023062586784362793e-01
2.495287209749221802e-01
9.450075775384902954e-02
7.457656860351562500e-01
3.964660465717315674e-01
6.282778382301330566e-01
2.388091981410980225e-01
5.744261741638183594e-01
2.223826944828033447e-01
6.439341902732849121e-01
3.584732413291931152e-01
2.629422545433044434e-01
2.290989756584167480e-01
2.165718227624893188e-01
3.881245255470275879e-01
1.633119583129882812e-01
4.082320928573608398e-01
1.509183645248413086e-01
2.608745694160461426e-01
1.297296285629272461e-01
5.162492990493774414e-01
3.089967668056488037e-01
2.267839908599853516e-01
2.718701362609863281e-01
1.934639811515808105e-01
1.430186480283737183e-01
4.583396315574645996e-01
4.679080843925476074e-01
3.851227164268493652e-01
3.224217295646667480e-01
1.535778790712356567e-01
4.520997032523155212e-02
8.523349463939666748e-02
2.330906093120574951e-01
3.390068709850311279e-01
2.592085003852844238e-01
1.525117754936218262e-01
1.752227991819381714e-01
4.002916812896728516e-01
3.377851843833923340e-01
3.038355112075805664e-01
1.366586685180664062e-01
2.408999502658843994e-01
2.711444497108459473e-01
2.993379533290863037e-01
1.028328835964202881e-01
1.991258859634399414e-01
2.862737774848937988e-01
2.276608347892761230e-01
8.743478357791900635e-02
2.334781289100646973e-01
4.167064130306243896e-01
3.566255569458007812e-01
3.395983576774597168e-01
1.929654181003570557e-01
1.116627603769302368e-01
1.020596772432327271e-01
7.349215149879455566e-01
1.728902757167816162e-01
5.574381351470947266e-01
9.469795823097229004e-01
4.854755401611328125e-01
3.158943057060241699e-01
1.798192560672760010e-01
2.017523944377899170e-01
9.464897215366363525e-02
4.855616688728332520e-01
3.202344775199890137e-01
1.813653558492660522e-01
2.340698242187500000e-01
2.714082598686218262e-01
2.740485370159149170e-01
1.112020835280418396e-01
3.370510935783386230e-01
1.831922531127929688e-01
1.276459991931915283e-01
2.673907876014709473e-01
1.620396822690963745e-01
1.472362279891967773e-01
3.755437433719635010e-01
3.700075745582580566e-01
4.144565463066101074e-01
3.440938591957092285e-01
3.548822104930877686e-01
2.655876874923706055e-01
3.592094182968139648e-01
2.961083650588989258e-01
2.401465177536010742e-01
1.969467550516128540e-01
4.979462921619415283e-01
1.540307700634002686e-01
3.083898723125457764e-01
3.320116698741912842e-01
3.780074715614318848e-01
4.311178624629974365e-01
2.866811752319335938e-01
2.083431333303451538e-01
1.590226292610168457e-01
2.856014370918273926e-01
7.982841879129409790e-02
1.281741857528686523e-01
7.691847681999206543e-01
1.769311279058456421e-01
4.038612246513366699e-01
1.930305957794189453e-01
2.541713714599609375e-01
2.029932439327239990e-01
2.786974906921386719e-01
2.308539450168609619e-01
8.626962453126907349e-02
3.019885718822479248e-01
2.165720015764236450e-01
3.731529116630554199e-01
4.442850053310394287e-01
2.545115351676940918e-01
3.748921453952789307e-01
2.312631905078887939e-01
2.813158333301544189e-01
2.289107739925384521e-01
2.556730806827545166e-01
1.814807951450347900e-01
6.341168284416198730e-02
2.544243335723876953e-01
1.839115321636199951e-01
1.425923109054565430e-01
5.030817985534667969e-01
1.509631574153900146e-01
8.891198039054870605e-02
3.053875863552093506e-01
1.960888653993606567e-01
2.570914328098297119e-01
2.780131101608276367e-01
1.900102645158767700e-01
1.232277527451515198e-01
2.008194178342819214e-01
1.909178942441940308e-01
4.504611194133758545e-01
2.568195760250091553e-01
4.075033068656921387e-01
3.412356674671173096e-01
2.305698245763778687e-01
2.865252494812011719e-01
7.256074249744415283e-02
9.723015129566192627e-02
4.911057651042938232e-01
3.159801959991455078e-01
3.480395674705505371e-01
1.833633333444595337e-01
1.526432335376739502e-01
3.184496462345123291e-01
4.566762447357177734e-01
5.278726220130920410e-01
3.940771222114562988e-01
1.828128695487976074e-01
2.271289825439453125e-01
2.264699339866638184e-01
7.197451591491699219e-02
1.806240379810333252e-01
1.281205117702484131e-01
2.435645014047622681e-01
2.672428488731384277e-01
3.883275687694549561e-01
4.390029907226562500e-01
1.511978954076766968e-01
4.717613160610198975e-01
2.154664993286132812e-01
4.233723878860473633e-01
2.508957087993621826e-01
4.773325324058532715e-01
3.137041330337524414e-01
2.159914225339889526e-01
2.767820060253143311e-01
1.828145682811737061e-01
2.671224474906921387e-01
3.430368006229400635e-01
1.232589259743690491e-01
1.891551613807678223e-01
4.023504853248596191e-01
1.883015781641006470e-01
2.568835318088531494e-01
4.100992679595947266e-01
2.497558891773223877e-01
3.130849003791809082e-01
2.593132555484771729e-01
1.079024374485015869e-01
2.243069559335708618e-01
3.836327791213989258e-01
1.335194408893585205e-01
1.689835041761398315e-01
3.770681321620941162e-01
1.804213821887969971e-01
4.270465970039367676e-01
1.853935420513153076e-01
2.929814457893371582e-01
1.346409320831298828e-01
3.538330793380737305e-01
4.659953713417053223e-01
1.376246958971023560e-01
2.677697539329528809e-01
9.521342068910598755e-02
4.094803333282470703e-01
4.210515022277832031e-01
3.357934057712554932e-01
4.730210304260253906e-01
3.404723107814788818e-01
1.755215525627136230e-01
9.092856198549270630e-02
5.562887191772460938e-01
2.846553325653076172e-01
3.536600768566131592e-01
2.379762232303619385e-01
4.707536995410919189e-01
1.406092941761016846e-01
2.827738523483276367e-01
2.337471842765808105e-01
3.059342503547668457e-01
1.765317916870117188e-01
2.963552474975585938e-01
2.209020555019378662e-01
5.582371354103088379e-01
4.221662878990173340e-01
3.247622847557067871e-01
1.360299289226531982e-01
2.554544806480407715e-01
5.033641457557678223e-01
4.776797294616699219e-01
2.910112738609313965e-01
1.857063472270965576e-01
2.967162430286407471e-01
4.419050812721252441e-01
3.840578198432922363e-01
2.427970319986343384e-01
2.171742022037506104e-01
2.063561975955963135e-01
3.123235702514648438e-01
2.270165681838989258e-01
2.109396457672119141e-01
2.445040196180343628e-01
2.629246115684509277e-01
1.240937113761901855e-01
2.562783062458038330e-01
3.070259988307952881e-01
3.476765751838684082e-01
1.583243459463119507e-01
4.655181169509887695e-01
5.258826017379760742e-01
1.213236078619956970e-01
2.940186560153961182e-01
2.105834186077117920e-01
1.973421424627304077e-01
2.213621288537979126e-01
4.192913174629211426e-01
1.622252464294433594e-01
9.406996518373489380e-02
3.027780055999755859e-01
2.149502038955688477e-01
1.684751510620117188e-01
1.919956356287002563e-01
2.218142449855804443e-01
1.965383738279342651e-01
1.131424382328987122e-01
1.734454929828643799e-01
4.015477299690246582e-01
1.869691163301467896e-01
1.249948143959045410e-01
7.544235885143280029e-02
2.139967232942581177e-01
2.678934633731842041e-01
5.328594446182250977e-01
3.069785833358764648e-01
3.292580842971801758e-01
1.862436532974243164e-01
3.344286680221557617e-01
2.635881006717681885e-01
1.722674369812011719e-01
1.209190562367439270e-01
2.789015173912048340e-01
1.064660400152206421e-01
4.125303626060485840e-01
1.978504955768585205e-01
2.350101768970489502e-01
1.064527779817581177e-01
3.111288547515869141e-01
1.791517734527587891e-01
2.725046277046203613e-01
3.140963017940521240e-01
5.703107118606567383e-01
2.120538502931594849e-01
2.033143341541290283e-01
2.878890931606292725e-01
2.634700536727905273e-01
3.022822439670562744e-01
3.693018555641174316e-01
3.166375756263732910e-01
2.214546203613281250e-01
1.024988144636154175e-01
3.865777850151062012e-01
2.049804776906967163e-01
4.880574345588684082e-01
2.447252571582794189e-01
2.946467995643615723e-01
1.727655231952667236e-01
2.463726699352264404e-01
1.983143985271453857e-01
1.103138029575347900e-01
3.170524835586547852e-01
2.272680103778839111e-01
1.242458820343017578e-01
2.688463628292083740e-01
5.802921056747436523e-01
2.964653670787811279e-01
2.477745115756988525e-01
1.550894677639007568e-01
3.174966871738433838e-01
3.235376775264739990e-01
1.864106059074401855e-01
2.639222741127014160e-01
3.336458206176757812e-01
1.456263065338134766e-01
1.290059834718704224e-01
1.764172911643981934e-01
2.836711406707763672e-01
2.318426966667175293e-01
1.229035630822181702e-01
2.586271762847900391e-01
2.403123825788497925e-01
3.091807961463928223e-01
2.312189340591430664e-01
2.107282876968383789e-01
7.942990660667419434e-01
4.527380168437957764e-01
3.744259774684906006e-01
1.204441785812377930e-01
2.531255483627319336e-01
1.284447312355041504e-01
3.446032106876373291e-01
1.513195782899856567e-01
2.275188565254211426e-01
2.017293870449066162e-01
2.758273184299468994e-01
1.816508173942565918e-01
2.740728557109832764e-01
2.541727125644683838e-01
8.084031939506530762e-02
4.763902425765991211e-01
4.897041320800781250e-01
1.837118566036224365e-01
2.857567369937896729e-01
2.565822899341583252e-01
5.181176662445068359e-01
3.310189545154571533e-01
3.465047478675842285e-01
3.305642008781433105e-01
4.036173224449157715e-01
2.897818386554718018e-01
1.733104139566421509e-01
6.732126474380493164e-01
2.617578506469726562e-01
9.332261234521865845e-02
2.931895256042480469e-01
5.870239138603210449e-01
3.539766967296600342e-01
2.567844986915588379e-01
2.959431409835815430e-01
2.847523093223571777e-01
1.548067927360534668e-01
3.050218224525451660e-01
2.857875227928161621e-01
1.074711084365844727e-01
3.235524594783782959e-01
2.647102773189544678e-01
3.978039324283599854e-01
2.210791856050491333e-01
2.507699728012084961e-01
3.131644427776336670e-01
9.185989946126937866e-02
2.804412841796875000e-01
3.319024145603179932e-01
1.802439540624618530e-01
3.237723410129547119e-01
2.149725109338760376e-01
2.884768545627593994e-01
3.367173075675964355e-01
3.350107967853546143e-01
2.240793108940124512e-01
2.496001422405242920e-01
6.443992853164672852e-01
1.964495182037353516e-01
2.329237461090087891e-01
3.091360926628112793e-01
1.076515167951583862e-01
2.465066909790039062e-01
3.892717361450195312e-01
2.558968067169189453e-01
3.903716802597045898e-01
1.137226894497871399e-01
2.685520648956298828e-01
3.068028688430786133e-01
4.000038504600524902e-01
3.428958058357238770e-01
4.747000634670257568e-01
3.187419176101684570e-01
1.887622624635696411e-01
2.321586012840270996e-01
3.551178574562072754e-01
4.121071696281433105e-01
3.619796335697174072e-01
2.550623416900634766e-01
2.357042282819747925e-01
3.478624522686004639e-01
4.393696486949920654e-01
3.746655583381652832e-01
3.012177646160125732e-01
1.682873219251632690e-01
1.932131946086883545e-01
2.415328621864318848e-01
5.824928283691406250e-01
2.078777849674224854e-01
4.012576043605804443e-01
2.365656495094299316e-01
3.445814549922943115e-01
3.338449895381927490e-01
5.468934178352355957e-01
2.523090839385986328e-01
1.580588668584823608e-01
2.607579529285430908e-01
2.485945224761962891e-01
9.741029143333435059e-02
1.512891948223114014e-01
2.568373680114746094e-01
1.701104491949081421e-01
1.814648360013961792e-01
3.165572583675384521e-01
1.003182530403137207e-01
3.867046535015106201e-01
2.268576771020889282e-01
2.214828729629516602e-01
3.036478161811828613e-01
3.778864741325378418e-01
2.010494917631149292e-01
2.476938664913177490e-01
2.403339147567749023e-01
2.133961617946624756e-01
4.085049927234649658e-01
1.604606509208679199e-01
1.276411712169647217e-01
6.299213171005249023e-01
2.269546985626220703e-01
2.351688444614410400e-01
2.198351472616195679e-01
2.827453017234802246e-01
2.021643668413162231e-01
2.274874150753021240e-01
2.590369880199432373e-01
4.734322726726531982e-01
4.235461950302124023e-01
4.483757317066192627e-01
3.311813175678253174e-01
3.694421350955963135e-01
1.364224553108215332e-01
3.148488998413085938e-01
2.431335449218750000e-01
2.813675999641418457e-01
2.829786837100982666e-01
1.826283335685729980e-01
3.690983057022094727e-01
1.836130023002624512e-01
1.648082584142684937e-01
3.254835605621337891e-01
2.806750535964965820e-01
2.591017484664916992e-01
2.329088151454925537e-01
3.475736677646636963e-01
1.719323992729187012e-01
2.084307074546813965e-01
4.920325875282287598e-01
4.686361253261566162e-01
1.634753644466400146e-01
3.158567845821380615e-01
2.205556035041809082e-01
3.727757334709167480e-01
3.948687314987182617e-01
3.925858736038208008e-01
2.317891716957092285e-01
1.597100645303726196e-01
1.144114881753921509e-01
2.672055363655090332e-01
2.677090764045715332e-01
1.892071366310119629e-01
2.498690783977508545e-01
1.272659003734588623e-01
3.648647069931030273e-01
4.131616055965423584e-01
3.787429928779602051e-01
3.276621103286743164e-01
4.026941657066345215e-01
4.032154083251953125e-01
1.153954267501831055e-01
2.554416060447692871e-01
6.918638348579406738e-01
3.718596994876861572e-01
2.585507631301879883e-01
1.029025912284851074e-01
7.253828048706054688e-01
4.245954751968383789e-01
5.092254877090454102e-01
3.055081069469451904e-01
3.470778465270996094e-01
2.792482674121856689e-01
3.884029984474182129e-01
3.525234460830688477e-01
4.568975567817687988e-01
3.377835452556610107e-01
2.957390546798706055e-01
3.892749547958374023e-01
2.873271405696868896e-01
1.995945423841476440e-01
2.725276947021484375e-01
2.936535477638244629e-01
1.915824711322784424e-01
3.416926562786102295e-01
2.133785635232925415e-01
3.246592283248901367e-01
1.927439272403717041e-01
3.732257485389709473e-01
1.909265071153640747e-01
1.947304010391235352e-01
4.529323577880859375e-01
4.556785225868225098e-01
3.695726096630096436e-01
4.751568436622619629e-01
4.170831143856048584e-01
3.038246929645538330e-01
2.092488855123519897e-01
1.851872801780700684e-01
3.398660719394683838e-01
2.604885101318359375e-01
2.885471880435943604e-01
2.416342496871948242e-01
3.319500982761383057e-01
2.485017776489257812e-01
1.396156549453735352e-01
1.846363693475723267e-01
4.006738364696502686e-01
1.213686391711235046e-01
9.194105863571166992e-01
1.962015628814697266e-01
5.546382665634155273e-01
4.399510025978088379e-01
2.322479784488677979e-01
1.630507111549377441e-01
3.017860054969787598e-01
1.771415472030639648e-01
3.183653354644775391e-01
2.777659296989440918e-01
1.334027647972106934e-01
1.127946972846984863e-01
3.598124980926513672e-01
2.303235530853271484e-01
3.100597560405731201e-01
4.813970327377319336e-01
4.453159570693969727e-01
2.880187034606933594e-01
1.910703182220458984e-01
2.365843951702117920e-01
2.217116653919219971e-01
3.273767828941345215e-01
2.883165478706359863e-01
1.698278635740280151e-01
3.565142750740051270e-01
1.789080351591110229e-01
2.268256545066833496e-01
2.102284580469131470e-01
2.922224402427673340e-01
1.864674389362335205e-01
1.874812841415405273e-01
3.442287445068359375e-01
1.565777510404586792e-01
3.278766572475433350e-01
9.734108299016952515e-02
2.532840967178344727e-01
2.403392940759658813e-01
2.686564326286315918e-01
1.926974058151245117e-01
5.072481930255889893e-02
2.678616046905517578e-01
1.929257065057754517e-01
3.013875186443328857e-01
2.847467660903930664e-01
3.676279783248901367e-01
2.487534284591674805e-01
2.304840981960296631e-01
2.234174311161041260e-01
1.879529953002929688e-01
2.106477767229080200e-01
2.498837411403656006e-01
1.166215613484382629e-01
2.829033732414245605e-01
1.600366979837417603e-01
1.508457958698272705e-01
1.862695664167404175e-01
2.073401212692260742e-01
2.735275626182556152e-01
4.245854318141937256e-01
9.515355527400970459e-02
2.008718848228454590e-01
1.561031937599182129e-01
3.411628603935241699e-01
2.339938730001449585e-01
8.469167947769165039e-01
3.538627028465270996e-01
2.646985054016113281e-01
3.039920926094055176e-01
1.260699033737182617e-01
3.390455842018127441e-01
2.947790920734405518e-01
3.363565802574157715e-01
2.032483965158462524e-01
2.928228676319122314e-01
4.837570786476135254e-01
6.995634734630584717e-02
2.331504821777343750e-01
2.204906642436981201e-01
2.425733804702758789e-01
3.078448772430419922e-01
2.609941065311431885e-01
1.696445047855377197e-01
2.612419128417968750e-01
3.702966272830963135e-01
3.598817884922027588e-01
3.278152346611022949e-01
4.316404163837432861e-01
2.425024211406707764e-01
2.590411007404327393e-01
2.027618587017059326e-01
2.048573195934295654e-01
2.072034478187561035e-01
3.611496984958648682e-01
1.505420953035354614e-01
4.168204367160797119e-01
1.726336628198623657e-01
2.992893457412719727e-01
2.067867368459701538e-01
1.970376968383789062e-01
3.061017990112304688e-01
4.597525000572204590e-01
4.912708997726440430e-01
1.907289028167724609e-01
4.140101075172424316e-01
3.020698726177215576e-01
4.103249311447143555e-01
1.982749402523040771e-01
2.258829772472381592e-01
2.867194414138793945e-01
1.472236961126327515e-01
2.951487898826599121e-01
3.125017881393432617e-01
2.021150738000869751e-01
3.455765843391418457e-01
3.389024734497070312e-01
2.810834348201751709e-01
2.295235991477966309e-01
4.398225843906402588e-01
1.829144507646560669e-01
3.629084229469299316e-01
3.052559494972229004e-01
3.169368803501129150e-01
2.523797452449798584e-01
4.222784638404846191e-01
1.292828321456909180e-01
1.826665699481964111e-01
7.518488168716430664e-02
2.807093858718872070e-01
3.038336038589477539e-01
3.925312459468841553e-01
3.095334470272064209e-01
1.096772402524948120e-01
2.101200222969055176e-01
2.950028181076049805e-01
3.533477783203125000e-01
2.393834739923477173e-01
1.693321615457534790e-01
1.710332930088043213e-01
1.092929840087890625e-01
4.305255115032196045e-01
3.107646703720092773e-01
5.931570529937744141e-01
3.154855370521545410e-01
1.570977568626403809e-01
1.465758383274078369e-01
3.031615912914276123e-01
1.254678666591644287e-01
2.665758132934570312e-01
1.811794936656951904e-01
4.762935638427734375e-01
1.827091574668884277e-01
3.101543188095092773e-01
3.217789530754089355e-01
1.957270056009292603e-01
2.152012586593627930e-01
2.312746942043304443e-01
1.947582513093948364e-01
3.456166386604309082e-01
2.669425606727600098e-01
1.282444745302200317e-01
1.979642808437347412e-01
8.946351706981658936e-02
1.802780032157897949e-01
4.326677322387695312e-01
3.713400065898895264e-01
2.141316086053848267e-01
2.319213300943374634e-01
4.079234600067138672e-01
7.129000127315521240e-02
3.857145309448242188e-01
3.938817977905273438e-01
3.277267813682556152e-01
4.508647322654724121e-01
1.291228830814361572e-01
4.226834177970886230e-01
4.386198520660400391e-01
2.386439740657806396e-01
3.669970035552978516e-01
4.100716710090637207e-01
4.293756484985351562e-01
3.374170660972595215e-01
2.156911194324493408e-01
2.351625412702560425e-01
2.475726753473281860e-01
3.045365810394287109e-01
2.901974320411682129e-01
2.362158298492431641e-01
2.785584330558776855e-01
3.890537023544311523e-01
2.256928980350494385e-01
2.398447543382644653e-01
2.361264377832412720e-01
4.094591140747070312e-01
3.568801879882812500e-01
2.504059076309204102e-01
4.265613257884979248e-01
3.469474911689758301e-01
2.726483941078186035e-01
2.876917123794555664e-01
3.305220901966094971e-01
3.025695085525512695e-01
1.812928020954132080e-01
1.307170838117599487e-01
3.639353513717651367e-01
4.991638660430908203e-01
5.709288120269775391e-01
1.462978571653366089e-01
1.533130109310150146e-01
1.772970855236053467e-01
8.676189929246902466e-02
1.909611374139785767e-01
3.108844757080078125e-01
4.264033436775207520e-01
3.373699486255645752e-01
2.846917510032653809e-01
2.665778398513793945e-01
1.859157085418701172e-01
2.455105185508728027e-01
3.513332903385162354e-01
1.717318892478942871e-01
2.631119191646575928e-01
1.762105971574783325e-01
1.679198443889617920e-01
1.626237928867340088e-01
1.435626596212387085e-01
2.959854006767272949e-01
3.391677141189575195e-01
4.580937027931213379e-01
6.376937627792358398e-01
3.191846609115600586e-01
2.569825053215026855e-01
1.363781243562698364e-01
3.599804043769836426e-01
3.282160758972167969e-01
2.074565142393112183e-01
1.074844598770141602e-01
1.741370260715484619e-01
2.219507396221160889e-01
3.602674603462219238e-01
1.983367651700973511e-01
3.238789439201354980e-01
2.048880606889724731e-01
5.013544559478759766e-01
2.770872116088867188e-01
4.191140830516815186e-01
1.420737504959106445e-01
1.059225872159004211e-01
2.149799466133117676e-01
4.145501852035522461e-01
3.007471859455108643e-01
2.544328272342681885e-01
1.531171798706054688e-01
3.691865801811218262e-01
1.559470593929290771e-01
1.972836107015609741e-01
2.807102203369140625e-01
2.224100828170776367e-01
3.085026741027832031e-01
2.357535958290100098e-01
3.192620277404785156e-01
4.075158834457397461e-01
1.334007084369659424e-01
2.475415766239166260e-01
3.575077056884765625e-01
1.455809026956558228e-01
2.048533260822296143e-01
1.373004019260406494e-01
3.524299860000610352e-01
1.301108598709106445e-01
5.428261756896972656e-01
1.901032328605651855e-01
4.145429730415344238e-01
1.931495368480682373e-01
1.940407454967498779e-01
1.564871519804000854e-01
2.792959213256835938e-01
1.171362698078155518e-01
2.047398984432220459e-01
2.371989190578460693e-01
2.142546176910400391e-01
1.459741294384002686e-01
3.047478497028350830e-01
2.093600630760192871e-01
1.351249068975448608e-01
2.168257534503936768e-01
9.293475747108459473e-02
1.489654779434204102e-01
2.288444936275482178e-01
7.299751639366149902e-01
9.511014223098754883e-01
4.631823897361755371e-01
3.075960874557495117e-01
3.987767398357391357e-01
3.230295181274414062e-01
4.181819260120391846e-01
2.761337459087371826e-01
2.662065923213958740e-01
3.263219594955444336e-01
1.116641014814376831e-01
3.527601957321166992e-01
1.231067031621932983e-01
2.791744470596313477e-01
2.976561784744262695e-01
3.038314282894134521e-01
1.549564003944396973e-01
4.374046921730041504e-01
1.386995315551757812e-01
3.592167496681213379e-01
3.100220561027526855e-01
1.733129918575286865e-01
2.309099435806274414e-01
1.167034357786178589e-01
1.437598764896392822e-01
3.940956890583038330e-01
1.860657930374145508e-01
4.430613517761230469e-01
2.770289778709411621e-01
3.539171218872070312e-01
1.425391584634780884e-01
5.000598430633544922e-01
1.921267807483673096e-01
3.683268427848815918e-01
1.442293524742126465e-01
3.413508534431457520e-01
2.184199392795562744e-01
1.768765151500701904e-01
3.377013802528381348e-01
4.454472064971923828e-01
3.388595581054687500e-01
1.874408125877380371e-01
2.407526820898056030e-01
4.337037801742553711e-01
2.281072437763214111e-01
3.017272949218750000e-01
7.265003770589828491e-02
1.575803458690643311e-01
3.311959207057952881e-01
2.311055362224578857e-01
4.164670109748840332e-01
3.199502825736999512e-01
2.263299673795700073e-01
8.364291787147521973e-01
1.493399441242218018e-01
2.725111246109008789e-01
2.904566824436187744e-01
2.144810855388641357e-01
2.438778430223464966e-01
1.292642056941986084e-01
3.381038308143615723e-01
2.389447838068008423e-01
3.277355134487152100e-01
3.151808679103851318e-01
1.990540921688079834e-01
1.141287982463836670e-01
2.427632808685302734e-01
2.396149635314941406e-01
1.141041815280914307e-01
2.770161032676696777e-01
5.238900184631347656e-01
3.878486454486846924e-01
2.466407269239425659e-01
3.997321426868438721e-01
5.063809156417846680e-01
1.858351379632949829e-01
2.848691940307617188e-01
2.910479605197906494e-01
4.439775645732879639e-01
1.161056607961654663e-01
1.849545240402221680e-01
1.305336058139801025e-01
2.234652787446975708e-01
1.491651982069015503e-01
2.360767573118209839e-01
3.561649918556213379e-01
3.870780467987060547e-01
4.969779849052429199e-01
3.078752160072326660e-01
3.166444301605224609e-01
2.824519872665405273e-01
5.194009542465209961e-01
3.522351086139678955e-01
3.534700274467468262e-01
3.713116049766540527e-01
1.568482220172882080e-01
3.014748692512512207e-01
9.958270192146301270e-02
1.826247870922088623e-01
2.729283273220062256e-01
1.327486932277679443e-01
4.232773184776306152e-01
2.624434232711791992e-01
3.287771344184875488e-01
1.214061975479125977e-01
2.815167903900146484e-01
2.632350325584411621e-01
4.361220002174377441e-01
7.210364937782287598e-02
3.419649600982666016e-01
2.509513199329376221e-01
2.674852013587951660e-01
1.362552791833877563e-01
1.673744320869445801e-01
2.716416120529174805e-01
1.218331232666969299e-01
2.175676822662353516e-01
2.693215906620025635e-01
2.330815941095352173e-01
1.601105481386184692e-01
1.097662299871444702e-01
3.541855216026306152e-01
4.461009800434112549e-01
2.006439268589019775e-01
1.115863621234893799e-01
6.447398066520690918e-01
3.337002396583557129e-01
2.326406985521316528e-01
3.219382166862487793e-01
3.611692786216735840e-01
2.147868573665618896e-01
2.504908442497253418e-01
3.245525956153869629e-01
2.692924141883850098e-01
1.697205752134323120e-01
1.968858987092971802e-01
2.958732843399047852e-01
2.426971197128295898e-01
4.380955696105957031e-01
3.308377265930175781e-01
1.656245887279510498e-01
1.563564836978912354e-01
3.540251553058624268e-01
3.209298849105834961e-01
1.234164014458656311e-01
1.076931059360504150e-01
