4.205132722854614258e-01
1.528737992048263550e-01
2.111045122146606445e-01
1.418740451335906982e-01
1.746956259012222290e-01
3.840416073799133301e-01
2.450312376022338867e-01
2.976229190826416016e-01
3.123477399349212646e-01
5.241178870201110840e-01
2.961647883057594299e-02
2.439125180244445801e-01
2.702070176601409912e-01
1.311015635728836060e-01
1.352116465568542480e-01
2.832655906677246094e-01
3.861830830574035645e-01
3.051760196685791016e-01
3.319695591926574707e-01
3.516999185085296631e-01
2.192375361919403076e-01
1.034991443157196045e-01
3.695543706417083740e-01
2.367764711380004883e-01
4.991575479507446289e-01
2.869397401809692383e-01
1.560775935649871826e-01
1.710429936647415161e-01
1.979420781135559082e-01
1.063043475151062012e-01
3.084449768066406250e-01
1.771865487098693848e-01
4.871445596218109131e-01
1.821221113204956055e-01
2.519812583923339844e-01
1.925008594989776611e-01
1.562181413173675537e-01
9.207380563020706177e-02
1.513792127370834351e-01
2.687242627143859863e-01
3.071701526641845703e-01
2.363493293523788452e-01
3.210792541503906250e-01
1.043740212917327881e-01
1.410432308912277222e-01
2.124597281217575073e-01
9.985119849443435669e-02
1.672176122665405273e-01
2.832094430923461914e-01
1.477973908185958862e-01
2.653751969337463379e-01
1.666230857372283936e-01
4.206234216690063477e-01
1.930666714906692505e-01
1.635140031576156616e-01
3.331946134567260742e-01
1.273707151412963867e-01
1.056440547108650208e-01
2.520977258682250977e-01
1.718184053897857666e-01
1.797681599855422974e-01
1.614486426115036011e-01
2.151757925748825073e-01
9.904139488935470581e-02
2.895417213439941406e-01
2.609257102012634277e-01
5.161575078964233398e-01
1.730091571807861328e-01
4.108364284038543701e-01
4.286471009254455566e-01
2.331722676753997803e-01
2.102672606706619263e-01
1.780998408794403076e-01
3.205643892288208008e-01
2.113825827836990356e-01
2.641872167587280273e-01
5.434276461601257324e-01
3.983413577079772949e-01
2.974273264408111572e-01
2.751486003398895264e-01
3.914563953876495361e-01
1.798812896013259888e-01
2.228351235389709473e-01
2.721509039402008057e-01
3.229295909404754639e-01
2.554304599761962891e-01
1.051853969693183899e-01
1.666153967380523682e-01
3.001090586185455322e-01
2.599368691444396973e-01
1.696512997150421143e-01
4.836464226245880127e-01
1.927608847618103027e-01
2.864145636558532715e-01
2.523769140243530273e-01
2.771568894386291504e-01
2.244584709405899048e-01
3.172515630722045898e-01
3.014478683471679688e-01
3.564679324626922607e-01
2.311515212059020996e-01
1.598264873027801514e-01
5.773942172527313232e-02
1.616364270448684692e-01
2.573465704917907715e-01
2.008313238620758057e-01
2.802761793136596680e-01
1.176173388957977295e-01
1.861180365085601807e-01
8.764167129993438721e-02
2.578665018081665039e-01
1.170313507318496704e-01
7.036989927291870117e-02
2.577121853828430176e-01
2.768728137016296387e-01
1.571080684661865234e-01
3.289086818695068359e-01
1.540353298187255859e-01
3.333678841590881348e-01
2.126120924949645996e-01
1.816579252481460571e-01
3.228340148925781250e-01
1.692842543125152588e-01
1.533548384904861450e-01
1.587859690189361572e-01
1.493182778358459473e-01
1.891442537307739258e-01
8.902040123939514160e-02
1.979317665100097656e-01
1.984915584325790405e-01
1.547870635986328125e-01
6.398232281208038330e-02
2.896038591861724854e-01
1.725001186132431030e-01
6.278475522994995117e-01
2.390380501747131348e-01
4.009090960025787354e-01
2.983799874782562256e-01
2.768218219280242920e-01
1.119660288095474243e-01
1.456460952758789062e-01
3.083214759826660156e-01
2.499355077743530273e-01
2.481301128864288330e-01
2.751565277576446533e-01
4.011382162570953369e-01
9.467414021492004395e-02
1.213211864233016968e-01
1.917969137430191040e-01
1.555541157722473145e-01
1.782549917697906494e-01
1.640306413173675537e-01
7.884614914655685425e-02
1.827447712421417236e-01
3.774812221527099609e-01
7.486059516668319702e-02
2.752733230590820312e-01
2.464428097009658813e-01
3.065418303012847900e-01
7.171475142240524292e-02
2.987509965896606445e-01
2.304956316947937012e-01
1.424904167652130127e-01
2.507707178592681885e-01
1.814206689596176147e-01
8.667923510074615479e-02
4.592433571815490723e-01
1.590173244476318359e-01
6.390025615692138672e-01
2.940438389778137207e-01
4.053316414356231689e-01
3.462432622909545898e-01
1.490843892097473145e-01
2.824085354804992676e-01
2.208120226860046387e-01
2.558188736438751221e-01
2.524659633636474609e-01
5.561460256576538086e-01
1.195054203271865845e-01
2.597591578960418701e-01
2.575898766517639160e-01
1.862882971763610840e-01
2.407079935073852539e-01
3.807333409786224365e-01
2.568869888782501221e-01
2.718659639358520508e-01
1.491535902023315430e-01
3.250050544738769531e-01
1.459740400314331055e-01
3.805526494979858398e-01
2.972194850444793701e-01
2.740100026130676270e-01
1.779426932334899902e-01
2.094374001026153564e-01
2.863432765007019043e-01
1.731990724802017212e-01
2.004310041666030884e-01
3.910241425037384033e-01
1.057684421539306641e-01
2.924376130104064941e-01
3.281881809234619141e-01
3.066198229789733887e-01
3.983848094940185547e-01
2.275226116180419922e-01
2.747847437858581543e-01
7.787463068962097168e-02
2.231684029102325439e-01
4.059444069862365723e-01
2.807971239089965820e-01
2.224436253309249878e-01
1.861936151981353760e-01
2.975812554359436035e-01
3.640642166137695312e-01
2.491397559642791748e-01
1.588002741336822510e-01
2.820226550102233887e-01
2.265203744173049927e-01
1.222378611564636230e-01
4.286965727806091309e-01
2.284611463546752930e-01
3.875949978828430176e-01
4.400255084037780762e-01
2.989174127578735352e-01
1.527366191148757935e-01
1.933000534772872925e-01
6.876312494277954102e-01
2.344927191734313965e-01
1.773723363876342773e-01
6.552577018737792969e-02
1.768914908170700073e-01
9.967438876628875732e-02
3.089213371276855469e-01
3.613539040088653564e-01
7.106107473373413086e-02
4.598841667175292969e-01
5.637940019369125366e-02
1.114715784788131714e-01
1.472583860158920288e-01
2.760927081108093262e-01
2.895926833152770996e-01
1.932349652051925659e-01
1.021323800086975098e-01
2.202544659376144409e-01
2.788829803466796875e-01
1.645169258117675781e-01
1.856389939785003662e-01
1.481072455644607544e-01
4.617999792098999023e-01
6.010188162326812744e-02
2.414832115173339844e-01
1.368025094270706177e-01
3.211038410663604736e-01
3.393401205539703369e-01
2.044269442558288574e-01
4.779936671257019043e-01
5.939077138900756836e-01
2.660407721996307373e-01
1.949794888496398926e-01
3.338264822959899902e-01
8.873097598552703857e-02
3.805996179580688477e-01
2.102343738079071045e-01
1.902839988470077515e-01
1.795981824398040771e-01
5.772663354873657227e-01
3.148514926433563232e-01
1.899573802947998047e-01
1.636103689670562744e-01
2.735974192619323730e-01
2.450579255819320679e-01
1.536840647459030151e-01
1.691184937953948975e-01
1.004833579063415527e-01
1.686417907476425171e-01
3.017805218696594238e-01
1.696212291717529297e-01
3.694614470005035400e-01
2.239396572113037109e-01
3.136932551860809326e-01
4.950728416442871094e-01
6.555353850126266479e-02
2.605506479740142822e-01
2.873547673225402832e-01
2.833219170570373535e-01
2.274688482284545898e-01
2.467566430568695068e-01
2.390664219856262207e-01
3.486507236957550049e-01
4.078067541122436523e-01
1.917950809001922607e-01
2.591086030006408691e-01
1.390629261732101440e-01
2.618589401245117188e-01
2.193767130374908447e-01
2.567089200019836426e-01
9.730993211269378662e-02
1.071490645408630371e-01
3.146302103996276855e-01
1.507682949304580688e-01
1.552386581897735596e-01
1.918579638004302979e-01
2.262338101863861084e-01
2.455735802650451660e-01
1.387701928615570068e-01
9.734446555376052856e-02
2.216979116201400757e-01
1.374964416027069092e-01
1.076947152614593506e-01
5.281833186745643616e-02
2.681030631065368652e-01
1.964601278305053711e-01
1.894922852516174316e-01
4.606965482234954834e-01
3.115105926990509033e-01
1.714241504669189453e-01
3.195855617523193359e-01
9.690378904342651367e-01
2.019182741641998291e-01
9.674030542373657227e-02
2.161033600568771362e-01
1.752119958400726318e-01
2.375186979770660400e-01
1.331083476543426514e-01
4.513205587863922119e-01
4.530026018619537354e-01
3.833711147308349609e-01
4.434742927551269531e-01
3.383187353610992432e-01
5.258578062057495117e-01
3.052213788032531738e-01
2.406007200479507446e-01
4.321455657482147217e-01
1.870782822370529175e-01
4.813125133514404297e-01
3.496774137020111084e-01
2.766218483448028564e-01
3.750224113464355469e-01
4.778321683406829834e-01
2.389040440320968628e-01
2.499171197414398193e-01
1.476138979196548462e-01
1.858073025941848755e-01
1.494881510734558105e-01
2.004035115242004395e-01
1.137340813875198364e-01
2.512032091617584229e-01
2.627433538436889648e-01
4.253172278404235840e-01
1.137011498212814331e-01
2.759300768375396729e-01
2.538552880287170410e-01
3.792090117931365967e-01
2.280756831169128418e-01
1.595704257488250732e-01
2.025592923164367676e-01
1.425540447235107422e-01
2.757508456707000732e-01
2.578993439674377441e-01
1.810124963521957397e-01
2.264210581779479980e-01
2.554529309272766113e-01
2.781043648719787598e-01
2.674375772476196289e-01
2.286095023155212402e-01
4.056684076786041260e-01
1.691242456436157227e-01
2.894646525382995605e-01
1.450039893388748169e-01
1.188902705907821655e-01
1.349023878574371338e-01
5.334320068359375000e-01
2.298936247825622559e-01
1.084515824913978577e-01
4.153691530227661133e-01
3.665702641010284424e-01
3.126932382583618164e-01
1.562683135271072388e-01
1.727919131517410278e-01
9.919655323028564453e-02
3.448094427585601807e-01
8.699785917997360229e-02
6.413327157497406006e-02
3.262787163257598877e-01
1.404487192630767822e-01
6.887747049331665039e-01
4.566411674022674561e-01
8.543988317251205444e-02
2.796436548233032227e-01
4.103375971317291260e-01
4.603092968463897705e-01
2.279308438301086426e-01
2.912505865097045898e-01
3.436654210090637207e-01
1.184628233313560486e-01
2.929497361183166504e-01
2.216891348361968994e-01
1.594683527946472168e-01
2.173894792795181274e-01
1.628896594047546387e-01
9.155565500259399414e-02
1.677216887474060059e-01
2.280468642711639404e-01
1.762536615133285522e-01
1.904657036066055298e-01
1.483342945575714111e-01
1.932343840599060059e-01
1.803321838378906250e-01
1.892200112342834473e-01
1.419282406568527222e-01
2.544108033180236816e-01
2.194915115833282471e-01
1.868106722831726074e-01
3.661049604415893555e-01
1.082462668418884277e-01
1.815531551837921143e-01
3.691986799240112305e-01
3.060771226882934570e-01
2.166430205106735229e-01
3.744879066944122314e-01
1.937589794397354126e-01
2.043440788984298706e-01
2.138910889625549316e-01
2.009485810995101929e-01
2.377018034458160400e-01
1.091917082667350769e-01
3.975804150104522705e-01
3.249414861202239990e-01
1.541666239500045776e-01
1.672432273626327515e-01
3.672775626182556152e-01
9.702469408512115479e-02
1.864606142044067383e-01
1.447644382715225220e-01
1.214427798986434937e-01
1.019991338253021240e-01
2.112961709499359131e-01
3.466366529464721680e-01
1.472285687923431396e-01
2.329168319702148438e-01
2.013025581836700439e-01
1.339256912469863892e-01
2.082859575748443604e-01
1.283608675003051758e-01
1.527588069438934326e-01
3.146127760410308838e-01
2.551273703575134277e-01
2.366380542516708374e-01
1.067595183849334717e-01
8.616326749324798584e-02
1.532756835222244263e-01
5.201957225799560547e-01
2.005890309810638428e-01
8.665069192647933960e-02
2.950426042079925537e-01
2.809969484806060791e-01
2.433723658323287964e-01
2.457204610109329224e-01
1.580395400524139404e-01
1.803594678640365601e-01
3.239793777465820312e-01
3.320530951023101807e-01
1.394326537847518921e-01
1.756886243820190430e-01
3.818511366844177246e-01
4.020459055900573730e-01
1.728513985872268677e-01
2.734453976154327393e-01
4.036107957363128662e-01
2.547432184219360352e-01
9.949775040149688721e-02
1.199094951152801514e-01
2.591227293014526367e-01
2.801658511161804199e-01
5.143828988075256348e-01
1.417983621358871460e-01
1.917603909969329834e-01
1.420362442731857300e-01
3.151019513607025146e-01
9.249215573072433472e-02
4.249178767204284668e-01
9.279602020978927612e-02
3.191584050655364990e-01
2.233253717422485352e-01
3.865509033203125000e-01
7.203754782676696777e-02
1.271097511053085327e-01
1.798361688852310181e-01
3.427323997020721436e-01
2.415867447853088379e-01
9.851160645484924316e-02
2.181662470102310181e-01
1.904575824737548828e-01
2.166145741939544678e-01
1.364343315362930298e-01
2.454146444797515869e-01
1.247405186295509338e-01
1.605369299650192261e-01
2.543530762195587158e-01
1.670994162559509277e-01
3.188510537147521973e-01
1.601642966270446777e-01
1.499229669570922852e-01
2.104646563529968262e-01
5.283781886100769043e-01
1.808450967073440552e-01
3.498652279376983643e-01
3.503273725509643555e-01
2.604562342166900635e-01
3.252266645431518555e-01
1.446846127510070801e-01
2.880252301692962646e-01
3.200120329856872559e-01
1.599719524383544922e-01
4.340932965278625488e-01
3.344933688640594482e-01
2.267151176929473877e-01
7.116834819316864014e-02
1.277831494808197021e-01
1.813127398490905762e-01
1.234548464417457581e-01
7.700702548027038574e-02
2.894229292869567871e-01
4.444665014743804932e-01
2.934936285018920898e-01
1.681874245405197144e-01
4.490782022476196289e-01
1.805770993232727051e-01
1.523090749979019165e-01
2.312914729118347168e-01
2.312600165605545044e-01
1.477358788251876831e-01
1.269873380661010742e-01
9.464456140995025635e-02
1.558589041233062744e-01
2.598081231117248535e-01
1.330822557210922241e-01
2.019500136375427246e-01
4.899033606052398682e-01
2.208366394042968750e-01
2.437744885683059692e-01
1.098098233342170715e-01
5.355922505259513855e-02
1.145600974559783936e-01
3.176875412464141846e-02
1.257258653640747070e-01
1.633792370557785034e-01
1.770122349262237549e-01
6.977851688861846924e-02
1.797221302986145020e-01
3.964264392852783203e-01
2.555275857448577881e-01
4.401267170906066895e-01
6.570614874362945557e-02
1.983801871538162231e-01
1.508184969425201416e-01
3.562586307525634766e-01
3.547070622444152832e-01
1.644874811172485352e-01
9.967990219593048096e-02
2.455415725708007812e-01
1.657832711935043335e-01
3.073926270008087158e-01
2.299366295337677002e-01
2.130624949932098389e-01
2.636833190917968750e-01
2.026752531528472900e-01
4.846504926681518555e-01
5.649796500802040100e-02
1.386208683252334595e-01
8.359190821647644043e-02
1.495204120874404907e-01
1.979424804449081421e-01
2.865918874740600586e-01
5.490895509719848633e-01
2.442274093627929688e-01
1.932341158390045166e-01
1.336572319269180298e-01
2.315938770771026611e-01
2.562051713466644287e-01
3.934553265571594238e-01
1.678388267755508423e-01
2.846502661705017090e-01
9.493734687566757202e-02
1.339985430240631104e-01
2.234313189983367920e-01
1.840211153030395508e-01
2.060515582561492920e-01
1.086216941475868225e-01
1.956527233123779297e-01
9.789745509624481201e-02
3.695338219404220581e-02
1.239052638411521912e-01
2.014961838722229004e-01
1.911213546991348267e-01
2.545271217823028564e-01
2.941298782825469971e-01
4.085773602128028870e-02
1.672714948654174805e-01
1.024878844618797302e-01
7.947377860546112061e-02
9.482863545417785645e-02
1.823162734508514404e-01
4.466358125209808350e-01
2.193453013896942139e-01
1.902158260345458984e-01
2.884640991687774658e-01
1.571515798568725586e-01
3.139317333698272705e-01
2.697425484657287598e-01
1.247259229421615601e-01
2.343861758708953857e-01
1.755576878786087036e-01
2.613121867179870605e-01
1.776263117790222168e-01
8.859718590974807739e-02
1.293962597846984863e-01
9.746612608432769775e-02
1.065520197153091431e-01
2.449091076850891113e-01
3.074037730693817139e-01
3.651800751686096191e-01
2.943571805953979492e-01
8.113522827625274658e-02
1.264394521713256836e-01
3.486532568931579590e-01
8.439769595861434937e-02
2.305521517992019653e-01
1.077322810888290405e-01
1.604752838611602783e-01
1.575478464365005493e-01
6.289901584386825562e-02
3.465096056461334229e-01
2.118383347988128662e-01
1.842123568058013916e-01
1.381276398897171021e-01
1.757545620203018188e-01
3.660741448402404785e-01
2.695069313049316406e-01
1.914848238229751587e-01
3.086019158363342285e-01
2.738208770751953125e-01
2.121815979480743408e-01
1.647040843963623047e-01
1.896926760673522949e-01
1.161359548568725586e-01
2.055117636919021606e-01
2.036552280187606812e-01
2.486151456832885742e-01
3.106332719326019287e-01
1.177170872688293457e-01
2.255943268537521362e-01
2.825561761856079102e-01
1.589381545782089233e-01
2.874966263771057129e-01
5.491803884506225586e-01
2.090627551078796387e-01
2.843371629714965820e-01
2.323153913021087646e-01
2.460750639438629150e-01
8.091678470373153687e-02
9.093064814805984497e-02
1.390047073364257812e-01
2.046599686145782471e-01
2.611148357391357422e-01
8.172976970672607422e-02
2.412219047546386719e-01
2.647763490676879883e-01
2.090562582015991211e-01
2.115054577589035034e-01
2.052262127399444580e-01
1.967844814062118530e-01
6.426121294498443604e-02
1.667496412992477417e-01
2.155986130237579346e-01
4.539873600006103516e-01
2.420169115066528320e-01
2.518682777881622314e-01
1.034149676561355591e-01
2.861442267894744873e-01
3.068285584449768066e-01
1.242325603961944580e-01
4.617388173937797546e-02
1.287299692630767822e-01
1.786374002695083618e-01
2.510892152786254883e-01
4.495460987091064453e-01
1.046348512172698975e-01
2.682940959930419922e-01
9.220974147319793701e-02
2.476341128349304199e-01
1.963631212711334229e-01
1.496702730655670166e-01
7.908172905445098877e-02
7.017259299755096436e-02
1.701845228672027588e-01
2.326248884201049805e-01
2.407690286636352539e-01
1.166051477193832397e-01
1.264169067144393921e-01
1.522776484489440918e-01
2.215054035186767578e-01
1.441561281681060791e-01
2.793294787406921387e-01
4.520127475261688232e-01
2.342360019683837891e-01
2.336542755365371704e-01
1.267657577991485596e-01
2.186742722988128662e-01
3.902174234390258789e-01
4.305132627487182617e-01
2.586376667022705078e-01
2.750755846500396729e-01
1.092706471681594849e-01
2.106954008340835571e-01
6.670816242694854736e-02
1.247917711734771729e-01
7.673293352127075195e-02
6.399961709976196289e-01
1.845075935125350952e-01
4.282596111297607422e-01
1.811318844556808472e-01
3.031860291957855225e-01
2.220098972320556641e-01
1.427182853221893311e-01
1.186632290482521057e-01
1.821791529655456543e-01
1.149995252490043640e-01
1.129915043711662292e-01
3.975592851638793945e-01
4.093979001045227051e-01
3.129405975341796875e-01
1.583943068981170654e-01
2.324750125408172607e-01
2.623137831687927246e-01
1.599507927894592285e-01
1.369116157293319702e-01
5.188256502151489258e-01
3.300764858722686768e-01
2.442028224468231201e-01
7.660259306430816650e-02
1.865934133529663086e-01
3.811907470226287842e-01
3.122372627258300781e-01
3.482578396797180176e-01
1.479069590568542480e-01
3.614142239093780518e-01
3.299247026443481445e-01
2.702588438987731934e-01
2.055210769176483154e-01
4.339090883731842041e-01
2.098845094442367554e-01
3.086604177951812744e-01
2.608326077461242676e-01
1.461310088634490967e-01
1.655106544494628906e-01
9.938078373670578003e-02
7.093890011310577393e-02
1.293182671070098877e-01
1.393143236637115479e-01
2.883036434650421143e-01
2.629646956920623779e-01
1.542589664459228516e-01
1.388802528381347656e-01
1.125022470951080322e-01
2.100433260202407837e-01
1.450332105159759521e-01
2.295246720314025879e-01
3.546399474143981934e-01
8.132386207580566406e-02
1.886635273694992065e-01
1.696397364139556885e-01
1.629941016435623169e-01
3.325016498565673828e-01
1.864798665046691895e-01
2.892349362373352051e-01
1.538640260696411133e-01
3.824096918106079102e-01
4.561916291713714600e-01
2.365473061800003052e-01
1.344522237777709961e-01
1.820856034755706787e-01
2.575811743736267090e-01
2.694179415702819824e-01
1.932843774557113647e-01
2.154546380043029785e-01
1.863494217395782471e-01
1.577518135309219360e-01
2.684600949287414551e-01
1.332142949104309082e-01
1.350687593221664429e-01
2.318953573703765869e-01
2.092814445495605469e-01
8.388464152812957764e-02
1.020525023341178894e-01
2.950425446033477783e-01
1.723380982875823975e-01
3.720321655273437500e-01
2.608172595500946045e-01
2.679843604564666748e-01
8.306520432233810425e-02
2.040716260671615601e-01
2.449859082698822021e-01
1.496597826480865479e-01
4.327492788434028625e-02
2.883623242378234863e-01
1.786947548389434814e-01
2.507978081703186035e-01
4.991360604763031006e-01
1.795024126768112183e-01
2.330454438924789429e-01
2.443840056657791138e-01
1.045259833335876465e-01
6.707444787025451660e-02
1.510839611291885376e-01
2.977080345153808594e-01
8.797234296798706055e-02
2.962440848350524902e-01
2.589669823646545410e-01
1.436695754528045654e-01
2.953488826751708984e-01
3.818104863166809082e-01
2.338691055774688721e-01
4.150444865226745605e-01
1.819581687450408936e-01
2.147857993841171265e-01
2.790766060352325439e-01
1.304903328418731689e-01
3.148872852325439453e-01
2.159616947174072266e-01
2.220138758420944214e-01
3.457713425159454346e-01
3.816713690757751465e-01
1.366946101188659668e-01
2.321937531232833862e-01
1.737425923347473145e-01
3.964121043682098389e-01
3.415523171424865723e-01
2.525461912155151367e-01
1.427363604307174683e-01
1.759535372257232666e-01
2.357077449560165405e-01
1.694859713315963745e-01
2.171870172023773193e-01
4.377273917198181152e-01
1.884334385395050049e-01
1.893138885498046875e-01
4.314765036106109619e-01
2.796603739261627197e-01
1.919441521167755127e-01
2.971982657909393311e-01
1.859470158815383911e-01
1.324292868375778198e-01
1.231465786695480347e-01
2.821398675441741943e-01
2.262239903211593628e-01
2.608706355094909668e-01
7.755333930253982544e-02
1.544277071952819824e-01
1.127564311027526855e-01
3.293048739433288574e-01
1.195855438709259033e-01
8.649323880672454834e-02
8.669975399971008301e-02
9.989190101623535156e-02
2.538659870624542236e-01
3.050191104412078857e-01
2.528315484523773193e-01
1.680351197719573975e-01
3.655824959278106689e-01
7.595910131931304932e-02
2.418035864830017090e-01
4.476803243160247803e-01
4.239302575588226318e-01
4.468222260475158691e-01
1.077838540077209473e-01
1.962020397186279297e-01
4.535657167434692383e-01
2.304302901029586792e-01
5.040001273155212402e-01
3.192113339900970459e-01
2.223641425371170044e-01
1.406810283660888672e-01
2.723942399024963379e-01
2.135515511035919189e-01
1.137007921934127808e-01
2.026707082986831665e-01
2.529045045375823975e-01
4.230211079120635986e-01
1.052542328834533691e-01
1.914769411087036133e-01
1.766653358936309814e-01
1.504132449626922607e-01
2.436201572418212891e-01
3.332319855690002441e-01
3.330505788326263428e-01
1.907435655593872070e-01
3.329483866691589355e-01
1.729705035686492920e-01
1.125925108790397644e-01
4.277155697345733643e-01
1.952294558286666870e-01
4.109250307083129883e-01
2.303272187709808350e-01
1.995971053838729858e-01
3.006117045879364014e-01
1.107213199138641357e-01
1.182716041803359985e-01
1.592759788036346436e-01
1.277575790882110596e-01
1.060528308153152466e-01
2.070317268371582031e-01
3.275859951972961426e-01
1.227098256349563599e-01
2.781744599342346191e-01
1.987179964780807495e-01
2.899386882781982422e-01
1.951174736022949219e-01
2.162366509437561035e-01
3.101933002471923828e-01
2.474083304405212402e-01
2.140177339315414429e-01
3.130694627761840820e-01
2.728656232357025146e-01
2.951229214668273926e-01
1.986178159713745117e-01
8.228680491447448730e-02
1.254514008760452271e-01
8.589295297861099243e-02
2.075550854206085205e-01
1.126705929636955261e-01
4.633150100708007812e-01
8.218602836132049561e-02
2.852644324302673340e-01
3.510118126869201660e-01
3.484762310981750488e-01
3.463125824928283691e-01
2.031105756759643555e-01
3.496338427066802979e-02
7.976437360048294067e-02
2.304314076900482178e-01
3.437300622463226318e-01
2.922646701335906982e-01
4.540284872055053711e-01
3.904888033866882324e-01
3.000054359436035156e-01
1.332361102104187012e-01
1.642710864543914795e-01
1.880634427070617676e-01
1.921622157096862793e-01
5.018984526395797729e-02
2.350938320159912109e-01
2.274889349937438965e-01
5.591979622840881348e-02
1.829270869493484497e-01
1.509710550308227539e-01
2.370302081108093262e-01
4.007340073585510254e-01
3.014124035835266113e-01
1.510116755962371826e-01
3.194656074047088623e-01
4.585492014884948730e-01
1.267580091953277588e-01
1.786768138408660889e-01
1.499232053756713867e-01
2.880276441574096680e-01
3.270146846771240234e-01
2.137603163719177246e-01
1.280220001935958862e-01
9.079810976982116699e-02
1.577717661857604980e-01
3.856242895126342773e-01
8.792526274919509888e-02
3.070256114006042480e-01
2.087199836969375610e-01
4.501653611660003662e-01
3.013246953487396240e-01
2.521343529224395752e-01
1.877563297748565674e-01
1.936182528734207153e-01
8.410522341728210449e-02
1.634497046470642090e-01
3.170911371707916260e-01
1.203911006450653076e-01
1.768827438354492188e-01
7.804871350526809692e-02
2.649213075637817383e-01
1.092510223388671875e-01
1.133737564086914062e-01
1.741723418235778809e-01
1.407206952571868896e-01
3.402899801731109619e-01
3.404217958450317383e-01
1.323381960391998291e-01
1.434244364500045776e-01
2.531791925430297852e-01
2.194449007511138916e-01
9.077589958906173706e-02
8.655036985874176025e-02
1.068205535411834717e-01
1.907152235507965088e-01
1.017798632383346558e-01
3.678613901138305664e-02
1.675843447446823120e-01
1.207324415445327759e-01
2.955914139747619629e-01
1.675407886505126953e-01
1.019476205110549927e-01
3.535568416118621826e-01
2.861449122428894043e-01
3.075171709060668945e-01
3.932255804538726807e-01
2.283953726291656494e-01
5.185768604278564453e-01
1.244882643222808838e-01
5.171638131141662598e-01
3.069071769714355469e-01
1.595172584056854248e-01
3.084499239921569824e-01
2.594522833824157715e-01
2.308451235294342041e-01
4.389784634113311768e-01
1.621451377868652344e-01
1.777496933937072754e-01
2.291164547204971313e-01
4.178323745727539062e-01
1.718494892120361328e-01
3.160718083381652832e-01
2.420973926782608032e-01
1.519270539283752441e-01
1.021507754921913147e-01
2.675105333328247070e-01
3.633991479873657227e-01
5.062147974967956543e-01
2.023038119077682495e-01
2.693095207214355469e-01
2.582721412181854248e-01
2.805821001529693604e-01
2.472542822360992432e-01
1.356149613857269287e-01
2.596862018108367920e-01
2.423961013555526733e-01
9.813406318426132202e-02
2.751792073249816895e-01
2.065788507461547852e-01
1.468123197555541992e-01
2.514041662216186523e-01
2.333160489797592163e-01
2.701159119606018066e-01
1.350673288106918335e-01
6.487102806568145752e-02
9.001467376947402954e-02
2.303691357374191284e-01
1.666184365749359131e-01
2.156471312046051025e-01
2.116026282310485840e-01
2.200370132923126221e-01
1.758966743946075439e-01
3.634624183177947998e-01
6.727720052003860474e-02
1.744088232517242432e-01
1.267799139022827148e-01
2.455038726329803467e-01
1.435315459966659546e-01
1.848349273204803467e-01
1.925235539674758911e-01
3.773553967475891113e-01
1.738157868385314941e-01
1.049937456846237183e-01
2.150030136108398438e-01
1.062206625938415527e-01
4.626734554767608643e-01
3.751898407936096191e-01
2.540105581283569336e-01
1.878497302532196045e-01
3.157904446125030518e-01
1.351988017559051514e-01
1.075811386108398438e-01
1.683651655912399292e-01
1.462003886699676514e-01
1.917213201522827148e-01
3.525529801845550537e-01
2.144493311643600464e-01
2.007928937673568726e-01
2.303743362426757812e-01
7.421111315488815308e-02
3.084188103675842285e-01
2.644294500350952148e-01
4.225163757801055908e-01
2.193269282579421997e-01
2.064947038888931274e-01
2.114800214767456055e-01
2.104529887437820435e-01
2.547609806060791016e-01
1.303017437458038330e-01
3.166170716285705566e-01
2.009097784757614136e-01
1.547271907329559326e-01
4.767634272575378418e-01
1.578346788883209229e-01
1.655946820974349976e-01
2.837492227554321289e-01
1.224922984838485718e-01
1.764151453971862793e-01
1.724485307931900024e-01
2.100728303194046021e-01
1.060325950384140015e-01
3.017977476119995117e-01
1.719518303871154785e-01
2.772586643695831299e-01
3.421582579612731934e-01
4.505193829536437988e-01
1.661361157894134521e-01
9.133106470108032227e-02
2.036722451448440552e-01
1.154549345374107361e-01
2.153210341930389404e-01
6.679791212081909180e-02
1.313692778348922729e-01
3.646908402442932129e-01
1.032113283872604370e-01
2.304971367120742798e-01
1.054886430501937866e-01
1.674757748842239380e-01
1.202760562300682068e-01
2.772427201271057129e-01
2.918502688407897949e-01
2.514369487762451172e-01
1.616765409708023071e-01
3.498200774192810059e-01
2.387316077947616577e-01
1.782925128936767578e-01
4.472424983978271484e-01
1.296949237585067749e-01
2.073372900485992432e-01
9.706579148769378662e-02
5.907601118087768555e-02
2.593696713447570801e-01
1.661219298839569092e-01
2.458072304725646973e-01
2.109250128269195557e-01
7.932646572589874268e-02
6.583107262849807739e-02
4.200409948825836182e-01
2.274394780397415161e-01
3.478233814239501953e-01
9.987846016883850098e-02
3.233437538146972656e-01
3.839612007141113281e-01
2.000347077846527100e-01
1.857851892709732056e-01
2.657392323017120361e-01
1.207535266876220703e-01
3.790132999420166016e-01
2.750846147537231445e-01
2.173670232295989990e-01
1.936231851577758789e-01
3.294621109962463379e-01
2.564364075660705566e-01
5.462374687194824219e-01
1.978228688240051270e-01
1.384632736444473267e-01
2.790550887584686279e-01
2.736557126045227051e-01
3.541071712970733643e-01
1.625867486000061035e-01
2.425190806388854980e-01
1.548940539360046387e-01
8.095124363899230957e-02
1.561263501644134521e-01
3.398149311542510986e-01
1.116551756858825684e-01
5.666745901107788086e-01
3.055818080902099609e-01
3.088604807853698730e-01
5.666864663362503052e-02
3.639044463634490967e-01
1.027211323380470276e-01
2.652949392795562744e-01
2.196270227432250977e-01
4.167046546936035156e-01
2.157068848609924316e-01
1.802749931812286377e-01
1.495577096939086914e-01
1.515924632549285889e-01
2.808887362480163574e-01
2.529395818710327148e-01
4.096685349941253662e-01
6.114784628152847290e-02
1.615476310253143311e-01
2.950341701507568359e-01
2.675847709178924561e-01
1.765781044960021973e-01
2.662353217601776123e-01
1.884737759828567505e-01
3.490762710571289062e-01
2.361502647399902344e-01
2.209359407424926758e-01
1.255144923925399780e-01
2.838549315929412842e-01
2.247967869043350220e-01
3.479188084602355957e-01
4.057841897010803223e-01
1.756174415349960327e-01
3.688098788261413574e-01
1.932401657104492188e-01
2.107224762439727783e-01
1.555630862712860107e-01
9.331177175045013428e-02
1.504841297864913940e-01
2.861934602260589600e-01
1.461191326379776001e-01
9.999590367078781128e-02
4.133285284042358398e-01
2.076595127582550049e-01
2.676624059677124023e-01
2.106501460075378418e-01
1.662585586309432983e-01
3.770034909248352051e-01
1.788038015365600586e-01
1.767497956752777100e-01
4.071780443191528320e-01
2.128410041332244873e-01
3.672624230384826660e-01
4.247009158134460449e-01
3.499910235404968262e-01
6.439909934997558594e-01
2.793295681476593018e-01
1.598097234964370728e-01
4.239274263381958008e-01
2.770004868507385254e-01
2.180667519569396973e-01
3.352105319499969482e-01
2.782492041587829590e-01
4.114273190498352051e-01
1.383315175771713257e-01
3.244299292564392090e-01
2.525613903999328613e-01
2.874577343463897705e-01
3.583274483680725098e-01
2.718496918678283691e-01
1.406773477792739868e-01
1.985360085964202881e-01
1.060392707586288452e-01
4.016956090927124023e-01
1.994562298059463501e-01
2.580933272838592529e-01
