2.042107880115509033e-01
9.869207441806793213e-02
1.851338893175125122e-01
5.836765170097351074e-01
1.347519755363464355e-01
1.345256567001342773e-01
2.249718457460403442e-01
1.604497879743576050e-01
3.137695789337158203e-01
3.435854315757751465e-01
2.043133229017257690e-01
3.847753703594207764e-01
1.952216774225234985e-01
3.943659663200378418e-01
1.660637706518173218e-01
2.026092708110809326e-01
2.012801021337509155e-01
1.416382789611816406e-01
3.504130244255065918e-01
1.520351469516754150e-01
2.912154793739318848e-01
2.436832487583160400e-01
1.309801042079925537e-01
1.669065803289413452e-01
1.246945112943649292e-01
1.745698451995849609e-01
2.956736087799072266e-01
4.345119297504425049e-01
2.167544811964035034e-01
1.620400846004486084e-01
1.353830844163894653e-01
2.928864657878875732e-01
2.322717607021331787e-01
1.683398783206939697e-01
1.798068434000015259e-01
1.908665597438812256e-01
1.823090016841888428e-01
2.503535151481628418e-01
1.273837387561798096e-01
1.704549342393875122e-01
2.021280974149703979e-01
4.142566919326782227e-01
3.310567736625671387e-01
2.471089214086532593e-01
2.649561166763305664e-01
3.398681879043579102e-01
3.390522003173828125e-01
3.544704318046569824e-01
3.145038783550262451e-01
2.095349133014678955e-01
4.702466428279876709e-01
3.863501548767089844e-01
2.145901322364807129e-01
2.322865575551986694e-01
1.766029745340347290e-01
2.971090078353881836e-01
2.790459394454956055e-01
2.873075008392333984e-01
3.744190335273742676e-01
1.453632861375808716e-01
1.867938935756683350e-01
3.693871796131134033e-01
1.270922571420669556e-01
2.728931605815887451e-01
1.788133829832077026e-01
3.377663791179656982e-01
2.251864075660705566e-01
4.163556098937988281e-01
2.036923915147781372e-01
2.212420105934143066e-01
9.311171621084213257e-02
2.490715384483337402e-01
3.574958741664886475e-01
1.444333493709564209e-01
3.384879231452941895e-01
7.265712320804595947e-02
1.831178665161132812e-01
1.812924444675445557e-01
1.689798384904861450e-01
2.137709856033325195e-01
7.920664548873901367e-02
1.800101846456527710e-01
8.394712209701538086e-02
3.182280063629150391e-01
1.230420842766761780e-01
2.296269685029983521e-01
2.511163651943206787e-01
5.850388482213020325e-02
1.917168796062469482e-01
3.642686009407043457e-01
1.319007277488708496e-01
9.864934533834457397e-02
1.285128891468048096e-01
3.223451972007751465e-01
1.534302830696105957e-01
2.389936745166778564e-01
2.576052546501159668e-01
3.296201229095458984e-01
5.741479992866516113e-02
1.733021289110183716e-01
1.676166653633117676e-01
1.805692017078399658e-01
1.105893403291702271e-01
2.551849186420440674e-01
1.244406551122665405e-01
1.024456471204757690e-01
3.507460653781890869e-01
8.121626824140548706e-02
1.238723024725914001e-01
1.401998400688171387e-01
3.541720509529113770e-01
1.820729672908782959e-01
2.202077060937881470e-01
1.512449681758880615e-01
6.412909030914306641e-01
2.845868766307830811e-01
2.872781157493591309e-01
1.772945076227188110e-01
1.235544458031654358e-01
2.443702816963195801e-01
2.069517672061920166e-01
3.071253895759582520e-01
2.588422894477844238e-01
2.241539210081100464e-01
1.630247235298156738e-01
9.842586517333984375e-02
1.113428696990013123e-01
1.248237565159797668e-01
7.778379321098327637e-02
1.908733248710632324e-01
1.282176673412322998e-01
6.374186277389526367e-02
1.715273857116699219e-01
1.069747954607009888e-01
5.327039957046508789e-01
9.561673551797866821e-02
7.201181352138519287e-02
2.122506797313690186e-01
2.052847146987915039e-01
1.717854142189025879e-01
1.756329238414764404e-01
3.914511203765869141e-01
5.588572621345520020e-01
4.813998639583587646e-01
4.945556521415710449e-01
3.356940150260925293e-01
1.211840808391571045e-01
3.140328526496887207e-01
2.145330011844635010e-01
9.952469170093536377e-02
1.591169536113739014e-01
1.826433986425399780e-01
1.093793958425521851e-01
4.262446761131286621e-01
3.240621089935302734e-01
3.888858556747436523e-01
2.298100888729095459e-01
1.781308501958847046e-01
2.107509970664978027e-01
2.423972636461257935e-01
1.369382590055465698e-01
1.293597966432571411e-01
1.539079248905181885e-01
2.713841795921325684e-01
1.398686468601226807e-01
2.088416218757629395e-01
1.435332298278808594e-01
1.872681826353073120e-01
2.585477828979492188e-01
5.461964011192321777e-02
3.896799981594085693e-01
1.968563050031661987e-01
1.875951290130615234e-01
3.943151235580444336e-01
4.826357662677764893e-01
1.212264373898506165e-01
3.490334153175354004e-01
2.243416160345077515e-01
1.213656067848205566e-01
9.176871925592422485e-02
8.954040706157684326e-02
4.444803595542907715e-01
3.401991724967956543e-01
1.452503502368927002e-01
1.629408150911331177e-01
2.478210628032684326e-01
1.501071602106094360e-01
3.727380037307739258e-01
2.704072296619415283e-01
3.251236081123352051e-01
4.397201538085937500e-01
2.830988764762878418e-01
2.268139719963073730e-01
1.164799630641937256e-01
1.532952785491943359e-01
1.549364328384399414e-01
4.485942423343658447e-01
3.292391300201416016e-01
1.278239041566848755e-01
6.407181620597839355e-01
2.511637806892395020e-01
3.303879499435424805e-01
1.787972599267959595e-01
9.682560712099075317e-02
1.053437143564224243e-01
2.565560936927795410e-01
1.752652823925018311e-01
2.349704802036285400e-01
3.137862682342529297e-01
2.781226634979248047e-01
2.597380876541137695e-01
2.460176348686218262e-01
1.000285446643829346e-01
1.984118670225143433e-01
2.857772111892700195e-01
2.894955873489379883e-01
4.520844817161560059e-01
2.090814262628555298e-01
1.248088628053665161e-01
3.037027716636657715e-01
1.357961148023605347e-01
1.272891461849212646e-01
3.235083222389221191e-01
8.771538734436035156e-02
2.590228021144866943e-01
2.486131638288497925e-01
1.105257570743560791e-01
1.807189285755157471e-01
3.227789998054504395e-01
2.092465758323669434e-01
1.253973245620727539e-01
1.538023203611373901e-01
3.195453584194183350e-01
1.798846572637557983e-01
1.655416339635848999e-01
6.279796361923217773e-01
1.267472356557846069e-01
1.350695490837097168e-01
1.143410354852676392e-01
2.362760603427886963e-01
2.515065371990203857e-01
1.363533288240432739e-01
4.177970290184020996e-01
2.728295922279357910e-01
2.526425719261169434e-01
2.660864889621734619e-01
3.190189599990844727e-01
1.985166370868682861e-01
2.538552284240722656e-01
2.081290334463119507e-01
3.412962853908538818e-01
1.752571761608123779e-01
1.269834637641906738e-01
3.557205796241760254e-01
2.099428325891494751e-01
2.337174266576766968e-01
3.660084605216979980e-01
3.847776353359222412e-01
3.610465526580810547e-01
2.790856063365936279e-01
2.073013633489608765e-01
1.782619208097457886e-01
3.033532500267028809e-01
1.343010067939758301e-01
3.358593881130218506e-01
3.160429596900939941e-01
1.120269596576690674e-01
3.339772820472717285e-01
4.504247009754180908e-01
1.737924218177795410e-01
1.501497626304626465e-01
1.364661306142807007e-01
1.547689735889434814e-01
2.760496437549591064e-01
3.423562347888946533e-01
4.080042243003845215e-01
1.864015758037567139e-01
4.967787861824035645e-01
1.085727959871292114e-01
1.414221227169036865e-01
1.694481670856475830e-01
2.799177169799804688e-01
1.115417778491973877e-01
2.694351375102996826e-01
1.843636184930801392e-01
1.806421875953674316e-01
1.622006446123123169e-01
1.024754047393798828e-01
3.666555285453796387e-01
8.764605224132537842e-02
1.240018233656883240e-01
1.225568428635597229e-01
1.238032579421997070e-01
1.827559620141983032e-01
3.684447407722473145e-01
3.144188523292541504e-01
2.543786168098449707e-01
2.589057683944702148e-01
1.367501914501190186e-01
2.621645927429199219e-01
1.119607239961624146e-01
2.630767822265625000e-01
3.635717630386352539e-01
1.518085896968841553e-01
2.512789368629455566e-01
1.789645701646804810e-01
6.759046316146850586e-01
2.049641013145446777e-01
1.954542100429534912e-01
5.048600435256958008e-01
1.294948011636734009e-01
1.289233267307281494e-01
1.340886801481246948e-01
2.675408124923706055e-01
1.667404025793075562e-01
1.613535881042480469e-01
2.619071602821350098e-01
1.923072785139083862e-01
3.061407208442687988e-01
4.841887354850769043e-01
1.745534539222717285e-01
2.165025919675827026e-01
3.367263078689575195e-01
3.689507246017456055e-01
2.254818677902221680e-01
7.172099500894546509e-02
2.620843946933746338e-01
3.422698974609375000e-01
3.594418466091156006e-01
2.180664241313934326e-01
2.475953698158264160e-01
3.529644012451171875e-01
2.849768400192260742e-01
1.305449903011322021e-01
3.005520701408386230e-01
1.842629611492156982e-01
2.705639898777008057e-01
3.190937638282775879e-01
4.334861934185028076e-01
2.784989774227142334e-01
4.157230556011199951e-01
3.242665827274322510e-01
1.732232868671417236e-01
2.886217236518859863e-01
3.295837640762329102e-01
3.803402483463287354e-01
1.640069782733917236e-01
1.302018463611602783e-01
2.654021680355072021e-01
6.158852577209472656e-01
3.853093683719635010e-01
1.009156703948974609e-01
1.035687848925590515e-01
2.966233789920806885e-01
2.124122679233551025e-01
1.710124313831329346e-01
3.982820734381675720e-02
2.084595561027526855e-01
5.164388567209243774e-02
1.318170577287673950e-01
1.584522724151611328e-01
3.904238939285278320e-01
3.231874704360961914e-01
3.234593272209167480e-01
2.610946893692016602e-01
1.492438167333602905e-01
1.315638720989227295e-01
2.367219626903533936e-01
1.206170320510864258e-01
2.074919939041137695e-01
3.010489344596862793e-01
3.193594515323638916e-01
2.025700211524963379e-01
1.558741033077239990e-01
2.205323576927185059e-01
1.705260276794433594e-01
2.060958147048950195e-01
1.632350683212280273e-01
3.297715783119201660e-01
1.000729501247406006e-01
1.800465583801269531e-01
5.165488123893737793e-01
2.224819213151931763e-01
1.715783774852752686e-01
8.510848879814147949e-02
1.967842280864715576e-01
4.253495335578918457e-01
3.194955587387084961e-01
2.589029073715209961e-01
1.645630300045013428e-01
2.267541140317916870e-01
2.591116726398468018e-01
3.373423814773559570e-01
1.684870421886444092e-01
2.630925178527832031e-01
3.426584601402282715e-01
2.009065747261047363e-01
2.248415648937225342e-01
3.462651371955871582e-01
3.630509972572326660e-01
3.965805768966674805e-01
1.514579057693481445e-01
1.476555019617080688e-01
2.790770530700683594e-01
2.013988792896270752e-01
2.725417017936706543e-01
1.154270321130752563e-01
1.435633301734924316e-01
1.032756119966506958e-01
2.624204158782958984e-01
1.226096153259277344e-01
2.987634539604187012e-01
8.766191452741622925e-02
6.426007300615310669e-02
8.160316944122314453e-02
2.585111260414123535e-01
1.092634946107864380e-01
9.599743038415908813e-02
9.251394122838973999e-02
4.718225002288818359e-01
4.670464247465133667e-02
8.106026798486709595e-02
2.523250579833984375e-01
1.683420836925506592e-01
3.790672421455383301e-01
1.359391659498214722e-01
2.317570000886917114e-01
3.610012531280517578e-01
2.929030954837799072e-01
1.582296788692474365e-01
3.417106270790100098e-01
8.952132612466812134e-02
3.074828684329986572e-01
2.768263220787048340e-01
3.856668472290039062e-01
2.097186446189880371e-01
2.256210148334503174e-01
1.045574694871902466e-01
3.744807243347167969e-01
1.389444619417190552e-01
4.226462841033935547e-01
1.820054203271865845e-01
1.505405455827713013e-01
8.346611261367797852e-02
4.876603484153747559e-01
6.137295961380004883e-01
4.211865365505218506e-01
3.003412783145904541e-01
2.425277978181838989e-01
1.607124954462051392e-01
5.668198466300964355e-01
1.643159687519073486e-01
3.020557761192321777e-01
1.681219637393951416e-01
2.474436908960342407e-01
3.247930109500885010e-01
2.561329007148742676e-01
2.249219566583633423e-01
2.501828968524932861e-01
4.131797850131988525e-01
3.846844732761383057e-01
6.452912092208862305e-01
3.981480896472930908e-01
3.800796568393707275e-01
1.634414494037628174e-01
4.154361486434936523e-01
2.513383030891418457e-01
1.997658461332321167e-01
2.823089063167572021e-01
4.015595912933349609e-01
3.243972063064575195e-01
1.351647377014160156e-01
1.176382601261138916e-01
1.361193060874938965e-01
1.548886597156524658e-01
2.522977590560913086e-01
5.100789666175842285e-01
3.936577737331390381e-01
4.043945968151092529e-01
2.562900781631469727e-01
2.248544842004776001e-01
2.191646099090576172e-01
1.126255542039871216e-01
2.009049654006958008e-01
2.883239090442657471e-01
3.031674921512603760e-01
4.569381475448608398e-01
4.628863632678985596e-01
2.545526325702667236e-01
1.618816256523132324e-01
1.762763410806655884e-01
1.987160146236419678e-01
6.591795384883880615e-02
2.039803713560104370e-01
1.897532343864440918e-01
1.566593945026397705e-01
1.144690811634063721e-01
1.795668601989746094e-01
3.727947473526000977e-01
1.653310507535934448e-01
1.168124750256538391e-01
2.885093688964843750e-01
3.149661719799041748e-01
2.627155482769012451e-01
2.908309996128082275e-01
2.987180352210998535e-01
1.209925860166549683e-01
2.232339680194854736e-01
5.119849443435668945e-01
2.702881991863250732e-01
1.180475130677223206e-01
1.809898167848587036e-01
2.212643474340438843e-01
2.673420011997222900e-01
1.158895194530487061e-01
4.989424645900726318e-01
2.829346656799316406e-01
2.251800298690795898e-01
2.590723931789398193e-01
3.747331500053405762e-01
2.792951166629791260e-01
3.392573893070220947e-01
1.994443088769912720e-01
1.578999310731887817e-01
2.123179286718368530e-01
2.383847534656524658e-01
1.688931286334991455e-01
1.960729062557220459e-01
2.143186032772064209e-01
2.572381198406219482e-01
1.903795897960662842e-01
3.268590569496154785e-01
2.243119031190872192e-01
1.389544904232025146e-01
2.499070614576339722e-01
1.924415677785873413e-01
1.189982295036315918e-01
2.288549542427062988e-01
1.895376443862915039e-01
3.134113848209381104e-01
2.761023044586181641e-01
3.099005222320556641e-01
3.427540659904479980e-01
3.271661996841430664e-01
3.321458697319030762e-01
2.179791033267974854e-01
2.675712108612060547e-01
1.083540022373199463e-01
3.277666270732879639e-01
2.967929244041442871e-01
5.869331359863281250e-01
5.454554557800292969e-01
2.103292942047119141e-01
5.180014371871948242e-01
2.466312944889068604e-01
2.339985966682434082e-01
5.012491941452026367e-01
1.980830729007720947e-01
1.631740927696228027e-01
1.663565635681152344e-01
9.522526711225509644e-02
2.499842345714569092e-01
2.267109006643295288e-01
7.576439529657363892e-02
4.275457262992858887e-01
3.252363204956054688e-01
3.579227328300476074e-01
2.283837646245956421e-01
4.204534590244293213e-01
2.896717488765716553e-01
1.759539097547531128e-01
3.714309334754943848e-01
2.759879827499389648e-01
3.835944831371307373e-01
1.731260865926742554e-01
1.567024588584899902e-01
3.137623369693756104e-01
2.019288986921310425e-01
3.492829203605651855e-01
4.729313552379608154e-01
3.628554344177246094e-01
2.576385140419006348e-01
2.688482403755187988e-01
3.456009030342102051e-01
2.086975276470184326e-01
1.986511051654815674e-01
1.940713971853256226e-01
2.375085055828094482e-01
1.547392755746841431e-01
2.690975666046142578e-01
2.199619114398956299e-01
1.364685595035552979e-01
2.652891576290130615e-01
2.673271000385284424e-01
4.950698912143707275e-01
2.937173247337341309e-01
1.252199113368988037e-01
1.135735958814620972e-01
3.102289736270904541e-01
2.554588615894317627e-01
5.398059487342834473e-01
5.529561042785644531e-01
1.820699572563171387e-01
2.067362368106842041e-01
3.519698679447174072e-01
8.406700938940048218e-02
2.491287738084793091e-01
3.003348708152770996e-01
2.346236705780029297e-01
1.565542072057723999e-01
2.177106738090515137e-01
2.865564227104187012e-01
7.081107795238494873e-02
2.783281803131103516e-01
3.270434141159057617e-01
1.403810381889343262e-01
2.814140915870666504e-01
3.018283843994140625e-01
3.943014144897460938e-01
1.110105663537979126e-01
2.718976736068725586e-01
3.388938903808593750e-01
2.787438929080963135e-01
1.385374367237091064e-01
2.984718084335327148e-01
1.255504488945007324e-01
3.196184933185577393e-01
1.139882728457450867e-01
3.143588304519653320e-01
1.404075920581817627e-01
1.761206686496734619e-01
1.929865032434463501e-01
2.066635936498641968e-01
4.447074830532073975e-01
2.745285034179687500e-01
2.154219746589660645e-01
1.914416849613189697e-01
1.738576591014862061e-01
2.928452789783477783e-01
1.459121406078338623e-01
1.614761948585510254e-01
3.320204317569732666e-01
3.480605185031890869e-01
2.515192031860351562e-01
8.471368253231048584e-02
1.810624599456787109e-01
1.957474648952484131e-01
1.254436075687408447e-01
2.367686778306961060e-01
1.950794458389282227e-01
1.975701600313186646e-01
2.115723788738250732e-01
3.921237289905548096e-01
4.858346581459045410e-01
5.253438949584960938e-01
2.677294611930847168e-01
1.813480556011199951e-01
9.636803716421127319e-02
6.239175796508789062e-01
3.845724463462829590e-01
3.117008805274963379e-01
6.565532684326171875e-01
2.193925678730010986e-01
2.463645935058593750e-01
1.312245875597000122e-01
2.675991654396057129e-01
1.127763912081718445e-01
4.022294282913208008e-01
2.205148637294769287e-01
2.242690473794937134e-01
2.111095935106277466e-01
3.549004197120666504e-01
3.683982789516448975e-01
4.164427220821380615e-01
1.520477533340454102e-01
1.555384993553161621e-01
1.053219139575958252e-01
1.033415347337722778e-01
3.938382267951965332e-01
1.756141781806945801e-01
2.033993303775787354e-01
2.758683562278747559e-01
2.091203033924102783e-01
2.992060780525207520e-01
1.191747859120368958e-01
2.232182770967483521e-01
1.952001154422760010e-01
1.518570184707641602e-01
2.047456651926040649e-01
4.076563119888305664e-01
7.601878046989440918e-02
3.812293410301208496e-01
2.027735859155654907e-01
3.119418919086456299e-01
1.833922863006591797e-01
4.155111312866210938e-01
1.968808472156524658e-01
1.511822938919067383e-01
1.011907830834388733e-01
1.329229772090911865e-01
7.398405671119689941e-02
3.461043536663055420e-01
3.780491352081298828e-01
1.782594621181488037e-01
3.068424463272094727e-01
2.068644911050796509e-01
1.944212764501571655e-01
2.741458714008331299e-01
1.595974415540695190e-01
2.341201901435852051e-01
1.990636736154556274e-01
2.280976921319961548e-01
1.743209958076477051e-01
9.444633871316909790e-02
1.299318224191665649e-01
1.193086057901382446e-01
2.486022114753723145e-01
4.797125160694122314e-01
7.170221209526062012e-02
2.979603409767150879e-01
2.075205147266387939e-01
8.686476945877075195e-02
1.898788213729858398e-01
2.179396003484725952e-01
1.233071312308311462e-01
2.390624433755874634e-01
1.806196719408035278e-01
3.162931799888610840e-01
1.758938282728195190e-01
4.911971688270568848e-01
3.340157866477966309e-01
2.020244598388671875e-01
1.641241461038589478e-01
1.510038673877716064e-01
2.784433364868164062e-01
1.845710873603820801e-01
2.737035751342773438e-01
3.132349848747253418e-01
3.021355569362640381e-01
2.410301119089126587e-01
2.232051193714141846e-01
1.970681995153427124e-01
1.627973318099975586e-01
1.062752008438110352e-01
3.585216104984283447e-01
2.163208127021789551e-01
7.263509035110473633e-01
5.224899202585220337e-02
3.277042210102081299e-01
3.552268743515014648e-01
3.400847315788269043e-01
1.583331525325775146e-01
1.679199039936065674e-01
1.169441938400268555e-01
1.689713299274444580e-01
2.539487481117248535e-01
1.095665022730827332e-01
3.447266817092895508e-01
1.956371665000915527e-01
3.195062279701232910e-01
1.888933479785919189e-01
1.902736574411392212e-01
2.374585270881652832e-01
1.427023708820343018e-01
1.489844918251037598e-01
3.432677388191223145e-01
4.023570716381072998e-01
1.550127565860748291e-01
1.604059338569641113e-01
3.215115964412689209e-01
2.918273508548736572e-01
1.780014634132385254e-01
3.459219932556152344e-01
2.295738458633422852e-01
1.810741126537322998e-01
8.905391395092010498e-02
1.282136142253875732e-01
3.010756969451904297e-01
4.837379455566406250e-01
2.623226642608642578e-01
3.665797114372253418e-01
3.799860179424285889e-01
2.468771785497665405e-01
3.270571827888488770e-01
1.262726336717605591e-01
1.958346962928771973e-01
2.044749855995178223e-01
2.899829149246215820e-01
3.250078856945037842e-01
2.014943212270736694e-01
6.424037367105484009e-02
4.725854694843292236e-01
4.653507471084594727e-01
2.707534432411193848e-01
4.430789649486541748e-01
1.697119176387786865e-01
1.341335624456405640e-01
4.393385648727416992e-01
1.911964267492294312e-01
5.061514377593994141e-01
1.323966532945632935e-01
6.138810515403747559e-02
4.382289648056030273e-01
8.412073552608489990e-02
7.979764044284820557e-02
1.076140850782394409e-01
1.545093953609466553e-01
1.377184242010116577e-01
1.124928221106529236e-01
2.566316425800323486e-01
3.740055263042449951e-01
2.126757204532623291e-01
2.769648134708404541e-01
2.284808605909347534e-01
1.858030706644058228e-01
1.658658683300018311e-01
3.336821496486663818e-01
5.988949537277221680e-01
2.294319868087768555e-01
3.568734526634216309e-01
2.594853341579437256e-01
3.438582420349121094e-01
3.318394422531127930e-01
3.694873750209808350e-01
3.004554510116577148e-01
2.311438322067260742e-01
2.081719785928726196e-01
3.151101171970367432e-01
3.391721248626708984e-01
3.364254534244537354e-01
1.999841183423995972e-01
1.301895380020141602e-01
8.466222882270812988e-02
1.413748413324356079e-01
2.220047414302825928e-01
2.605298459529876709e-01
1.923796981573104858e-01
2.388632297515869141e-01
1.024046242237091064e-01
3.284309506416320801e-01
1.779068708419799805e-01
3.438660800457000732e-01
1.399522125720977783e-01
1.125699728727340698e-01
1.345203816890716553e-01
3.071430623531341553e-01
7.180077582597732544e-02
1.919589787721633911e-01
1.819369196891784668e-01
1.875298470258712769e-01
1.337953805923461914e-01
4.145550131797790527e-01
6.945427507162094116e-02
7.875336706638336182e-02
3.160938024520874023e-01
2.515085339546203613e-01
1.431218236684799194e-01
1.557949483394622803e-01
2.632664442062377930e-01
2.150155603885650635e-01
3.458721637725830078e-01
2.191926538944244385e-01
1.261806637048721313e-01
1.697855144739151001e-01
1.484920829534530640e-01
2.456295043230056763e-01
3.363468647003173828e-01
3.018918633460998535e-01
2.669902145862579346e-01
2.095031440258026123e-01
3.174807429313659668e-01
4.687606394290924072e-01
2.048044502735137939e-01
3.688904941082000732e-01
1.747829914093017578e-01
2.736799418926239014e-01
3.294835090637207031e-01
2.041437923908233643e-01
4.231681823730468750e-01
4.072198271751403809e-01
2.405147254467010498e-01
3.625761270523071289e-01
2.655740082263946533e-01
1.910148859024047852e-01
4.332380294799804688e-01
2.226490080356597900e-01
3.188574314117431641e-01
2.979997694492340088e-01
1.743040680885314941e-01
1.945360153913497925e-01
1.058937460184097290e-01
1.209141761064529419e-01
1.014840677380561829e-01
1.580915898084640503e-01
2.928655147552490234e-01
2.083782851696014404e-01
2.901141345500946045e-01
2.117168903350830078e-01
3.501428067684173584e-01
4.311023056507110596e-01
2.323082983493804932e-01
1.583046466112136841e-01
2.113213688135147095e-01
1.946892142295837402e-01
4.159907102584838867e-01
1.508754491806030273e-01
1.662923842668533325e-01
7.499419897794723511e-02
5.353322029113769531e-01
2.190012633800506592e-01
7.306823730468750000e-01
4.482115209102630615e-01
2.260972857475280762e-01
1.865098178386688232e-01
3.042758107185363770e-01
1.461623162031173706e-01
3.865415751934051514e-01
2.235918939113616943e-01
2.234912514686584473e-01
2.048998773097991943e-01
3.773676156997680664e-01
2.108229547739028931e-01
1.376579850912094116e-01
2.197230607271194458e-01
2.271194010972976685e-01
1.987233757972717285e-01
3.407641649246215820e-01
2.511328458786010742e-01
2.729306817054748535e-01
1.617552787065505981e-01
3.638969063758850098e-01
2.098297476768493652e-01
1.552798748016357422e-01
1.879615485668182373e-01
4.799928069114685059e-01
3.185237646102905273e-01
2.168350219726562500e-01
1.753076016902923584e-01
2.243972122669219971e-01
7.996787130832672119e-02
1.719204783439636230e-01
2.820864915847778320e-01
3.745848834514617920e-01
3.745240569114685059e-01
1.437357515096664429e-01
3.406274318695068359e-01
2.662545144557952881e-01
1.401149630546569824e-01
3.091222643852233887e-01
2.335048615932464600e-01
2.852755188941955566e-01
2.239514887332916260e-01
3.972700536251068115e-01
3.220281600952148438e-01
1.891069561243057251e-01
1.987952291965484619e-01
1.876182407140731812e-01
1.042746156454086304e-01
2.113037556409835815e-01
4.783407747745513916e-01
1.621271073818206787e-01
2.725297510623931885e-01
1.727476418018341064e-01
2.040432840585708618e-01
1.497960090637207031e-01
1.595584154129028320e-01
2.966377139091491699e-01
2.602250576019287109e-01
1.322034299373626709e-01
1.625369042158126831e-01
1.540412902832031250e-01
4.334239959716796875e-01
3.056700825691223145e-01
3.300418555736541748e-01
1.564783304929733276e-01
1.155779063701629639e-01
2.391420304775238037e-02
2.639772295951843262e-01
3.197448849678039551e-01
4.619171619415283203e-01
1.711601167917251587e-01
2.314771413803100586e-01
6.538833677768707275e-02
6.207305192947387695e-02
1.654174029827117920e-01
3.108726739883422852e-01
1.695438176393508911e-01
2.562443614006042480e-01
1.048918962478637695e-01
1.174726635217666626e-01
1.894048005342483521e-01
8.478388935327529907e-02
2.636904418468475342e-01
4.333403706550598145e-01
1.266123056411743164e-01
1.132698580622673035e-01
2.018113583326339722e-01
2.506645917892456055e-01
1.471024453639984131e-01
3.017868995666503906e-01
3.216760754585266113e-01
3.380897343158721924e-01
2.144296318292617798e-01
2.446745038032531738e-01
3.902376890182495117e-01
3.463394045829772949e-01
2.282117456197738647e-01
1.827568411827087402e-01
1.709112226963043213e-01
2.585380077362060547e-01
2.472570985555648804e-01
1.555123776197433472e-01
3.614721894264221191e-01
2.075356394052505493e-01
1.466146111488342285e-01
1.232863292098045349e-01
2.184398174285888672e-01
2.428857982158660889e-01
3.586301803588867188e-01
1.360914111137390137e-01
8.804830908775329590e-02
2.534980475902557373e-01
6.152791902422904968e-02
1.117112860083580017e-01
1.974742412567138672e-01
3.192546963691711426e-01
8.004267513751983643e-02
1.376810073852539062e-01
1.703263521194458008e-01
2.173729836940765381e-01
3.483569622039794922e-01
2.098208665847778320e-01
1.571781486272811890e-01
8.198378235101699829e-02
2.386804223060607910e-01
3.285661041736602783e-01
3.015801310539245605e-01
6.215097755193710327e-02
2.182042002677917480e-01
9.289366006851196289e-02
1.193352192640304565e-01
1.996420323848724365e-01
8.663904666900634766e-02
2.859506011009216309e-01
4.318511486053466797e-02
3.538835644721984863e-01
2.019883990287780762e-01
5.248568654060363770e-01
1.798245012760162354e-01
5.948778986930847168e-01
1.655401140451431274e-01
3.567858934402465820e-01
4.292351901531219482e-01
2.056340873241424561e-01
3.496220111846923828e-01
1.764304190874099731e-01
1.021064519882202148e-01
1.759454756975173950e-01
1.504572033882141113e-01
3.851549327373504639e-02
1.507053673267364502e-01
1.708149164915084839e-01
6.535458564758300781e-01
3.065917789936065674e-01
1.130721271038055420e-01
2.826973199844360352e-01
3.719285130500793457e-01
2.327090948820114136e-01
3.594298362731933594e-01
2.300496846437454224e-01
8.664844930171966553e-02
2.384460568428039551e-01
9.894475340843200684e-02
1.136015653610229492e-01
1.508684307336807251e-01
1.929513514041900635e-01
2.616999745368957520e-01
2.313052266836166382e-01
8.129780739545822144e-02
2.265273332595825195e-01
1.149850487709045410e-01
1.676518619060516357e-01
3.307686448097229004e-01
1.777772307395935059e-01
3.401617109775543213e-01
1.595576107501983643e-01
7.268798351287841797e-02
4.376178383827209473e-01
2.362394183874130249e-01
2.344364374876022339e-01
3.551858365535736084e-01
2.082055509090423584e-01
6.207321211695671082e-02
1.863060742616653442e-01
2.305056899785995483e-01
1.457029879093170166e-01
1.097383350133895874e-01
5.413126200437545776e-02
2.668768167495727539e-01
1.757912486791610718e-01
2.043759226799011230e-01
1.649586558341979980e-01
4.047593772411346436e-01
1.207131147384643555e-01
2.906326353549957275e-01
2.791020274162292480e-01
4.121309816837310791e-01
2.370474338531494141e-01
3.724680244922637939e-01
2.926644384860992432e-01
4.371047616004943848e-01
3.469665646553039551e-01
2.083052843809127808e-01
4.714607000350952148e-01
5.652280449867248535e-01
4.155126810073852539e-01
2.920185327529907227e-01
2.093143612146377563e-01
5.542654991149902344e-01
1.711505353450775146e-01
1.881843805313110352e-01
1.703545898199081421e-01
1.476208567619323730e-01
3.432821035385131836e-01
7.831726223230361938e-02
2.449564337730407715e-01
1.027946099638938904e-01
3.197867274284362793e-01
4.255767464637756348e-01
1.893558204174041748e-01
3.842375874519348145e-01
3.260330110788345337e-02
6.958266496658325195e-01
9.246981143951416016e-02
3.940194547176361084e-01
2.188290655612945557e-01
2.941732406616210938e-01
1.630257070064544678e-01
3.184884786605834961e-01
3.621490001678466797e-01
3.351431787014007568e-01
3.740669190883636475e-01
3.232713043689727783e-01
3.495419025421142578e-01
3.910591006278991699e-01
2.314528822898864746e-01
2.387112081050872803e-01
4.413751363754272461e-01
7.614874839782714844e-02
1.364605426788330078e-01
1.662254631519317627e-01
7.222601771354675293e-02
3.189027905464172363e-01
7.992804050445556641e-01
3.746415078639984131e-01
1.132614165544509888e-01
3.547957837581634521e-01
4.582082331180572510e-01
1.871621161699295044e-01
1.896431893110275269e-01
1.735387742519378662e-01
2.818625271320343018e-01
2.585455775260925293e-01
1.351389586925506592e-01
3.774595856666564941e-01
4.615337848663330078e-01
1.496260613203048706e-01
3.254607319831848145e-01
2.097479701042175293e-01
1.259200870990753174e-01
1.757269799709320068e-01
2.327670753002166748e-01
2.254154831171035767e-01
1.469951272010803223e-01
9.963358193635940552e-02
2.911069095134735107e-01
2.298059910535812378e-01
1.747312992811203003e-01
8.629685640335083008e-02
1.198338866233825684e-01
2.635029256343841553e-01
7.117286324501037598e-02
2.999841272830963135e-01
7.110204100608825684e-01
3.754034340381622314e-01
6.615651845932006836e-01
2.946487367153167725e-01
9.252485036849975586e-01
3.693302571773529053e-01
3.532639741897583008e-01
4.735174775123596191e-01
4.258843660354614258e-01
4.970305263996124268e-01
3.572467565536499023e-01
3.119044005870819092e-01
2.210657745599746704e-01
1.916206777095794678e-01
1.517462730407714844e-01
4.377147257328033447e-01
3.807203173637390137e-01
2.313253283500671387e-01
4.079788923263549805e-01
2.086272537708282471e-01
4.229867160320281982e-01
2.876960337162017822e-01
2.999040484428405762e-01
2.816391885280609131e-01
4.118753373622894287e-01
3.974934220314025879e-01
2.295450419187545776e-01
2.101055681705474854e-01
6.561750918626785278e-02
2.104931473731994629e-01
3.393916487693786621e-01
1.806939393281936646e-01
9.495656192302703857e-02
3.296142518520355225e-01
2.331241220235824585e-01
8.440329134464263916e-02
3.375261425971984863e-01
1.995939910411834717e-01
4.919100105762481689e-01
3.287561535835266113e-01
2.124362140893936157e-01
2.595589756965637207e-01
2.639814019203186035e-01
2.511228621006011963e-01
1.449605226516723633e-01
1.526121348142623901e-01
4.345101118087768555e-01
2.983313798904418945e-01
1.882069706916809082e-01
1.803020089864730835e-01
3.863762319087982178e-01
4.724748730659484863e-01
1.492706984281539917e-01
3.583361506462097168e-01
3.328106403350830078e-01
1.996471583843231201e-01
3.615289628505706787e-01
1.764706075191497803e-01
2.488551139831542969e-01
1.687481999397277832e-01
2.333228588104248047e-01
4.889233037829399109e-02
2.691830694675445557e-02
