4.955402612686157227e-01
1.370502710342407227e-01
2.217052727937698364e-01
1.507304161787033081e-01
1.127230226993560791e-01
1.276414394378662109e-01
2.265940010547637939e-01
1.875007003545761108e-01
1.199790537357330322e-01
1.242990195751190186e-01
2.277052104473114014e-01
6.838203221559524536e-02
1.884124875068664551e-01
3.117447495460510254e-01
4.405749440193176270e-01
1.176860556006431580e-01
2.909284532070159912e-01
3.372254371643066406e-01
2.693461179733276367e-01
1.896860003471374512e-01
3.068264126777648926e-01
1.936734616756439209e-01
2.739366888999938965e-01
3.615403473377227783e-01
1.927440911531448364e-01
4.978336691856384277e-01
4.228874146938323975e-01
4.330256879329681396e-01
1.974300444126129150e-01
1.365236937999725342e-01
2.364142239093780518e-01
2.185049653053283691e-01
5.984853506088256836e-01
1.879235208034515381e-01
3.659921586513519287e-01
2.681802511215209961e-01
1.139343976974487305e-01
1.795329004526138306e-01
1.044406071305274963e-01
3.104194700717926025e-01
3.179240822792053223e-01
2.236485332250595093e-01
2.067403495311737061e-01
3.281170725822448730e-01
2.108327150344848633e-01
2.182836830615997314e-01
3.416714966297149658e-01
1.251635551452636719e-01
1.148826256394386292e-01
3.560006022453308105e-01
2.170965373516082764e-01
1.742716431617736816e-01
1.649970710277557373e-01
2.673469185829162598e-01
6.917735934257507324e-02
1.310323476791381836e-01
2.499321401119232178e-01
5.953253805637359619e-02
1.963402777910232544e-01
1.900865882635116577e-01
1.783429682254791260e-01
1.138748601078987122e-01
1.047794669866561890e-01
2.174562364816665649e-01
5.766819417476654053e-02
2.769020199775695801e-01
2.124871611595153809e-01
3.301216363906860352e-01
1.747849583625793457e-01
2.743600010871887207e-01
2.266125977039337158e-01
2.856624126434326172e-01
1.968213766813278198e-01
2.086023092269897461e-01
1.864234358072280884e-01
3.154529929161071777e-01
1.054736524820327759e-01
1.778669059276580811e-01
2.688027322292327881e-01
4.968579486012458801e-02
2.970413863658905029e-01
2.061670124530792236e-01
3.008813261985778809e-01
5.119285583496093750e-01
1.734100878238677979e-01
2.047851085662841797e-01
2.823067009449005127e-01
1.926181763410568237e-01
1.710537672042846680e-01
1.175813972949981689e-01
1.397456675767898560e-01
3.225925862789154053e-01
1.480359137058258057e-01
2.152064144611358643e-01
4.021858572959899902e-01
5.454728752374649048e-02
2.383549511432647705e-01
2.774654030799865723e-01
7.565459609031677246e-02
1.280919313430786133e-01
2.036273479461669922e-01
1.375643908977508545e-01
1.985610127449035645e-01
1.587430238723754883e-01
3.274488747119903564e-01
4.238851368427276611e-01
2.942299842834472656e-01
1.924721002578735352e-01
3.256702721118927002e-01
1.106723546981811523e-01
1.186672002077102661e-01
9.132199734449386597e-02
2.568055093288421631e-01
1.634468138217926025e-01
8.388797193765640259e-02
1.305965632200241089e-01
1.234825327992439270e-01
1.690658032894134521e-01
1.884307563304901123e-01
1.584231853485107422e-01
2.826416492462158203e-01
2.180192917585372925e-01
2.430256903171539307e-01
3.310883641242980957e-01
1.413434743881225586e-01
2.705976963043212891e-01
3.504168689250946045e-01
9.907738119363784790e-02
2.044117450714111328e-01
1.524446904659271240e-01
1.451021283864974976e-01
2.919075787067413330e-01
2.820307910442352295e-01
1.115806847810745239e-01
1.589449346065521240e-01
2.878652215003967285e-01
2.648203969001770020e-01
1.149035319685935974e-01
2.997711002826690674e-01
1.937697827816009521e-01
2.756163179874420166e-01
1.669992804527282715e-01
2.781768739223480225e-01
2.603237926959991455e-01
2.304448038339614868e-01
1.891971230506896973e-01
4.010001420974731445e-01
3.248400390148162842e-01
1.938300132751464844e-01
1.515525281429290771e-01
1.705877035856246948e-01
7.925175130367279053e-02
1.956482529640197754e-01
1.560708880424499512e-01
3.190746307373046875e-01
1.958585977554321289e-01
1.460770070552825928e-01
5.517169460654258728e-02
3.682154715061187744e-01
2.645960748195648193e-01
4.067294895648956299e-01
1.475704461336135864e-01
2.166846394538879395e-01
4.065345227718353271e-01
2.654085159301757812e-01
2.454199790954589844e-01
2.796190083026885986e-01
2.252557575702667236e-01
2.575770616531372070e-01
2.914492487907409668e-01
2.124567925930023193e-01
1.769073009490966797e-01
1.773057729005813599e-01
1.169271767139434814e-01
3.536068499088287354e-01
1.610576212406158447e-01
8.900310844182968140e-02
2.539477050304412842e-01
1.541073918342590332e-01
1.368238031864166260e-01
2.627678513526916504e-01
1.840349137783050537e-01
1.131151020526885986e-01
1.938165724277496338e-01
6.132921203970909119e-02
1.700580418109893799e-01
3.008399307727813721e-01
2.024754434823989868e-01
2.095253616571426392e-01
6.941273808479309082e-02
2.883024215698242188e-01
1.606355160474777222e-01
1.706144809722900391e-01
2.863821685314178467e-01
2.607389390468597412e-01
2.560220956802368164e-01
3.477097153663635254e-01
1.613901406526565552e-01
2.492014765739440918e-01
2.554131150245666504e-01
2.659828066825866699e-01
4.994634911417961121e-02
2.232657670974731445e-01
4.993291199207305908e-02
1.762871593236923218e-01
1.812099218368530273e-01
3.112747073173522949e-01
1.222227439284324646e-01
2.448994517326354980e-01
1.365523338317871094e-01
9.449835866689682007e-02
2.019860148429870605e-01
1.928159296512603760e-01
2.529909610748291016e-01
4.073488116264343262e-01
6.834299862384796143e-02
3.537272810935974121e-01
9.881436824798583984e-02
1.673140823841094971e-01
1.196327582001686096e-01
3.566275835037231445e-01
2.531376481056213379e-01
2.650532126426696777e-01
2.283484339714050293e-01
2.410714924335479736e-01
1.761114448308944702e-01
2.249977588653564453e-01
8.224820345640182495e-02
2.216796278953552246e-01
2.406302988529205322e-01
3.694187104701995850e-01
1.280243247747421265e-01
1.163816228508949280e-01
3.034648299217224121e-01
2.149590551853179932e-01
2.392823994159698486e-01
3.177736103534698486e-01
2.514213919639587402e-01
2.018426507711410522e-01
1.561112403869628906e-01
2.458353340625762939e-01
7.700438797473907471e-02
2.502830028533935547e-01
2.954686880111694336e-01
5.496395006775856018e-02
1.248109862208366394e-01
3.457905054092407227e-01
1.317106783390045166e-01
1.261632442474365234e-01
2.205950766801834106e-01
2.199912965297698975e-01
8.888964354991912842e-02
2.983238697052001953e-01
3.010122179985046387e-01
3.000822961330413818e-01
3.708443045616149902e-01
1.596108227968215942e-01
3.860572874546051025e-01
3.870393633842468262e-01
2.031584084033966064e-01
1.465036123991012573e-01
3.261418640613555908e-01
9.290678799152374268e-02
8.846925944089889526e-02
4.140984117984771729e-01
3.087610304355621338e-01
1.230345815420150757e-01
3.253097534179687500e-01
5.749416351318359375e-01
1.990905255079269409e-01
2.145897895097732544e-01
2.363255769014358521e-01
2.795614600181579590e-01
2.667014002799987793e-01
1.359311193227767944e-01
3.656941652297973633e-01
1.692950278520584106e-01
2.842959761619567871e-01
2.402049601078033447e-01
1.899303793907165527e-01
1.628666818141937256e-01
1.488072872161865234e-01
2.845453619956970215e-01
3.068740665912628174e-01
2.518357634544372559e-01
2.803776860237121582e-01
2.260220944881439209e-01
5.237449705600738525e-02
3.196738064289093018e-01
3.052723109722137451e-01
3.993813991546630859e-01
1.083940416574478149e-01
2.293405979871749878e-01
3.364412784576416016e-01
2.385350018739700317e-01
1.651275157928466797e-01
3.726128339767456055e-01
2.261427640914916992e-01
1.416557431221008301e-01
1.851738393306732178e-01
4.202762991189956665e-02
2.140013724565505981e-01
2.185793071985244751e-01
2.623791396617889404e-01
4.762181341648101807e-01
2.006550729274749756e-01
2.232828587293624878e-01
2.772733867168426514e-01
1.409354507923126221e-01
5.961320176720619202e-02
4.860070645809173584e-01
3.044182658195495605e-01
7.964713871479034424e-02
2.432080209255218506e-01
2.329599410295486450e-01
1.744854152202606201e-01
3.111601471900939941e-01
2.715788483619689941e-01
9.984536468982696533e-02
8.594374358654022217e-02
2.715302109718322754e-01
1.893834769725799561e-01
1.245825141668319702e-01
3.737854659557342529e-01
1.137509271502494812e-01
4.680580496788024902e-01
1.906346976757049561e-01
2.211920768022537231e-01
6.929977983236312866e-02
1.042261123657226562e-01
1.861906945705413818e-01
2.474075555801391602e-01
2.559356689453125000e-01
1.726468801498413086e-01
1.000594347715377808e-01
2.168377935886383057e-01
3.009973168373107910e-01
2.303135246038436890e-01
3.043237626552581787e-01
1.998964548110961914e-01
2.958280146121978760e-01
3.451957702636718750e-01
1.976264119148254395e-01
3.383907079696655273e-01
1.939070224761962891e-01
1.342933923006057739e-01
3.929703831672668457e-01
1.583496332168579102e-01
2.082663327455520630e-01
2.762908041477203369e-01
2.918677330017089844e-01
2.053533941507339478e-01
3.750460147857666016e-01
3.090921044349670410e-01
2.926085591316223145e-01
3.449795544147491455e-01
2.983749806880950928e-01
4.740053415298461914e-01
1.781148910522460938e-01
2.835165262222290039e-01
1.301366239786148071e-01
3.997408151626586914e-01
2.616984546184539795e-01
8.227248489856719971e-02
3.360036909580230713e-01
1.864634156227111816e-01
3.202469944953918457e-01
5.318406224250793457e-01
2.405775040388107300e-01
6.083113551139831543e-01
4.288040399551391602e-01
1.926690638065338135e-01
4.201482534408569336e-01
3.093214631080627441e-01
3.382736742496490479e-01
3.725483119487762451e-01
5.165017247200012207e-01
2.424736917018890381e-01
2.845653891563415527e-01
3.636714816093444824e-01
2.198684215545654297e-01
4.018466174602508545e-01
2.462279796600341797e-01
1.804414987564086914e-01
2.680543065071105957e-01
2.652317285537719727e-01
4.388130605220794678e-01
1.512416005134582520e-01
4.712512493133544922e-01
4.040929675102233887e-01
2.656272649765014648e-01
3.054224252700805664e-01
1.032676249742507935e-01
4.483945071697235107e-01
3.686009049415588379e-01
3.254817724227905273e-01
1.409786939620971680e-01
2.278054803609848022e-01
2.329073250293731689e-01
3.225127160549163818e-01
3.000918030738830566e-01
9.594137966632843018e-02
1.895299851894378662e-01
4.331241250038146973e-01
1.138876900076866150e-01
1.519200950860977173e-01
2.248216271400451660e-01
1.907095611095428467e-01
9.306624531745910645e-02
2.937165498733520508e-01
3.662411272525787354e-01
3.217763900756835938e-01
2.215009629726409912e-01
1.450539380311965942e-01
1.590999662876129150e-01
2.468731999397277832e-01
2.272449284791946411e-01
1.095019429922103882e-01
1.510185003280639648e-01
2.339060008525848389e-01
2.588780224323272705e-01
3.199028372764587402e-01
2.737969756126403809e-01
3.236512243747711182e-01
2.038973569869995117e-01
1.327814459800720215e-01
6.468901783227920532e-02
8.635300397872924805e-02
2.329182177782058716e-01
3.767223060131072998e-01
1.177833899855613708e-01
1.469081044197082520e-01
3.169131875038146973e-01
1.292531490325927734e-01
2.096870392560958862e-01
2.126884460449218750e-01
2.674812376499176025e-01
1.150455698370933533e-01
2.425858974456787109e-01
2.097027897834777832e-01
2.476356923580169678e-01
1.685747653245925903e-01
4.556198418140411377e-01
1.233450472354888916e-01
1.304197907447814941e-01
1.837809979915618896e-01
1.365693509578704834e-01
7.221908867359161377e-02
2.027005404233932495e-01
2.563105523586273193e-01
1.044674068689346313e-01
2.899461984634399414e-01
3.080559074878692627e-01
4.274466037750244141e-01
2.897992730140686035e-01
1.364531368017196655e-01
1.997779905796051025e-01
1.410373151302337646e-01
1.902550309896469116e-01
2.187356948852539062e-01
1.021611690521240234e-01
4.328841269016265869e-01
2.176080048084259033e-01
4.284768104553222656e-01
1.371628791093826294e-01
1.542274802923202515e-01
5.890842676162719727e-01
2.537246346473693848e-01
2.494995743036270142e-01
2.453237771987915039e-01
1.473847031593322754e-01
2.058269530534744263e-01
1.641966700553894043e-01
3.432668447494506836e-01
2.785775959491729736e-01
1.509153991937637329e-01
6.648470461368560791e-02
1.641001701354980469e-01
2.818537652492523193e-01
2.098116576671600342e-01
1.057973802089691162e-01
3.532646894454956055e-01
2.011045962572097778e-01
3.291187584400177002e-01
2.516005933284759521e-01
1.687632352113723755e-01
2.829618155956268311e-01
2.885136604309082031e-01
3.343200385570526123e-01
1.659565120935440063e-01
1.091758459806442261e-01
1.179232150316238403e-01
2.582213282585144043e-01
1.634833812713623047e-01
3.304470181465148926e-01
3.419759869575500488e-01
4.651836752891540527e-01
3.056148886680603027e-01
1.351860612630844116e-01
1.173303797841072083e-01
9.481158852577209473e-02
2.420858442783355713e-01
8.717562258243560791e-02
3.018079996109008789e-01
4.108213186264038086e-01
1.366762965917587280e-01
2.929201126098632812e-01
3.284852802753448486e-01
1.439689546823501587e-01
3.571374118328094482e-01
2.661457359790802002e-01
1.341669708490371704e-01
1.813588142395019531e-01
9.837896376848220825e-02
1.796177625656127930e-01
2.280197143554687500e-01
1.648641079664230347e-01
1.799349784851074219e-01
1.274945735931396484e-01
9.423483908176422119e-02
3.679265975952148438e-01
1.390366256237030029e-01
6.076896563172340393e-02
1.208918914198875427e-01
1.494968831539154053e-01
1.828360706567764282e-01
6.733398437500000000e-01
8.661961555480957031e-02
1.806193143129348755e-01
1.513496637344360352e-01
1.566067934036254883e-01
1.215210333466529846e-01
4.763898253440856934e-02
3.084461987018585205e-01
2.631928920745849609e-01
3.353330492973327637e-01
3.402760028839111328e-01
4.544248282909393311e-01
3.210338652133941650e-01
2.615300118923187256e-01
1.911257207393646240e-01
8.780688047409057617e-02
2.865318581461906433e-02
3.032904863357543945e-01
3.991130292415618896e-01
2.219450175762176514e-01
1.917355954647064209e-01
2.476361691951751709e-01
3.677635788917541504e-01
2.714625597000122070e-01
2.704459428787231445e-01
4.284338653087615967e-01
1.366391777992248535e-01
1.528143286705017090e-01
2.725663483142852783e-01
4.547299444675445557e-01
1.866882443428039551e-01
2.032946348190307617e-01
2.094959616661071777e-01
2.046175301074981689e-01
3.435090780258178711e-01
2.273412495851516724e-01
2.201716005802154541e-01
1.842479705810546875e-01
1.902638077735900879e-01
2.504942119121551514e-01
1.701085567474365234e-01
1.987327337265014648e-01
1.954201757907867432e-01
4.732635617256164551e-01
1.322705745697021484e-01
3.722639679908752441e-01
2.441053986549377441e-01
1.321685314178466797e-01
1.590482890605926514e-01
1.058407276868820190e-01
1.149052307009696960e-01
2.806612551212310791e-01
1.041913777589797974e-01
3.685918152332305908e-01
1.441197842359542847e-01
2.661081552505493164e-01
3.902801871299743652e-01
5.158653855323791504e-01
4.599452912807464600e-01
2.283837646245956421e-01
3.800691962242126465e-01
8.720546960830688477e-02
4.269029200077056885e-01
1.978625059127807617e-01
2.321799099445343018e-01
1.740186363458633423e-01
7.742901891469955444e-02
4.332571327686309814e-01
4.039923548698425293e-01
4.016084671020507812e-01
2.094946503639221191e-01
9.084414690732955933e-02
3.058145940303802490e-01
1.677760779857635498e-01
2.433182895183563232e-01
2.979954481124877930e-01
8.107187598943710327e-02
2.346929907798767090e-01
1.025089919567108154e-01
2.332238256931304932e-01
2.956030368804931641e-01
1.656831502914428711e-01
1.880945414304733276e-01
1.858772337436676025e-01
9.854618459939956665e-02
4.358444809913635254e-01
3.833084702491760254e-01
3.684944212436676025e-01
1.759809404611587524e-01
4.190051555633544922e-01
1.951031833887100220e-01
1.352838277816772461e-01
9.022279083728790283e-02
2.909321188926696777e-01
1.263395100831985474e-01
2.871354520320892334e-01
2.492533773183822632e-01
1.586189270019531250e-01
2.302997708320617676e-01
2.089013606309890747e-01
3.685151338577270508e-01
2.074936032295227051e-01
2.344343662261962891e-01
1.551852375268936157e-01
8.996918797492980957e-02
1.752945929765701294e-01
9.696032106876373291e-02
6.197535246610641479e-02
1.716565191745758057e-01
2.246986776590347290e-01
8.268732577562332153e-02
3.625598549842834473e-01
5.422434806823730469e-01
3.650093376636505127e-01
1.952260434627532959e-01
1.737326383590698242e-01
2.121423780918121338e-01
2.602855861186981201e-01
1.515998989343643188e-01
5.444049835205078125e-01
1.947943568229675293e-01
1.599555164575576782e-01
1.536307036876678467e-01
1.950878649950027466e-01
4.031262695789337158e-01
3.105974197387695312e-01
1.249583512544631958e-01
2.727349698543548584e-01
4.804897606372833252e-01
1.919810771942138672e-01
2.537129521369934082e-01
6.222677230834960938e-02
7.555804848670959473e-01
1.704168021678924561e-01
2.347504794597625732e-01
3.176083564758300781e-01
2.093437612056732178e-01
2.197472602128982544e-01
2.286333441734313965e-01
3.022849559783935547e-01
2.974824905395507812e-01
2.118714153766632080e-01
4.732395708560943604e-02
1.112186759710311890e-01
1.724309623241424561e-01
3.244462013244628906e-01
2.087192982435226440e-01
1.549345105886459351e-01
3.488672375679016113e-01
1.117185875773429871e-01
1.057554557919502258e-01
6.713191866874694824e-01
4.315518140792846680e-01
2.143423855304718018e-01
1.609728634357452393e-01
2.758218050003051758e-01
2.679061293601989746e-01
5.251809582114219666e-02
3.150233030319213867e-01
1.463336497545242310e-01
2.941061854362487793e-01
1.304704248905181885e-01
4.138150215148925781e-01
2.055490761995315552e-01
4.156051278114318848e-01
2.336568832397460938e-01
1.846301555633544922e-01
3.330960869789123535e-01
1.420860886573791504e-01
3.955141901969909668e-01
9.240733087062835693e-02
2.472900450229644775e-01
2.822126746177673340e-01
2.765634059906005859e-01
2.069684863090515137e-01
2.212297618389129639e-01
1.288477480411529541e-01
4.134418964385986328e-01
2.062281668186187744e-01
2.376233935356140137e-01
6.102515757083892822e-02
1.446233093738555908e-01
6.016736105084419250e-02
2.951580882072448730e-01
1.727101206779479980e-01
8.858866244554519653e-02
1.908421218395233154e-01
9.768846631050109863e-02
2.829734981060028076e-01
2.790467739105224609e-01
1.443863213062286377e-01
3.972225189208984375e-01
1.634133905172348022e-01
2.220238298177719116e-01
1.963912397623062134e-01
2.855993509292602539e-01
2.649106085300445557e-01
2.198411822319030762e-01
1.399930417537689209e-01
2.809917926788330078e-01
2.222298681735992432e-01
4.548504352569580078e-01
1.703642904758453369e-01
1.065600737929344177e-01
2.389382421970367432e-01
4.086467027664184570e-01
2.765333950519561768e-01
1.482399404048919678e-01
2.951152920722961426e-01
1.371970027685165405e-01
1.825215518474578857e-01
4.085918664932250977e-01
1.909141093492507935e-01
4.366067945957183838e-01
1.009733602404594421e-01
2.792559564113616943e-01
1.425268054008483887e-01
2.354641556739807129e-01
2.116198092699050903e-01
2.402020990848541260e-01
2.143212854862213135e-01
1.988945007324218750e-01
2.517433762550354004e-01
9.471064060926437378e-02
1.691519618034362793e-01
2.638948559761047363e-01
5.573109388351440430e-01
3.974691331386566162e-01
2.658576965332031250e-01
3.413106799125671387e-01
3.800321817398071289e-01
6.997913867235183716e-02
1.853030472993850708e-01
1.677294224500656128e-01
1.260324120521545410e-01
2.203492373228073120e-01
3.479947149753570557e-01
1.928554177284240723e-01
1.497011780738830566e-01
2.947829365730285645e-01
2.152798771858215332e-01
2.683387100696563721e-01
4.894645810127258301e-01
4.232589900493621826e-01
3.337243497371673584e-01
1.120307743549346924e-01
1.376098692417144775e-01
1.361421644687652588e-01
2.917069494724273682e-01
2.110824882984161377e-01
4.067612886428833008e-01
2.615799903869628906e-01
9.430216252803802490e-02
2.461029291152954102e-01
2.090355157852172852e-01
2.976146340370178223e-01
2.628677487373352051e-01
2.994492650032043457e-01
1.078229099512100220e-01
1.315657794475555420e-01
2.265312075614929199e-01
1.145414263010025024e-01
2.342548519372940063e-01
1.343234181404113770e-01
1.147134676575660706e-01
4.038718342781066895e-01
2.412327527999877930e-01
1.586698740720748901e-01
2.210378944873809814e-01
4.398567676544189453e-01
1.501122415065765381e-01
2.919543981552124023e-01
6.365469098091125488e-02
1.283101290464401245e-01
2.029035538434982300e-01
2.111156284809112549e-01
2.372856736183166504e-01
3.243246376514434814e-01
1.458522081375122070e-01
2.116218209266662598e-01
4.695144593715667725e-01
2.219730466604232788e-01
9.204646199941635132e-02
4.526685923337936401e-02
1.990154832601547241e-01
1.489759534597396851e-01
3.134932518005371094e-01
2.103637009859085083e-01
1.249326169490814209e-01
3.779104650020599365e-01
1.188645809888839722e-01
2.096031010150909424e-01
1.389786899089813232e-01
1.359554082155227661e-01
9.757005423307418823e-02
1.474233567714691162e-01
2.773172855377197266e-01
2.086799740791320801e-01
1.975809335708618164e-01
4.634607136249542236e-01
1.882059872150421143e-01
9.600501507520675659e-02
2.783904373645782471e-01
2.917561531066894531e-01
3.741407990455627441e-01
6.607875227928161621e-02
1.719049513339996338e-01
1.593709588050842285e-01
2.325542420148849487e-01
3.094962239265441895e-01
1.158118098974227905e-01
3.962361216545104980e-01
2.121346592903137207e-01
2.145551145076751709e-01
2.842168807983398438e-01
1.602269560098648071e-01
3.503860831260681152e-01
1.140263751149177551e-01
2.666972875595092773e-01
2.723816633224487305e-01
2.588001787662506104e-01
2.402594387531280518e-01
1.342943757772445679e-01
2.916360497474670410e-01
2.006807774305343628e-01
1.766892820596694946e-01
3.416406214237213135e-01
1.621731668710708618e-01
1.940061300992965698e-01
2.792467474937438965e-01
2.953655421733856201e-01
7.350829839706420898e-01
2.435698062181472778e-01
2.339238375425338745e-01
2.287126928567886353e-01
9.046680480241775513e-02
2.777363061904907227e-01
1.708730161190032959e-01
2.260579168796539307e-01
1.367707103490829468e-01
2.329822778701782227e-01
2.067789733409881592e-01
4.361104965209960938e-01
2.543412446975708008e-01
2.747513949871063232e-01
2.338487803936004639e-01
4.540007710456848145e-01
1.450794637203216553e-01
1.598553508520126343e-01
3.347164988517761230e-01
1.968451291322708130e-01
1.956398487091064453e-01
2.580923438072204590e-01
2.600950002670288086e-01
1.861411333084106445e-01
3.338079452514648438e-01
2.599080801010131836e-01
1.460142433643341064e-01
1.647425293922424316e-01
2.536151111125946045e-01
2.578496932983398438e-01
3.059941530227661133e-01
9.677452594041824341e-02
3.352572917938232422e-01
6.663994491100311279e-02
1.974242627620697021e-01
1.609573215246200562e-01
2.894150614738464355e-01
3.026552498340606689e-01
6.535121798515319824e-02
1.428304612636566162e-01
2.091575264930725098e-01
1.476607769727706909e-01
7.955996692180633545e-02
1.549540758132934570e-01
2.777889668941497803e-01
1.514071822166442871e-01
1.643003970384597778e-01
1.340114474296569824e-01
5.268883332610130310e-02
2.398617565631866455e-01
1.958443373441696167e-01
1.832445412874221802e-01
6.654050201177597046e-02
9.930691123008728027e-02
2.058339267969131470e-01
5.089491009712219238e-01
3.009116649627685547e-01
2.201070487499237061e-01
1.169177740812301636e-01
2.718299627304077148e-01
2.179955840110778809e-01
2.526553869247436523e-01
4.281019270420074463e-01
8.170133829116821289e-02
2.258850783109664917e-01
2.457426339387893677e-01
2.026843428611755371e-01
2.271628379821777344e-01
1.960519552230834961e-01
1.976612806320190430e-01
1.452710181474685669e-01
1.313036680221557617e-01
1.252346783876419067e-01
1.878034472465515137e-01
5.242108106613159180e-01
2.227938473224639893e-01
4.154549837112426758e-01
1.171324104070663452e-01
3.315687477588653564e-01
5.268530845642089844e-01
2.817113697528839111e-01
1.694921255111694336e-01
2.500938475131988525e-01
1.347003877162933350e-01
1.771910786628723145e-01
1.873860806226730347e-01
3.946445584297180176e-01
4.498519301414489746e-01
5.741539970040321350e-02
1.854296922683715820e-01
1.853152960538864136e-01
2.643772959709167480e-01
1.278060823678970337e-01
1.370246857404708862e-01
2.074657976627349854e-01
2.756582498550415039e-01
1.588191539049148560e-01
1.877789944410324097e-01
3.902770280838012695e-01
2.667067945003509521e-01
2.569441795349121094e-01
2.415820062160491943e-01
1.954125463962554932e-01
1.501963734626770020e-01
2.177250683307647705e-01
3.104774653911590576e-01
2.708150446414947510e-01
1.732276380062103271e-01
1.751739084720611572e-01
1.589517891407012939e-01
2.718675732612609863e-01
3.574894368648529053e-02
1.281255334615707397e-01
3.323182463645935059e-01
2.315249145030975342e-01
2.587994039058685303e-01
7.942246645689010620e-02
1.201888993382453918e-01
1.547986268997192383e-01
6.806322932243347168e-02
2.779479026794433594e-01
1.632268130779266357e-01
1.456925421953201294e-01
1.839723438024520874e-01
1.284577548503875732e-01
2.850145399570465088e-01
2.796742320060729980e-01
2.880024313926696777e-01
1.140701919794082642e-01
7.701714336872100830e-02
2.265897989273071289e-01
2.361004650592803955e-01
6.627714633941650391e-02
5.958423614501953125e-01
1.904006004333496094e-01
2.271697819232940674e-01
1.937303394079208374e-01
2.439596205949783325e-01
2.361513972282409668e-01
2.397860139608383179e-01
1.118581295013427734e-01
3.060819804668426514e-01
1.852334737777709961e-01
3.759917020797729492e-01
5.270421504974365234e-01
1.519825458526611328e-01
4.529182910919189453e-01
3.279232680797576904e-01
1.665391772985458374e-01
1.088154986500740051e-01
3.186475634574890137e-01
3.760042190551757812e-01
1.162927821278572083e-01
3.549682497978210449e-01
3.861933350563049316e-01
2.924629151821136475e-01
4.409313797950744629e-01
2.595183253288269043e-01
2.164361476898193359e-01
5.233103036880493164e-02
4.299984574317932129e-01
1.455030888319015503e-01
1.797025054693222046e-01
2.501984238624572754e-01
1.414001286029815674e-01
1.739874184131622314e-01
1.294884979724884033e-01
2.037308961153030396e-01
4.050519466400146484e-01
1.804286539554595947e-01
2.843866050243377686e-01
4.676942229270935059e-01
2.187815606594085693e-01
9.535342454910278320e-02
1.714154034852981567e-01
2.160560786724090576e-01
1.438502967357635498e-01
3.790513277053833008e-01
2.215154469013214111e-01
1.357520222663879395e-01
2.723675370216369629e-01
2.194944322109222412e-01
9.233973920345306396e-02
1.570872813463211060e-01
2.301147878170013428e-01
3.837307393550872803e-01
1.642013490200042725e-01
6.321478486061096191e-01
1.130055338144302368e-01
5.885688588023185730e-02
1.392797082662582397e-01
3.023383319377899170e-01
3.078164458274841309e-01
1.317307353019714355e-01
1.861563026905059814e-01
1.307020038366317749e-01
2.742967903614044189e-01
3.210025429725646973e-01
2.587564587593078613e-01
1.241094022989273071e-01
4.123427867889404297e-01
1.700177192687988281e-01
1.246216297149658203e-01
1.531385779380798340e-01
1.581467092037200928e-01
2.872023880481719971e-01
1.320756822824478149e-01
1.236276328563690186e-01
3.010267019271850586e-01
2.058142721652984619e-01
7.291336357593536377e-02
1.109145879745483398e-01
4.304068684577941895e-01
1.452302932739257812e-01
3.287538290023803711e-01
1.415648758411407471e-01
1.984317600727081299e-01
4.321253895759582520e-01
3.561526536941528320e-01
8.121673762798309326e-02
1.478889733552932739e-01
2.116924226284027100e-01
1.188934594392776489e-01
2.008085250854492188e-01
1.538507044315338135e-01
1.821163147687911987e-01
3.974474072456359863e-01
3.182967305183410645e-01
1.540494263172149658e-01
1.246340125799179077e-01
2.008671462535858154e-01
8.804541826248168945e-02
2.351188510656356812e-01
9.678227454423904419e-02
1.987304687500000000e-01
1.986316144466400146e-01
2.546998262405395508e-01
9.385500103235244751e-02
2.596119642257690430e-01
1.422443836927413940e-01
6.634332984685897827e-02
1.427449733018875122e-01
2.496816366910934448e-01
6.850459426641464233e-02
1.480774432420730591e-01
4.356160759925842285e-01
1.953815221786499023e-01
3.747895359992980957e-01
2.630560696125030518e-01
3.568065464496612549e-01
2.204235047101974487e-01
4.353163242340087891e-01
1.821248382329940796e-01
1.428016126155853271e-01
3.810271620750427246e-01
2.353149205446243286e-01
2.832898199558258057e-01
6.870109438896179199e-01
1.696510314941406250e-01
2.218493372201919556e-01
1.951718926429748535e-01
4.025321304798126221e-01
2.990524470806121826e-01
1.362466365098953247e-01
6.338334083557128906e-02
9.037619084119796753e-02
2.736586630344390869e-01
3.808131814002990723e-01
1.668196022510528564e-01
2.793321609497070312e-01
1.749415546655654907e-01
1.330594569444656372e-01
2.292598038911819458e-01
4.160893857479095459e-01
2.498127818107604980e-01
9.915200620889663696e-02
1.959531009197235107e-01
3.020854890346527100e-01
3.216837048530578613e-01
2.034637182950973511e-01
2.945695221424102783e-01
1.496340334415435791e-01
6.581322848796844482e-02
2.834845781326293945e-01
1.441365182399749756e-01
1.802504807710647583e-01
2.429523617029190063e-01
2.908789515495300293e-01
1.704526245594024658e-01
2.024500519037246704e-01
1.302730143070220947e-01
2.412844002246856689e-01
1.227308884263038635e-01
1.077864915132522583e-01
2.354890704154968262e-01
1.188903599977493286e-01
1.903063058853149414e-01
2.465229630470275879e-01
7.316432893276214600e-02
1.361227035522460938e-01
4.436053335666656494e-01
1.644812226295471191e-01
1.871169805526733398e-01
2.705669403076171875e-01
1.121969297528266907e-01
1.792754530906677246e-01
1.543480306863784790e-01
1.755613386631011963e-01
2.499736547470092773e-01
4.355012178421020508e-01
1.524989604949951172e-01
3.341135680675506592e-01
2.929297685623168945e-01
1.642127335071563721e-01
2.384160459041595459e-01
1.867979019880294800e-01
3.105978667736053467e-01
1.307606101036071777e-01
1.651186347007751465e-01
1.236161664128303528e-01
2.353455275297164917e-01
2.270881682634353638e-01
1.769459545612335205e-01
1.272872835397720337e-01
4.103432297706604004e-01
2.187052071094512939e-01
4.242932200431823730e-01
1.519837230443954468e-01
3.925988078117370605e-01
2.278500497341156006e-01
3.282611966133117676e-01
3.663593530654907227e-01
1.344392895698547363e-01
2.356789112091064453e-01
5.129191279411315918e-01
3.047814667224884033e-01
3.028042912483215332e-01
4.401021301746368408e-01
4.401879310607910156e-01
3.083671927452087402e-01
1.934544146060943604e-01
2.683683037757873535e-01
3.052093386650085449e-01
1.747630685567855835e-01
2.047592699527740479e-01
2.611698210239410400e-01
6.396108865737915039e-01
2.435187399387359619e-01
9.952312707901000977e-02
1.189952790737152100e-01
1.474576592445373535e-01
3.633393645286560059e-01
2.363798320293426514e-01
1.168558597564697266e-01
1.993893384933471680e-01
2.903001904487609863e-01
1.482462286949157715e-01
2.558323740959167480e-01
2.006492316722869873e-01
2.589877545833587646e-01
2.046275436878204346e-01
1.802977919578552246e-01
2.489794492721557617e-01
1.649961769580841064e-01
1.685760915279388428e-01
6.519307196140289307e-02
1.026931703090667725e-01
2.111721932888031006e-01
1.954994052648544312e-01
9.083714336156845093e-02
2.062645256519317627e-01
1.146914362907409668e-01
3.029439151287078857e-01
2.563138902187347412e-01
2.362869381904602051e-01
1.931439042091369629e-01
2.292572259902954102e-01
1.420209258794784546e-01
8.423250913619995117e-02
4.380166232585906982e-01
1.242623478174209595e-01
2.105959951877593994e-01
9.111024439334869385e-02
4.537951946258544922e-01
4.061583280563354492e-01
1.577236652374267578e-01
2.423169314861297607e-01
1.701183617115020752e-01
1.156673133373260498e-01
