2.437269091606140137e-01
7.101279497146606445e-02
1.728172898292541504e-01
3.573683798313140869e-01
1.633999049663543701e-01
3.516096472740173340e-01
2.606326043605804443e-01
2.275020778179168701e-01
1.348109990358352661e-01
3.131339251995086670e-01
1.573497653007507324e-01
2.395703494548797607e-01
2.483265697956085205e-01
1.887866258621215820e-01
3.483104705810546875e-01
4.617342352867126465e-02
1.317206025123596191e-01
3.322712779045104980e-01
3.497443795204162598e-01
1.897822022438049316e-01
2.744858264923095703e-01
3.321231007575988770e-01
1.050043478608131409e-01
2.050759792327880859e-01
1.538747847080230713e-01
2.985263466835021973e-01
2.263330072164535522e-01
9.985750168561935425e-02
1.952777057886123657e-01
8.385391533374786377e-02
2.917971611022949219e-01
2.266102135181427002e-01
2.187839448451995850e-01
2.609329819679260254e-01
2.644417583942413330e-01
1.993316113948822021e-01
4.315260350704193115e-01
2.925863265991210938e-01
1.824518442153930664e-01
3.525555431842803955e-01
2.230999618768692017e-01
2.162567675113677979e-01
2.646555900573730469e-01
2.405720353126525879e-01
2.956007719039916992e-01
3.030882477760314941e-01
2.540795207023620605e-01
2.863013744354248047e-01
3.318129181861877441e-01
1.269422769546508789e-01
1.566463112831115723e-01
1.053804606199264526e-01
1.004223823547363281e-01
4.836547672748565674e-01
1.203023940324783325e-01
4.667078852653503418e-01
3.743757605552673340e-01
4.135791659355163574e-01
4.461867511272430420e-01
1.245786249637603760e-01
1.715331822633743286e-01
4.454385340213775635e-01
1.647206544876098633e-01
6.346810609102249146e-02
4.108990430831909180e-01
2.195446342229843140e-01
5.988733768463134766e-01
2.577391862869262695e-01
1.877811700105667114e-01
1.879668086767196655e-01
1.481981724500656128e-01
2.366349697113037109e-01
1.905049532651901245e-01
3.965254426002502441e-01
2.348705530166625977e-01
3.515836000442504883e-01
1.818837970495223999e-01
3.027094304561614990e-01
1.420927345752716064e-01
1.321784853935241699e-01
1.352502554655075073e-01
3.276417255401611328e-01
1.898595541715621948e-01
3.019427955150604248e-01
2.008093148469924927e-01
2.182461023330688477e-01
1.533746123313903809e-01
3.054245412349700928e-01
1.272285878658294678e-01
1.793701052665710449e-01
1.522446870803833008e-01
8.927201479673385620e-02
3.442034721374511719e-01
4.183165431022644043e-01
3.722979128360748291e-01
3.282817006111145020e-01
2.921266555786132812e-01
1.652092039585113525e-01
3.664240241050720215e-01
2.847243845462799072e-01
2.930018603801727295e-01
2.795847058296203613e-01
2.275773882865905762e-01
3.335168361663818359e-01
1.565198004245758057e-01
1.789566576480865479e-01
2.542500495910644531e-01
1.097945347428321838e-01
3.685408234596252441e-01
1.763571500778198242e-01
1.382918357849121094e-01
1.315834671258926392e-01
2.345398664474487305e-01
2.382346391677856445e-01
4.143356531858444214e-02
1.429159045219421387e-01
1.866470277309417725e-01
1.209127306938171387e-01
1.365897357463836670e-01
1.476380974054336548e-01
4.492684006690979004e-01
2.440603226423263550e-01
7.786305248737335205e-02
7.128008455038070679e-02
2.089746594429016113e-01
1.782258152961730957e-01
2.898001074790954590e-01
1.048570573329925537e-01
1.523794084787368774e-01
1.966959685087203979e-01
2.427343428134918213e-01
5.320796743035316467e-02
2.017762362957000732e-01
1.899940669536590576e-01
3.396663963794708252e-01
2.518087625503540039e-01
1.616997569799423218e-01
1.463968157768249512e-01
1.878694295883178711e-01
2.588002681732177734e-01
1.807708591222763062e-01
6.016097217798233032e-02
1.655152440071105957e-01
3.247076272964477539e-01
1.443330645561218262e-01
1.945818364620208740e-01
2.156719565391540527e-01
8.028621971607208252e-02
6.465718746185302734e-01
1.184126883745193481e-01
8.842913806438446045e-02
1.158122718334197998e-01
1.435888558626174927e-01
4.045807421207427979e-01
3.625750839710235596e-01
2.765366435050964355e-01
6.555982679128646851e-02
2.349205613136291504e-01
2.863104641437530518e-01
1.618106365203857422e-01
4.700131118297576904e-01
2.785503268241882324e-01
1.363935023546218872e-01
3.456262350082397461e-01
1.962184011936187744e-01
3.725756704807281494e-01
1.074908897280693054e-01
1.591587811708450317e-01
4.827227592468261719e-01
1.365298032760620117e-01
1.999316513538360596e-01
2.605792582035064697e-01
2.356967329978942871e-01
1.759492456912994385e-01
3.807805478572845459e-01
4.127102196216583252e-01
2.444206178188323975e-01
1.858429610729217529e-01
1.271022111177444458e-01
2.947413325309753418e-01
1.968380212783813477e-01
3.533937335014343262e-01
3.474964499473571777e-01
3.468616604804992676e-01
1.755566298961639404e-01
1.410365253686904907e-01
5.271745473146438599e-02
5.764703452587127686e-02
4.620167613029479980e-01
2.103469818830490112e-01
1.784053444862365723e-01
9.225930273532867432e-02
1.190271973609924316e-01
2.934031486511230469e-01
3.190648853778839111e-01
1.126447916030883789e-01
2.452798783779144287e-01
3.218587040901184082e-01
8.109425008296966553e-02
4.578130245208740234e-01
4.555978477001190186e-01
2.492959797382354736e-01
1.160982251167297363e-01
2.921302914619445801e-01
2.240452468395233154e-01
3.616208434104919434e-01
2.358871996402740479e-01
2.335175871849060059e-01
1.645405888557434082e-01
2.475308775901794434e-01
1.584591567516326904e-01
4.903706908226013184e-01
1.583127081394195557e-01
1.896284073591232300e-01
1.788091361522674561e-01
2.362156361341476440e-01
1.995106041431427002e-01
2.088756263256072998e-01
2.898873984813690186e-01
2.343087196350097656e-01
1.547560542821884155e-01
8.397878706455230713e-02
2.849958837032318115e-01
3.324977755546569824e-01
2.923371195793151855e-01
3.103464543819427490e-01
4.704884290695190430e-01
1.393556594848632812e-01
2.702754437923431396e-01
1.882370710372924805e-01
1.728986203670501709e-01
2.736781239509582520e-01
3.134826719760894775e-01
3.128466904163360596e-01
2.740690112113952637e-01
1.906956136226654053e-01
1.512341052293777466e-01
2.906312346458435059e-01
3.059256970882415771e-01
1.893661022186279297e-01
1.002677381038665771e-01
1.935941278934478760e-01
1.896086484193801880e-01
1.288722753524780273e-01
2.862734496593475342e-01
1.083461642265319824e-01
2.852909862995147705e-01
2.990206182003021240e-01
2.699437737464904785e-01
2.145053446292877197e-01
1.613512635231018066e-01
2.314543277025222778e-01
1.917806863784790039e-01
1.218976080417633057e-01
2.068941891193389893e-01
2.371641546487808228e-01
2.883297204971313477e-01
2.841354608535766602e-01
3.744891881942749023e-01
4.222143292427062988e-01
1.524361073970794678e-01
1.945548653602600098e-01
3.639517724514007568e-02
1.951619237661361694e-01
3.750967681407928467e-01
1.523035168647766113e-01
3.008193969726562500e-01
1.758690476417541504e-01
1.779521703720092773e-01
1.669651865959167480e-01
5.195239186286926270e-01
3.658024370670318604e-01
4.153953194618225098e-01
3.355173766613006592e-01
3.056893348693847656e-01
1.273348927497863770e-01
2.166188359260559082e-01
1.821448653936386108e-01
2.004253566265106201e-01
2.795564532279968262e-01
1.820653229951858521e-01
2.906357645988464355e-01
4.336249232292175293e-01
2.014635205268859863e-01
2.065434008836746216e-01
4.307543635368347168e-01
2.907172739505767822e-01
1.559848487377166748e-01
2.509749531745910645e-01
1.422794163227081299e-01
2.383351176977157593e-01
1.650048196315765381e-01
2.106487601995468140e-01
2.558153569698333740e-01
3.569419085979461670e-01
4.350466132164001465e-01
2.695969343185424805e-01
3.642164468765258789e-01
1.860196292400360107e-01
2.462162822484970093e-01
2.749341726303100586e-01
1.936739087104797363e-01
1.381767988204956055e-01
2.956831455230712891e-01
2.431031018495559692e-01
2.200278341770172119e-01
2.794570326805114746e-01
2.794081568717956543e-01
2.047687470912933350e-01
1.731254756450653076e-01
4.620028287172317505e-02
1.893619000911712646e-01
1.425183862447738647e-01
2.348696738481521606e-01
8.786217868328094482e-02
2.879772186279296875e-01
5.050355195999145508e-01
1.497641503810882568e-01
2.328606396913528442e-01
1.705024838447570801e-01
1.485390067100524902e-01
9.587270766496658325e-02
1.592124700546264648e-01
2.761390507221221924e-01
3.201038837432861328e-01
1.988770365715026855e-01
1.841477006673812866e-01
1.959999203681945801e-01
2.324517071247100830e-01
1.480943262577056885e-01
1.926702558994293213e-01
6.831856071949005127e-02
1.261478066444396973e-01
1.982638537883758545e-01
2.366617321968078613e-01
1.221604198217391968e-01
2.987365126609802246e-01
5.950658023357391357e-02
2.014984786510467529e-01
2.289636135101318359e-01
1.944083869457244873e-01
1.729170680046081543e-01
2.713629007339477539e-01
3.861191868782043457e-01
4.220434725284576416e-01
2.455401122570037842e-01
2.969758808612823486e-01
1.490854620933532715e-01
4.887035191059112549e-01
4.142366051673889160e-01
1.573129594326019287e-01
4.699741601943969727e-01
1.134352758526802063e-01
4.611528217792510986e-01
8.668790757656097412e-02
2.164674550294876099e-01
2.377989143133163452e-01
3.432572782039642334e-01
3.956406712532043457e-01
2.163926810026168823e-01
4.519926309585571289e-01
2.352044880390167236e-01
2.194760143756866455e-01
2.823765873908996582e-01
2.291083633899688721e-01
2.873170375823974609e-01
1.806368976831436157e-01
2.905963659286499023e-01
2.057736217975616455e-01
3.262726664543151855e-01
9.735921025276184082e-02
2.591005265712738037e-01
2.097472548484802246e-01
4.314956068992614746e-01
2.604989409446716309e-01
2.170669734477996826e-01
9.246017038822174072e-02
2.293217480182647705e-01
3.136818706989288330e-01
1.927391290664672852e-01
2.387585043907165527e-01
4.045498669147491455e-01
1.221576705574989319e-01
2.686942219734191895e-01
2.926619052886962891e-01
3.650635480880737305e-01
1.952228546142578125e-01
1.705154031515121460e-01
1.490765213966369629e-01
2.721309661865234375e-01
3.349695503711700439e-01
3.007742762565612793e-01
2.624649405479431152e-01
5.080436468124389648e-01
1.750003248453140259e-01
1.494808197021484375e-01
3.139468282461166382e-02
2.191693037748336792e-01
2.421111464500427246e-01
1.421963274478912354e-01
2.685955166816711426e-01
2.602814733982086182e-01
2.274995446205139160e-01
2.500168383121490479e-01
2.843464612960815430e-01
2.203909456729888916e-01
1.401707530021667480e-01
1.023600250482559204e-01
2.806662023067474365e-01
2.481538504362106323e-01
3.875810503959655762e-01
3.834626972675323486e-01
1.556764096021652222e-01
1.261336505413055420e-01
2.350216209888458252e-01
1.246463358402252197e-01
1.456222534179687500e-01
7.580583542585372925e-02
2.474133074283599854e-01
2.095309644937515259e-01
3.119353652000427246e-01
2.637657523155212402e-01
5.121246725320816040e-02
1.477678418159484863e-01
8.683328330516815186e-02
1.206161901354789734e-01
2.858688533306121826e-01
1.858114898204803467e-01
1.502274274826049805e-01
1.771586388349533081e-01
3.580369651317596436e-01
4.273457229137420654e-01
5.011862516403198242e-01
2.333441078662872314e-01
2.565180957317352295e-01
3.921888470649719238e-01
1.683561354875564575e-01
2.840234637260437012e-01
3.248753547668457031e-01
2.958818078041076660e-01
3.749461770057678223e-01
2.408650070428848267e-01
3.313235044479370117e-01
1.404164284467697144e-01
6.904662400484085083e-02
5.711722373962402344e-01
2.047899663448333740e-01
1.326143145561218262e-01
1.571549475193023682e-01
1.236336156725883484e-01
1.262452900409698486e-01
1.047007143497467041e-01
2.611986994743347168e-01
2.433694899082183838e-01
3.148388266563415527e-01
2.819922566413879395e-01
2.091445624828338623e-01
2.867958545684814453e-01
1.086576581001281738e-01
3.830391764640808105e-01
3.960218727588653564e-01
3.035143017768859863e-01
3.646641671657562256e-01
3.244380354881286621e-01
1.534447222948074341e-01
2.370592504739761353e-01
3.413476049900054932e-01
3.953295350074768066e-01
3.794058561325073242e-01
4.065226018428802490e-01
2.228921949863433838e-01
1.955716907978057861e-01
1.213709563016891479e-01
2.591342628002166748e-01
2.424964457750320435e-01
2.841297388076782227e-01
7.715621590614318848e-02
1.120531708002090454e-01
1.269862651824951172e-01
3.941768407821655273e-01
1.165695488452911377e-01
2.946164011955261230e-01
3.538641929626464844e-01
2.739557921886444092e-01
3.367627561092376709e-01
1.948492825031280518e-01
6.350892782211303711e-01
1.914268434047698975e-01
2.089043706655502319e-01
2.794046700000762939e-01
2.893387675285339355e-01
2.838680744171142578e-01
4.063971638679504395e-01
2.126605212688446045e-01
1.875562667846679688e-01
1.561038047075271606e-01
3.051193952560424805e-01
1.939953565597534180e-01
2.556931376457214355e-01
1.889962106943130493e-01
2.329257726669311523e-01
3.449919819831848145e-01
2.664547562599182129e-01
1.748381555080413818e-01
4.520132392644882202e-02
2.962951958179473877e-01
4.049443006515502930e-01
1.241791993379592896e-01
2.538740038871765137e-01
1.995888650417327881e-01
1.780590415000915527e-01
1.145533993840217590e-01
2.154450267553329468e-01
1.592064797878265381e-01
2.143123447895050049e-01
1.259975880384445190e-01
7.315535843372344971e-02
3.452304601669311523e-01
1.658703982830047607e-01
3.027847409248352051e-01
3.456937670707702637e-01
1.463840603828430176e-01
2.898896336555480957e-01
1.131859645247459412e-01
6.369333267211914062e-01
2.130084335803985596e-01
2.634429931640625000e-01
2.324693351984024048e-01
1.927287131547927856e-01
2.594319581985473633e-01
1.991945505142211914e-01
1.281382739543914795e-01
2.450370192527770996e-01
2.835947871208190918e-01
2.991485297679901123e-01
5.379425883293151855e-01
2.441066205501556396e-01
2.975289523601531982e-01
2.452358305454254150e-01
2.135944366455078125e-01
1.151541769504547119e-01
1.870610117912292480e-01
3.485960960388183594e-01
1.341695040464401245e-01
1.676574945449829102e-01
1.072811484336853027e-01
2.275203168392181396e-01
1.530659794807434082e-01
1.248070374131202698e-01
2.989176511764526367e-01
1.774159967899322510e-01
3.828613162040710449e-01
6.870889663696289062e-01
2.031730264425277710e-01
1.281695365905761719e-01
1.955013275146484375e-01
9.067010879516601562e-02
2.239645123481750488e-01
1.935009062290191650e-01
5.032198876142501831e-02
5.053281188011169434e-01
3.366678655147552490e-01
2.696360945701599121e-01
1.439458727836608887e-01
1.798311173915863037e-01
3.213042616844177246e-01
2.072932124137878418e-01
4.432414174079895020e-01
2.228149771690368652e-01
3.497632741928100586e-01
1.996214538812637329e-01
1.781290471553802490e-01
1.989555805921554565e-01
1.517365276813507080e-01
1.900403797626495361e-01
2.069307863712310791e-01
2.336963564157485962e-01
1.945978552103042603e-01
2.596158981323242188e-01
1.326324939727783203e-01
3.402399420738220215e-01
3.026775419712066650e-01
2.432350516319274902e-01
2.167122066020965576e-01
8.506086468696594238e-02
4.256083965301513672e-01
9.393416345119476318e-02
1.109540387988090515e-01
1.186883375048637390e-01
3.536414504051208496e-01
3.815449178218841553e-01
2.106881737709045410e-01
4.084669947624206543e-01
2.722467780113220215e-01
1.270818114280700684e-01
1.166259720921516418e-01
2.408350855112075806e-01
2.479006350040435791e-01
2.222064733505249023e-01
4.655416011810302734e-01
1.233215332031250000e-01
3.134885728359222412e-01
1.796589791774749756e-01
1.801544725894927979e-01
7.713794708251953125e-02
6.983731687068939209e-02
5.839444696903228760e-02
1.423684209585189819e-01
7.255155593156814575e-02
9.510227292776107788e-02
1.872078180313110352e-01
1.259282380342483521e-01
3.815377354621887207e-01
1.226905658841133118e-01
4.655923843383789062e-01
5.175127983093261719e-01
1.311559379100799561e-01
2.703368067741394043e-01
1.666638553142547607e-01
9.435060620307922363e-02
1.595108211040496826e-01
1.837521344423294067e-01
1.641391515731811523e-01
1.452159434556961060e-01
5.416866540908813477e-01
2.865170240402221680e-01
9.977486729621887207e-02
2.323298454284667969e-01
1.244389861822128296e-01
1.633028090000152588e-01
2.314657568931579590e-01
1.808671951293945312e-01
3.510156869888305664e-01
1.969841122627258301e-01
2.231014370918273926e-01
2.626810669898986816e-01
2.616792917251586914e-01
1.929907798767089844e-01
1.635651439428329468e-01
4.563317000865936279e-01
1.458673030138015747e-01
2.099066376686096191e-01
1.716656088829040527e-01
2.311523854732513428e-01
2.089236974716186523e-01
1.663022190332412720e-01
1.324682682752609253e-01
1.187582015991210938e-01
1.521306633949279785e-01
1.319981217384338379e-01
4.005704820156097412e-01
2.534138858318328857e-01
1.535855084657669067e-01
2.413932830095291138e-01
2.006886005401611328e-01
1.314027607440948486e-01
2.921990752220153809e-01
5.499091371893882751e-02
2.056923657655715942e-01
1.148686856031417847e-01
4.910560846328735352e-01
2.224825620651245117e-01
1.570669114589691162e-01
2.710396647453308105e-01
2.482068240642547607e-01
2.072519958019256592e-01
1.662380546331405640e-01
2.517119050025939941e-01
1.820788085460662842e-01
3.890737295150756836e-01
3.615281581878662109e-01
2.552774250507354736e-01
1.413168609142303467e-01
2.606195807456970215e-01
1.233105510473251343e-01
1.372006982564926147e-01
4.661121964454650879e-02
3.221873641014099121e-01
8.993428945541381836e-02
1.304632127285003662e-01
2.204107791185379028e-01
1.638731062412261963e-01
2.296660095453262329e-01
1.617188453674316406e-01
7.273778319358825684e-02
1.308074891567230225e-01
1.242448240518569946e-01
4.787173569202423096e-01
1.185546368360519409e-01
9.282886981964111328e-02
1.153857633471488953e-01
1.648103445768356323e-01
2.096155285835266113e-01
2.238050401210784912e-01
1.992588937282562256e-01
1.778181493282318115e-01
2.840258479118347168e-01
2.032669186592102051e-01
3.641559779644012451e-01
1.377561092376708984e-01
1.955209225416183472e-01
2.333132475614547729e-01
9.847598522901535034e-02
1.768368035554885864e-01
2.501076161861419678e-01
1.948439031839370728e-01
1.192841082811355591e-01
4.073934555053710938e-01
2.472027838230133057e-01
1.342640966176986694e-01
1.080195605754852295e-01
3.163622617721557617e-01
1.758026331663131714e-01
3.075674772262573242e-01
3.675282001495361328e-01
2.860866487026214600e-01
1.570702642202377319e-01
1.531820297241210938e-01
2.046346813440322876e-01
2.508246600627899170e-01
1.534186899662017822e-01
1.681377887725830078e-01
2.477968931198120117e-01
1.467143595218658447e-01
1.634189188480377197e-01
1.702336817979812622e-01
1.795845925807952881e-01
1.014003455638885498e-01
1.544429957866668701e-01
2.220625877380371094e-01
3.257377743721008301e-01
5.662389844655990601e-02
1.576568335294723511e-01
3.102059662342071533e-01
1.586649417877197266e-01
2.690267264842987061e-01
1.550941616296768188e-01
2.251247167587280273e-01
2.081405520439147949e-01
1.603160947561264038e-01
1.698472946882247925e-01
1.206304281949996948e-01
3.705166578292846680e-01
2.380489706993103027e-01
1.462955176830291748e-01
2.132697552442550659e-01
2.233533114194869995e-01
8.364696800708770752e-02
7.899812608957290649e-02
4.586040973663330078e-01
1.879886537790298462e-01
1.389645338058471680e-01
4.395487308502197266e-01
2.964811027050018311e-01
1.335546225309371948e-01
3.133499920368194580e-01
2.385539561510086060e-01
1.299883425235748291e-01
8.339177072048187256e-02
3.826601505279541016e-01
1.695009768009185791e-01
4.983039200305938721e-01
2.063205987215042114e-01
2.150130569934844971e-01
3.729673624038696289e-01
3.507334291934967041e-01
1.002134606242179871e-01
1.920185536146163940e-01
3.085272610187530518e-01
1.255984008312225342e-01
1.458962559700012207e-01
2.057821303606033325e-01
2.575490772724151611e-01
2.879434227943420410e-01
1.470114588737487793e-01
1.641279458999633789e-01
9.584578871726989746e-02
2.372635304927825928e-01
3.502167388796806335e-02
2.437865436077117920e-01
2.301434278488159180e-01
2.716628611087799072e-01
1.632480621337890625e-01
5.890339240431785583e-02
2.799506485462188721e-01
2.948504388332366943e-01
1.467487514019012451e-01
5.453258752822875977e-01
2.308661937713623047e-01
2.530201673507690430e-01
2.456348836421966553e-01
1.423144638538360596e-01
2.585651874542236328e-01
3.700679540634155273e-01
2.832596898078918457e-01
2.542766332626342773e-01
2.187346667051315308e-01
2.893449962139129639e-01
2.787370383739471436e-01
2.519628107547760010e-01
2.102062851190567017e-01
2.299561202526092529e-01
2.052777856588363647e-01
2.268619239330291748e-01
1.705970019102096558e-01
7.529377937316894531e-02
2.066916227340698242e-01
2.011203169822692871e-01
2.520994842052459717e-01
1.728849411010742188e-01
2.413872033357620239e-01
3.232686519622802734e-01
2.631742656230926514e-01
2.318310886621475220e-01
2.547799348831176758e-01
2.408008128404617310e-01
2.102387249469757080e-01
2.844466567039489746e-01
1.345826387405395508e-01
1.193483024835586548e-01
2.855255007743835449e-01
1.775397062301635742e-01
2.188126444816589355e-01
1.601222604513168335e-01
2.105760276317596436e-01
2.091870158910751343e-01
2.080599367618560791e-01
4.883832633495330811e-01
1.066821217536926270e-01
6.277979016304016113e-01
4.711493104696273804e-02
1.169974803924560547e-01
1.234288066625595093e-01
2.965258359909057617e-01
2.908632457256317139e-01
4.015709757804870605e-01
1.650037765502929688e-01
1.919625550508499146e-01
1.149613410234451294e-01
2.332260608673095703e-01
8.221914619207382202e-02
2.077615410089492798e-01
1.233606338500976562e-01
2.082888484001159668e-01
1.654784828424453735e-01
3.828962445259094238e-01
1.608673781156539917e-01
2.752514779567718506e-01
1.082075834274291992e-01
8.358102291822433472e-02
2.872197628021240234e-01
1.350992321968078613e-01
1.964193582534790039e-01
3.457764983177185059e-01
1.983066201210021973e-01
1.317265778779983521e-01
2.253157198429107666e-01
3.848867416381835938e-01
1.679286062717437744e-01
2.744978368282318115e-01
9.025479853153228760e-02
1.775467991828918457e-01
8.311119675636291504e-02
2.042463421821594238e-01
4.350706934928894043e-01
1.827421486377716064e-01
1.109470129013061523e-01
1.152606755495071411e-01
9.930847585201263428e-02
2.030638456344604492e-01
2.430518269538879395e-01
1.763362586498260498e-01
2.636779844760894775e-01
1.131967976689338684e-01
3.804512619972229004e-01
1.441412568092346191e-01
1.896542012691497803e-01
1.197619661688804626e-01
1.453638523817062378e-01
2.449736595153808594e-01
4.735444188117980957e-01
1.396665722131729126e-01
3.238194584846496582e-01
9.209489822387695312e-02
5.161425471305847168e-01
1.884140968322753906e-01
2.638652920722961426e-01
2.528513669967651367e-01
1.794358193874359131e-01
1.400032490491867065e-01
1.056516468524932861e-01
1.483775675296783447e-01
1.754353195428848267e-01
4.816444218158721924e-02
4.374483823776245117e-01
2.851623296737670898e-01
9.903483837842941284e-02
3.440726995468139648e-01
2.112865746021270752e-01
4.842230081558227539e-01
2.470469474792480469e-01
1.839323341846466064e-01
1.293333172798156738e-01
8.783398568630218506e-02
9.384804964065551758e-02
7.816822826862335205e-02
7.276237010955810547e-02
1.314889080822467804e-02
7.033628225326538086e-02
2.823374569416046143e-01
1.829142123460769653e-01
2.366054803133010864e-01
2.876838743686676025e-01
1.281658113002777100e-01
3.072376847267150879e-01
2.352704703807830811e-01
2.896369397640228271e-01
2.450865805149078369e-01
3.327631354331970215e-01
2.724496722221374512e-01
2.808540165424346924e-01
1.135507076978683472e-01
1.906329095363616943e-01
5.440765023231506348e-01
9.970892965793609619e-02
2.518708407878875732e-01
1.799197196960449219e-01
2.860346138477325439e-01
1.568335592746734619e-01
3.460642695426940918e-01
4.254787564277648926e-01
2.666426897048950195e-01
2.657861709594726562e-01
2.349608540534973145e-01
1.501406133174896240e-01
1.501741111278533936e-01
4.970594644546508789e-01
4.195685982704162598e-01
1.593312025070190430e-01
2.118500024080276489e-01
3.130819797515869141e-01
1.568303257226943970e-01
2.224005162715911865e-01
2.447094470262527466e-01
4.226221144199371338e-01
2.090338468551635742e-01
1.167008206248283386e-01
1.105375140905380249e-01
9.520526975393295288e-02
1.481870114803314209e-01
2.746536731719970703e-01
1.957513689994812012e-01
4.529615938663482666e-01
1.972777545452117920e-01
6.268250197172164917e-02
2.705835103988647461e-01
1.653500348329544067e-01
1.404802054166793823e-01
3.821984231472015381e-01
3.425037860870361328e-01
2.590991258621215820e-01
1.212795674800872803e-01
1.032869294285774231e-01
3.182991743087768555e-01
2.007482945919036865e-01
1.498753726482391357e-01
1.108273044228553772e-01
3.610123097896575928e-01
2.903875410556793213e-01
2.269021570682525635e-01
1.650938242673873901e-01
1.573267877101898193e-01
1.001578345894813538e-01
3.507851660251617432e-01
3.932133316993713379e-01
2.000600844621658325e-01
5.900734066963195801e-01
3.701785504817962646e-01
3.656428456306457520e-01
2.280876934528350830e-01
1.931768357753753662e-01
3.140622973442077637e-01
2.051168978214263916e-01
4.989736974239349365e-01
1.939349621534347534e-01
4.040217995643615723e-01
1.778765171766281128e-01
2.720768451690673828e-01
1.797086000442504883e-01
1.700078099966049194e-01
2.346913069486618042e-01
1.784056723117828369e-01
1.705865710973739624e-01
9.944716840982437134e-02
2.140876352787017822e-01
4.962326958775520325e-02
2.067997604608535767e-01
3.200478255748748779e-01
1.377997696399688721e-01
1.732433140277862549e-01
4.206146299839019775e-01
1.746205985546112061e-01
2.427715361118316650e-01
1.367676407098770142e-01
5.571766495704650879e-01
2.209877073764801025e-01
3.695492148399353027e-01
3.717551529407501221e-01
1.103476136922836304e-01
2.050601541996002197e-01
4.130982756614685059e-01
2.433637827634811401e-01
2.538292109966278076e-01
2.455997318029403687e-01
1.874235272407531738e-01
2.619695067405700684e-01
1.983242034912109375e-01
1.509509682655334473e-01
2.745891511440277100e-01
2.181324064731597900e-01
1.534963846206665039e-01
1.724247634410858154e-01
1.299161911010742188e-01
1.141348481178283691e-01
4.669288992881774902e-01
3.365650773048400879e-01
2.263419181108474731e-01
3.234215676784515381e-01
1.912430822849273682e-01
7.251051068305969238e-02
1.468399763107299805e-01
1.928446441888809204e-01
3.607267737388610840e-01
2.433686852455139160e-01
2.295591235160827637e-01
1.951641738414764404e-01
1.319050490856170654e-01
3.212562203407287598e-01
8.881258964538574219e-02
2.042718231678009033e-01
2.340966165065765381e-01
2.674513757228851318e-01
2.677009403705596924e-01
2.445535212755203247e-01
3.450328409671783447e-01
7.195244729518890381e-02
1.996780484914779663e-01
2.793968021869659424e-01
1.500292867422103882e-01
3.123320639133453369e-01
2.087460905313491821e-01
3.495234251022338867e-01
1.871521472930908203e-01
2.798408269882202148e-01
3.308671116828918457e-01
8.156699687242507935e-02
2.936372756958007812e-01
1.625397503376007080e-01
4.001046419143676758e-01
2.620177865028381348e-01
8.055469393730163574e-02
1.824519038200378418e-01
1.267897337675094604e-01
3.191531896591186523e-01
2.354653775691986084e-01
1.306192725896835327e-01
1.955519616603851318e-01
2.667824029922485352e-01
2.646660506725311279e-01
3.927346467971801758e-01
3.502109646797180176e-01
6.921991705894470215e-02
4.411749243736267090e-01
1.390450745820999146e-01
2.243486940860748291e-01
2.141753435134887695e-01
3.170621395111083984e-01
1.592898070812225342e-01
1.087666004896163940e-01
3.015803694725036621e-01
2.294522225856781006e-01
1.338343024253845215e-01
4.743729829788208008e-01
1.505495309829711914e-01
2.430977523326873779e-01
1.714670360088348389e-01
3.264793753623962402e-01
3.003519475460052490e-01
1.754399240016937256e-01
2.527732253074645996e-01
8.990688621997833252e-02
2.757325470447540283e-01
1.972360312938690186e-01
2.506291568279266357e-01
2.903274297714233398e-01
2.153068482875823975e-01
2.548817992210388184e-01
1.637891381978988647e-01
3.234428167343139648e-01
1.444680988788604736e-01
2.131157219409942627e-01
2.494221180677413940e-01
2.051413059234619141e-01
2.739995718002319336e-01
1.016676351428031921e-01
3.660735487937927246e-01
2.894938588142395020e-01
4.569680690765380859e-01
2.326307594776153564e-01
1.651387661695480347e-01
4.239692091941833496e-01
2.155311703681945801e-01
3.181579709053039551e-01
3.383386731147766113e-01
3.464104831218719482e-01
3.424012660980224609e-01
1.957096159458160400e-01
3.226234912872314453e-01
4.361850023269653320e-01
4.703677296638488770e-01
2.847060859203338623e-01
1.559460759162902832e-01
2.328844517469406128e-01
1.890408098697662354e-01
2.145016640424728394e-01
2.700336575508117676e-01
1.197929233312606812e-01
2.559114694595336914e-01
1.564096808433532715e-01
1.403965801000595093e-01
2.105568051338195801e-01
1.729088723659515381e-01
9.321220964193344116e-02
1.007929891347885132e-01
2.386304140090942383e-01
1.244017183780670166e-01
2.996857762336730957e-01
1.350260674953460693e-01
1.866467446088790894e-01
2.049721181392669678e-01
1.679426431655883789e-01
4.118722081184387207e-01
2.031228542327880859e-01
4.563227593898773193e-01
1.696838587522506714e-01
2.947795987129211426e-01
1.262037009000778198e-01
9.461209177970886230e-02
2.382660210132598877e-01
9.768158197402954102e-02
2.855513989925384521e-01
1.011160761117935181e-01
2.196531593799591064e-01
1.052921861410140991e-01
1.223192662000656128e-01
1.562846601009368896e-01
2.566756606101989746e-01
1.782590746879577637e-01
4.273426234722137451e-01
4.993299245834350586e-01
2.002339065074920654e-01
9.813082218170166016e-02
8.369629085063934326e-02
2.553912401199340820e-01
2.938866913318634033e-01
2.769055068492889404e-01
1.924828588962554932e-01
1.697816401720046997e-01
7.336454838514328003e-02
1.447471529245376587e-01
1.908187568187713623e-01
1.616797596216201782e-01
1.889493018388748169e-01
1.007400453090667725e-01
2.580984830856323242e-01
9.689016640186309814e-02
2.228160500526428223e-01
1.880402565002441406e-01
1.731331050395965576e-01
1.017059311270713806e-01
1.088860929012298584e-01
4.023631215095520020e-01
2.807315587997436523e-01
1.617883741855621338e-01
3.916036486625671387e-01
2.058114707469940186e-01
1.104981675744056702e-01
1.597245633602142334e-01
1.407794505357742310e-01
1.669259071350097656e-01
1.189449504017829895e-01
2.709159851074218750e-01
2.400518506765365601e-01
4.919745028018951416e-02
2.983094155788421631e-01
2.494479715824127197e-01
2.399684041738510132e-01
3.754245936870574951e-01
6.030707061290740967e-02
2.178987264633178711e-01
1.870951503515243530e-01
4.247090518474578857e-01
1.721364706754684448e-01
2.858537435531616211e-01
2.815635800361633301e-01
1.807134151458740234e-01
8.989059925079345703e-02
2.820824086666107178e-01
3.784834444522857666e-01
2.267299294471740723e-01
1.149839758872985840e-01
3.987998664379119873e-01
2.208807170391082764e-01
1.689138412475585938e-01
2.228121012449264526e-01
2.692661285400390625e-01
2.428300082683563232e-01
1.271722018718719482e-01
1.372076869010925293e-01
1.051049679517745972e-01
1.586870551109313965e-01
3.582285046577453613e-01
3.733054995536804199e-01
1.410285532474517822e-01
3.472828269004821777e-01
1.171200871467590332e-01
2.308429628610610962e-01
1.602758169174194336e-01
2.006204426288604736e-01
1.642470657825469971e-01
1.372433453798294067e-01
3.548523187637329102e-01
9.519960731267929077e-02
2.162296175956726074e-01
2.155269086360931396e-01
1.589158624410629272e-01
1.625852137804031372e-01
3.522815108299255371e-01
3.401685953140258789e-01
8.012171089649200439e-02
3.909348696470260620e-02
4.004016518592834473e-01
8.299532532691955566e-02
1.663377285003662109e-01
1.771642714738845825e-01
2.639539353549480438e-02
