2.510243654251098633e-01
3.211021721363067627e-01
2.837244868278503418e-01
3.309654593467712402e-01
2.656112909317016602e-01
2.182210087776184082e-01
2.400025874376296997e-01
3.083188235759735107e-01
5.231357812881469727e-01
1.569736301898956299e-01
2.376562952995300293e-01
4.886888265609741211e-01
4.319361746311187744e-01
2.437297701835632324e-01
2.665684819221496582e-01
3.716253936290740967e-01
2.420948743820190430e-01
1.538195312023162842e-01
1.234441250562667847e-01
2.580963969230651855e-01
2.747049927711486816e-01
1.723768264055252075e-01
2.279882133007049561e-01
3.205778300762176514e-01
4.707936942577362061e-01
1.117672696709632874e-01
3.432741165161132812e-01
1.641112565994262695e-01
1.090783774852752686e-01
3.591805100440979004e-01
2.487404346466064453e-01
2.608313262462615967e-01
8.466289192438125610e-02
2.015284895896911621e-01
3.138804435729980469e-01
3.256779313087463379e-01
1.475154906511306763e-01
2.099049985408782959e-01
1.642494201660156250e-01
5.757429003715515137e-01
2.539511620998382568e-01
2.715150117874145508e-01
3.493976593017578125e-01
1.010361686348915100e-01
1.928716897964477539e-01
1.925751268863677979e-01
1.940784603357315063e-01
2.373324334621429443e-01
4.662674665451049805e-01
2.245570719242095947e-01
5.455576181411743164e-01
3.799714148044586182e-01
2.239027470350265503e-01
2.398113757371902466e-01
2.289644032716751099e-01
3.062123358249664307e-01
8.570631593465805054e-02
4.068376421928405762e-01
2.172461897134780884e-01
2.507725059986114502e-01
5.747354403138160706e-02
3.962592482566833496e-01
3.333068490028381348e-01
2.723830342292785645e-01
2.977211475372314453e-01
1.542524695396423340e-01
1.350057125091552734e-01
2.806846499443054199e-01
2.878810763359069824e-01
2.229011803865432739e-01
3.498885035514831543e-01
2.287475168704986572e-01
3.494079113006591797e-01
3.250408768653869629e-01
2.499023973941802979e-01
2.252513319253921509e-01
1.802088618278503418e-01
2.467203438282012939e-01
2.924921512603759766e-01
3.547599315643310547e-01
3.812640309333801270e-01
1.697373837232589722e-01
2.526804208755493164e-01
1.503636538982391357e-01
1.694331765174865723e-01
1.201083287596702576e-01
2.327932119369506836e-01
2.790675759315490723e-01
1.417985856533050537e-01
2.167677432298660278e-01
2.127488255500793457e-01
2.694053649902343750e-01
1.591421961784362793e-01
3.782001137733459473e-01
1.989021301269531250e-01
3.162121772766113281e-01
5.554198101162910461e-02
2.107967436313629150e-01
2.386573553085327148e-01
3.302720189094543457e-01
2.006108909845352173e-01
1.193193197250366211e-01
1.172299981117248535e-01
2.203624993562698364e-01
2.705544233322143555e-01
3.391653299331665039e-01
2.386715412139892578e-01
2.570992708206176758e-01
1.770923584699630737e-01
3.574483692646026611e-01
2.037525475025177002e-01
9.383819997310638428e-02
9.413665533065795898e-02
4.059432148933410645e-01
3.623553514480590820e-01
3.269116282463073730e-01
1.572730392217636108e-01
2.267981171607971191e-01
9.832195192575454712e-02
5.538524389266967773e-01
1.045886874198913574e-01
1.327496170997619629e-01
3.536916971206665039e-01
1.455841660499572754e-01
1.759716123342514038e-01
3.226662278175354004e-01
3.139138519763946533e-01
2.221198678016662598e-01
2.050018608570098877e-01
2.519338726997375488e-01
1.286932826042175293e-01
1.248273700475692749e-01
2.100789844989776611e-01
3.749963268637657166e-02
2.838298678398132324e-01
2.595516443252563477e-01
5.708140134811401367e-01
2.106699198484420776e-01
2.625192701816558838e-01
3.126280903816223145e-01
3.472609519958496094e-01
2.613165974617004395e-01
1.909398883581161499e-01
1.417700648307800293e-01
2.171582877635955811e-01
2.899826765060424805e-01
2.673180103302001953e-01
1.868805885314941406e-01
3.095702230930328369e-01
3.559286594390869141e-01
2.119817733764648438e-01
3.893387019634246826e-01
3.532733917236328125e-01
2.441930174827575684e-01
1.540414839982986450e-01
3.769430518150329590e-01
1.762460470199584961e-01
2.219018042087554932e-01
1.814874112606048584e-01
3.073721826076507568e-01
2.747429311275482178e-01
2.134864330291748047e-01
1.034859418869018555e-01
1.393066644668579102e-01
3.070050477981567383e-01
2.941744625568389893e-01
1.154625862836837769e-01
3.015397489070892334e-01
2.236070930957794189e-01
1.929312050342559814e-01
2.526776194572448730e-01
2.808489501476287842e-01
4.469608366489410400e-01
2.703772783279418945e-01
1.317297518253326416e-01
8.876444399356842041e-02
1.702203899621963501e-01
3.928666710853576660e-01
1.702200770378112793e-01
2.236426174640655518e-01
2.743316888809204102e-01
1.761799454689025879e-01
1.391260623931884766e-01
2.292581200599670410e-01
4.019727408885955811e-01
4.795648157596588135e-01
3.016454577445983887e-01
9.791739284992218018e-02
2.233397364616394043e-01
3.089134097099304199e-01
2.866898775100708008e-01
2.593150138854980469e-01
1.359056234359741211e-01
1.748483777046203613e-01
9.275657683610916138e-02
2.443751841783523560e-01
1.758955121040344238e-01
3.210799098014831543e-01
2.724212706089019775e-01
3.299656510353088379e-01
2.729875147342681885e-01
3.486141562461853027e-01
1.274004280567169189e-01
2.147511541843414307e-01
2.565543353557586670e-01
3.574593663215637207e-01
1.918611079454421997e-01
2.164322435855865479e-01
3.107087016105651855e-01
2.374236881732940674e-01
2.165687680244445801e-01
1.967969536781311035e-01
3.037270009517669678e-01
3.442149758338928223e-01
3.518187403678894043e-01
1.241400316357612610e-01
2.331472933292388916e-01
2.360427230596542358e-01
1.773380041122436523e-01
2.965885698795318604e-01
3.405230939388275146e-01
2.177903354167938232e-01
2.498769611120223999e-01
3.275621533393859863e-01
4.210780858993530273e-01
3.644867539405822754e-01
4.229759275913238525e-01
1.237960681319236755e-01
2.270312607288360596e-01
1.377636045217514038e-01
2.456699013710021973e-01
2.160800993442535400e-01
4.052013754844665527e-01
1.961286664009094238e-01
1.501066833734512329e-01
1.991901099681854248e-01
1.262148618698120117e-01
2.232206165790557861e-01
3.176472187042236328e-01
3.123664855957031250e-01
1.486382484436035156e-01
3.618167042732238770e-01
2.080158889293670654e-01
2.967241108417510986e-01
1.593552231788635254e-01
4.334117770195007324e-01
2.300159633159637451e-01
2.244938015937805176e-01
3.014364838600158691e-01
3.379208445549011230e-01
6.768871843814849854e-02
3.298046588897705078e-01
3.817287385463714600e-01
4.363914430141448975e-01
2.443621158599853516e-01
1.092494726181030273e-01
4.843568801879882812e-01
2.490468174219131470e-01
1.950299143791198730e-01
2.157998085021972656e-01
1.409707367420196533e-01
2.488800585269927979e-01
3.716384172439575195e-01
1.383369565010070801e-01
1.260423362255096436e-01
2.809023857116699219e-01
1.903674900531768799e-01
2.968648076057434082e-01
3.028600811958312988e-01
2.120265960693359375e-01
1.593017578125000000e-01
1.868714690208435059e-01
1.756523698568344116e-01
2.469809353351593018e-01
2.083283960819244385e-01
1.842783987522125244e-01
2.485030293464660645e-01
3.009822964668273926e-01
2.291981577873229980e-01
2.306422591209411621e-01
2.786417007446289062e-01
3.362978696823120117e-01
1.464592218399047852e-01
1.962929368019104004e-01
8.257099986076354980e-02
2.367809563875198364e-01
1.590439081192016602e-01
1.090383306145668030e-01
2.257818430662155151e-01
2.758485674858093262e-01
2.203422635793685913e-01
2.669792771339416504e-01
2.257767021656036377e-01
1.682821214199066162e-01
1.570316404104232788e-01
1.700920611619949341e-01
1.216629594564437866e-01
4.295966327190399170e-01
2.298631370067596436e-01
8.244325220584869385e-02
2.272899150848388672e-01
2.096811234951019287e-01
2.996140122413635254e-01
2.125075906515121460e-01
2.864854335784912109e-01
3.230198323726654053e-01
4.698045849800109863e-01
2.260006815195083618e-01
4.013255238533020020e-01
2.441040873527526855e-01
2.815979719161987305e-01
2.963367104530334473e-01
1.638490855693817139e-01
1.658408343791961670e-01
3.337880969047546387e-01
1.577034294605255127e-01
3.064504861831665039e-01
1.220698505640029907e-01
6.876395642757415771e-02
5.168709158897399902e-01
3.850069344043731689e-01
1.266663372516632080e-01
3.061466217041015625e-01
2.080548107624053955e-01
3.669581413269042969e-01
2.632142901420593262e-01
1.903240382671356201e-01
2.402556538581848145e-01
3.627161979675292969e-01
3.497862815856933594e-01
1.699166446924209595e-01
1.819272935390472412e-01
4.135048985481262207e-01
3.557389080524444580e-01
3.116891384124755859e-01
1.508222818374633789e-01
4.507676959037780762e-01
1.216942295432090759e-01
2.461224943399429321e-01
2.237976640462875366e-01
2.156442701816558838e-01
1.979747563600540161e-01
1.943001151084899902e-01
2.920319437980651855e-01
2.844850420951843262e-01
3.237885236740112305e-01
1.484619081020355225e-01
2.326064407825469971e-01
2.203237414360046387e-01
1.097563505172729492e-01
2.180667668581008911e-01
2.378872036933898926e-01
1.961601376533508301e-01
1.665381789207458496e-01
2.073074281215667725e-01
7.586899399757385254e-02
3.137972354888916016e-01
3.861835300922393799e-01
2.070683836936950684e-01
1.177606880664825439e-01
1.915140450000762939e-01
1.557274758815765381e-01
1.619077622890472412e-01
1.896861344575881958e-01
2.697425782680511475e-01
3.289961218833923340e-01
2.800094783306121826e-01
2.099112272262573242e-01
3.429365158081054688e-01
2.478156983852386475e-01
1.380859315395355225e-01
2.202840894460678101e-01
1.064733266830444336e-01
3.257387503981590271e-02
1.902687549591064453e-01
1.009610295295715332e-01
4.888711869716644287e-01
3.042181730270385742e-01
2.000225931406021118e-01
9.819061309099197388e-02
2.427340298891067505e-01
2.465172111988067627e-01
4.214526116847991943e-01
2.496877610683441162e-01
1.777439415454864502e-01
2.511689662933349609e-01
2.615630626678466797e-01
3.135334253311157227e-01
2.134432494640350342e-01
6.016844883561134338e-02
2.913960516452789307e-01
8.361025899648666382e-02
6.831969022750854492e-01
3.339010477066040039e-01
3.304639458656311035e-01
3.856105804443359375e-01
1.710709035396575928e-01
9.476308524608612061e-02
1.664584875106811523e-01
2.666657865047454834e-01
2.481347620487213135e-01
2.577637434005737305e-01
1.861302256584167480e-01
1.673388481140136719e-01
2.038331329822540283e-01
4.386032223701477051e-01
1.421675384044647217e-01
3.869488835334777832e-01
1.520946025848388672e-01
1.225726902484893799e-01
3.487544953823089600e-01
5.225400924682617188e-01
3.381028771400451660e-01
1.579923480749130249e-01
1.568453609943389893e-01
2.456490397453308105e-01
2.835907936096191406e-01
1.678737401962280273e-01
2.777390778064727783e-01
4.432760477066040039e-01
3.467875719070434570e-01
2.413164377212524414e-01
1.020205318927764893e-01
1.578687280416488647e-01
1.278473585844039917e-01
3.916722536087036133e-01
2.880993485450744629e-01
3.527941405773162842e-01
3.609331846237182617e-01
5.878499746322631836e-01
3.052038848400115967e-01
2.127674072980880737e-01
2.122682631015777588e-01
1.626361608505249023e-01
1.434691250324249268e-01
1.944271624088287354e-01
1.555563360452651978e-01
2.602772116661071777e-01
1.563899219036102295e-01
1.827840209007263184e-01
5.480198562145233154e-02
1.084313988685607910e-01
2.896001636981964111e-01
2.857024073600769043e-01
6.187222599983215332e-01
2.219494879245758057e-01
1.487528532743453979e-01
2.106419652700424194e-01
1.690337955951690674e-01
2.489950358867645264e-01
2.597405910491943359e-01
2.038749456405639648e-01
1.785300374031066895e-01
1.143482029438018799e-01
1.840316355228424072e-01
1.490966230630874634e-01
6.284458190202713013e-02
1.870033740997314453e-01
2.317298799753189087e-01
2.271732687950134277e-01
4.317918121814727783e-01
3.095543980598449707e-01
1.635043919086456299e-01
1.584134846925735474e-01
1.910319328308105469e-01
1.430941075086593628e-01
2.771846055984497070e-01
2.335072755813598633e-01
1.473876535892486572e-01
6.737522780895233154e-02
2.944430708885192871e-01
2.131938040256500244e-01
2.710114121437072754e-01
1.865681558847427368e-01
2.880114912986755371e-01
1.796989291906356812e-01
1.851326227188110352e-01
3.780863285064697266e-01
2.211558371782302856e-01
3.030511438846588135e-01
3.708666861057281494e-01
1.403051912784576416e-01
1.889573484659194946e-01
3.681896030902862549e-01
2.523791491985321045e-01
2.471655309200286865e-01
1.312038451433181763e-01
1.915266215801239014e-01
3.791269659996032715e-01
2.110537737607955933e-01
4.140747189521789551e-01
3.113291561603546143e-01
1.494681090116500854e-01
1.658888906240463257e-01
2.257256954908370972e-01
2.408302426338195801e-01
1.664000451564788818e-01
1.065648272633552551e-01
3.663533926010131836e-01
6.129531860351562500e-01
2.089918106794357300e-01
6.385390460491180420e-02
1.553768813610076904e-01
2.689269185066223145e-01
1.910520642995834351e-01
4.101718068122863770e-01
2.978283762931823730e-01
9.205644577741622925e-02
2.273687720298767090e-01
3.565931618213653564e-01
2.182650268077850342e-01
3.422980308532714844e-01
4.465413093566894531e-01
4.671841859817504883e-01
2.753334641456604004e-01
2.298731505870819092e-01
3.366070985794067383e-01
1.642760187387466431e-01
1.419145315885543823e-01
1.024557203054428101e-01
3.359507918357849121e-01
2.944761812686920166e-01
2.563912272453308105e-01
1.490594744682312012e-01
2.266337275505065918e-01
1.030281260609626770e-01
4.628274738788604736e-01
1.249667853116989136e-01
1.636147946119308472e-01
1.837533414363861084e-01
3.764267861843109131e-01
4.532834887504577637e-01
3.140542507171630859e-01
2.343569099903106689e-01
1.236550360918045044e-01
1.535668075084686279e-01
3.733475506305694580e-01
2.682091593742370605e-01
3.001906275749206543e-01
1.725385785102844238e-01
2.967523336410522461e-01
3.056502640247344971e-01
1.800939142704010010e-01
1.983682960271835327e-01
2.925534844398498535e-01
2.535728514194488525e-01
1.475468128919601440e-01
8.867096900939941406e-02
2.172662317752838135e-01
2.319485843181610107e-01
1.862132847309112549e-01
1.847666800022125244e-01
2.899011969566345215e-01
3.035185337066650391e-01
2.764807939529418945e-01
2.468300014734268188e-01
4.016236066818237305e-01
3.228673338890075684e-01
1.894675493240356445e-01
1.713111549615859985e-01
1.417031139135360718e-01
2.261737287044525146e-01
9.431245923042297363e-02
1.925994306802749634e-01
2.377964258193969727e-01
3.624986410140991211e-01
1.298599541187286377e-01
1.580489575862884521e-01
1.355747580528259277e-01
3.443957865238189697e-01
1.907323300838470459e-01
2.137797027826309204e-01
1.827459782361984253e-01
6.013763323426246643e-02
3.115287423133850098e-01
9.701040387153625488e-02
1.240337938070297241e-01
1.137531176209449768e-01
2.140416502952575684e-01
2.332041114568710327e-01
1.252053976058959961e-01
3.666939437389373779e-01
2.582575380802154541e-01
2.659600675106048584e-01
2.406041175127029419e-01
4.418558776378631592e-01
2.067199051380157471e-01
3.769203126430511475e-01
2.976629734039306641e-01
1.907255351543426514e-01
1.699921190738677979e-01
3.140498995780944824e-01
2.242042273283004761e-01
1.585889160633087158e-01
2.199561893939971924e-01
1.335204988718032837e-01
2.106256484985351562e-01
1.944426149129867554e-01
2.681624889373779297e-01
4.938653111457824707e-01
1.777642667293548584e-01
2.108784317970275879e-01
2.411262989044189453e-01
3.191573321819305420e-01
1.307772696018218994e-01
3.415801525115966797e-01
1.651438623666763306e-01
2.421896606683731079e-01
2.251249551773071289e-01
1.689945012331008911e-01
2.235160470008850098e-01
5.884351581335067749e-02
6.031336784362792969e-01
3.107858598232269287e-01
1.965325325727462769e-01
3.240657746791839600e-01
3.889752924442291260e-01
1.213512867689132690e-01
4.004573822021484375e-01
1.648212969303131104e-01
2.266405671834945679e-01
2.708681523799896240e-01
2.497539818286895752e-01
3.392906785011291504e-01
2.747509479522705078e-01
5.119441151618957520e-01
2.463207244873046875e-01
1.892765462398529053e-01
2.312520444393157959e-01
2.514884471893310547e-01
3.788575530052185059e-01
2.033804953098297119e-01
3.224653005599975586e-01
2.719769477844238281e-01
4.404805302619934082e-01
1.793319582939147949e-01
5.230132341384887695e-01
9.853869676589965820e-02
1.961156427860260010e-01
1.966674774885177612e-01
3.078539371490478516e-01
3.904030919075012207e-01
1.013025790452957153e-01
1.701080650091171265e-01
1.633449494838714600e-01
3.060973882675170898e-01
1.645559668540954590e-01
4.514940381050109863e-01
4.307485222816467285e-01
1.476071476936340332e-01
1.699238121509552002e-01
1.673222333192825317e-01
2.237841188907623291e-01
1.911414861679077148e-01
4.849078655242919922e-01
1.391340643167495728e-01
2.081813812255859375e-01
2.298729568719863892e-01
8.699084818363189697e-02
1.465414762496948242e-01
1.445880234241485596e-01
5.389878153800964355e-01
2.309460639953613281e-01
1.265431791543960571e-01
1.635506749153137207e-01
1.716118603944778442e-01
1.987598836421966553e-01
1.779438555240631104e-01
2.448047697544097900e-01
1.903119683265686035e-01
3.155531883239746094e-01
1.724480837583541870e-01
1.841469258069992065e-01
2.416813373565673828e-01
2.286907434463500977e-01
4.046677947044372559e-01
2.062083780765533447e-01
1.615345031023025513e-01
1.490265727043151855e-01
1.614491492509841919e-01
2.032300382852554321e-01
2.986067533493041992e-01
3.384348750114440918e-01
2.164105474948883057e-01
5.302944183349609375e-01
1.429833471775054932e-01
1.616302132606506348e-01
6.574995517730712891e-01
1.895757913589477539e-01
3.100727200508117676e-01
1.829155087471008301e-01
1.592265367507934570e-01
3.157830238342285156e-01
2.580429315567016602e-01
3.050321936607360840e-01
4.513060450553894043e-01
2.642993330955505371e-01
1.786575168371200562e-01
1.778450012207031250e-01
3.894845247268676758e-01
4.066372811794281006e-01
3.207288980484008789e-01
2.007148861885070801e-01
2.922899723052978516e-01
2.943278253078460693e-01
2.988386154174804688e-01
1.504681557416915894e-01
1.416523456573486328e-01
2.601506114006042480e-01
1.786450445652008057e-01
1.594598293304443359e-01
2.697074115276336670e-01
2.004499882459640503e-01
3.817310929298400879e-01
1.454344689846038818e-01
1.087319105863571167e-01
1.672463119029998779e-01
1.504787802696228027e-01
4.269136786460876465e-01
3.489612340927124023e-01
1.778446584939956665e-01
4.318824708461761475e-01
3.459917306900024414e-01
3.571113049983978271e-01
2.621565461158752441e-01
2.511144876480102539e-01
1.806649267673492432e-01
2.111556529998779297e-01
1.679026633501052856e-01
3.435770869255065918e-01
2.652152776718139648e-01
1.573391556739807129e-01
2.891083359718322754e-01
5.558402091264724731e-02
1.972032189369201660e-01
3.296788930892944336e-01
1.448808908462524414e-01
3.109266161918640137e-01
2.359123528003692627e-01
2.073380649089813232e-01
1.352179944515228271e-01
1.994199901819229126e-01
2.799453139305114746e-01
2.556329965591430664e-01
9.343972057104110718e-02
1.588287204504013062e-01
3.050785064697265625e-01
5.420243740081787109e-01
2.037966847419738770e-01
1.479976773262023926e-01
1.212589889764785767e-01
6.522717326879501343e-02
3.347670137882232666e-01
1.207326501607894897e-01
2.084379643201828003e-01
5.078190565109252930e-01
1.355929970741271973e-01
2.894015908241271973e-01
3.191910386085510254e-01
2.770484685897827148e-01
1.783717721700668335e-01
2.904359996318817139e-01
1.141851097345352173e-01
4.363870620727539062e-01
2.320440858602523804e-01
1.557663977146148682e-01
1.763581484556198120e-01
2.108620107173919678e-01
4.112132191658020020e-01
2.287913560867309570e-01
2.221568673849105835e-01
3.740572333335876465e-01
2.546558678150177002e-01
2.107632160186767578e-01
3.282104432582855225e-01
3.079144358634948730e-01
1.808752417564392090e-01
2.854267954826354980e-01
1.760544031858444214e-01
1.791261136531829834e-01
2.625488340854644775e-01
4.132871627807617188e-01
1.021098420023918152e-01
3.261394500732421875e-01
9.859846532344818115e-02
1.432933658361434937e-01
2.355425655841827393e-01
3.061678409576416016e-01
2.148840725421905518e-01
5.668311715126037598e-01
2.238743156194686890e-01
1.665242016315460205e-01
2.565148472785949707e-01
1.531749963760375977e-01
1.738298535346984863e-01
2.053430676460266113e-01
4.535756707191467285e-01
4.228061437606811523e-01
9.664373099803924561e-02
2.342470884323120117e-01
2.187887728214263916e-01
2.310892939567565918e-01
3.430880904197692871e-01
2.786541581153869629e-01
3.579479157924652100e-01
1.232736334204673767e-01
1.643388271331787109e-01
2.332626283168792725e-01
3.889624774456024170e-01
4.551498889923095703e-01
2.747877538204193115e-01
2.258289754390716553e-01
3.439978063106536865e-01
2.574738562107086182e-01
2.130598723888397217e-01
2.398157417774200439e-01
9.551766514778137207e-02
2.004159241914749146e-01
1.813204586505889893e-01
7.715800404548645020e-02
3.520094156265258789e-01
2.750863432884216309e-01
2.440894991159439087e-01
2.293907254934310913e-01
2.622111439704895020e-01
1.045014783740043640e-01
2.189093828201293945e-01
2.889131009578704834e-01
3.077603578567504883e-01
1.211176738142967224e-01
3.397122025489807129e-01
3.818053305149078369e-01
2.656375169754028320e-01
1.957452893257141113e-01
1.349501758813858032e-01
3.059811294078826904e-01
1.897820830345153809e-01
1.892896592617034912e-01
2.542067468166351318e-01
3.800743818283081055e-01
2.261411100625991821e-01
1.732624322175979614e-01
1.479637771844863892e-01
1.372931003570556641e-01
2.583055794239044189e-01
1.188854873180389404e-01
2.164285778999328613e-01
2.150575965642929077e-01
1.102330684661865234e-01
2.569566667079925537e-01
1.119113489985466003e-01
1.833486258983612061e-01
4.072085022926330566e-01
1.449010670185089111e-01
1.535162180662155151e-01
3.819451332092285156e-01
3.109017610549926758e-01
2.757081389427185059e-01
3.291838169097900391e-01
3.438611626625061035e-01
2.013061642646789551e-01
1.353812813758850098e-01
3.213524520397186279e-01
2.588501274585723877e-01
9.836330264806747437e-02
3.497980237007141113e-01
2.146970331668853760e-01
2.331481277942657471e-01
2.602352201938629150e-01
6.738327443599700928e-02
2.999474406242370605e-01
3.268959224224090576e-01
2.223521173000335693e-01
3.308147192001342773e-01
2.499626278877258301e-01
2.271371781826019287e-01
3.033962547779083252e-01
1.602426022291183472e-01
2.664812207221984863e-01
1.480989158153533936e-01
2.761747837066650391e-01
3.723039031028747559e-01
1.607811450958251953e-01
3.679965138435363770e-01
1.897991001605987549e-01
2.256659567356109619e-01
1.722419559955596924e-01
2.245858311653137207e-01
5.045561790466308594e-01
2.225476354360580444e-01
3.203800022602081299e-01
2.779719233512878418e-01
3.029136657714843750e-01
1.692425012588500977e-01
1.298065781593322754e-01
4.330138862133026123e-01
2.296766787767410278e-01
2.470092922449111938e-01
3.485153615474700928e-01
2.923877835273742676e-01
1.333694607019424438e-01
2.212623953819274902e-01
2.353823184967041016e-01
3.430855870246887207e-01
1.801741421222686768e-01
3.139305710792541504e-01
9.892482310533523560e-02
2.851572632789611816e-01
6.288920342922210693e-02
3.860652148723602295e-01
3.285363018512725830e-01
2.295891195535659790e-01
2.986816167831420898e-01
3.471416234970092773e-01
4.792519807815551758e-01
1.917602419853210449e-01
2.996375560760498047e-01
2.421779781579971313e-01
2.744926214218139648e-01
3.195799291133880615e-01
3.736378550529479980e-01
2.193516790866851807e-01
2.493816316127777100e-01
1.609024107456207275e-01
1.241244226694107056e-01
3.889251053333282471e-01
1.452357470989227295e-01
8.433927595615386963e-02
1.283922493457794189e-01
1.750148087739944458e-01
1.614617854356765747e-01
2.489444315433502197e-01
3.687748312950134277e-01
3.178863525390625000e-01
1.592510938644409180e-01
3.721193969249725342e-01
2.956161201000213623e-01
3.059256672859191895e-01
1.869513094425201416e-01
2.014792561531066895e-01
2.931744754314422607e-01
1.532721221446990967e-01
3.337359726428985596e-01
1.865480989217758179e-01
3.392098844051361084e-01
2.978766560554504395e-01
3.830075860023498535e-01
1.824700236320495605e-01
8.596684783697128296e-02
1.996326148509979248e-01
2.314834743738174438e-01
3.146123886108398438e-01
2.459541261196136475e-01
1.504118591547012329e-01
1.375537067651748657e-01
2.715202867984771729e-01
2.784506082534790039e-01
3.558933436870574951e-01
3.307980895042419434e-01
2.111461609601974487e-01
4.406105577945709229e-01
2.449625879526138306e-01
1.906161308288574219e-01
1.994204074144363403e-01
2.485968470573425293e-01
1.801117062568664551e-01
1.231522262096405029e-01
4.047250151634216309e-01
1.365615725517272949e-01
2.954961359500885010e-01
5.670916289091110229e-02
3.581348061561584473e-01
2.165878713130950928e-01
2.784233093261718750e-01
2.329890131950378418e-01
2.850527763366699219e-01
1.778277605772018433e-01
4.281862676143646240e-01
1.264729350805282593e-01
1.971467584371566772e-01
2.029084861278533936e-01
5.118036270141601562e-01
2.666548490524291992e-01
1.681305170059204102e-01
3.915271461009979248e-01
1.971184611320495605e-01
2.335214018821716309e-01
3.738511204719543457e-01
2.035862207412719727e-01
3.254230022430419922e-01
3.295047879219055176e-01
5.425928160548210144e-02
2.846964895725250244e-01
6.036205589771270752e-02
9.408237040042877197e-02
8.965186029672622681e-02
3.439658284187316895e-01
2.237445265054702759e-01
1.730628460645675659e-01
2.277600765228271484e-01
1.527614891529083252e-01
1.881718039512634277e-01
3.016895353794097900e-01
1.864637434482574463e-01
1.207351237535476685e-01
3.060161769390106201e-01
1.534744203090667725e-01
1.952877193689346313e-01
2.425203174352645874e-01
2.279502451419830322e-01
1.379745602607727051e-01
2.528848946094512939e-01
1.322924941778182983e-01
2.267068326473236084e-01
1.512370705604553223e-01
2.207684814929962158e-01
1.972512602806091309e-01
8.114502578973770142e-02
1.299657821655273438e-01
3.420106172561645508e-01
2.028962671756744385e-01
2.810918688774108887e-01
9.332119673490524292e-02
1.874203085899353027e-01
1.097067743539810181e-01
5.547043681144714355e-01
4.724631309509277344e-01
4.326309263706207275e-01
1.958876252174377441e-01
2.246835380792617798e-01
1.832083463668823242e-01
3.902333378791809082e-01
1.353406012058258057e-01
2.490012347698211670e-01
2.642289400100708008e-01
2.969332337379455566e-01
1.588647067546844482e-01
2.495085746049880981e-01
5.960538983345031738e-01
2.048136591911315918e-01
3.221323490142822266e-01
2.020001411437988281e-01
4.678147435188293457e-01
2.886913120746612549e-01
1.717424839735031128e-01
3.282977342605590820e-01
2.986663579940795898e-01
2.265568524599075317e-01
2.293434739112854004e-01
3.256542682647705078e-01
2.064986526966094971e-01
5.451910197734832764e-02
1.267723143100738525e-01
3.993279337882995605e-01
1.548860967159271240e-01
2.817121744155883789e-01
2.314244657754898071e-01
1.302884370088577271e-01
3.771307468414306641e-01
1.105367839336395264e-01
2.215234339237213135e-01
1.458767503499984741e-01
2.415162622928619385e-01
1.503330171108245850e-01
3.101744651794433594e-01
2.945030927658081055e-01
2.452711164951324463e-01
2.213965654373168945e-01
1.018062531948089600e-01
2.157701104879379272e-01
6.393051892518997192e-02
2.619599401950836182e-01
1.940351128578186035e-01
1.654690057039260864e-01
1.882642209529876709e-01
2.207042574882507324e-01
3.160119652748107910e-01
2.665584087371826172e-01
1.814922392368316650e-01
2.486553192138671875e-01
1.365703046321868896e-01
1.677339822053909302e-01
1.048325002193450928e-01
1.365559846162796021e-01
1.459258496761322021e-01
2.171900123357772827e-01
2.133735120296478271e-01
2.116936445236206055e-01
1.635673046112060547e-01
1.973365247249603271e-01
1.662747561931610107e-01
1.994814276695251465e-01
1.163889020681381226e-01
3.220891654491424561e-01
3.596602678298950195e-01
2.882585525512695312e-01
2.256686389446258545e-01
3.233560323715209961e-01
1.375954449176788330e-01
3.283943235874176025e-01
1.487136632204055786e-01
1.910989731550216675e-01
3.241364955902099609e-01
3.716906905174255371e-01
1.265041232109069824e-01
1.774394810199737549e-01
1.151202768087387085e-01
2.983623147010803223e-01
3.242978453636169434e-01
3.841953575611114502e-01
1.481301784515380859e-01
1.388659924268722534e-01
2.146977931261062622e-01
2.636499404907226562e-01
3.392496109008789062e-01
3.218764066696166992e-01
2.350449264049530029e-01
1.186316609382629395e-01
1.051006093621253967e-01
1.323926299810409546e-01
7.385601848363876343e-02
2.078254371881484985e-01
3.526663780212402344e-01
2.408439666032791138e-01
2.248525917530059814e-01
3.627977371215820312e-01
1.667940914630889893e-01
2.318308949470520020e-01
1.310449689626693726e-01
2.075913995504379272e-01
2.520602047443389893e-01
3.246602118015289307e-01
3.729587495326995850e-01
2.506708502769470215e-01
1.386722922325134277e-01
1.350329816341400146e-01
2.786291539669036865e-01
1.070250272750854492e-01
1.156281754374504089e-01
2.516493201255798340e-01
1.315080523490905762e-01
9.509783983230590820e-02
1.299845576286315918e-01
2.196929454803466797e-01
1.287073791027069092e-01
1.945056468248367310e-01
2.801196575164794922e-01
4.079300463199615479e-01
5.030331611633300781e-01
2.746402025222778320e-01
2.321811765432357788e-01
2.818312048912048340e-01
1.649013459682464600e-01
3.735252618789672852e-01
4.614008665084838867e-01
2.514942884445190430e-01
4.761882126331329346e-01
3.223583698272705078e-01
3.484301269054412842e-01
2.067163288593292236e-01
2.168240845203399658e-01
3.314027190208435059e-01
4.434040188789367676e-01
4.362941384315490723e-01
3.764333426952362061e-01
4.640179872512817383e-01
2.976914644241333008e-01
3.830010294914245605e-01
2.640472650527954102e-01
3.180923759937286377e-01
1.373716443777084351e-01
1.858609765768051147e-01
2.144471108913421631e-01
9.258826076984405518e-02
2.750365436077117920e-01
1.980391293764114380e-01
3.248513936996459961e-01
1.865602433681488037e-01
2.709991633892059326e-01
3.475460708141326904e-01
3.083510398864746094e-01
1.287595033645629883e-01
2.492047995328903198e-01
2.575756609439849854e-01
5.147419869899749756e-02
1.475276201963424683e-01
2.349683940410614014e-01
3.425092399120330811e-01
2.472021877765655518e-01
3.237248659133911133e-01
2.976315617561340332e-01
1.722020953893661499e-01
3.256588876247406006e-01
1.587680876255035400e-01
4.032924175262451172e-01
4.875254631042480469e-01
3.422286510467529297e-01
2.423087060451507568e-01
2.788727283477783203e-01
2.776770591735839844e-01
1.698862463235855103e-01
3.500957787036895752e-01
1.700215339660644531e-01
2.101416289806365967e-01
1.918944567441940308e-01
2.863260507583618164e-01
1.488998085260391235e-01
2.993288338184356689e-01
2.490914463996887207e-01
3.061021268367767334e-01
1.437597274780273438e-01
1.893967390060424805e-01
1.024172902107238770e-01
4.693263173103332520e-01
1.262991428375244141e-01
2.193349748849868774e-01
5.920846015214920044e-02
4.850691556930541992e-01
1.384537369012832642e-01
3.287842273712158203e-01
3.120650351047515869e-01
7.254198938608169556e-02
3.526307344436645508e-01
4.131619930267333984e-01
2.612808048725128174e-01
2.215672731399536133e-01
3.051201701164245605e-01
2.581879794597625732e-01
1.533848047256469727e-01
4.761289656162261963e-01
1.667138934135437012e-01
2.484512925148010254e-01
2.144293338060379028e-01
3.576195836067199707e-01
2.365244776010513306e-01
2.123235315084457397e-01
1.498628854751586914e-01
1.904427409172058105e-01
2.204200923442840576e-01
3.037105798721313477e-01
3.452347517013549805e-01
4.166650772094726562e-01
3.420498073101043701e-01
2.980870306491851807e-01
2.523295879364013672e-01
1.504722535610198975e-01
