1.970525681972503662e-01
3.163424432277679443e-01
2.234638780355453491e-01
2.385620623826980591e-01
2.944607734680175781e-01
2.412810474634170532e-01
2.770297527313232422e-01
2.858956754207611084e-01
1.711974143981933594e-01
1.625663638114929199e-01
1.375752538442611694e-01
3.512702882289886475e-01
2.713756263256072998e-01
2.527870535850524902e-01
3.165823817253112793e-01
2.202177047729492188e-01
2.998418807983398438e-01
1.977159380912780762e-01
2.772487103939056396e-01
5.404157564043998718e-02
3.186211884021759033e-01
1.167073622345924377e-01
1.938919872045516968e-01
4.285423159599304199e-01
1.410780549049377441e-01
1.816190779209136963e-01
1.928988248109817505e-01
6.477365493774414062e-01
2.377708256244659424e-01
2.407001852989196777e-01
9.408834576606750488e-02
2.119082957506179810e-01
3.382155299186706543e-01
1.512577682733535767e-01
1.214310228824615479e-01
1.523786783218383789e-01
2.566869258880615234e-01
1.791906356811523438e-01
7.852743566036224365e-02
1.860343962907791138e-01
2.296200990676879883e-01
1.581225544214248657e-01
3.036366701126098633e-01
4.363178610801696777e-01
1.238713413476943970e-01
2.348991632461547852e-01
8.032181859016418457e-02
1.136534214019775391e-01
1.332611888647079468e-01
2.716978788375854492e-01
3.115043938159942627e-01
2.566342651844024658e-01
2.832067608833312988e-01
2.948431968688964844e-01
2.507558763027191162e-01
3.522279858589172363e-01
2.082041054964065552e-01
1.593289375305175781e-01
1.956177949905395508e-01
1.120862811803817749e-01
3.334347307682037354e-01
4.483340382575988770e-01
2.675363123416900635e-01
1.630441993474960327e-01
1.384021788835525513e-01
7.071744203567504883e-01
1.912692487239837646e-01
1.383077502250671387e-01
1.468256115913391113e-01
1.367493271827697754e-01
1.344476044178009033e-01
1.393018960952758789e-01
6.576137244701385498e-02
2.520903944969177246e-01
7.017084956169128418e-02
3.722171783447265625e-01
2.302235662937164307e-01
1.207527294754981995e-01
1.447849869728088379e-01
1.736463904380798340e-01
1.350770890712738037e-01
3.617869317531585693e-02
2.827865779399871826e-01
1.978043913841247559e-01
5.806989222764968872e-02
1.099788397550582886e-01
2.530889809131622314e-01
7.857102155685424805e-02
1.037873625755310059e-01
1.339862197637557983e-01
1.594509184360504150e-01
2.459475398063659668e-01
2.942516505718231201e-01
8.796893060207366943e-02
2.001701295375823975e-01
1.966769397258758545e-01
1.452324688434600830e-01
1.274584829807281494e-01
3.352936804294586182e-01
2.595048248767852783e-01
2.976646721363067627e-01
4.407501816749572754e-01
1.608020812273025513e-01
2.479607164859771729e-01
2.691621482372283936e-01
4.184153974056243896e-01
3.706706166267395020e-01
2.063112109899520874e-01
2.250009328126907349e-01
2.956110835075378418e-01
2.349990606307983398e-01
5.700067281723022461e-01
2.051605284214019775e-01
9.120366722345352173e-02
1.938926726579666138e-01
4.037895426154136658e-02
2.106523215770721436e-01
1.013062372803688049e-01
8.579999953508377075e-02
2.132888734340667725e-01
1.692718714475631714e-01
1.800479292869567871e-01
7.309722900390625000e-02
6.157220527529716492e-02
5.176308751106262207e-02
1.510208249092102051e-01
1.710417866706848145e-01
8.787679672241210938e-02
1.735635548830032349e-01
3.237396776676177979e-01
3.829322457313537598e-01
4.397422075271606445e-02
2.985247671604156494e-01
3.564067780971527100e-01
8.075484633445739746e-02
1.572825610637664795e-01
4.972612857818603516e-02
1.738185435533523560e-01
3.612572252750396729e-01
1.934542357921600342e-01
1.595831513404846191e-01
1.176840513944625854e-01
1.258303225040435791e-01
9.961121529340744019e-02
5.851434916257858276e-02
1.731914728879928589e-01
5.051851645112037659e-02
5.499027669429779053e-02
2.886567115783691406e-01
2.538847625255584717e-01
1.621690690517425537e-01
2.528082132339477539e-01
1.531051695346832275e-01
2.120647132396697998e-01
1.271207332611083984e-01
1.166930645704269409e-01
3.969729244709014893e-01
3.959581255912780762e-01
4.265162348747253418e-01
1.930379271507263184e-01
1.017245948314666748e-01
1.697534471750259399e-01
1.818026751279830933e-01
1.130937710404396057e-01
4.609062895178794861e-02
4.858452081680297852e-02
2.425556629896163940e-01
5.456557869911193848e-02
1.591949611902236938e-01
1.503582447767257690e-01
2.287759333848953247e-01
1.264744400978088379e-01
2.782195508480072021e-01
6.756285578012466431e-02
2.195348739624023438e-01
1.021379008889198303e-01
1.377559900283813477e-01
1.432066559791564941e-01
7.738538831472396851e-02
1.405618786811828613e-01
2.777576819062232971e-02
4.072479158639907837e-02
2.115072607994079590e-01
1.788811534643173218e-01
3.351142406463623047e-01
1.532883942127227783e-01
7.734715193510055542e-02
1.308774352073669434e-01
2.579720690846443176e-02
9.292373806238174438e-02
1.627781800925731659e-02
1.781889349222183228e-01
1.720199882984161377e-01
5.177510529756546021e-02
1.570333689451217651e-01
2.842761948704719543e-02
2.018780261278152466e-01
1.432862281799316406e-01
1.794821023941040039e-01
5.564345046877861023e-02
2.599934339523315430e-01
1.811518371105194092e-01
3.337974548339843750e-01
1.561885029077529907e-01
1.620071679353713989e-01
1.382438838481903076e-01
9.580803662538528442e-02
7.478892803192138672e-02
1.156722754240036011e-01
1.159917637705802917e-01
2.706994116306304932e-01
3.263860940933227539e-01
8.093431591987609863e-02
1.711044907569885254e-01
3.517605364322662354e-02
1.361863613128662109e-01
1.574828028678894043e-01
1.611500531435012817e-01
1.197788119316101074e-01
1.673205345869064331e-01
2.750185728073120117e-01
1.375153511762619019e-01
1.009384915232658386e-01
3.862143158912658691e-01
2.333885878324508667e-01
8.613499999046325684e-02
2.593022584915161133e-01
1.560395658016204834e-01
1.511104702949523926e-01
5.676896497607231140e-02
7.950694859027862549e-02
2.103118896484375000e-01
1.878783851861953735e-01
3.584547340869903564e-02
3.604034334421157837e-02
2.328919619321823120e-02
1.892597377300262451e-01
7.658738642930984497e-02
2.611640691757202148e-01
3.130075335502624512e-01
1.192478537559509277e-01
2.700096666812896729e-01
1.975947767496109009e-01
2.244905978441238403e-01
4.177395254373550415e-02
8.212214708328247070e-02
1.262561380863189697e-01
1.122562214732170105e-01
1.479915827512741089e-01
3.351761698722839355e-01
7.414505630731582642e-02
4.441782832145690918e-02
7.616448402404785156e-02
2.434818446636199951e-01
1.164161637425422668e-01
1.820002347230911255e-01
1.099515482783317566e-01
1.443128883838653564e-01
2.826534211635589600e-01
7.107996195554733276e-02
7.263128459453582764e-02
2.589945495128631592e-01
1.169712096452713013e-01
8.901181817054748535e-02
3.112941682338714600e-01
1.299291551113128662e-01
6.595817208290100098e-02
7.251216471195220947e-02
2.298048287630081177e-01
3.659527376294136047e-02
2.506193518638610840e-01
7.624895870685577393e-02
6.939894706010818481e-02
7.432855665683746338e-02
1.234119385480880737e-01
3.230394423007965088e-01
2.028023749589920044e-01
7.098183780908584595e-02
1.211334392428398132e-01
2.332507222890853882e-01
2.090722918510437012e-01
1.683305799961090088e-01
3.397387266159057617e-01
1.725360602140426636e-01
8.565830439329147339e-02
2.276287674903869629e-01
7.371121644973754883e-02
7.784377783536911011e-02
9.077370166778564453e-02
2.208029329776763916e-01
1.498879194259643555e-01
1.591871082782745361e-01
1.284674257040023804e-01
1.908378601074218750e-01
1.456988155841827393e-01
9.699067473411560059e-02
2.268113493919372559e-01
5.849393829703330994e-02
9.058696031570434570e-02
2.032943964004516602e-01
2.849403023719787598e-02
2.642878890037536621e-01
2.202660143375396729e-01
6.463371515274047852e-01
2.535234689712524414e-01
1.457366496324539185e-01
1.295513510704040527e-01
1.337449252605438232e-01
1.669159829616546631e-01
5.595430731773376465e-02
3.084331750869750977e-01
1.282636076211929321e-01
1.435831934213638306e-01
1.278226822614669800e-01
5.265226215124130249e-02
8.753690123558044434e-02
1.979911625385284424e-01
1.013577282428741455e-01
1.098240166902542114e-01
3.891391754150390625e-01
6.260474771261215210e-02
1.527073681354522705e-01
2.369474768638610840e-01
7.332636415958404541e-02
2.110514342784881592e-01
3.991769626736640930e-02
1.130596548318862915e-01
3.414308652281761169e-02
1.875357329845428467e-01
6.657693535089492798e-02
1.154736205935478210e-01
4.063400626182556152e-02
1.580492109060287476e-01
4.352640360593795776e-02
4.030758142471313477e-02
3.994770720601081848e-02
2.621542513370513916e-01
6.087696179747581482e-02
1.869559586048126221e-01
8.073598891496658325e-02
6.566722691059112549e-02
2.903001606464385986e-01
8.342434465885162354e-02
8.164836466312408447e-02
2.243140041828155518e-01
2.485270202159881592e-01
4.686184227466583252e-02
4.656140506267547607e-01
1.460881531238555908e-01
3.987892270088195801e-01
4.794020354747772217e-01
7.526556402444839478e-02
2.212477028369903564e-01
2.565981745719909668e-01
1.064183190464973450e-01
3.700185567140579224e-02
1.548614501953125000e-01
1.114154458045959473e-01
1.000899523496627808e-01
2.067305147647857666e-01
5.544910952448844910e-02
3.710880279541015625e-01
1.313297152519226074e-01
1.318015307188034058e-01
1.101253032684326172e-01
3.606858551502227783e-01
1.859164983034133911e-01
1.423135995864868164e-01
1.409161388874053955e-01
1.843211948871612549e-01
5.720375850796699524e-02
1.630502790212631226e-01
3.931021690368652344e-02
1.457696557044982910e-01
1.482425630092620850e-01
1.389350891113281250e-01
1.524484753608703613e-01
1.452043652534484863e-01
1.197273582220077515e-01
9.998801350593566895e-02
7.987318933010101318e-02
6.941186636686325073e-02
3.589913547039031982e-01
2.245147973299026489e-01
4.414341971278190613e-02
7.484722882509231567e-02
2.669554352760314941e-01
3.718108683824539185e-02
2.349497973918914795e-01
8.773469179868698120e-02
1.023260951042175293e-01
2.947441637516021729e-01
1.712158918380737305e-01
4.338707774877548218e-02
3.350164741277694702e-02
1.471640318632125854e-01
1.318139284849166870e-01
2.410548552870750427e-02
1.210612654685974121e-01
2.520680725574493408e-01
2.385870516300201416e-01
1.894340664148330688e-01
9.880591928958892822e-02
6.122681498527526855e-02
2.344730868935585022e-02
3.968644142150878906e-02
1.955139338970184326e-01
3.606438338756561279e-01
4.283111691474914551e-01
5.349755659699440002e-02
1.129750534892082214e-01
1.298573315143585205e-01
6.857643276453018188e-02
1.256159543991088867e-01
8.363618701696395874e-02
3.818818032741546631e-01
1.902321279048919678e-01
1.390217840671539307e-01
2.938104607164859772e-02
2.310842871665954590e-01
1.338498741388320923e-01
5.551448464393615723e-02
2.798041701316833496e-01
4.301959872245788574e-01
1.347549706697463989e-01
1.045475378632545471e-01
1.883433163166046143e-01
2.113494277000427246e-01
3.629409894347190857e-02
7.254652678966522217e-02
2.603881657123565674e-01
1.439872682094573975e-01
1.388393193483352661e-01
8.686004579067230225e-02
1.765616238117218018e-01
1.358150839805603027e-01
1.102792322635650635e-01
2.169654965400695801e-01
6.391336768865585327e-02
2.190013825893402100e-01
1.914853006601333618e-01
1.865576207637786865e-01
3.353166282176971436e-01
6.359499692916870117e-02
2.951821982860565186e-01
3.018811345100402832e-01
1.475351601839065552e-01
8.898423612117767334e-02
1.545000672340393066e-01
2.872292697429656982e-01
1.164171546697616577e-01
2.573573291301727295e-01
1.058109849691390991e-01
2.307598292827606201e-01
1.731112748384475708e-01
2.062358558177947998e-01
1.388956904411315918e-01
3.390052318572998047e-01
2.043054699897766113e-01
9.474020451307296753e-02
1.776079386472702026e-01
1.394226551055908203e-01
3.107866048812866211e-01
3.359718322753906250e-01
5.612297058105468750e-01
2.211105525493621826e-01
2.674215137958526611e-01
2.544980645179748535e-01
8.705508708953857422e-02
1.401654779911041260e-01
3.976804912090301514e-01
1.043783575296401978e-01
3.849068880081176758e-01
1.649710983037948608e-01
1.199061274528503418e-01
1.767829209566116333e-01
1.757799088954925537e-01
2.616082727909088135e-01
1.537068784236907959e-01
2.257967740297317505e-01
8.758951723575592041e-02
1.398464888334274292e-01
1.374036520719528198e-01
2.178104221820831299e-01
4.428211972117424011e-02
4.957104101777076721e-02
2.221699357032775879e-01
2.734641134738922119e-01
5.885962396860122681e-02
4.535492882132530212e-02
9.480121731758117676e-02
1.443904340267181396e-01
1.701175868511199951e-01
2.680543065071105957e-01
1.221101209521293640e-01
3.335081338882446289e-01
1.528050005435943604e-01
1.223694086074829102e-01
3.633841872215270996e-01
1.682717949151992798e-01
3.468238413333892822e-01
1.922085881233215332e-01
1.718934029340744019e-01
1.280588805675506592e-01
1.246995478868484497e-01
6.606984138488769531e-02
2.630661725997924805e-01
1.410052925348281860e-01
1.598880439996719360e-01
1.339526623487472534e-01
1.686331778764724731e-01
5.543611198663711548e-02
2.140411138534545898e-01
9.864741563796997070e-02
6.474752724170684814e-02
5.618543550372123718e-02
1.203317418694496155e-01
1.840189397335052490e-01
7.199081778526306152e-02
8.199647814035415649e-02
1.644809544086456299e-01
4.477214813232421875e-02
1.812342256307601929e-01
1.560879647731781006e-01
1.994573920965194702e-01
1.407746821641921997e-01
2.758435904979705811e-01
1.526208072900772095e-01
2.539131641387939453e-01
1.417720764875411987e-01
1.837152689695358276e-01
2.832120954990386963e-01
7.475812733173370361e-02
4.450187832117080688e-02
2.509395405650138855e-02
2.064842879772186279e-01
1.120587289333343506e-01
8.502544462680816650e-02
2.008716166019439697e-01
5.205264091491699219e-01
2.053732722997665405e-01
1.562137901782989502e-01
2.106546908617019653e-01
2.316013723611831665e-01
6.639692187309265137e-02
9.434156119823455811e-02
1.175307631492614746e-01
2.053678929805755615e-01
5.356979370117187500e-01
3.144274652004241943e-01
1.033074483275413513e-01
1.148254200816154480e-01
1.777799576520919800e-01
1.533365249633789062e-01
8.940859138965606689e-02
1.092023253440856934e-01
1.527575254440307617e-01
2.656607031822204590e-01
1.036626845598220825e-01
1.674846559762954712e-01
1.905462592840194702e-01
1.687428951263427734e-01
1.114120781421661377e-01
1.651036739349365234e-01
1.823967844247817993e-01
4.680092334747314453e-01
1.193723082542419434e-01
1.727836281061172485e-01
2.679577767848968506e-01
2.569366991519927979e-01
2.246267944574356079e-01
1.689915359020233154e-01
9.268617630004882812e-02
1.598115265369415283e-01
9.477431327104568481e-02
1.256289780139923096e-01
2.050755321979522705e-01
1.348960101604461670e-01
3.741525113582611084e-02
1.001215577125549316e-01
1.402396261692047119e-01
1.134532019495964050e-01
1.170887947082519531e-01
9.343869984149932861e-02
3.733359575271606445e-01
1.589326858520507812e-01
1.215647161006927490e-01
2.906849682331085205e-01
1.330941170454025269e-01
2.053047418594360352e-01
2.396663278341293335e-01
2.565834522247314453e-01
1.531928777694702148e-01
3.327387869358062744e-01
2.302952110767364502e-01
2.328732609748840332e-02
2.741438746452331543e-01
9.468355774879455566e-02
1.194051504135131836e-01
1.477492451667785645e-01
5.987576022744178772e-02
1.511627733707427979e-01
3.430622816085815430e-02
1.311135739088058472e-01
5.812673270702362061e-02
8.524077385663986206e-02
1.027584895491600037e-01
1.364981532096862793e-01
7.625755667686462402e-02
3.116902112960815430e-01
1.954243183135986328e-01
1.502574086189270020e-01
6.347838789224624634e-02
1.218663901090621948e-01
1.144976988434791565e-01
2.835350334644317627e-01
1.281837224960327148e-01
1.165773421525955200e-01
1.319832503795623779e-01
1.500673443078994751e-01
1.734724044799804688e-01
1.718512475490570068e-01
5.440248176455497742e-02
1.058054417371749878e-01
1.902977973222732544e-01
2.092289924621582031e-01
2.071098089218139648e-01
6.787078082561492920e-02
2.298947870731353760e-01
1.328053921461105347e-01
5.976042896509170532e-02
2.537232637405395508e-01
1.589016616344451904e-01
2.404431700706481934e-01
1.861399412155151367e-01
2.038452029228210449e-01
9.002275764942169189e-02
6.102647632360458374e-02
1.868623346090316772e-01
3.446957767009735107e-01
2.740483283996582031e-01
3.997986614704132080e-01
6.910447776317596436e-02
1.629389524459838867e-01
7.126726210117340088e-02
2.028651833534240723e-01
2.850327193737030029e-01
9.448029100894927979e-02
6.323614716529846191e-02
1.444039642810821533e-01
2.505396604537963867e-01
8.706186711788177490e-02
1.516214013099670410e-01
2.643004655838012695e-01
6.643430143594741821e-02
2.120189964771270752e-01
2.821145355701446533e-01
3.243795633316040039e-01
1.433741599321365356e-01
8.611483871936798096e-02
1.046972647309303284e-01
4.727478027343750000e-01
2.388275861740112305e-01
2.133194208145141602e-01
1.484675109386444092e-01
1.001217141747474670e-01
3.215543925762176514e-01
2.515044808387756348e-01
7.135812938213348389e-02
2.875757217407226562e-01
3.231797218322753906e-01
1.873268038034439087e-01
2.116095870733261108e-01
3.407949507236480713e-01
3.861015439033508301e-01
2.443223595619201660e-01
7.088473439216613770e-02
4.387610256671905518e-01
3.853504955768585205e-01
1.778982579708099365e-01
5.724795535206794739e-02
3.937751650810241699e-01
1.200237944722175598e-01
1.538636386394500732e-01
5.426312237977981567e-02
1.691716909408569336e-01
1.250347644090652466e-01
2.406273931264877319e-01
1.237925812602043152e-01
9.657420217990875244e-02
2.097024917602539062e-01
8.358022570610046387e-02
2.211118638515472412e-01
9.391661733388900757e-02
1.045243740081787109e-01
1.588492989540100098e-01
2.406470663845539093e-02
2.019469812512397766e-02
2.206758111715316772e-01
1.750955134630203247e-01
1.227300167083740234e-01
1.191251799464225769e-01
8.412014693021774292e-02
8.116680383682250977e-02
1.544240713119506836e-01
6.261479109525680542e-02
1.828969717025756836e-01
1.410316377878189087e-01
1.325019001960754395e-01
6.809765100479125977e-02
1.805727928876876831e-01
3.619763851165771484e-01
2.308689057826995850e-01
2.572222948074340820e-01
1.446404457092285156e-01
1.109022498130798340e-01
1.168806105852127075e-01
1.933167129755020142e-01
1.155519410967826843e-01
1.092570424079895020e-01
8.819855749607086182e-02
6.841187924146652222e-02
1.166074499487876892e-01
3.498130440711975098e-01
1.749029904603958130e-01
1.610683947801589966e-01
8.286450803279876709e-02
3.842800855636596680e-01
6.414619833230972290e-02
7.386954128742218018e-02
1.523662358522415161e-01
7.275330275297164917e-02
5.665513500571250916e-02
2.424830049276351929e-01
4.076934754848480225e-01
2.845621109008789062e-01
8.691924065351486206e-02
6.724534183740615845e-02
3.321295082569122314e-01
7.381000369787216187e-02
2.201235294342041016e-01
1.742523536086082458e-02
3.853891044855117798e-02
2.202918380498886108e-01
1.750118732452392578e-01
5.160241574048995972e-02
8.470939844846725464e-02
2.368199527263641357e-01
6.383975744247436523e-01
1.253762096166610718e-01
1.007186248898506165e-01
9.928093105554580688e-02
3.638613224029541016e-01
1.892898380756378174e-01
1.726033985614776611e-01
6.393085420131683350e-02
8.870527893304824829e-02
2.713525891304016113e-01
7.092791795730590820e-02
1.988957822322845459e-01
2.365828752517700195e-01
1.916116029024124146e-01
1.487656235694885254e-01
1.728721857070922852e-01
1.729032844305038452e-01
1.928288042545318604e-01
3.337495923042297363e-01
4.675852507352828979e-02
1.017051786184310913e-01
2.087611854076385498e-01
1.841498613357543945e-01
1.757466048002243042e-01
6.781407445669174194e-02
2.533908486366271973e-01
1.928778290748596191e-01
2.318811416625976562e-01
2.612437903881072998e-01
9.750160574913024902e-02
1.325175166130065918e-01
9.631065279245376587e-02
1.995610594749450684e-01
3.611115217208862305e-01
4.551808536052703857e-02
9.221409261226654053e-02
1.347615122795104980e-01
1.264992356300354004e-01
2.646386027336120605e-01
1.609305739402770996e-01
1.107490658760070801e-01
2.986043095588684082e-01
1.771126836538314819e-01
3.696396946907043457e-01
3.826574236154556274e-02
2.021977752447128296e-01
2.511934638023376465e-01
1.622366756200790405e-01
4.278603792190551758e-01
1.819262504577636719e-01
2.545400261878967285e-01
2.557561174035072327e-02
7.057592272758483887e-02
9.075760841369628906e-02
8.547830581665039062e-02
4.656155407428741455e-01
8.707460761070251465e-02
4.232203066349029541e-01
1.918066143989562988e-01
3.078957796096801758e-01
6.069205701351165771e-02
1.002290844917297363e-01
4.085289835929870605e-01
9.991321712732315063e-02
2.651209235191345215e-01
1.619257032871246338e-01
6.131460517644882202e-02
1.830294728279113770e-01
2.678332924842834473e-01
4.135169982910156250e-01
1.257914304733276367e-01
1.891588419675827026e-01
1.351088285446166992e-01
1.680542826652526855e-01
2.241248190402984619e-01
3.324999809265136719e-01
5.196696519851684570e-01
1.728763282299041748e-01
2.480783760547637939e-01
2.031282484531402588e-01
2.347429394721984863e-01
1.105090230703353882e-01
2.351995408535003662e-01
1.478663533926010132e-01
1.683807373046875000e-01
2.427568435668945312e-01
1.173178777098655701e-01
7.911508530378341675e-02
2.403967231512069702e-01
1.019067764282226562e-01
1.659747511148452759e-01
8.984616398811340332e-02
1.841042786836624146e-01
1.816029250621795654e-01
2.521096169948577881e-01
2.927399575710296631e-01
1.040344685316085815e-01
3.505334854125976562e-01
1.317697465419769287e-01
2.975867390632629395e-01
3.402136266231536865e-01
1.227312237024307251e-01
1.472759544849395752e-01
1.079810932278633118e-01
9.086358547210693359e-02
1.593486517667770386e-01
1.051752865314483643e-01
1.019477918744087219e-01
1.540995389223098755e-01
1.887250840663909912e-01
2.626284360885620117e-01
1.839545667171478271e-01
5.464740395545959473e-01
1.466958522796630859e-01
3.314217329025268555e-01
2.443897128105163574e-01
1.968140602111816406e-01
1.793538033962249756e-01
1.753479242324829102e-01
1.148874089121818542e-01
1.476568132638931274e-01
2.842070758342742920e-01
2.272602617740631104e-01
3.592408895492553711e-01
1.723960936069488525e-01
1.392728984355926514e-01
2.502477169036865234e-01
3.357788026332855225e-01
1.156758368015289307e-01
1.453774869441986084e-01
2.843197584152221680e-01
2.189167439937591553e-01
2.574979066848754883e-01
2.041545510292053223e-01
1.568510532379150391e-01
1.571544110774993896e-01
3.877490162849426270e-01
4.750642552971839905e-02
7.986429333686828613e-02
1.064110845327377319e-01
9.792073816061019897e-02
5.228369310498237610e-02
1.256688833236694336e-01
1.980137825012207031e-01
1.882789880037307739e-01
2.395391464233398438e-01
6.211482360959053040e-02
3.646922111511230469e-02
1.096692383289337158e-01
1.681429892778396606e-01
9.801373630762100220e-02
3.232493996620178223e-01
4.678281396627426147e-02
6.301523745059967041e-02
1.443180143833160400e-01
3.962545990943908691e-01
2.322206199169158936e-01
1.487071812152862549e-01
2.279821783304214478e-01
5.594737082719802856e-02
2.975715994834899902e-01
2.750498056411743164e-01
1.418075561523437500e-01
2.524026334285736084e-01
1.668448746204376221e-01
5.706844851374626160e-02
7.375983893871307373e-02
5.239982157945632935e-02
3.995667397975921631e-02
1.430024802684783936e-01
1.514495313167572021e-01
3.303091824054718018e-01
7.794176042079925537e-02
3.007372319698333740e-01
2.024387419223785400e-01
1.429691612720489502e-01
1.526637971401214600e-01
6.390269100666046143e-02
2.302809357643127441e-01
1.954399794340133667e-02
2.854661941528320312e-01
2.622815072536468506e-01
9.706573933362960815e-02
2.023039013147354126e-01
4.221790134906768799e-01
5.599054321646690369e-02
2.483774125576019287e-01
1.672855317592620850e-01
2.328033894300460815e-01
5.370419472455978394e-02
2.829045429825782776e-02
3.529130816459655762e-01
4.550811648368835449e-01
1.037795245647430420e-01
1.945426315069198608e-01
2.117852866649627686e-01
1.874502897262573242e-01
1.819390356540679932e-01
1.035640388727188110e-01
6.887720525264739990e-02
5.857475101947784424e-02
3.176415860652923584e-01
2.410622090101242065e-01
1.878921985626220703e-01
2.932048216462135315e-02
6.778033077716827393e-02
1.404234319925308228e-01
2.995170950889587402e-01
1.903893053531646729e-01
4.152496904134750366e-02
1.903511583805084229e-01
2.010739743709564209e-01
1.750295758247375488e-01
6.833268702030181885e-02
1.403343230485916138e-01
2.194849550724029541e-01
1.346609592437744141e-01
1.160911396145820618e-01
7.915198057889938354e-02
3.152775764465332031e-01
1.967213749885559082e-01
2.696242630481719971e-01
2.501109242439270020e-01
3.178632855415344238e-01
1.221605688333511353e-01
1.824970543384552002e-01
1.549216508865356445e-01
2.540694177150726318e-01
1.939776539802551270e-01
2.317685186862945557e-01
1.515010297298431396e-01
2.826498448848724365e-01
2.774830758571624756e-01
5.193136632442474365e-02
2.466498464345932007e-01
1.158478334546089172e-01
1.429472714662551880e-01
2.308134734630584717e-01
2.817398905754089355e-01
3.355268239974975586e-01
8.535158634185791016e-02
3.296479582786560059e-01
1.232910677790641785e-01
1.872030645608901978e-01
2.185720354318618774e-01
2.233094125986099243e-01
1.011879742145538330e-01
1.277363598346710205e-01
1.908180713653564453e-01
1.054713279008865356e-01
2.238506078720092773e-01
1.237285733222961426e-01
7.035481929779052734e-02
7.355438172817230225e-02
1.204349771142005920e-01
5.282618105411529541e-02
4.583696275949478149e-02
4.193175211548805237e-02
5.368316546082496643e-02
2.312631011009216309e-01
5.359405651688575745e-02
5.024051666259765625e-01
8.444911241531372070e-02
7.798225432634353638e-02
4.722042009234428406e-02
2.702659964561462402e-01
3.247999027371406555e-02
1.122070252895355225e-01
2.320898622274398804e-01
5.863830074667930603e-02
1.623053699731826782e-01
7.809272408485412598e-02
1.736541539430618286e-01
1.146520227193832397e-01
2.246614396572113037e-01
1.529805064201354980e-01
9.793296456336975098e-02
8.279187232255935669e-02
8.436005562543869019e-02
1.268616914749145508e-01
2.526206076145172119e-01
1.160714775323867798e-01
1.825419664382934570e-01
8.873803168535232544e-02
3.635775297880172729e-02
1.065234020352363586e-01
1.325047910213470459e-01
1.906857490539550781e-01
4.358942061662673950e-02
2.243205010890960693e-01
6.893242150545120239e-02
8.707062900066375732e-02
1.271794438362121582e-01
4.774098098278045654e-02
6.326968967914581299e-02
2.219549715518951416e-01
1.202609911561012268e-01
1.290616840124130249e-01
1.945294439792633057e-01
8.656293153762817383e-02
6.568951159715652466e-02
1.690581887960433960e-01
2.590911388397216797e-01
2.093982994556427002e-01
9.429994970560073853e-02
2.224415913224220276e-02
1.633935868740081787e-01
1.588375419378280640e-01
3.609136343002319336e-01
2.675401568412780762e-01
3.260434269905090332e-01
1.446881741285324097e-01
1.213001310825347900e-01
1.694524884223937988e-01
3.055934309959411621e-01
1.099836155772209167e-01
4.704659581184387207e-01
1.895456910133361816e-01
1.802645176649093628e-01
1.201006323099136353e-01
3.331611156463623047e-01
1.690085530281066895e-01
3.827483654022216797e-01
9.367173165082931519e-02
2.345479130744934082e-01
1.806333214044570923e-01
9.394712746143341064e-02
6.366574019193649292e-02
1.453227102756500244e-01
1.178772896528244019e-01
2.000778615474700928e-01
1.348737180233001709e-01
2.351139187812805176e-01
2.137990444898605347e-01
7.078604400157928467e-02
1.128110513091087341e-01
1.182903349399566650e-01
1.662060618400573730e-01
1.201518028974533081e-01
4.770404100418090820e-02
1.472896337509155273e-01
1.275840699672698975e-01
1.319051533937454224e-01
2.176081836223602295e-01
1.969689428806304932e-01
1.044276356697082520e-01
2.149889469146728516e-01
7.954082638025283813e-02
8.925000578165054321e-02
1.265047937631607056e-01
1.571857333183288574e-01
1.356896609067916870e-01
3.449216187000274658e-01
5.327237397432327271e-02
3.146184682846069336e-01
1.214827075600624084e-01
6.405507773160934448e-02
4.510765522718429565e-02
1.804653555154800415e-02
1.706886887550354004e-01
1.567735075950622559e-01
1.848950684070587158e-01
3.362302109599113464e-02
1.702223420143127441e-01
8.004762977361679077e-02
7.611770182847976685e-02
8.548937737941741943e-02
8.807614445686340332e-02
2.083516418933868408e-01
9.033945947885513306e-02
9.603014588356018066e-02
1.573411971330642700e-01
3.019775822758674622e-02
1.343167424201965332e-01
3.838473558425903320e-01
5.874140188097953796e-02
6.837244331836700439e-02
2.128584682941436768e-01
6.926951557397842407e-02
2.161082774400711060e-01
4.610343277454376221e-02
7.445278763771057129e-02
3.157698810100555420e-01
2.435659319162368774e-01
6.906253099441528320e-02
1.680464446544647217e-01
1.016319170594215393e-01
1.264921575784683228e-01
9.323009848594665527e-02
1.189946234226226807e-01
2.251408994197845459e-01
2.721280753612518311e-01
1.078197658061981201e-01
1.770530939102172852e-01
1.745143979787826538e-01
1.273028701543807983e-01
6.265477836132049561e-02
3.384704142808914185e-02
1.669216006994247437e-01
2.895623818039894104e-02
1.980238109827041626e-01
2.051488161087036133e-01
3.929200768470764160e-02
1.545205265283584595e-01
2.201104350388050079e-02
1.182847321033477783e-01
1.108213514089584351e-01
1.625944674015045166e-01
3.009365200996398926e-01
8.930918574333190918e-02
1.972223520278930664e-01
2.622238397598266602e-01
7.554011046886444092e-02
3.292431533336639404e-01
1.867088675498962402e-01
1.025852635502815247e-01
2.151033282279968262e-01
2.809623256325721741e-02
1.435920447111129761e-01
1.645714789628982544e-01
1.927750855684280396e-01
2.631267905235290527e-01
1.697376072406768799e-01
1.142796501517295837e-01
2.698903977870941162e-01
6.068533658981323242e-02
6.109589338302612305e-02
2.087119668722152710e-01
1.427477002143859863e-01
6.826758384704589844e-02
1.918308287858963013e-01
3.598829805850982666e-01
2.516887485980987549e-01
1.195407435297966003e-01
8.755438029766082764e-02
1.484694480895996094e-01
2.410437613725662231e-01
2.519360482692718506e-01
1.187080666422843933e-01
1.416003108024597168e-01
1.571816504001617432e-01
2.519753575325012207e-01
1.168993189930915833e-01
5.624667927622795105e-02
3.620902076363563538e-02
1.786677241325378418e-01
1.601433753967285156e-01
3.567036613821983337e-02
1.712377220392227173e-01
1.285353004932403564e-01
1.967726945877075195e-01
7.433983683586120605e-02
1.408494710922241211e-01
1.279059499502182007e-01
2.861636281013488770e-01
1.116119250655174255e-01
1.595025211572647095e-01
5.153466016054153442e-02
6.721077859401702881e-02
3.240680694580078125e-02
1.823801100254058838e-01
8.524626493453979492e-02
1.322169750928878784e-01
2.163365483283996582e-01
1.439027674496173859e-02
3.191908299922943115e-01
2.949958294630050659e-02
1.897995322942733765e-01
1.584662646055221558e-01
1.307233422994613647e-01
1.550155580043792725e-01
1.114957109093666077e-01
4.177485108375549316e-01
1.121200472116470337e-01
1.750123202800750732e-01
1.017816215753555298e-01
5.487923324108123779e-02
9.953556954860687256e-02
1.437695324420928955e-01
2.492254227399826050e-01
4.717898070812225342e-01
2.865471243858337402e-01
3.765281289815902710e-02
1.917354911565780640e-01
1.668008714914321899e-01
3.246724307537078857e-01
2.065181732177734375e-01
1.068264693021774292e-01
1.201582252979278564e-01
2.910988926887512207e-01
1.302886009216308594e-01
4.092021659016609192e-02
3.689356148242950439e-01
3.870903700590133667e-02
1.047431305050849915e-01
1.822453886270523071e-01
2.911369800567626953e-01
1.310967467725276947e-02
