1.092773824930191040e-01
3.238672316074371338e-01
1.470913141965866089e-01
1.040517389774322510e-01
2.113938778638839722e-01
2.258850187063217163e-01
3.066840171813964844e-01
2.452412247657775879e-01
7.049149274826049805e-02
1.439163982868194580e-01
2.024798691272735596e-01
1.614529639482498169e-01
9.125962853431701660e-02
1.306717246770858765e-01
6.569484621286392212e-02
2.202123701572418213e-01
2.143628299236297607e-01
2.466108202934265137e-01
1.598723232746124268e-01
9.347075223922729492e-02
2.282831072807312012e-01
1.726242303848266602e-01
3.738818690180778503e-02
4.353250861167907715e-01
2.106281220912933350e-01
3.042435050010681152e-01
2.761140465736389160e-01
7.397781312465667725e-02
6.838271766901016235e-02
9.349389374256134033e-02
1.038952469825744629e-01
1.557054817676544189e-01
2.796636819839477539e-01
3.536862134933471680e-01
1.823360174894332886e-01
1.886613667011260986e-01
6.507657468318939209e-02
3.093229420483112335e-02
2.397519201040267944e-01
2.892801165580749512e-02
8.359863609075546265e-02
1.132030338048934937e-01
2.773256301879882812e-01
3.762482404708862305e-01
2.376872450113296509e-01
1.157399043440818787e-01
2.078179717063903809e-01
1.325570642948150635e-01
4.494166374206542969e-02
1.668416559696197510e-01
1.531271040439605713e-01
1.704966723918914795e-01
1.819619238376617432e-01
4.000446796417236328e-01
8.358965814113616943e-02
2.889069020748138428e-01
2.552195787429809570e-01
3.617531657218933105e-01
2.320842444896697998e-01
1.465994119644165039e-01
2.145394682884216309e-01
1.640964746475219727e-01
1.424132287502288818e-01
1.653228998184204102e-01
3.479013442993164062e-01
1.139832139015197754e-01
1.138981357216835022e-01
2.424698919057846069e-01
2.202678918838500977e-01
2.307191193103790283e-01
3.210090994834899902e-01
4.517003893852233887e-01
1.889647841453552246e-01
3.451937437057495117e-01
2.650119066238403320e-01
2.028529047966003418e-01
2.895538210868835449e-01
1.185733526945114136e-01
8.406236022710800171e-02
2.475103437900543213e-01
3.500769436359405518e-01
1.302891373634338379e-01
2.384920716285705566e-01
1.780844181776046753e-01
1.236758977174758911e-01
1.207671910524368286e-01
2.178156226873397827e-01
1.764513850212097168e-01
1.366653740406036377e-01
3.098862469196319580e-01
1.342613846063613892e-01
2.403375357389450073e-01
2.612222433090209961e-01
1.611965894699096680e-01
9.524080157279968262e-02
3.027144670486450195e-01
2.390720546245574951e-01
5.496993660926818848e-02
1.074898019433021545e-01
3.377678096294403076e-01
1.319044232368469238e-01
4.420222714543342590e-02
1.055772304534912109e-01
1.955025196075439453e-01
2.067321687936782837e-01
4.432225227355957031e-01
1.789547950029373169e-01
1.983872652053833008e-01
2.299942523241043091e-01
2.858643531799316406e-01
2.642078995704650879e-01
1.388888359069824219e-01
1.044025123119354248e-01
1.798007041215896606e-01
2.516748905181884766e-01
1.961534321308135986e-01
2.668605148792266846e-01
2.700316011905670166e-01
2.153743505477905273e-01
5.773865059018135071e-02
9.077113866806030273e-02
3.137810826301574707e-01
2.538144886493682861e-01
2.994844913482666016e-01
1.119936853647232056e-01
1.915648877620697021e-01
4.440082311630249023e-01
2.395855784416198730e-01
8.787146955728530884e-02
4.420663043856620789e-02
2.776039838790893555e-01
1.978003680706024170e-01
1.088195592164993286e-01
2.228880226612091064e-01
1.433158218860626221e-01
3.185042142868041992e-01
2.071590870618820190e-01
1.697266995906829834e-01
1.536161005496978760e-01
1.367931216955184937e-01
7.272958010435104370e-02
1.500395685434341431e-01
1.393731236457824707e-01
6.061007454991340637e-02
3.636859357357025146e-01
2.650296986103057861e-01
2.853753566741943359e-01
1.934129893779754639e-01
2.448478490114212036e-01
1.808167994022369385e-01
9.422959387302398682e-02
1.288974583148956299e-01
7.256150245666503906e-02
1.203857362270355225e-01
1.845883131027221680e-01
5.432839691638946533e-02
4.344248771667480469e-01
4.988329857587814331e-02
3.146778419613838196e-02
2.739863693714141846e-01
6.869365274906158447e-02
1.426661163568496704e-01
2.345963418483734131e-01
1.522507369518280029e-01
3.031966090202331543e-01
3.334927260875701904e-01
1.402504444122314453e-01
2.353623509407043457e-01
7.635059207677841187e-02
1.538171172142028809e-01
3.081178367137908936e-01
2.522948086261749268e-01
3.207058012485504150e-01
2.172686010599136353e-01
1.448252350091934204e-01
1.985855549573898315e-01
1.464994102716445923e-01
1.373576819896697998e-01
1.610383540391921997e-01
1.314213871955871582e-01
2.046881318092346191e-01
3.791699409484863281e-01
2.646453082561492920e-01
1.066445782780647278e-01
1.245132386684417725e-01
1.922769695520401001e-01
3.603962063789367676e-01
6.061699241399765015e-02
1.159108728170394897e-01
3.347860574722290039e-01
1.851622909307479858e-01
1.329957693815231323e-01
2.094016373157501221e-01
1.460059583187103271e-01
6.965786963701248169e-02
1.423545181751251221e-01
1.677435636520385742e-01
5.985667556524276733e-02
3.941065669059753418e-01
2.734156884253025055e-02
2.622008323669433594e-01
2.791233062744140625e-01
2.403126358985900879e-01
1.525913476943969727e-01
1.407417356967926025e-01
7.061858475208282471e-02
3.508065342903137207e-01
2.351536154747009277e-01
1.808512657880783081e-01
1.845947206020355225e-01
8.253600448369979858e-02
6.889154016971588135e-02
1.769350767135620117e-01
3.508336544036865234e-01
6.432902812957763672e-02
2.530073821544647217e-01
7.434019446372985840e-02
5.128149986267089844e-01
3.133435547351837158e-01
1.417151093482971191e-01
1.470153778791427612e-01
1.502208858728408813e-01
1.840430200099945068e-01
2.313395887613296509e-01
1.419380009174346924e-01
2.449522316455841064e-01
1.731665134429931641e-01
2.262442111968994141e-01
6.617911905050277710e-02
1.236668303608894348e-01
1.034191921353340149e-01
1.269928216934204102e-01
1.165760233998298645e-01
1.261398941278457642e-01
1.395652294158935547e-01
3.590376973152160645e-01
6.266807019710540771e-02
2.270739376544952393e-01
1.548241674900054932e-01
1.471382379531860352e-01
1.236758232116699219e-01
8.399613201618194580e-02
7.787149399518966675e-02
2.499053180217742920e-01
6.584260612726211548e-02
2.444916516542434692e-01
2.422082126140594482e-01
1.094408482313156128e-01
1.317888796329498291e-01
2.446973323822021484e-01
2.029997557401657104e-01
1.920337677001953125e-01
1.565382778644561768e-01
2.735436856746673584e-01
1.674511730670928955e-01
2.820369303226470947e-01
2.272329926490783691e-01
2.328844070434570312e-01
7.560617476701736450e-02
3.046478033065795898e-01
1.327583491802215576e-01
6.949513405561447144e-02
1.959382295608520508e-01
2.374718636274337769e-01
7.439942657947540283e-02
1.226865947246551514e-01
2.795974537730216980e-02
1.036114841699600220e-01
2.014624476432800293e-01
1.990782916545867920e-01
4.245727658271789551e-01
2.445325404405593872e-01
3.259750604629516602e-01
7.141330838203430176e-02
1.588069647550582886e-01
1.647429615259170532e-01
8.773263543844223022e-02
2.860621213912963867e-01
2.945865392684936523e-01
1.321026831865310669e-01
1.291753649711608887e-01
1.515832841396331787e-01
3.033941388130187988e-01
3.410163521766662598e-01
9.435729682445526123e-02
1.236809119582176208e-01
4.576124548912048340e-01
1.468649506568908691e-01
6.295955181121826172e-02
3.182296082377433777e-02
1.039345562458038330e-01
3.592041730880737305e-01
1.636304557323455811e-01
8.562470972537994385e-02
1.697770804166793823e-01
1.658418178558349609e-01
1.909577846527099609e-01
8.214341104030609131e-02
1.367054581642150879e-01
4.309620261192321777e-01
3.362334966659545898e-01
5.465748906135559082e-02
2.109692096710205078e-01
1.786612123250961304e-01
2.152630090713500977e-01
7.422341406345367432e-02
1.580580174922943115e-01
1.513132154941558838e-01
1.037275940179824829e-01
2.547002136707305908e-01
2.953164875507354736e-01
7.346712052822113037e-02
3.291581869125366211e-01
1.213526278734207153e-01
1.206444576382637024e-01
1.206195577979087830e-01
6.808669865131378174e-02
2.136068940162658691e-01
3.885774016380310059e-01
1.434585750102996826e-01
7.425442337989807129e-02
2.758530378341674805e-01
8.775599300861358643e-02
4.411490261554718018e-02
1.264827847480773926e-01
1.173631176352500916e-01
3.024336695671081543e-01
1.707151830196380615e-01
4.946897923946380615e-01
2.112433314323425293e-01
3.719137310981750488e-01
6.826684623956680298e-02
3.752720952033996582e-01
2.211601734161376953e-01
3.336127102375030518e-01
4.229725003242492676e-01
2.380331009626388550e-01
1.132357344031333923e-01
1.717124581336975098e-01
2.443845272064208984e-01
6.344017386436462402e-02
3.389738798141479492e-01
4.311330914497375488e-01
1.602944582700729370e-01
4.459125548601150513e-02
1.325784027576446533e-01
2.486654818058013916e-01
7.961592823266983032e-02
1.426042020320892334e-01
8.608545362949371338e-02
2.020231634378433228e-01
2.424337863922119141e-01
1.311479061841964722e-01
2.071822285652160645e-01
8.521038293838500977e-02
3.820531964302062988e-01
8.838813006877899170e-02
3.394611477851867676e-01
3.562960028648376465e-01
7.344380766153335571e-02
2.231158912181854248e-01
1.071740984916687012e-01
6.122579425573348999e-02
2.428137362003326416e-01
1.924538910388946533e-01
1.769467294216156006e-01
6.170132756233215332e-02
1.073723584413528442e-01
7.790285348892211914e-02
3.453752100467681885e-01
1.686093062162399292e-01
1.169166862964630127e-01
1.096895933151245117e-01
1.053934171795845032e-01
3.531344532966613770e-01
6.481412798166275024e-02
1.769693791866302490e-01
2.744376957416534424e-01
1.905174255371093750e-01
3.242790997028350830e-01
2.543792724609375000e-01
2.092083096504211426e-01
7.536415010690689087e-02
1.898813396692276001e-01
1.973504126071929932e-01
2.578446269035339355e-01
2.277259528636932373e-01
2.801502346992492676e-01
2.817387580871582031e-01
5.976287275552749634e-02
2.606935799121856689e-01
1.356858164072036743e-01
1.675554811954498291e-01
1.516040265560150146e-01
4.333670735359191895e-01
2.159570306539535522e-01
3.113475441932678223e-01
1.562020182609558105e-01
1.070828586816787720e-01
1.586948633193969727e-01
3.271649181842803955e-01
2.089510262012481689e-01
9.656178951263427734e-02
6.745740771293640137e-02
1.504298746585845947e-01
1.047330200672149658e-01
2.857475876808166504e-01
2.981690466403961182e-01
2.781680822372436523e-01
2.152197808027267456e-01
8.528928458690643311e-02
1.248781979084014893e-01
3.177504241466522217e-01
1.838009804487228394e-01
3.624938428401947021e-02
1.975366920232772827e-01
8.956752717494964600e-02
3.200077414512634277e-01
1.554240733385086060e-01
8.097369223833084106e-02
1.729570031166076660e-01
2.772610783576965332e-01
1.222062110900878906e-01
5.896946787834167480e-01
1.316445618867874146e-01
1.857973933219909668e-01
1.770334243774414062e-01
4.487430304288864136e-02
1.122048869729042053e-01
2.422042042016983032e-01
3.012966215610504150e-01
1.157098188996315002e-01
2.134637683629989624e-01
3.879120349884033203e-01
2.222209423780441284e-01
3.623362779617309570e-01
1.717428714036941528e-01
1.530993878841400146e-01
1.388573199510574341e-01
2.978280782699584961e-01
9.580996632575988770e-02
1.128333508968353271e-01
1.731728017330169678e-01
4.562225192785263062e-02
6.193219423294067383e-01
1.819847673177719116e-01
9.837158769369125366e-02
5.383628606796264648e-02
2.514617443084716797e-01
4.273395836353302002e-01
3.509867787361145020e-01
2.724605798721313477e-01
1.711047142744064331e-01
1.203845292329788208e-01
8.482042700052261353e-02
1.545800864696502686e-01
8.407132327556610107e-02
2.011774182319641113e-01
1.171827316284179688e-01
1.709977984428405762e-01
1.665938049554824829e-01
4.964765906333923340e-01
1.140284538269042969e-01
2.639612257480621338e-01
3.391531407833099365e-01
2.547748684883117676e-01
8.864879608154296875e-02
3.991067111492156982e-01
2.373396158218383789e-01
1.361421793699264526e-01
4.368012547492980957e-01
1.469410359859466553e-01
1.600435078144073486e-01
1.603800654411315918e-01
3.348497748374938965e-01
1.528263688087463379e-01
1.016282141208648682e-01
2.206265032291412354e-01
2.539674043655395508e-01
1.065927296876907349e-01
6.376549601554870605e-02
9.788279235363006592e-02
2.162320911884307861e-01
1.868454515933990479e-01
2.639688253402709961e-01
1.877578645944595337e-01
2.874068915843963623e-01
1.043804287910461426e-01
2.515686750411987305e-01
4.076509475708007812e-01
5.056231096386909485e-02
1.273466348648071289e-01
1.638626754283905029e-01
2.017397582530975342e-01
1.573630571365356445e-01
1.568882763385772705e-01
1.161398813128471375e-01
8.452249318361282349e-02
2.507987320423126221e-01
1.248890012502670288e-01
1.934672594070434570e-01
3.012530803680419922e-01
1.167830228805541992e-01
4.573980867862701416e-01
2.021404206752777100e-01
1.491771340370178223e-01
3.649347424507141113e-01
2.887578308582305908e-02
1.118099614977836609e-01
1.881623268127441406e-01
2.137305140495300293e-01
4.415625333786010742e-01
3.402337729930877686e-01
2.571490406990051270e-01
2.433579266071319580e-01
4.889107942581176758e-01
1.120662167668342590e-01
1.711198687553405762e-01
2.300586849451065063e-01
1.572605371475219727e-01
2.156086117029190063e-01
7.402841746807098389e-02
1.126304864883422852e-01
3.758379817008972168e-01
7.506164163351058960e-02
3.256882429122924805e-01
9.331384301185607910e-02
1.824029386043548584e-01
2.434014976024627686e-01
9.182438999414443970e-02
1.567617058753967285e-01
2.518636584281921387e-01
6.948663294315338135e-02
2.431669086217880249e-01
1.620260179042816162e-01
2.182318866252899170e-01
4.331595599651336670e-01
2.054243981838226318e-01
2.601151466369628906e-01
9.510318189859390259e-02
1.457044333219528198e-01
1.261620223522186279e-01
2.157860547304153442e-01
3.308025598526000977e-01
1.905561685562133789e-01
1.859344542026519775e-01
1.365019828081130981e-01
2.382877618074417114e-01
3.331922888755798340e-01
1.995554268360137939e-01
2.579934000968933105e-01
1.248529776930809021e-01
3.096154332160949707e-01
1.237060129642486572e-01
1.201842799782752991e-01
2.200463414192199707e-01
1.844625920057296753e-01
1.532959938049316406e-01
8.362568914890289307e-02
1.371636092662811279e-01
2.916998863220214844e-01
2.678235471248626709e-01
1.330863386392593384e-01
5.259941518306732178e-02
1.360986828804016113e-01
1.425054222345352173e-01
2.263238131999969482e-01
3.856537342071533203e-01
5.685911327600479126e-02
2.388089597225189209e-01
1.267247796058654785e-01
4.042190313339233398e-01
3.085950016975402832e-01
2.898119091987609863e-01
1.128053218126296997e-01
3.485775291919708252e-01
2.710113227367401123e-01
3.029281497001647949e-01
3.829901218414306641e-01
2.296501547098159790e-01
7.125820219516754150e-02
2.236773222684860229e-01
8.796396851539611816e-02
3.332632184028625488e-01
1.275583952665328979e-01
3.061299324035644531e-01
1.027718633413314819e-01
3.496842384338378906e-01
6.875485926866531372e-02
8.647859841585159302e-02
1.626974344253540039e-01
5.537786334753036499e-02
3.710966706275939941e-01
2.282940745353698730e-01
6.692731380462646484e-02
1.488909274339675903e-01
1.125191152095794678e-01
1.879417449235916138e-01
2.328091859817504883e-01
1.449988186359405518e-01
1.431580781936645508e-01
2.901274859905242920e-01
2.190667986869812012e-01
2.792241573333740234e-01
2.689229249954223633e-01
9.788720309734344482e-02
2.679956257343292236e-01
2.638292908668518066e-01
1.064025014638900757e-01
1.783077418804168701e-01
2.205890119075775146e-01
4.255172014236450195e-01
3.162054121494293213e-01
7.464111596345901489e-02
5.911815166473388672e-02
1.026119962334632874e-01
2.071261852979660034e-01
2.294806838035583496e-01
1.746777147054672241e-01
2.396331280469894409e-01
2.962045669555664062e-01
2.319686114788055420e-01
2.501579821109771729e-01
5.097490549087524414e-02
1.496535539627075195e-01
1.816704422235488892e-01
1.637065857648849487e-01
7.184949517250061035e-02
1.302472651004791260e-01
3.006335794925689697e-01
2.339105010032653809e-01
2.770670056343078613e-01
1.994899213314056396e-01
1.309248507022857666e-01
2.326951026916503906e-01
8.636114001274108887e-02
1.705416440963745117e-01
1.553664207458496094e-01
5.524528026580810547e-01
2.792789936065673828e-01
1.770134419202804565e-01
8.042581379413604736e-02
1.516416668891906738e-01
1.577081829309463501e-01
1.387308239936828613e-01
1.258054971694946289e-01
2.666235268115997314e-01
1.496039330959320068e-01
8.141527175903320312e-01
8.963246643543243408e-02
8.483713120222091675e-02
4.031229615211486816e-01
1.318458616733551025e-01
2.865888476371765137e-01
2.574675679206848145e-01
2.696414589881896973e-01
2.579845190048217773e-01
3.569622337818145752e-01
4.419378638267517090e-01
2.488492131233215332e-01
2.191640883684158325e-01
2.035526335239410400e-01
3.037182688713073730e-01
1.429074406623840332e-01
1.857266873121261597e-01
5.207025259733200073e-02
1.208871901035308838e-01
1.561498492956161499e-01
1.681158840656280518e-01
8.349876105785369873e-02
1.804230064153671265e-01
4.434206336736679077e-02
1.419510841369628906e-01
6.719896942377090454e-02
2.851798534393310547e-01
1.292108148336410522e-01
1.337218880653381348e-01
3.441952168941497803e-01
2.038384526968002319e-01
1.483239084482192993e-01
8.860258758068084717e-02
1.385666429996490479e-01
1.976470649242401123e-01
1.510078608989715576e-01
1.107137650251388550e-01
1.871800422668457031e-01
4.016108810901641846e-02
2.899098396301269531e-01
1.910531520843505859e-01
2.637518048286437988e-01
1.430655717849731445e-01
1.656814515590667725e-01
5.589223280549049377e-02
6.037730351090431213e-02
1.359477341175079346e-01
1.735116243362426758e-01
1.107570901513099670e-01
1.111107245087623596e-01
2.659412622451782227e-01
3.005112409591674805e-01
2.194769680500030518e-01
1.777261644601821899e-01
2.048821598291397095e-01
5.353183746337890625e-01
3.660205602645874023e-01
2.527858316898345947e-01
1.509453207254409790e-01
1.898402124643325806e-01
2.757497131824493408e-01
7.958018779754638672e-02
2.465346753597259521e-01
2.248462736606597900e-01
4.530884325504302979e-02
5.153407528996467590e-02
4.460136294364929199e-01
8.672146499156951904e-02
2.224870175123214722e-01
1.012614369392395020e-01
3.008072674274444580e-01
2.641163468360900879e-01
2.603628039360046387e-01
1.417384743690490723e-01
1.445525735616683960e-01
5.418543815612792969e-01
2.430020123720169067e-01
1.388171911239624023e-01
1.547133028507232666e-01
3.176490366458892822e-01
2.182522863149642944e-01
2.538460195064544678e-01
2.312073558568954468e-01
7.977847754955291748e-02
1.104405373334884644e-01
1.066217571496963501e-01
2.154754847288131714e-01
2.575854659080505371e-01
6.615573167800903320e-01
5.788769200444221497e-02
3.444216251373291016e-01
2.802799642086029053e-01
7.423800230026245117e-02
2.503182590007781982e-01
2.702640295028686523e-01
2.173620462417602539e-01
2.270171046257019043e-01
4.301966428756713867e-01
1.773677766323089600e-01
1.848729699850082397e-01
1.837396174669265747e-01
1.341408044099807739e-01
1.291732192039489746e-01
8.816555887460708618e-02
2.439550757408142090e-01
4.418525844812393188e-02
1.847234964370727539e-01
6.333991885185241699e-02
1.015268936753273010e-01
6.421547383069992065e-02
6.032484769821166992e-02
6.444938182830810547e-01
1.712586581707000732e-01
8.525092899799346924e-02
1.572657227516174316e-01
2.187136709690093994e-01
1.249212771654129028e-01
2.206387519836425781e-01
1.895729005336761475e-01
1.962085068225860596e-01
1.249507218599319458e-01
1.275195032358169556e-01
3.042684793472290039e-01
2.899664044380187988e-01
1.167721450328826904e-01
6.106982752680778503e-02
1.551586836576461792e-01
1.388796567916870117e-01
1.360304057598114014e-01
2.173237502574920654e-01
1.822775900363922119e-01
2.548788487911224365e-01
2.085286378860473633e-01
5.904936790466308594e-02
1.832320690155029297e-01
4.005395993590354919e-02
4.727627038955688477e-01
1.510954499244689941e-01
1.271590739488601685e-01
1.513355821371078491e-01
1.630311906337738037e-01
8.972264081239700317e-02
2.588655054569244385e-01
7.074159383773803711e-02
2.755618691444396973e-01
1.362376213073730469e-01
1.251115649938583374e-01
1.695352494716644287e-01
1.499439477920532227e-01
2.948120832443237305e-01
1.453139781951904297e-01
6.873619556427001953e-02
1.942608356475830078e-01
1.816529184579849243e-01
1.426918953657150269e-01
2.719881534576416016e-01
5.623273551464080811e-02
7.056182622909545898e-02
2.368914186954498291e-01
1.051102727651596069e-01
3.051161766052246094e-01
3.063644170761108398e-01
5.918469652533531189e-02
3.324323594570159912e-01
6.165994703769683838e-02
1.797135472297668457e-01
2.624594569206237793e-01
1.270176768302917480e-01
1.469224542379379272e-01
2.018469423055648804e-01
3.827711939811706543e-01
1.392711848020553589e-01
1.973947882652282715e-01
2.530978918075561523e-01
2.159881889820098877e-01
4.424017965793609619e-01
1.578292101621627808e-01
1.589482128620147705e-01
1.387976855039596558e-01
5.780193954706192017e-02
7.418185472488403320e-02
1.868461370468139648e-01
1.249377429485321045e-01
1.786929070949554443e-01
1.340656876564025879e-01
1.533573269844055176e-01
1.556689590215682983e-01
5.216620862483978271e-02
9.627246856689453125e-02
4.834546148777008057e-02
3.635297119617462158e-01
6.581319123506546021e-02
2.285975664854049683e-01
4.540061652660369873e-01
2.305422574281692505e-01
2.334701120853424072e-01
3.438666164875030518e-01
2.403217367827892303e-02
1.910438090562820435e-01
1.625035703182220459e-01
2.447216212749481201e-01
1.992394924163818359e-01
3.128762841224670410e-01
3.042253255844116211e-01
8.351553976535797119e-02
1.994551718235015869e-01
2.195151001214981079e-01
2.898276746273040771e-01
6.463658064603805542e-02
8.241342008113861084e-02
1.267070323228836060e-01
2.037115097045898438e-01
1.537277847528457642e-01
1.674014180898666382e-01
1.618681102991104126e-01
1.141228377819061279e-01
4.488090276718139648e-01
5.760638788342475891e-02
1.713111996650695801e-01
1.810404658317565918e-01
1.277765631675720215e-01
1.098375469446182251e-01
2.284777760505676270e-01
9.963861107826232910e-02
2.185736745595932007e-01
1.960042119026184082e-01
1.342824548482894897e-01
1.815245002508163452e-01
2.155993878841400146e-01
1.809425801038742065e-01
2.362215369939804077e-01
3.794005513191223145e-01
1.669179797172546387e-01
1.278924942016601562e-01
8.885874599218368530e-02
6.279560923576354980e-02
4.453937411308288574e-01
5.888028442859649658e-02
1.850742697715759277e-01
1.533058732748031616e-01
1.911968290805816650e-01
2.172600328922271729e-01
2.185124754905700684e-01
1.621254086494445801e-01
1.153073534369468689e-01
1.991998404264450073e-01
1.468362808227539062e-01
1.706097126007080078e-01
1.883921325206756592e-01
3.369692564010620117e-01
3.092618584632873535e-01
2.639148235321044922e-01
1.594045311212539673e-01
2.265514433383941650e-01
1.608426570892333984e-01
4.957830905914306641e-01
7.284718006849288940e-02
1.851259768009185791e-01
2.319518327713012695e-01
1.322524547576904297e-01
2.910147607326507568e-01
3.804594650864601135e-02
5.824400484561920166e-02
2.838786542415618896e-01
3.103087246417999268e-01
3.408809900283813477e-01
1.174058914184570312e-01
2.340544462203979492e-01
1.824487447738647461e-01
1.000905185937881470e-01
1.367940306663513184e-01
2.163869738578796387e-01
1.333738118410110474e-01
1.985957175493240356e-01
2.138305902481079102e-01
3.052760362625122070e-01
1.476137787103652954e-01
1.365120112895965576e-01
2.387384921312332153e-01
2.626566886901855469e-01
2.855077385902404785e-01
1.328125596046447754e-01
2.438385784626007080e-01
1.907787024974822998e-01
1.957172602415084839e-01
1.277015656232833862e-01
1.538931727409362793e-01
2.702231705188751221e-01
4.813111573457717896e-02
3.860946372151374817e-02
5.389621257781982422e-01
8.744627237319946289e-02
2.304154485464096069e-01
2.952138781547546387e-01
1.134475618600845337e-01
2.844801843166351318e-01
6.009914726018905640e-02
2.276426106691360474e-01
2.764700055122375488e-01
2.255118489265441895e-01
7.880051434040069580e-02
1.255337148904800415e-01
1.976431012153625488e-01
2.409873902797698975e-01
2.077232897281646729e-01
1.095189750194549561e-01
2.191558182239532471e-01
1.145248860120773315e-01
1.338738799095153809e-01
2.072615623474121094e-01
4.876239597797393799e-02
8.977062255144119263e-02
2.082194089889526367e-01
2.055466175079345703e-01
5.878256261348724365e-02
7.890663295984268188e-02
7.907773554325103760e-02
2.053305059671401978e-01
1.586043834686279297e-01
9.653655439615249634e-02
1.570996642112731934e-01
2.929269969463348389e-01
1.616820394992828369e-01
2.218182086944580078e-01
3.579070568084716797e-01
4.656738638877868652e-01
4.601730704307556152e-01
3.145782053470611572e-01
3.066092431545257568e-01
2.168864756822586060e-01
1.262842118740081787e-01
8.057645708322525024e-02
1.735464036464691162e-01
2.204519361257553101e-01
1.495828926563262939e-01
7.973066717386245728e-02
1.883378028869628906e-01
1.468536257743835449e-01
2.720770239830017090e-01
1.784835010766983032e-01
1.443012803792953491e-01
2.016838341951370239e-01
4.437443912029266357e-01
1.554954648017883301e-01
9.617429971694946289e-02
3.826478719711303711e-01
1.125761941075325012e-01
1.434897482395172119e-01
1.154031455516815186e-01
1.497703045606613159e-01
4.337885975837707520e-01
3.538340330123901367e-01
3.374828994274139404e-01
2.026481032371520996e-01
2.141260206699371338e-01
2.023078799247741699e-01
9.540613740682601929e-02
1.870313882827758789e-01
1.818818598985671997e-01
2.062258273363113403e-01
1.886721253395080566e-01
2.078729420900344849e-01
1.966727674007415771e-01
2.011555582284927368e-01
1.208351701498031616e-01
1.523507982492446899e-01
1.692449599504470825e-01
2.942061424255371094e-01
4.101548194885253906e-01
2.113527208566665649e-01
1.498657763004302979e-01
1.522457003593444824e-01
1.000900715589523315e-01
2.469034641981124878e-01
9.138210117816925049e-02
1.346280127763748169e-01
3.143587708473205566e-01
1.081985905766487122e-01
2.637774944305419922e-01
1.146632283926010132e-01
2.128526121377944946e-01
1.793753951787948608e-01
2.315248996019363403e-01
1.126319468021392822e-01
2.730492055416107178e-01
9.694482386112213135e-02
4.086697995662689209e-01
5.203725695610046387e-01
1.063062027096748352e-01
4.737745523452758789e-01
1.829907000064849854e-01
4.136922359466552734e-01
2.332563400268554688e-01
6.180192902684211731e-02
1.156769171357154846e-01
1.651045829057693481e-01
1.957424730062484741e-01
2.063859552145004272e-01
1.574965417385101318e-01
2.771735191345214844e-01
6.581351161003112793e-02
1.651662290096282959e-01
2.512003779411315918e-01
1.172422915697097778e-01
1.080811917781829834e-01
1.388224810361862183e-01
2.588376998901367188e-01
1.866359561681747437e-01
1.047881618142127991e-01
1.165368407964706421e-01
3.006318509578704834e-01
2.897302210330963135e-01
2.472839355468750000e-01
1.269127428531646729e-01
1.157022491097450256e-01
3.351681232452392578e-01
1.773916482925415039e-01
2.324943691492080688e-01
3.043914735317230225e-01
8.860599994659423828e-02
1.771717965602874756e-01
6.081137433648109436e-02
2.268007099628448486e-01
1.530596464872360229e-01
9.527240693569183350e-02
6.160821765661239624e-02
8.355225622653961182e-02
5.329152941703796387e-02
1.684217453002929688e-01
1.557034254074096680e-01
7.506011426448822021e-02
4.095812141895294189e-02
3.039978742599487305e-01
1.396698951721191406e-01
3.060657382011413574e-01
1.493688225746154785e-01
2.096440941095352173e-01
1.857422590255737305e-01
3.109886646270751953e-01
9.323784708976745605e-02
9.733268618583679199e-02
1.701587587594985962e-01
1.761019080877304077e-01
3.703327104449272156e-02
1.627665758132934570e-01
1.180387139320373535e-01
2.464325129985809326e-01
3.659940361976623535e-01
2.906820178031921387e-01
1.403602808713912964e-01
3.506710529327392578e-01
3.057368695735931396e-01
2.638114690780639648e-01
1.921555995941162109e-01
7.920880615711212158e-02
1.622184216976165771e-01
2.038960307836532593e-01
2.240604311227798462e-01
5.357645824551582336e-02
1.124939844012260437e-01
1.231791004538536072e-01
7.765929400920867920e-02
2.061637490987777710e-01
2.393821477890014648e-01
1.426893174648284912e-01
5.950750783085823059e-02
3.520582243800163269e-02
1.807992905378341675e-01
2.435734272003173828e-01
5.646687373518943787e-02
1.351750940084457397e-01
2.177760154008865356e-01
2.015111297369003296e-01
3.013985157012939453e-01
1.267247200012207031e-01
1.375207155942916870e-01
9.614717960357666016e-02
5.759748816490173340e-02
5.533143505454063416e-02
1.230062097311019897e-01
5.125807523727416992e-01
3.477631211280822754e-01
1.180956140160560608e-01
1.979039907455444336e-01
1.494757831096649170e-01
2.015334367752075195e-01
1.103753969073295593e-01
1.646546572446823120e-01
1.664146035909652710e-01
1.854180991649627686e-01
1.202126368880271912e-01
3.528658747673034668e-01
2.397899627685546875e-01
1.756713837385177612e-01
1.149079054594039917e-01
3.054484724998474121e-01
1.105778366327285767e-01
2.240421175956726074e-01
2.849642038345336914e-01
2.308280020952224731e-01
7.853563874959945679e-02
1.043251752853393555e-01
2.169561982154846191e-01
1.619811803102493286e-01
1.881866008043289185e-01
8.410891145467758179e-02
3.234453499317169189e-01
1.039111167192459106e-01
8.946773409843444824e-02
4.202772378921508789e-01
2.277827858924865723e-01
1.083673089742660522e-01
1.193897947669029236e-01
1.290088146924972534e-01
1.676036268472671509e-01
1.221451163291931152e-01
1.873348504304885864e-01
3.427927494049072266e-01
1.784620881080627441e-01
8.716994524002075195e-02
1.678418219089508057e-01
5.231249332427978516e-01
6.392824649810791016e-02
4.853417873382568359e-01
2.010416537523269653e-01
3.724861145019531250e-01
2.152002453804016113e-01
1.987531334161758423e-01
8.854316174983978271e-02
1.517491787672042847e-01
3.209148943424224854e-01
1.054471731185913086e-01
2.400999665260314941e-01
3.748550713062286377e-01
3.204654753208160400e-01
4.686674475669860840e-01
3.270867466926574707e-01
2.148552834987640381e-01
2.529457807540893555e-01
1.608282923698425293e-01
2.561016976833343506e-01
1.378165930509567261e-01
3.172265887260437012e-01
7.303498685359954834e-02
4.044662415981292725e-01
3.955425620079040527e-01
2.611781954765319824e-01
1.737728714942932129e-01
3.865551352500915527e-01
9.717205911874771118e-02
2.894923090934753418e-01
1.985829323530197144e-01
3.766035139560699463e-01
2.341421544551849365e-01
1.155095174908638000e-01
1.396579444408416748e-01
1.168755441904067993e-01
1.831296384334564209e-01
1.433058381080627441e-01
3.249208927154541016e-01
1.292821466922760010e-01
1.746719479560852051e-01
1.637084931135177612e-01
8.506394922733306885e-02
2.158609032630920410e-01
6.244572624564170837e-02
6.119466200470924377e-02
6.157740205526351929e-02
2.071808576583862305e-01
3.419938683509826660e-01
2.189607024192810059e-01
2.908999919891357422e-01
1.370694786310195923e-01
2.597230672836303711e-01
2.047156095504760742e-01
1.467234790325164795e-01
3.391959071159362793e-01
9.899553656578063965e-02
1.845616549253463745e-01
2.254067063331604004e-01
1.103592216968536377e-01
2.033581733703613281e-01
2.355273813009262085e-01
9.750242531299591064e-02
1.773698776960372925e-01
1.912497580051422119e-01
3.816147446632385254e-01
2.739417254924774170e-01
1.471447199583053589e-01
6.335029006004333496e-01
2.739731669425964355e-01
3.193794488906860352e-01
2.312293052673339844e-01
3.209476470947265625e-01
1.663807183504104614e-01
5.421676859259605408e-02
1.054636761546134949e-01
1.175665017217397690e-02
