7.446005195379257202e-02
3.331246376037597656e-01
1.748276650905609131e-01
2.830219268798828125e-01
4.654828310012817383e-01
2.825358808040618896e-01
3.705069720745086670e-01
1.787989437580108643e-01
2.542260885238647461e-01
1.203098818659782410e-01
1.308858096599578857e-01
2.301180362701416016e-01
3.066350519657135010e-01
3.045110106468200684e-01
1.642666459083557129e-01
1.300190389156341553e-01
1.936906278133392334e-01
1.428870260715484619e-01
1.690033078193664551e-01
2.810128033161163330e-01
1.423337459564208984e-01
5.904787778854370117e-02
1.746465265750885010e-01
1.864647567272186279e-01
8.977577090263366699e-02
4.562680050730705261e-02
3.545889258384704590e-01
3.598972558975219727e-01
2.934291958808898926e-01
1.401552557945251465e-01
5.245021730661392212e-02
1.422875225543975830e-01
6.899989396333694458e-02
1.829763203859329224e-01
2.579237520694732666e-01
1.367776542901992798e-01
1.995404958724975586e-01
1.169255599379539490e-01
5.221996307373046875e-01
8.441898971796035767e-02
3.215086758136749268e-01
4.481357932090759277e-01
3.481760919094085693e-01
4.564243555068969727e-01
4.378209114074707031e-01
3.113623857498168945e-01
1.794825792312622070e-01
9.584336727857589722e-02
2.459614872932434082e-01
1.911636888980865479e-01
1.110614538192749023e-01
1.685063391923904419e-01
3.271232843399047852e-01
7.602846622467041016e-02
2.852229177951812744e-01
1.840762794017791748e-01
2.063400149345397949e-01
2.213741689920425415e-01
2.094841897487640381e-01
1.672948598861694336e-01
2.026211470365524292e-01
1.616508960723876953e-01
1.553408354520797729e-01
2.742217183113098145e-01
2.141238152980804443e-01
7.616847753524780273e-02
3.292154669761657715e-01
2.789342701435089111e-01
1.334053128957748413e-01
9.706040471792221069e-02
1.151884198188781738e-01
8.075887709856033325e-02
1.062981039285659790e-01
7.418400049209594727e-02
3.730709552764892578e-01
4.031457379460334778e-02
1.628733128309249878e-01
2.368776947259902954e-01
6.537703424692153931e-02
3.252653181552886963e-01
1.063715368509292603e-01
9.553670883178710938e-02
8.121438324451446533e-02
1.681975424289703369e-01
3.159811198711395264e-01
3.205459713935852051e-01
1.844590753316879272e-01
1.850228607654571533e-01
1.399941593408584595e-01
2.111557573080062866e-01
1.768040955066680908e-01
2.896213531494140625e-01
2.799828946590423584e-01
1.587060093879699707e-01
9.063556790351867676e-02
2.455978989601135254e-01
2.900895476341247559e-01
4.997171759605407715e-01
2.081568539142608643e-01
1.003080978989601135e-01
3.837122023105621338e-01
2.504012882709503174e-01
5.298588275909423828e-01
3.272806406021118164e-01
2.466031759977340698e-01
1.039035469293594360e-01
2.073259800672531128e-01
1.550245136022567749e-01
8.774711936712265015e-02
3.430595397949218750e-01
3.180509805679321289e-01
8.624773472547531128e-02
3.597223162651062012e-01
1.458143293857574463e-01
1.223580837249755859e-01
3.417128622531890869e-01
1.627079695463180542e-01
2.578350305557250977e-01
3.662742972373962402e-01
6.090559065341949463e-02
2.480618059635162354e-01
2.232380807399749756e-01
1.678736656904220581e-01
1.304670274257659912e-01
6.599362939596176147e-02
1.365457326173782349e-01
1.961520314216613770e-01
5.101715326309204102e-01
1.658375859260559082e-01
4.772854223847389221e-02
3.195762038230895996e-01
3.715368509292602539e-01
1.164929196238517761e-01
2.436940819025039673e-01
1.753619760274887085e-01
3.740588128566741943e-01
2.192198634147644043e-01
2.304574996232986450e-01
1.048368588089942932e-01
3.139284253120422363e-01
1.609357297420501709e-01
1.600610464811325073e-01
1.942351460456848145e-01
1.638547331094741821e-01
4.312173724174499512e-01
2.704023420810699463e-01
9.003788977861404419e-02
1.131704747676849365e-01
2.567842900753021240e-01
2.802515327930450439e-01
8.580790460109710693e-02
7.628006488084793091e-02
2.389964759349822998e-01
1.521875113248825073e-01
1.370482146739959717e-01
2.861330509185791016e-01
4.103145301342010498e-01
3.592080473899841309e-01
2.434039413928985596e-01
1.344820261001586914e-01
2.315600812435150146e-01
1.938966661691665649e-01
1.719020009040832520e-01
7.746409624814987183e-02
2.424053698778152466e-01
8.235155045986175537e-02
1.404818594455718994e-01
3.833720684051513672e-01
1.021992713212966919e-01
2.686634361743927002e-01
2.020485699176788330e-01
1.611513495445251465e-01
2.441409528255462646e-01
1.117663383483886719e-01
5.988051295280456543e-01
1.594498008489608765e-01
2.409001886844635010e-01
1.390668451786041260e-01
7.268972694873809814e-02
3.980025351047515869e-01
5.651621520519256592e-02
1.712314635515213013e-01
2.657834589481353760e-01
2.790759205818176270e-01
1.860441267490386963e-01
2.078499495983123779e-01
2.178665846586227417e-01
2.582101821899414062e-01
1.488377600908279419e-01
2.647431492805480957e-01
1.971659511327743530e-01
4.133723080158233643e-01
2.725488245487213135e-01
2.128911614418029785e-01
2.944373488426208496e-01
1.378253549337387085e-01
2.204768210649490356e-01
1.977693736553192139e-01
1.798863410949707031e-01
2.878087759017944336e-01
8.930253982543945312e-02
3.537440896034240723e-01
1.133648529648780823e-01
3.134348988533020020e-01
1.540940999984741211e-01
3.005177676677703857e-01
1.829691827297210693e-01
5.205882787704467773e-01
5.332287028431892395e-02
2.793644666671752930e-01
2.617467641830444336e-01
1.111474186182022095e-01
1.451900601387023926e-01
2.211276292800903320e-01
2.867901623249053955e-01
1.931531727313995361e-01
1.829700469970703125e-01
1.644996404647827148e-01
1.853360533714294434e-01
1.612203717231750488e-01
9.176100790500640869e-02
2.492589056491851807e-01
2.620028555393218994e-01
8.691554516553878784e-02
2.669310867786407471e-01
1.280975639820098877e-01
2.264275252819061279e-01
3.886904120445251465e-01
1.675780117511749268e-01
2.693932652473449707e-01
8.093474805355072021e-02
2.117553651332855225e-01
6.583351641893386841e-02
1.953234821557998657e-01
1.399499177932739258e-01
6.947608292102813721e-02
1.043738126754760742e-01
4.266334474086761475e-01
2.420657426118850708e-01
2.217495292425155640e-01
1.794949173927307129e-01
3.180894553661346436e-01
1.912047713994979858e-01
1.705401837825775146e-01
1.463534981012344360e-01
4.653629660606384277e-02
1.729421466588973999e-01
1.383040547370910645e-01
1.420078873634338379e-01
2.389532327651977539e-01
2.319567650556564331e-01
1.918960064649581909e-01
1.320331990718841553e-01
2.361752837896347046e-01
1.818776726722717285e-01
2.812974154949188232e-01
1.797689795494079590e-01
1.509878337383270264e-01
9.825243800878524780e-02
3.421681523323059082e-01
1.854095309972763062e-01
4.784305393695831299e-02
1.691400408744812012e-01
1.046166718006134033e-01
1.150175929069519043e-01
1.405692994594573975e-01
2.082606554031372070e-01
2.778199315071105957e-01
1.563030779361724854e-01
1.215716078877449036e-01
4.418822228908538818e-01
3.840152621269226074e-01
1.627256870269775391e-01
1.735375374555587769e-01
1.784543693065643311e-01
9.875985980033874512e-02
1.550985723733901978e-01
3.193694353103637695e-01
1.915046721696853638e-01
8.121959865093231201e-02
2.524397373199462891e-01
1.876492351293563843e-01
1.897536069154739380e-01
1.704430282115936279e-01
1.206482797861099243e-01
2.925221621990203857e-01
1.483276635408401489e-01
1.386581063270568848e-01
1.007924824953079224e-01
2.733872532844543457e-01
2.203174531459808350e-01
1.791999787092208862e-01
2.090431898832321167e-01
3.084821105003356934e-01
3.590985536575317383e-01
2.245156466960906982e-01
2.135083824396133423e-01
2.202625870704650879e-01
1.600479781627655029e-01
1.586194783449172974e-01
8.617463707923889160e-02
4.902688413858413696e-02
2.758605591952800751e-02
4.089732170104980469e-01
2.205531448125839233e-01
1.752013564109802246e-01
4.330616593360900879e-01
2.381174564361572266e-01
2.012668550014495850e-01
3.021139204502105713e-01
3.284255266189575195e-01
3.012114167213439941e-01
1.739795356988906860e-01
2.230814695358276367e-01
1.839137524366378784e-01
2.073035538196563721e-01
1.520405709743499756e-01
5.790708214044570923e-02
5.580024719238281250e-01
3.458925336599349976e-02
2.436924129724502563e-01
3.250067830085754395e-01
3.010252714157104492e-01
1.875213533639907837e-01
6.010676547884941101e-02
3.108826279640197754e-01
1.942669153213500977e-01
2.407751679420471191e-01
4.781823158264160156e-01
3.265380859375000000e-01
1.562740802764892578e-01
1.231977567076683044e-01
2.092316448688507080e-01
1.200132444500923157e-01
2.235368192195892334e-01
2.383427917957305908e-01
1.755702048540115356e-01
1.609646826982498169e-01
9.340777248144149780e-02
2.665011882781982422e-01
1.806392073631286621e-01
1.926507502794265747e-01
7.924765348434448242e-02
3.585684299468994141e-01
1.970365643501281738e-01
4.098094999790191650e-01
1.106359213590621948e-01
5.503540635108947754e-01
1.973261833190917969e-01
3.968194425106048584e-01
1.517531573772430420e-01
3.936106860637664795e-01
3.349674344062805176e-01
2.841609120368957520e-01
2.607121765613555908e-01
1.795940697193145752e-01
5.174054503440856934e-01
2.694993019104003906e-01
4.455093145370483398e-01
2.672539353370666504e-01
1.973179727792739868e-01
1.462275534868240356e-01
2.280239611864089966e-01
4.621945917606353760e-01
5.971750020980834961e-01
2.461446821689605713e-01
2.704433500766754150e-01
2.954507768154144287e-01
1.695553660392761230e-01
2.290898561477661133e-01
2.642848491668701172e-01
1.587759405374526978e-01
1.415501534938812256e-01
3.337311744689941406e-01
3.920538723468780518e-01
3.126485049724578857e-01
2.385765910148620605e-01
2.433876246213912964e-01
3.433600664138793945e-01
2.125774621963500977e-01
2.248715162277221680e-01
3.263359367847442627e-01
1.757557094097137451e-01
1.455993801355361938e-01
4.633104503154754639e-01
3.566925525665283203e-01
2.831324338912963867e-01
1.808089315891265869e-01
3.536719679832458496e-01
1.387770771980285645e-01
2.376272976398468018e-01
3.742113411426544189e-01
1.855296045541763306e-01
1.361078768968582153e-01
1.765803545713424683e-01
3.797963857650756836e-01
1.574048399925231934e-01
1.588979512453079224e-01
1.609258353710174561e-01
2.952588200569152832e-01
2.508371174335479736e-01
8.446573466062545776e-02
3.226310610771179199e-01
1.833953857421875000e-01
9.485813975334167480e-02
4.696434736251831055e-01
2.826213836669921875e-01
3.022407293319702148e-01
6.858783215284347534e-02
1.096885502338409424e-01
2.280469834804534912e-01
2.621475756168365479e-01
9.351198375225067139e-02
1.362387835979461670e-01
1.874862611293792725e-01
2.491305172443389893e-01
1.249947845935821533e-01
2.339461147785186768e-01
3.237730562686920166e-01
1.358251720666885376e-01
9.741795063018798828e-02
1.120589375495910645e-01
2.672969996929168701e-01
3.612313270568847656e-01
1.647216975688934326e-01
3.612715005874633789e-01
1.284652352333068848e-01
4.264824986457824707e-01
1.976644098758697510e-01
1.185121089220046997e-01
9.452833235263824463e-02
1.797869503498077393e-01
2.732518911361694336e-01
1.489873230457305908e-01
1.371956020593643188e-01
8.418489247560501099e-02
3.203557729721069336e-01
8.974391967058181763e-02
3.821701705455780029e-01
1.842547059059143066e-01
3.691073060035705566e-01
2.436547875404357910e-01
3.180850148200988770e-01
3.520641922950744629e-01
3.192411065101623535e-01
1.158766150474548340e-01
2.236325144767761230e-01
1.599812805652618408e-01
1.566900312900543213e-01
3.572581410408020020e-01
1.600144803524017334e-01
1.990607976913452148e-01
1.392770260572433472e-01
1.976866126060485840e-01
4.298630356788635254e-01
1.121622920036315918e-01
6.030513644218444824e-01
4.226303994655609131e-01
1.465098410844802856e-01
6.678585708141326904e-02
9.185557067394256592e-02
9.700693190097808838e-02
7.786504179239273071e-02
1.951063871383666992e-01
2.656787633895874023e-01
5.930842459201812744e-02
3.162396550178527832e-01
9.254652261734008789e-02
2.604890167713165283e-01
2.294697165489196777e-01
2.404581755399703979e-01
3.526374101638793945e-01
1.927751302719116211e-01
1.932385265827178955e-01
3.651862144470214844e-01
2.397568672895431519e-01
2.972199320793151855e-01
2.163720130920410156e-01
1.305034905672073364e-01
5.273727327585220337e-02
2.600030601024627686e-01
3.839192390441894531e-01
2.751845717430114746e-01
8.670194447040557861e-02
1.297971010208129883e-01
6.899788230657577515e-02
4.170634150505065918e-01
2.910552620887756348e-01
3.084686696529388428e-01
2.369714081287384033e-01
2.611028850078582764e-01
2.128087878227233887e-01
8.266659080982208252e-02
1.939301490783691406e-01
1.701287925243377686e-01
2.128628641366958618e-01
1.499553024768829346e-01
3.632447123527526855e-01
2.977707386016845703e-01
1.709318757057189941e-01
2.085285186767578125e-01
7.892192900180816650e-02
7.058706879615783691e-02
3.073124289512634277e-01
1.769986450672149658e-01
2.480979561805725098e-01
1.600384712219238281e-01
2.879859805107116699e-01
2.262097001075744629e-01
2.640864253044128418e-01
1.704278588294982910e-01
1.477573215961456299e-01
2.264136373996734619e-01
4.473376870155334473e-01
2.170055508613586426e-01
2.284049540758132935e-01
2.431096434593200684e-01
2.948731780052185059e-01
1.146908998489379883e-01
2.945489883422851562e-01
3.493342399597167969e-01
1.970233619213104248e-01
2.464198023080825806e-01
8.248743414878845215e-02
8.705511689186096191e-02
1.389386355876922607e-01
1.266426891088485718e-01
1.637777239084243774e-01
2.392187565565109253e-01
5.001471191644668579e-02
2.155914753675460815e-01
1.362961232662200928e-01
6.081494316458702087e-02
6.841764599084854126e-02
1.294835805892944336e-01
3.753215372562408447e-01
1.153381913900375366e-01
6.196770071983337402e-01
2.209991514682769775e-01
2.125556468963623047e-01
2.039849758148193359e-01
1.143844500184059143e-01
1.603971421718597412e-01
6.204376220703125000e-01
1.555119156837463379e-01
1.538336575031280518e-01
4.009240269660949707e-01
2.069194912910461426e-01
4.810158908367156982e-01
3.116576969623565674e-01
1.408598423004150391e-01
2.038732320070266724e-01
1.724779903888702393e-01
1.937505900859832764e-01
1.811070293188095093e-01
2.243638187646865845e-01
2.595234513282775879e-01
1.900797337293624878e-01
2.413288205862045288e-01
3.490465283393859863e-01
2.098347395658493042e-01
1.447683274745941162e-01
1.048339679837226868e-01
2.174579352140426636e-01
2.921143472194671631e-01
2.342653870582580566e-01
1.125703305006027222e-01
2.358107566833496094e-01
1.671164482831954956e-01
1.337071359157562256e-01
2.796862721443176270e-01
2.146289050579071045e-01
5.519909411668777466e-02
1.945396959781646729e-01
2.918787896633148193e-01
2.333903014659881592e-01
2.445873767137527466e-01
4.970036819577217102e-02
2.641775608062744141e-01
1.293904334306716919e-01
2.107456028461456299e-01
9.283238649368286133e-02
2.157312333583831787e-01
6.962385773658752441e-02
6.622751057147979736e-02
2.885075807571411133e-01
7.954904437065124512e-02
9.071309119462966919e-02
3.572905659675598145e-01
1.221539974212646484e-01
1.546841263771057129e-01
1.956147402524948120e-01
2.666094899177551270e-01
6.697922199964523315e-02
2.254779934883117676e-01
7.875096797943115234e-02
1.665818542242050171e-01
3.093458414077758789e-01
1.239422485232353210e-01
8.023764193058013916e-02
2.066023647785186768e-01
1.799256503582000732e-01
2.743619680404663086e-01
1.618024557828903198e-01
1.372371613979339600e-01
2.556273043155670166e-01
3.944420516490936279e-01
1.848379820585250854e-01
3.859125375747680664e-01
1.511634141206741333e-01
2.719871103763580322e-01
8.565798401832580566e-02
4.580048322677612305e-01
2.772608995437622070e-01
8.535617589950561523e-02
2.795405387878417969e-01
2.711652517318725586e-01
3.023741245269775391e-01
3.075839877128601074e-01
2.383375763893127441e-01
2.207757383584976196e-01
1.153269559144973755e-01
2.059727609157562256e-01
1.480444669723510742e-01
7.608684897422790527e-02
3.427663147449493408e-01
2.014399766921997070e-01
1.020126938819885254e-01
3.296448588371276855e-01
6.126898527145385742e-02
1.717402040958404541e-01
2.459918558597564697e-01
2.341073155403137207e-01
3.926133513450622559e-01
1.863086372613906860e-01
8.923189342021942139e-02
8.797889947891235352e-02
1.270695328712463379e-01
1.842496991157531738e-01
1.706995069980621338e-01
6.995680183172225952e-02
4.945033192634582520e-01
2.508876323699951172e-01
2.179646939039230347e-01
5.127921104431152344e-01
3.098346590995788574e-01
2.837693691253662109e-01
9.938091784715652466e-02
2.759122848510742188e-01
2.802016139030456543e-01
3.241159915924072266e-01
2.433113157749176025e-01
1.502652764320373535e-01
1.483046710491180420e-01
4.189076647162437439e-02
3.057642877101898193e-01
1.574008017778396606e-01
2.483911663293838501e-01
2.815402448177337646e-01
1.154985427856445312e-01
1.128916740417480469e-01
1.660055816173553467e-01
8.793401718139648438e-02
2.903717756271362305e-01
7.512018829584121704e-02
1.036673933267593384e-01
3.479307293891906738e-01
1.953968405723571777e-01
1.679275929927825928e-02
1.398564875125885010e-01
1.503564417362213135e-01
1.900515407323837280e-01
2.965117990970611572e-01
4.012103080749511719e-01
1.921724975109100342e-01
9.125620871782302856e-02
1.014686673879623413e-01
2.690871357917785645e-01
1.277825385332107544e-01
9.910590201616287231e-02
1.548380404710769653e-01
2.854276299476623535e-01
4.032906591892242432e-01
3.044869303703308105e-01
2.196320146322250366e-01
1.001890897750854492e-01
1.998630017042160034e-01
2.466743290424346924e-01
9.273586422204971313e-02
2.822640836238861084e-01
5.064693689346313477e-01
1.725494116544723511e-01
3.853166997432708740e-01
2.027720361948013306e-01
1.521113514900207520e-01
3.128000795841217041e-01
2.309757918119430542e-01
3.579073846340179443e-01
2.422980368137359619e-01
2.908772230148315430e-01
1.673304736614227295e-01
1.063091829419136047e-01
1.921826153993606567e-01
6.573934108018875122e-02
5.419425293803215027e-02
1.364889889955520630e-01
1.453617215156555176e-01
1.072691082954406738e-01
5.591282844543457031e-01
1.367071419954299927e-01
1.709964573383331299e-01
3.494815528392791748e-01
1.753493845462799072e-01
1.635916680097579956e-01
1.478470712900161743e-01
4.609503746032714844e-01
2.105976790189743042e-01
1.904521286487579346e-01
2.070827484130859375e-01
1.823792010545730591e-01
1.297829449176788330e-01
1.185196340084075928e-01
6.825073063373565674e-02
9.201201051473617554e-02
1.546666771173477173e-01
2.873011529445648193e-01
2.247881442308425903e-01
3.191528916358947754e-01
1.701233386993408203e-01
3.102869093418121338e-01
1.672141253948211670e-01
2.157637625932693481e-01
4.514033794403076172e-01
4.192031621932983398e-01
1.181072741746902466e-01
2.757475376129150391e-01
1.193202137947082520e-01
1.499383300542831421e-01
1.689234077930450439e-01
5.556886643171310425e-02
3.009647727012634277e-01
2.441399693489074707e-01
2.797849774360656738e-01
8.597531914710998535e-02
1.947461962699890137e-01
4.228371381759643555e-01
1.004900932312011719e-01
4.702580571174621582e-01
4.461340606212615967e-01
3.417221903800964355e-01
2.760135829448699951e-01
3.205850124359130859e-01
1.378416866064071655e-01
3.474279344081878662e-01
2.906976342201232910e-01
2.101454436779022217e-01
1.777138561010360718e-01
1.371139883995056152e-01
2.475560605525970459e-01
2.935800850391387939e-01
1.773439794778823853e-01
9.123454242944717407e-02
2.751201391220092773e-01
2.617987692356109619e-01
1.488421410322189331e-01
2.267237603664398193e-01
1.390785276889801025e-01
9.799427539110183716e-02
2.627828121185302734e-01
1.962026655673980713e-01
3.067359924316406250e-01
2.769626677036285400e-01
2.636017203330993652e-01
1.894172430038452148e-01
1.951373517513275146e-01
6.008934229612350464e-02
2.123240977525711060e-01
1.619057208299636841e-01
1.828656196594238281e-01
2.460504472255706787e-01
8.027566224336624146e-02
1.416245102882385254e-01
1.039490550756454468e-01
3.330370783805847168e-01
3.058248460292816162e-01
1.232867091894149780e-01
3.653695583343505859e-01
3.624732792377471924e-01
4.071126282215118408e-01
2.270529270172119141e-01
2.757510244846343994e-01
2.137826681137084961e-01
2.949925661087036133e-01
8.647504448890686035e-02
3.432313799858093262e-01
3.295426964759826660e-01
3.918866068124771118e-02
3.438066840171813965e-01
8.080115914344787598e-02
1.376363337039947510e-01
8.779536187648773193e-02
2.489437013864517212e-01
1.873552352190017700e-01
2.089420557022094727e-01
2.024241536855697632e-01
2.273603081703186035e-01
7.280261814594268799e-02
3.354898095130920410e-01
3.265721499919891357e-01
2.512974739074707031e-01
1.492913514375686646e-01
8.092779666185379028e-02
1.906349360942840576e-01
4.826531410217285156e-01
2.838635742664337158e-01
1.842085123062133789e-01
1.893914788961410522e-01
1.114595830440521240e-01
3.251145184040069580e-01
1.109077185392379761e-01
1.536290645599365234e-01
1.222992986440658569e-01
1.105547696352005005e-01
2.856492996215820312e-01
3.521722853183746338e-01
4.160186648368835449e-01
1.427009701728820801e-01
2.172996699810028076e-01
3.617248535156250000e-01
2.000700235366821289e-01
9.698000550270080566e-02
5.526721477508544922e-01
1.645534038543701172e-01
1.359331607818603516e-01
3.542436361312866211e-01
1.660338491201400757e-01
2.646735608577728271e-01
2.357217520475387573e-01
3.791025280952453613e-01
1.052985712885856628e-01
2.064392268657684326e-01
5.758453160524368286e-02
2.308892756700515747e-01
3.157567977905273438e-01
1.266406178474426270e-01
1.501583904027938843e-01
1.311914175748825073e-01
1.677323132753372192e-01
2.269138097763061523e-01
1.598592996597290039e-01
1.459072828292846680e-01
2.232390642166137695e-01
1.767438352108001709e-01
2.576998174190521240e-01
2.261495590209960938e-01
6.057846173644065857e-02
2.130938917398452759e-01
4.592321813106536865e-01
2.205559909343719482e-01
2.362181544303894043e-01
6.692402064800262451e-02
2.330942004919052124e-01
1.634250283241271973e-01
1.613203883171081543e-01
3.284373879432678223e-01
2.170094251632690430e-01
3.371865153312683105e-01
3.490096926689147949e-01
2.245466560125350952e-01
2.160201817750930786e-01
1.471866071224212646e-01
1.997522413730621338e-01
4.688809216022491455e-01
1.937637478113174438e-01
2.232995927333831787e-01
1.305487155914306641e-01
4.169062972068786621e-01
1.321981698274612427e-01
2.331581115722656250e-01
1.714396178722381592e-01
1.737861633300781250e-01
3.608197569847106934e-01
2.486457973718643188e-01
8.519190549850463867e-02
1.511361896991729736e-01
8.852720260620117188e-02
1.815311908721923828e-01
4.701720178127288818e-02
2.420299351215362549e-01
1.840229630470275879e-01
9.418305009603500366e-02
3.008654117584228516e-01
1.881720721721649170e-01
1.797423213720321655e-01
7.174840569496154785e-02
1.400620043277740479e-01
8.924077451229095459e-02
1.550550758838653564e-01
1.661899685859680176e-01
2.607237696647644043e-01
1.058100163936614990e-01
1.255157589912414551e-01
1.453241854906082153e-01
1.742520630359649658e-01
1.240300089120864868e-01
9.127967059612274170e-02
5.858203768730163574e-01
1.924803555011749268e-01
3.454065620899200439e-01
1.180408596992492676e-01
9.962427616119384766e-02
2.977873682975769043e-01
6.549271941184997559e-02
1.014522090554237366e-01
4.695283770561218262e-01
8.804333209991455078e-02
1.820792406797409058e-01
2.134941369295120239e-01
8.645062148571014404e-02
4.528876841068267822e-01
1.190716996788978577e-01
1.344341784715652466e-01
1.177601963281631470e-01
7.755825668573379517e-02
2.267577946186065674e-01
3.727997541427612305e-01
1.384798884391784668e-01
4.582832381129264832e-02
1.164340078830718994e-01
4.251522719860076904e-01
1.065809354186058044e-01
6.224290281534194946e-02
3.642621040344238281e-01
2.113382667303085327e-01
1.134180277585983276e-01
9.940934926271438599e-02
8.377935737371444702e-02
1.125513762235641479e-01
4.387540817260742188e-01
2.177702933549880981e-01
1.798348873853683472e-01
1.781041175127029419e-01
1.230151578783988953e-01
1.150210499763488770e-01
2.377730906009674072e-01
2.059356570243835449e-01
1.603349745273590088e-01
4.052985310554504395e-01
2.551842033863067627e-01
1.909006237983703613e-01
3.106142580509185791e-01
2.530636191368103027e-01
2.649463117122650146e-01
8.612683415412902832e-02
2.370332181453704834e-01
3.738042414188385010e-01
1.443829089403152466e-01
1.476821303367614746e-01
1.904770731925964355e-01
8.032877743244171143e-02
3.872846066951751709e-01
1.249466240406036377e-01
2.435823380947113037e-01
1.738111078739166260e-01
2.222985923290252686e-01
1.443400681018829346e-01
1.715611219406127930e-01
1.341288238763809204e-01
2.609575390815734863e-01
5.030207037925720215e-01
1.892477571964263916e-01
1.088860109448432922e-01
2.131775319576263428e-01
2.301766276359558105e-01
1.804348081350326538e-01
2.039165198802947998e-01
2.131704092025756836e-01
1.888046860694885254e-01
2.383380532264709473e-01
2.731989324092864990e-01
4.900941848754882812e-01
1.849393695592880249e-01
2.619498074054718018e-01
3.123032152652740479e-01
1.403259783983230591e-01
2.657746672630310059e-01
1.193306520581245422e-01
1.915699541568756104e-01
2.265375256538391113e-01
4.726821184158325195e-01
2.713345885276794434e-01
1.822151541709899902e-01
1.356527805328369141e-01
2.843888401985168457e-01
1.617406904697418213e-01
2.284931391477584839e-01
1.553087532520294189e-01
2.301129996776580811e-01
1.495669782161712646e-01
1.899358928203582764e-01
1.847714930772781372e-01
4.950225651264190674e-01
1.981279551982879639e-01
1.869335472583770752e-01
1.866540312767028809e-01
1.646448671817779541e-01
1.591457724571228027e-01
2.491122037172317505e-01
1.769358813762664795e-01
8.583877235651016235e-02
1.509400159120559692e-01
2.441343069076538086e-01
1.209356188774108887e-01
1.930757015943527222e-01
3.973125815391540527e-01
1.768138855695724487e-01
6.491274386644363403e-02
1.468195468187332153e-01
3.720596134662628174e-01
8.908311277627944946e-02
1.387399137020111084e-01
2.012313157320022583e-01
3.666673302650451660e-01
2.999016046524047852e-01
3.118118345737457275e-01
1.328211277723312378e-01
9.371932595968246460e-02
7.596737146377563477e-02
2.323251366615295410e-01
9.481538832187652588e-02
2.039715796709060669e-01
2.670260071754455566e-01
4.380434155464172363e-01
1.033221185207366943e-01
5.980828031897544861e-02
2.926333248615264893e-01
9.293854236602783203e-02
1.443448811769485474e-01
3.366388678550720215e-01
1.999846398830413818e-01
1.740352064371109009e-01
1.897627115249633789e-01
3.535439968109130859e-01
1.950714886188507080e-01
1.620544046163558960e-01
1.893334686756134033e-01
1.214711219072341919e-01
1.536470949649810791e-01
1.469840407371520996e-01
1.493241190910339355e-01
5.920805037021636963e-02
1.667459160089492798e-01
2.204152941703796387e-01
4.359478875994682312e-02
2.288765460252761841e-01
2.938926219940185547e-01
1.410376429557800293e-01
1.759434938430786133e-01
2.659698426723480225e-01
5.319436788558959961e-01
1.530371904373168945e-01
3.935179710388183594e-01
9.236735850572586060e-02
1.311248987913131714e-01
2.767959833145141602e-01
8.224745094776153564e-02
3.904706537723541260e-01
2.284104824066162109e-01
6.253167986869812012e-01
1.804076433181762695e-01
4.410666823387145996e-01
2.087938487529754639e-01
1.326762288808822632e-01
2.207420766353607178e-01
6.082153320312500000e-02
2.510312199592590332e-01
2.353035807609558105e-01
4.974062442779541016e-01
1.896054297685623169e-01
1.750629395246505737e-01
4.959038197994232178e-01
1.563279926776885986e-01
3.299204707145690918e-01
2.494915723800659180e-01
2.029423564672470093e-01
1.899308562278747559e-01
1.816794872283935547e-01
2.149073481559753418e-01
2.934992909431457520e-01
7.788035273551940918e-02
6.689295172691345215e-02
2.380999475717544556e-01
5.963426828384399414e-02
5.306519269943237305e-01
3.435026705265045166e-01
2.872439026832580566e-01
9.544199705123901367e-02
1.269192695617675781e-01
2.589807212352752686e-01
2.359646260738372803e-01
1.423968374729156494e-01
7.806770503520965576e-02
3.311700522899627686e-01
1.303707063198089600e-01
3.538274765014648438e-01
1.548574268817901611e-01
3.838648498058319092e-01
4.241860508918762207e-01
3.393543362617492676e-01
1.468515843152999878e-01
1.500276178121566772e-01
1.509171724319458008e-01
1.922068595886230469e-01
2.892428040504455566e-01
2.743615508079528809e-01
3.573846220970153809e-01
1.885598599910736084e-01
1.935575902462005615e-01
1.286456882953643799e-01
2.010483443737030029e-01
2.181258201599121094e-01
1.811242103576660156e-01
2.434154152870178223e-01
1.007551997900009155e-01
9.018919616937637329e-02
3.231943249702453613e-01
3.943337798118591309e-01
1.912966519594192505e-01
3.830207288265228271e-01
2.985230386257171631e-01
3.325242996215820312e-01
1.868570148944854736e-01
2.185960412025451660e-01
1.837895214557647705e-01
1.093903183937072754e-01
2.264283001422882080e-01
1.889676898717880249e-01
2.370007783174514771e-01
2.187260836362838745e-01
1.459174752235412598e-01
1.433883458375930786e-01
2.789401113986968994e-01
1.100405082106590271e-01
3.043673932552337646e-01
3.098230957984924316e-01
9.900446236133575439e-02
1.641037315130233765e-01
2.271849215030670166e-01
1.549980342388153076e-01
1.899800896644592285e-01
9.362336993217468262e-02
3.045677244663238525e-01
4.345473051071166992e-01
1.925060749053955078e-01
3.148454427719116211e-01
7.102453708648681641e-02
2.293308675289154053e-01
9.629343748092651367e-01
2.214299142360687256e-01
2.795141935348510742e-01
4.736121296882629395e-01
7.098926901817321777e-01
2.388845384120941162e-01
3.770930171012878418e-01
2.279839515686035156e-01
8.687905222177505493e-02
6.581074595451354980e-01
6.795419454574584961e-01
6.241460442543029785e-01
3.924554288387298584e-01
2.198350727558135986e-01
1.732378304004669189e-01
5.211403965950012207e-01
3.781419992446899414e-01
1.806955635547637939e-01
5.998717546463012695e-01
3.897094130516052246e-01
3.563480377197265625e-01
3.259871900081634521e-01
6.189450025558471680e-01
2.605277001857757568e-01
3.488964140415191650e-01
2.521387040615081787e-01
2.306441068649291992e-01
2.141365408897399902e-01
1.153285130858421326e-01
1.687732934951782227e-01
1.132909879088401794e-01
1.838174760341644287e-01
2.650848627090454102e-01
1.729232966899871826e-01
3.149689137935638428e-01
4.762206673622131348e-01
3.259880840778350830e-01
1.020326837897300720e-01
2.589779496192932129e-01
2.641944885253906250e-01
2.557225823402404785e-01
2.831580638885498047e-01
2.302506119012832642e-01
5.490675568580627441e-01
3.324623703956604004e-01
2.448537647724151611e-01
2.653120160102844238e-01
4.155918061733245850e-01
3.058446645736694336e-01
3.436781466007232666e-01
1.982726901769638062e-01
2.228145301342010498e-01
1.697609126567840576e-01
1.358008831739425659e-01
1.919221580028533936e-01
2.059618085622787476e-01
5.551724433898925781e-01
3.720828890800476074e-01
2.873925268650054932e-01
8.381465077400207520e-02
6.310895830392837524e-02
3.541539907455444336e-01
1.904975175857543945e-01
2.804448306560516357e-01
1.324435472488403320e-01
2.195943444967269897e-01
1.679240614175796509e-01
2.644746005535125732e-01
1.193680763244628906e-01
1.998384594917297363e-01
9.725666046142578125e-02
3.352434039115905762e-01
2.226327359676361084e-01
1.117550507187843323e-01
3.967269659042358398e-01
8.290352672338485718e-02
2.220774292945861816e-01
1.594202071428298950e-01
1.719549745321273804e-01
5.478505417704582214e-02
1.953535526990890503e-01
2.637000381946563721e-01
1.726662963628768921e-01
1.738355308771133423e-01
3.044903278350830078e-01
1.932273805141448975e-01
1.946506798267364502e-01
1.725187599658966064e-01
1.980421394109725952e-01
