3.665448427200317383e-01
4.622555077075958252e-01
4.429280161857604980e-01
2.040445804595947266e-01
2.212026566267013550e-01
3.857489824295043945e-01
2.423132658004760742e-01
1.599105000495910645e-01
2.696577310562133789e-01
1.751734614372253418e-01
4.314620792865753174e-01
1.652899384498596191e-01
1.929055452346801758e-01
3.370754122734069824e-01
4.419944882392883301e-01
1.831831336021423340e-01
2.246388047933578491e-01
1.862961500883102417e-01
9.587073326110839844e-02
2.773215472698211670e-01
2.466555237770080566e-01
4.260802865028381348e-01
4.842866361141204834e-01
1.301232129335403442e-01
3.795011937618255615e-01
4.340894222259521484e-01
4.749485850334167480e-01
3.417446613311767578e-01
3.822122216224670410e-01
4.230996370315551758e-01
4.634075164794921875e-01
2.400002479553222656e-01
1.780463606119155884e-01
2.971614599227905273e-01
3.520199060440063477e-01
2.811617851257324219e-01
2.469492256641387939e-01
1.022481620311737061e-01
3.019696176052093506e-01
1.742695569992065430e-01
3.632241487503051758e-01
2.970897555351257324e-01
4.075949192047119141e-01
1.368071138858795166e-01
2.553015947341918945e-01
1.819540858268737793e-01
6.911580562591552734e-01
1.599315702915191650e-01
2.781810164451599121e-01
2.954373657703399658e-01
1.061174944043159485e-01
2.696996629238128662e-01
3.186520338058471680e-01
2.386977374553680420e-01
7.763078808784484863e-02
2.408483773469924927e-01
2.995430529117584229e-01
2.481235265731811523e-01
2.173055261373519897e-01
3.054265379905700684e-01
3.931351602077484131e-01
2.947582900524139404e-01
3.122173547744750977e-01
1.670174598693847656e-01
1.669652163982391357e-01
2.330191433429718018e-01
5.232639908790588379e-01
1.397693753242492676e-01
2.358276546001434326e-01
2.864279448986053467e-01
1.594817936420440674e-01
2.192177474498748779e-01
2.633655071258544922e-01
1.848168075084686279e-01
8.734907954931259155e-02
3.247640430927276611e-01
2.298613190650939941e-01
1.774308383464813232e-01
1.477392762899398804e-01
3.331577181816101074e-01
2.152377516031265259e-01
1.806111931800842285e-01
1.656507253646850586e-01
4.136192798614501953e-01
3.982604742050170898e-01
5.414909124374389648e-01
1.150402203202247620e-01
4.046853780746459961e-01
2.552611827850341797e-01
1.755218505859375000e-01
3.148583471775054932e-01
2.198567390441894531e-01
4.591710269451141357e-01
3.139045536518096924e-01
1.072161197662353516e-01
1.415174007415771484e-01
2.164788842201232910e-01
2.017696648836135864e-01
2.278761863708496094e-01
1.149925589561462402e-01
2.218877077102661133e-01
5.626821517944335938e-01
8.915218710899353027e-02
3.136255443096160889e-01
3.638721108436584473e-01
2.523081898689270020e-01
2.345534265041351318e-01
2.996160089969635010e-01
3.845731019973754883e-01
2.969722747802734375e-01
3.753318190574645996e-01
2.156214118003845215e-01
2.498858571052551270e-01
2.406259775161743164e-01
1.343623399734497070e-01
2.052376866340637207e-01
1.983304172754287720e-01
2.730534076690673828e-01
1.157035231590270996e-01
1.169852465391159058e-01
3.438518047332763672e-01
1.789569556713104248e-01
3.611518144607543945e-01
3.547751307487487793e-01
1.147142350673675537e-01
7.747214287519454956e-02
3.290740847587585449e-01
3.282653689384460449e-01
3.788069486618041992e-01
1.922199130058288574e-01
3.494368791580200195e-01
2.899612486362457275e-01
2.588790953159332275e-01
3.001063466072082520e-01
2.693393230438232422e-01
2.794148027896881104e-01
2.368275523185729980e-01
2.162230461835861206e-01
2.766202986240386963e-01
1.235895752906799316e-01
1.156717687845230103e-01
1.846702583134174347e-02
3.063043355941772461e-01
1.671953499317169189e-01
1.834126114845275879e-01
1.459140330553054810e-01
3.600862622261047363e-01
3.542138040065765381e-01
1.230089440941810608e-01
3.309305906295776367e-01
3.589495420455932617e-01
2.109494507312774658e-01
1.777191460132598877e-01
3.833289742469787598e-01
2.102299034595489502e-01
2.965018749237060547e-01
1.952757984399795532e-01
1.466930806636810303e-01
2.946551740169525146e-01
3.667210638523101807e-01
2.389720976352691650e-01
3.163254857063293457e-01
3.710353076457977295e-01
1.722890585660934448e-01
2.230675220489501953e-01
3.442960381507873535e-01
2.927377521991729736e-01
1.579555869102478027e-01
4.666743576526641846e-01
4.320300817489624023e-01
9.331754595041275024e-02
1.763515472412109375e-01
8.606309443712234497e-02
2.290154099464416504e-01
3.430464267730712891e-01
5.029017925262451172e-01
1.299314200878143311e-01
5.079146027565002441e-01
2.581912279129028320e-01
3.837684690952301025e-01
2.773688435554504395e-01
3.097535073757171631e-01
1.652114838361740112e-01
4.160724282264709473e-01
3.348530828952789307e-01
3.277237117290496826e-01
3.236852586269378662e-01
1.039881184697151184e-01
2.891215085983276367e-01
9.179583191871643066e-02
2.164689600467681885e-01
3.377476930618286133e-01
3.631640970706939697e-01
2.086185365915298462e-01
4.572697281837463379e-01
4.358824789524078369e-01
4.263225197792053223e-01
2.649402618408203125e-01
1.551420986652374268e-01
1.255393028259277344e-01
2.317415624856948853e-01
4.618102312088012695e-01
3.032626211643218994e-01
2.904749512672424316e-01
5.286890268325805664e-01
6.443842649459838867e-01
2.730408608913421631e-01
4.212545454502105713e-01
3.000401258468627930e-01
2.695384621620178223e-01
2.380078583955764771e-01
2.490724772214889526e-01
1.973685026168823242e-01
1.975611746311187744e-01
2.559155225753784180e-01
1.289655268192291260e-01
2.391249388456344604e-01
3.127068877220153809e-01
2.793878912925720215e-01
2.299693375825881958e-01
4.108839035034179688e-01
2.087652534246444702e-01
2.808345258235931396e-01
3.465342521667480469e-01
3.896815776824951172e-01
3.897645771503448486e-01
4.109509587287902832e-01
5.038414001464843750e-01
2.456139326095581055e-01
3.091964423656463623e-01
2.899811267852783203e-01
2.548339068889617920e-01
1.329706311225891113e-01
3.334143757820129395e-01
1.802673041820526123e-01
3.554350435733795166e-01
2.124760448932647705e-01
2.772227227687835693e-01
3.378359377384185791e-01
2.618781626224517822e-01
3.405156731605529785e-01
2.573246955871582031e-01
2.041204869747161865e-01
3.311068415641784668e-01
2.134564220905303955e-01
2.100016772747039795e-01
1.601375341415405273e-01
2.716264724731445312e-01
4.475914537906646729e-01
2.572501301765441895e-01
4.165094196796417236e-01
3.530942201614379883e-01
5.221757292747497559e-02
3.488589823246002197e-01
3.730812668800354004e-01
1.354840546846389771e-01
1.762375235557556152e-01
1.590864211320877075e-01
3.222717940807342529e-01
6.758900880813598633e-01
2.974307239055633545e-01
2.224410027265548706e-01
1.249238997697830200e-01
1.797856390476226807e-01
1.585227996110916138e-01
3.403216004371643066e-01
1.543414592742919922e-01
1.348029077053070068e-01
8.545550704002380371e-02
4.210717082023620605e-01
4.373688101768493652e-01
1.667236387729644775e-01
1.325652301311492920e-01
5.366683006286621094e-01
1.393949389457702637e-01
2.768937051296234131e-01
2.002968043088912964e-01
1.567183136940002441e-01
2.989659309387207031e-01
1.494659483432769775e-01
3.514060974121093750e-01
1.991997361183166504e-01
1.305197924375534058e-01
4.187541007995605469e-01
3.572757542133331299e-01
5.424837470054626465e-01
3.844292461872100830e-01
3.045164942741394043e-01
1.616891771554946899e-01
5.891104936599731445e-01
2.060674726963043213e-01
3.084313869476318359e-01
2.558584213256835938e-01
2.895250320434570312e-01
2.381786108016967773e-01
1.421494781970977783e-01
3.049987852573394775e-01
2.686193585395812988e-01
3.597084283828735352e-01
1.742929816246032715e-01
2.631367743015289307e-01
3.125209808349609375e-01
1.711836755275726318e-01
2.950001955032348633e-01
1.340903341770172119e-01
2.610427737236022949e-01
1.323162317276000977e-01
3.705649673938751221e-01
2.780199646949768066e-01
3.153062164783477783e-01
2.458174824714660645e-01
3.763682842254638672e-01
3.096664845943450928e-01
2.474437057971954346e-01
2.569262981414794922e-01
4.594325125217437744e-01
4.306685924530029297e-01
2.895369529724121094e-01
1.880350112915039062e-01
3.193297982215881348e-01
1.601115912199020386e-01
2.507703602313995361e-01
6.765482425689697266e-01
1.908309161663055420e-01
4.012937545776367188e-01
2.520675957202911377e-01
5.784661769866943359e-01
4.231429100036621094e-01
4.811332821846008301e-01
3.184155821800231934e-01
2.142380774021148682e-01
2.557699382305145264e-01
1.853000372648239136e-01
2.191652506589889526e-01
5.478209257125854492e-02
2.551535665988922119e-01
3.446212410926818848e-01
4.959638118743896484e-01
2.977332472801208496e-01
3.718665838241577148e-01
1.973173022270202637e-01
3.909231126308441162e-01
1.353109180927276611e-01
3.925818204879760742e-01
2.891256213188171387e-01
3.577325344085693359e-01
1.427790224552154541e-01
9.639139473438262939e-02
3.890565633773803711e-01
4.214107990264892578e-01
3.305364549160003662e-01
3.655864000320434570e-01
2.812724113464355469e-01
3.096086680889129639e-01
1.816346645355224609e-01
4.936261177062988281e-01
1.840114593505859375e-01
4.568842947483062744e-01
2.431343197822570801e-01
2.530536055564880371e-01
2.556024193763732910e-01
2.198226302862167358e-01
2.325708419084548950e-01
2.386029958724975586e-01
2.006109356880187988e-01
3.529143333435058594e-01
6.890049576759338379e-02
2.580932974815368652e-01
3.112817108631134033e-01
2.578324079513549805e-01
1.221381351351737976e-01
2.002208530902862549e-01
2.725855112075805664e-01
5.237001776695251465e-01
3.125894069671630859e-01
3.579992055892944336e-01
3.054932951927185059e-01
2.033646404743194580e-01
5.625458955764770508e-01
2.039971947669982910e-01
2.592259943485260010e-01
2.219046503305435181e-01
3.645056188106536865e-01
2.162994593381881714e-01
2.052753865718841553e-01
1.049247533082962036e-01
3.179041743278503418e-01
4.422201514244079590e-01
3.802461624145507812e-01
6.860004663467407227e-01
3.296000361442565918e-01
3.838527202606201172e-01
3.231903314590454102e-01
1.827890872955322266e-01
3.302887678146362305e-01
2.472448796033859253e-01
3.697580099105834961e-01
1.932003051042556763e-01
3.917160630226135254e-01
1.332618594169616699e-01
2.635890841484069824e-01
2.256791591644287109e-01
2.006295025348663330e-01
3.414165377616882324e-01
3.595578074455261230e-01
4.057849347591400146e-01
4.714207053184509277e-01
2.183847576379776001e-01
3.656092882156372070e-01
2.256558835506439209e-01
1.929296702146530151e-01
2.994697690010070801e-01
2.527164220809936523e-01
1.598021388053894043e-01
1.875396370887756348e-01
5.954327583312988281e-01
2.391492277383804321e-01
1.045886948704719543e-01
2.015519738197326660e-01
2.740397751331329346e-01
3.387304246425628662e-01
2.627038955688476562e-01
1.569101065397262573e-01
3.263354599475860596e-01
2.182799428701400757e-01
3.351387381553649902e-01
1.812450587749481201e-01
2.515629231929779053e-01
3.365759849548339844e-01
1.800335645675659180e-01
1.863352358341217041e-01
2.087050080299377441e-01
3.268080353736877441e-01
2.804687321186065674e-01
2.629756331443786621e-01
1.990090608596801758e-01
2.969190776348114014e-01
2.103351056575775146e-01
2.973709106445312500e-01
2.892270684242248535e-01
1.857091486454010010e-01
3.050814270973205566e-01
3.735343813896179199e-01
3.039406538009643555e-01
2.584461867809295654e-01
2.036198377609252930e-01
1.583986133337020874e-01
1.134743914008140564e-01
1.046019420027732849e-01
2.525278031826019287e-01
2.910434007644653320e-01
1.343992948532104492e-01
3.645461201667785645e-01
1.837949454784393311e-01
2.417205125093460083e-01
4.347406625747680664e-01
2.390111088752746582e-01
2.095201313495635986e-01
1.400022953748703003e-01
1.208488047122955322e-01
5.469281673431396484e-01
2.818427681922912598e-01
3.761771619319915771e-01
2.461027801036834717e-01
3.484834730625152588e-01
1.711995005607604980e-01
1.712710261344909668e-01
2.476554512977600098e-01
4.124808311462402344e-01
3.079950809478759766e-01
3.549378812313079834e-01
2.373702824115753174e-01
1.547028720378875732e-01
1.928711235523223877e-01
2.577414810657501221e-01
3.395778238773345947e-01
3.337220251560211182e-01
4.869544804096221924e-01
2.887338697910308838e-01
2.987900972366333008e-01
2.756654918193817139e-01
2.118662744760513306e-01
1.944032311439514160e-01
1.741422116756439209e-01
4.577247798442840576e-01
2.249171137809753418e-01
2.623164951801300049e-01
2.702157199382781982e-01
2.063852846622467041e-01
2.245877087116241455e-01
2.541791498661041260e-01
3.141606152057647705e-01
7.381064444780349731e-02
5.540261268615722656e-01
3.065022230148315430e-01
3.806000947952270508e-01
2.325077801942825317e-01
2.754067182540893555e-01
2.578991651535034180e-01
3.569381833076477051e-01
2.943831682205200195e-01
4.362953901290893555e-01
1.806175559759140015e-01
2.439538389444351196e-01
4.102295339107513428e-01
1.219518035650253296e-01
3.195938766002655029e-01
2.979968488216400146e-01
9.370253980159759521e-02
1.580885648727416992e-01
2.807201445102691650e-01
1.842122822999954224e-01
3.502364456653594971e-01
3.240289986133575439e-01
2.583164274692535400e-01
1.459736526012420654e-01
2.493577152490615845e-01
3.875121176242828369e-01
2.825289368629455566e-01
1.459527462720870972e-01
3.033444881439208984e-01
4.507588744163513184e-01
3.100172281265258789e-01
3.136387467384338379e-01
3.084410429000854492e-01
1.142640486359596252e-01
1.698083281517028809e-01
2.358787357807159424e-01
2.195158004760742188e-01
2.371135354042053223e-01
2.571005225181579590e-01
1.882286667823791504e-01
2.044675648212432861e-01
2.898026406764984131e-01
3.616139888763427734e-01
3.703789114952087402e-01
4.289287626743316650e-01
2.053885608911514282e-01
4.230619370937347412e-01
2.527082562446594238e-01
4.202704429626464844e-01
3.087278902530670166e-01
1.487333178520202637e-01
3.335477113723754883e-01
2.109631001949310303e-01
3.931006789207458496e-01
2.965761423110961914e-01
2.299948483705520630e-01
2.179645448923110962e-01
2.187380492687225342e-01
3.359391689300537109e-01
4.062855839729309082e-01
4.218390882015228271e-01
1.934304833412170410e-01
2.616961300373077393e-01
4.264293611049652100e-01
1.384359896183013916e-01
1.615017354488372803e-01
2.635592818260192871e-01
2.828000187873840332e-01
4.537506997585296631e-01
1.721033304929733276e-01
2.200678437948226929e-01
3.325432240962982178e-01
1.002922356128692627e-01
1.751278042793273926e-01
2.262328267097473145e-01
3.746655583381652832e-01
1.703636348247528076e-01
3.799091577529907227e-01
3.306020200252532959e-01
3.662943243980407715e-01
3.943797945976257324e-01
1.752341687679290771e-01
1.951405704021453857e-01
2.854961752891540527e-01
2.817510068416595459e-01
2.494138032197952271e-01
2.878202795982360840e-01
2.174736857414245605e-01
2.961858212947845459e-01
3.744084239006042480e-01
4.660369753837585449e-01
1.878320574760437012e-01
1.870036125183105469e-01
2.107218354940414429e-01
2.636579275131225586e-01
2.944144010543823242e-01
2.280057072639465332e-01
1.206784173846244812e-01
3.892373442649841309e-01
1.727355569601058960e-01
4.323684871196746826e-01
1.623097062110900879e-01
2.769872844219207764e-01
3.939512372016906738e-01
3.317930698394775391e-01
1.885429620742797852e-01
2.549850940704345703e-01
2.030456811189651489e-01
2.706935405731201172e-01
2.724838554859161377e-01
2.088482081890106201e-01
4.053044915199279785e-01
4.930116534233093262e-01
1.720119118690490723e-01
1.095226556062698364e-01
9.122011810541152954e-02
1.030552834272384644e-01
3.088605701923370361e-01
2.451869100332260132e-01
2.057990431785583496e-01
3.826337456703186035e-01
9.702326357364654541e-02
4.785223007202148438e-01
2.674922049045562744e-01
2.825651168823242188e-01
2.386728972196578979e-01
1.895110458135604858e-01
2.357257008552551270e-01
3.816388845443725586e-01
5.194015502929687500e-01
2.413645982742309570e-01
2.606022357940673828e-01
1.643668562173843384e-01
1.874635368585586548e-01
1.965321004390716553e-01
9.883652627468109131e-02
1.692837327718734741e-01
1.879472285509109497e-01
1.532050371170043945e-01
1.621460318565368652e-01
4.429488480091094971e-01
2.432607263326644897e-01
2.403976172208786011e-01
4.912163615226745605e-01
1.479046195745468140e-01
3.551681339740753174e-01
2.099795937538146973e-01
7.359346002340316772e-02
3.126410245895385742e-01
4.407945871353149414e-01
3.688863515853881836e-01
1.777034401893615723e-01
5.718757957220077515e-02
1.495181918144226074e-01
2.405369430780410767e-01
4.771024882793426514e-01
3.032167255878448486e-01
3.129317164421081543e-01
1.176149845123291016e-01
4.666167497634887695e-01
2.409845888614654541e-01
2.955211102962493896e-01
1.674412339925765991e-01
5.246798992156982422e-01
3.636724352836608887e-01
5.695225000381469727e-01
4.065756201744079590e-01
1.204724684357643127e-01
3.288496136665344238e-01
3.631047606468200684e-01
3.456049263477325439e-01
2.743702828884124756e-01
3.852842450141906738e-01
2.549947202205657959e-01
3.057987689971923828e-01
3.951942622661590576e-01
2.060848772525787354e-01
4.986146688461303711e-01
2.686598598957061768e-01
4.070198237895965576e-01
3.001985847949981689e-01
2.745198905467987061e-01
3.939820528030395508e-01
2.541593313217163086e-01
3.786958456039428711e-01
2.676365375518798828e-01
1.649491041898727417e-01
2.014700174331665039e-01
2.289930582046508789e-01
3.321826457977294922e-01
1.883680224418640137e-01
3.484186828136444092e-01
2.869861721992492676e-01
4.470823705196380615e-01
1.385181993246078491e-01
1.732679754495620728e-01
5.029430389404296875e-01
3.514068126678466797e-01
1.507096290588378906e-01
3.592102527618408203e-01
2.772949039936065674e-01
3.398695588111877441e-01
3.304945826530456543e-01
3.187593817710876465e-01
4.322212934494018555e-01
5.721715688705444336e-01
3.123089671134948730e-01
2.467363625764846802e-01
4.897432625293731689e-01
4.686795473098754883e-01
3.924235701560974121e-01
2.549314498901367188e-01
2.835772037506103516e-01
4.504955410957336426e-01
3.320882618427276611e-01
2.541538178920745850e-01
2.676630020141601562e-01
3.733831048011779785e-01
1.788996458053588867e-01
1.728389859199523926e-01
5.365927815437316895e-01
2.339044213294982910e-01
2.649791836738586426e-01
2.281638085842132568e-01
1.978660076856613159e-01
3.706752657890319824e-01
1.439573317766189575e-01
5.760092139244079590e-01
1.642188578844070435e-01
3.205569386482238770e-01
1.657125055789947510e-01
3.231730461120605469e-01
3.212127089500427246e-01
3.315939903259277344e-01
4.506495893001556396e-01
2.650896012783050537e-01
5.869494676589965820e-01
2.195553779602050781e-01
3.362222909927368164e-01
3.029908835887908936e-01
4.782710373401641846e-01
4.344034790992736816e-01
3.526318967342376709e-01
2.786938846111297607e-01
4.683549404144287109e-01
1.455782651901245117e-01
1.624286174774169922e-01
2.553745806217193604e-01
1.182693839073181152e-01
2.402646839618682861e-01
2.026624232530593872e-01
1.501992046833038330e-01
3.284693956375122070e-01
1.969801187515258789e-01
3.610926568508148193e-01
1.801370233297348022e-01
5.040240883827209473e-01
1.899723112583160400e-01
1.424089372158050537e-01
4.985775947570800781e-01
1.868990808725357056e-01
1.694175750017166138e-01
4.016234874725341797e-01
3.583706617355346680e-01
2.168706655502319336e-01
2.259534150362014771e-01
1.459870636463165283e-01
1.025702804327011108e-01
3.477865755558013916e-01
5.346418023109436035e-01
3.244653344154357910e-01
3.881447017192840576e-01
1.619541645050048828e-01
1.059169769287109375e-01
3.249179720878601074e-01
1.382696628570556641e-01
1.345363855361938477e-01
1.737008988857269287e-01
2.568835020065307617e-01
2.267935127019882202e-01
9.335032105445861816e-02
1.386397629976272583e-01
3.092935681343078613e-01
2.467265427112579346e-01
1.394643485546112061e-01
2.374484837055206299e-01
3.733326196670532227e-01
5.249267220497131348e-01
3.006894290447235107e-01
2.152881175279617310e-01
2.465407252311706543e-01
6.281995773315429688e-01
3.522170782089233398e-01
2.617565989494323730e-01
2.221038639545440674e-01
1.208989024162292480e-01
4.744722247123718262e-01
2.036903500556945801e-01
3.135398030281066895e-01
3.792056441307067871e-01
4.503416419029235840e-01
2.875570058822631836e-01
1.734245270490646362e-01
2.851093709468841553e-01
1.629994809627532959e-01
3.360922932624816895e-01
1.145195737481117249e-01
3.123037815093994141e-01
1.735767573118209839e-01
7.060343027114868164e-01
2.851904034614562988e-01
1.228640973567962646e-01
3.837207555770874023e-01
2.281485646963119507e-01
2.969673275947570801e-01
3.067639768123626709e-01
2.419650703668594360e-01
2.460156679153442383e-01
4.367401599884033203e-01
2.255471199750900269e-01
2.459185868501663208e-01
2.435299158096313477e-01
2.699031233787536621e-01
2.894717454910278320e-01
2.425854802131652832e-01
2.917257845401763916e-01
2.096511423587799072e-01
2.713271379470825195e-01
3.171131908893585205e-01
1.200856864452362061e-01
3.649784922599792480e-01
1.403356194496154785e-01
4.004101157188415527e-01
2.449789643287658691e-01
2.098884433507919312e-01
5.084103345870971680e-01
2.822896540164947510e-01
2.216245681047439575e-01
2.552992701530456543e-01
3.083988428115844727e-01
3.752682507038116455e-01
3.395432531833648682e-01
2.533844411373138428e-01
4.439995884895324707e-01
2.567773163318634033e-01
1.830659955739974976e-01
3.686081171035766602e-01
1.295326054096221924e-01
2.283732146024703979e-01
2.982472777366638184e-01
1.136916577816009521e-01
1.510751247406005859e-01
4.726247787475585938e-01
1.682225018739700317e-01
2.718144357204437256e-01
2.283344268798828125e-01
1.125430315732955933e-01
2.223322391510009766e-01
8.503500372171401978e-02
1.696584820747375488e-01
2.244020700454711914e-01
3.260353207588195801e-01
4.013840854167938232e-01
3.502085804939270020e-01
2.118116319179534912e-01
2.989997863769531250e-01
2.981946468353271484e-01
2.272357493638992310e-01
1.998365223407745361e-01
1.061683893203735352e-01
1.689028143882751465e-01
2.235037982463836670e-01
7.225809097290039062e-01
3.421507179737091064e-01
2.531485557556152344e-01
1.677783578634262085e-01
2.330462634563446045e-01
3.074920177459716797e-01
2.523275315761566162e-01
3.383256196975708008e-01
2.278253138065338135e-01
3.499934673309326172e-01
1.931127607822418213e-01
1.303615272045135498e-01
1.294959932565689087e-01
6.206582784652709961e-01
4.116362929344177246e-01
3.332267999649047852e-01
3.251534700393676758e-01
4.114346504211425781e-01
3.773393630981445312e-01
3.406649231910705566e-01
3.267305195331573486e-01
2.194702476263046265e-01
5.631917715072631836e-01
5.153021812438964844e-01
4.508309364318847656e-01
4.060342907905578613e-01
1.603905111551284790e-01
4.618217051029205322e-01
2.948909699916839600e-01
2.798826098442077637e-01
2.902140617370605469e-01
1.754792779684066772e-01
3.700561523437500000e-01
3.141138851642608643e-01
2.805525362491607666e-01
2.337564527988433838e-01
3.299129903316497803e-01
4.302685260772705078e-01
4.104629158973693848e-01
2.435364127159118652e-01
7.977497577667236328e-02
4.206210970878601074e-01
2.766127586364746094e-01
3.858186304569244385e-01
2.734171450138092041e-01
3.758192658424377441e-01
5.700338482856750488e-01
2.383148968219757080e-01
2.211861312389373779e-01
2.355809211730957031e-01
3.568180799484252930e-01
1.631389409303665161e-01
1.719611734151840210e-01
1.682403832674026489e-01
2.811452150344848633e-01
4.818907976150512695e-01
4.351828992366790771e-01
2.220559418201446533e-01
4.534555375576019287e-01
1.925303637981414795e-01
5.108185410499572754e-01
3.801867961883544922e-01
2.880288958549499512e-01
3.265883922576904297e-01
2.669318318367004395e-01
1.438615322113037109e-01
4.304620623588562012e-01
1.676466017961502075e-01
1.629257053136825562e-01
1.575869321823120117e-01
3.132526278495788574e-01
3.082053065299987793e-01
3.610810935497283936e-01
2.648283243179321289e-01
2.932416200637817383e-01
2.536562085151672363e-01
3.731915950775146484e-01
2.524403929710388184e-01
3.115772008895874023e-01
4.510278999805450439e-01
2.799291610717773438e-01
5.120232701301574707e-01
1.173817589879035950e-01
4.291035532951354980e-01
1.906098425388336182e-01
4.031138122081756592e-01
3.701705932617187500e-01
1.989376991987228394e-01
4.494581818580627441e-01
5.002772808074951172e-01
2.479233741760253906e-01
2.584670484066009521e-01
2.777362465858459473e-01
3.259224295616149902e-01
2.688522934913635254e-01
2.431304454803466797e-01
2.951128184795379639e-01
2.938362658023834229e-01
1.880483776330947876e-01
1.312619149684906006e-01
3.549299240112304688e-01
2.432079613208770752e-01
4.114352464675903320e-01
2.197771519422531128e-01
1.717503070831298828e-01
2.454336583614349365e-01
2.982154488563537598e-01
1.448976844549179077e-01
3.065035045146942139e-01
3.192754983901977539e-01
2.666438519954681396e-01
2.228233814239501953e-01
1.788826286792755127e-01
1.745375841856002808e-01
2.509283423423767090e-01
2.702125906944274902e-01
2.282525002956390381e-01
3.554200530052185059e-01
1.398053914308547974e-01
2.440916448831558228e-01
2.384397983551025391e-01
3.021829128265380859e-01
1.202635243535041809e-01
2.689014077186584473e-01
4.348843097686767578e-01
3.376500308513641357e-01
2.319061756134033203e-01
3.189534842967987061e-01
2.508933842182159424e-01
2.467511892318725586e-01
2.445607781410217285e-01
3.533726930618286133e-01
3.878897428512573242e-01
1.936856210231781006e-01
2.240175008773803711e-01
4.023419618606567383e-01
3.962158858776092529e-01
2.884527146816253662e-01
1.134352311491966248e-01
2.634942531585693359e-01
4.598188400268554688e-01
3.731811046600341797e-01
2.074591368436813354e-01
2.753630876541137695e-01
2.647239863872528076e-01
1.456215083599090576e-01
2.864064872264862061e-01
3.529084920883178711e-01
4.667567014694213867e-01
1.815494298934936523e-01
2.648829817771911621e-01
5.615373849868774414e-01
4.255429506301879883e-01
2.077337503433227539e-01
3.236622512340545654e-01
2.874887883663177490e-01
2.466645538806915283e-01
2.211795151233673096e-01
1.894070506095886230e-01
2.575992643833160400e-01
3.124511241912841797e-01
2.549508810043334961e-01
2.722038328647613525e-01
1.926668435335159302e-01
2.641202509403228760e-01
3.668522238731384277e-01
1.526556611061096191e-01
2.739876806735992432e-01
3.196959793567657471e-01
4.239512681961059570e-01
3.671675026416778564e-01
3.840221762657165527e-01
3.670963346958160400e-01
3.324592113494873047e-01
4.246389865875244141e-01
2.879965007305145264e-01
3.019272089004516602e-01
2.037416547536849976e-01
1.947511732578277588e-01
2.284142374992370605e-01
3.365418016910552979e-01
1.677038967609405518e-01
4.383813142776489258e-01
3.343169093132019043e-01
2.394312024116516113e-01
2.210446298122406006e-01
3.378748297691345215e-01
1.824789047241210938e-01
4.001435041427612305e-01
3.803344964981079102e-01
2.632413804531097412e-01
2.270394116640090942e-01
1.995384097099304199e-01
9.577853977680206299e-02
3.905616402626037598e-01
5.212919116020202637e-01
3.600586056709289551e-01
3.589553833007812500e-01
2.145775407552719116e-01
4.032923877239227295e-01
2.986830472946166992e-01
3.248327970504760742e-01
3.304938077926635742e-01
3.522234559059143066e-01
1.728133559226989746e-01
2.568078339099884033e-01
2.697627544403076172e-01
2.066553831100463867e-01
6.925910711288452148e-01
1.070693582296371460e-01
1.108315438032150269e-01
1.122855171561241150e-01
3.387810587882995605e-01
3.030505776405334473e-01
2.215116769075393677e-01
2.528785467147827148e-01
1.159606873989105225e-01
1.851803362369537354e-01
1.561947464942932129e-01
2.443371713161468506e-01
3.057202398777008057e-01
1.476128101348876953e-01
2.399837821722030640e-01
1.331557184457778931e-01
2.262529432773590088e-01
1.241755783557891846e-01
3.069810271263122559e-01
4.578821063041687012e-01
3.412284553050994873e-01
2.835956215858459473e-01
2.330829352140426636e-01
3.299363851547241211e-01
2.668065726757049561e-01
4.334965348243713379e-01
2.057846933603286743e-01
3.897357285022735596e-01
1.427385807037353516e-01
1.845605075359344482e-01
3.068460822105407715e-01
1.713266372680664062e-01
1.973837316036224365e-01
2.879301309585571289e-01
2.476933598518371582e-01
2.029980123043060303e-01
6.659430861473083496e-01
3.121053874492645264e-01
1.522831916809082031e-01
2.792308330535888672e-01
2.015126794576644897e-01
3.260622620582580566e-01
4.762193858623504639e-01
1.437098830938339233e-01
5.362213850021362305e-01
2.991632819175720215e-01
1.089933812618255615e-01
1.798991262912750244e-01
2.569596767425537109e-01
1.563810408115386963e-01
1.358519494533538818e-01
2.605817914009094238e-01
4.842121005058288574e-01
1.863583177328109741e-01
1.245746240019798279e-01
1.118257641792297363e-01
7.793132960796356201e-02
1.774345636367797852e-01
1.972973346710205078e-01
1.570999771356582642e-01
3.527089357376098633e-01
3.274658620357513428e-01
2.734758555889129639e-01
2.751496434211730957e-01
2.163513302803039551e-01
3.106119334697723389e-01
2.555222511291503906e-01
2.155915498733520508e-01
3.147301077842712402e-01
1.609520763158798218e-01
3.504281640052795410e-01
6.039558649063110352e-01
2.857152819633483887e-01
2.642796635627746582e-01
3.583850264549255371e-01
3.631533980369567871e-01
2.367947399616241455e-01
2.675216197967529297e-01
2.127991020679473877e-01
3.132191598415374756e-01
3.579443395137786865e-01
2.569560408592224121e-01
2.769293785095214844e-01
2.814438939094543457e-01
4.238481819629669189e-01
1.738404780626296997e-01
1.954185962677001953e-01
2.336253970861434937e-01
1.160578429698944092e-01
2.471873164176940918e-01
2.455500066280364990e-01
2.473947107791900635e-01
9.163057059049606323e-02
2.523439526557922363e-01
3.533398509025573730e-01
1.528228223323822021e-01
1.908980906009674072e-01
2.850638031959533691e-01
3.417054414749145508e-01
1.483716666698455811e-01
2.247491776943206787e-01
1.049786955118179321e-01
1.976402699947357178e-01
2.021397650241851807e-01
2.888080775737762451e-01
2.508272528648376465e-01
2.438728362321853638e-01
1.853050142526626587e-01
1.881476938724517822e-01
1.646661758422851562e-01
3.570001721382141113e-01
2.441037744283676147e-01
3.314911425113677979e-01
8.669023215770721436e-02
2.604276537895202637e-01
1.746699661016464233e-01
1.632390022277832031e-01
1.572187542915344238e-01
1.869429051876068115e-01
1.063462421298027039e-01
3.679018020629882812e-01
4.787636175751686096e-02
5.222998261451721191e-01
1.800942122936248779e-01
4.392371177673339844e-01
2.375689893960952759e-01
2.798962593078613281e-01
6.351927667856216431e-02
5.199695825576782227e-01
5.533664226531982422e-01
3.645002245903015137e-01
1.456222236156463623e-01
3.099110722541809082e-01
2.657551169395446777e-01
4.495043754577636719e-01
2.428279817104339600e-01
3.659094572067260742e-01
2.103122472763061523e-01
2.876369953155517578e-01
2.493656873703002930e-01
3.374899029731750488e-01
3.348842859268188477e-01
1.669559180736541748e-01
7.914421558380126953e-01
2.779594063758850098e-01
2.088691592216491699e-01
1.396418511867523193e-01
3.622804880142211914e-01
3.910699486732482910e-01
2.935498058795928955e-01
2.249968647956848145e-01
2.253832072019577026e-01
1.480151563882827759e-01
3.761534094810485840e-01
8.797930181026458740e-02
2.086470276117324829e-01
3.000803291797637939e-01
2.045910358428955078e-01
2.140265107154846191e-01
1.578166782855987549e-01
2.273615449666976929e-01
2.289745956659317017e-01
2.073841989040374756e-01
2.315376847982406616e-01
1.353195905685424805e-01
2.592553496360778809e-01
1.586343497037887573e-01
1.380144506692886353e-01
1.324799060821533203e-01
1.772446334362030029e-01
3.330782949924468994e-01
2.091191709041595459e-01
2.824890613555908203e-01
4.118199646472930908e-02
