2.848716080188751221e-02
1.622215062379837036e-01
1.378035247325897217e-01
1.347581744194030762e-01
3.587760329246520996e-01
3.001009523868560791e-01
2.081987261772155762e-01
3.609009683132171631e-01
2.276365011930465698e-01
9.218370914459228516e-02
2.411619871854782104e-01
7.785373926162719727e-02
3.879609331488609314e-02
1.575958728790283203e-01
6.009365618228912354e-02
6.617009639739990234e-02
1.286387145519256592e-01
1.239862143993377686e-01
1.128854304552078247e-01
1.048509329557418823e-01
1.974775642156600952e-01
2.337610721588134766e-01
2.777991592884063721e-01
5.052813291549682617e-01
3.759201616048812866e-02
1.255504935979843140e-01
1.639860272407531738e-01
2.305093109607696533e-01
2.481936663389205933e-01
1.388188302516937256e-01
1.859605312347412109e-01
6.963197886943817139e-02
6.026610732078552246e-02
2.036588042974472046e-01
4.570086002349853516e-01
2.318007200956344604e-01
2.562974691390991211e-01
2.789763808250427246e-01
6.371542811393737793e-02
3.359512388706207275e-01
1.795092225074768066e-01
2.255578041076660156e-01
1.594002991914749146e-01
1.051299050450325012e-01
8.157030493021011353e-02
2.496421337127685547e-01
3.443494066596031189e-02
3.963599726557731628e-02
1.265204548835754395e-01
5.428515076637268066e-01
1.888564974069595337e-01
2.259338498115539551e-01
1.081663668155670166e-01
1.242775991559028625e-01
2.263964712619781494e-01
7.269775867462158203e-02
2.686111629009246826e-01
3.766746520996093750e-01
2.541167438030242920e-01
3.587845861911773682e-01
2.089782655239105225e-01
1.048329472541809082e-01
8.107018470764160156e-02
4.669765755534172058e-02
1.274413764476776123e-01
1.041053608059883118e-01
2.183651328086853027e-01
1.026681736111640930e-01
1.452334970235824585e-01
4.193471670150756836e-01
7.961606979370117188e-02
1.588554829359054565e-01
1.786874532699584961e-01
3.738716840744018555e-01
2.508514523506164551e-01
1.216249763965606689e-01
4.208247065544128418e-01
3.733136355876922607e-01
1.357526183128356934e-01
2.445688694715499878e-01
3.709105253219604492e-01
8.526334911584854126e-02
2.917523086071014404e-01
3.086431622505187988e-01
5.619134008884429932e-02
2.492147982120513916e-01
2.436668127775192261e-01
1.014247685670852661e-01
2.699331343173980713e-01
1.180321425199508667e-01
2.892606854438781738e-01
1.790046691894531250e-01
1.425393819808959961e-01
2.012271583080291748e-01
7.676051557064056396e-02
2.091982662677764893e-01
1.049654334783554077e-01
3.624581694602966309e-01
2.395156621932983398e-01
3.419878482818603516e-01
1.819849908351898193e-01
4.126193523406982422e-01
3.394462466239929199e-01
2.080392688512802124e-01
8.465152978897094727e-02
2.079252898693084717e-01
7.717107981443405151e-02
3.542412519454956055e-01
2.537361383438110352e-01
2.171652019023895264e-01
1.483317315578460693e-01
1.802336871623992920e-01
3.217088580131530762e-01
3.995588719844818115e-01
2.547385990619659424e-01
3.703009188175201416e-01
4.489930570125579834e-01
3.853259682655334473e-01
1.479385197162628174e-01
2.850239574909210205e-01
9.077377617359161377e-02
1.798511147499084473e-01
2.661188244819641113e-01
2.249767482280731201e-01
1.184988990426063538e-01
1.671474575996398926e-01
2.101910859346389771e-01
6.893154233694076538e-02
3.755359053611755371e-01
1.116881147027015686e-01
2.081579267978668213e-01
1.939474046230316162e-01
1.905976384878158569e-01
3.975758254528045654e-01
1.799357235431671143e-01
1.042553335428237915e-01
3.053814470767974854e-01
1.382297873497009277e-01
2.846396267414093018e-01
1.671742200851440430e-01
1.519043296575546265e-01
1.219894737005233765e-01
8.541350066661834717e-02
1.791096329689025879e-01
1.699813604354858398e-01
4.264875650405883789e-01
1.820345818996429443e-01
2.062112092971801758e-01
1.764276623725891113e-01
1.546159386634826660e-01
2.928578555583953857e-01
2.510503530502319336e-01
8.750212937593460083e-02
1.701636016368865967e-01
1.655652225017547607e-01
1.843942999839782715e-01
6.685274839401245117e-02
2.363254129886627197e-01
2.347170114517211914e-01
3.762178719043731689e-01
5.902833491563796997e-02
6.106631457805633545e-02
4.164989292621612549e-02
2.577265799045562744e-01
1.790746152400970459e-01
8.616985380649566650e-02
1.969916224479675293e-01
1.630091965198516846e-01
1.225928515195846558e-01
2.018962204456329346e-01
2.066011726856231689e-01
7.758717983961105347e-02
1.675605028867721558e-01
1.368190050125122070e-01
4.224207997322082520e-01
2.237849682569503784e-01
2.891073226928710938e-01
2.023617327213287354e-01
9.338803589344024658e-02
1.830073297023773193e-01
1.373735517263412476e-01
1.088935136795043945e-01
2.257246971130371094e-01
2.430153638124465942e-01
2.285420000553131104e-01
1.057631373405456543e-01
4.002657234668731689e-01
1.169789284467697144e-01
2.867062985897064209e-01
2.409099936485290527e-01
2.677771747112274170e-01
2.371080517768859863e-01
2.529297769069671631e-01
9.199921786785125732e-02
4.911146163940429688e-01
2.927787601947784424e-01
1.526457220315933228e-01
8.877287805080413818e-02
2.034292668104171753e-01
3.408263921737670898e-01
2.057796567678451538e-01
1.972338557243347168e-01
1.351705789566040039e-01
3.736723661422729492e-01
6.610239297151565552e-02
9.084264934062957764e-02
3.712275326251983643e-01
1.653291732072830200e-01
1.681426763534545898e-01
1.248716115951538086e-01
4.856351315975189209e-01
3.995954990386962891e-01
2.274770438671112061e-01
1.611603498458862305e-01
4.798610880970954895e-02
1.709661781787872314e-01
3.092552721500396729e-01
1.794117689132690430e-01
3.771188259124755859e-01
3.032576143741607666e-01
4.442185461521148682e-01
3.411098718643188477e-01
1.784977912902832031e-01
3.613002300262451172e-01
4.066537618637084961e-01
2.564582824707031250e-01
1.230431795120239258e-01
2.668720781803131104e-01
1.815403401851654053e-01
4.710320234298706055e-01
2.058510035276412964e-01
4.667310714721679688e-01
1.975448131561279297e-01
1.306192278861999512e-01
1.286634206771850586e-01
1.059644222259521484e-01
4.169624447822570801e-01
3.233468234539031982e-01
2.288831323385238647e-01
2.307015061378479004e-01
1.373251527547836304e-01
5.263008922338485718e-02
2.508423626422882080e-01
3.021396994590759277e-01
3.139605522155761719e-01
3.477800786495208740e-01
4.001463651657104492e-01
1.435129791498184204e-01
5.311562865972518921e-02
2.508007884025573730e-01
2.023854404687881470e-01
1.873186528682708740e-01
3.582907915115356445e-01
2.897182404994964600e-01
3.074535727500915527e-01
5.962289869785308838e-02
2.507129013538360596e-01
1.269651651382446289e-01
2.316299676895141602e-01
1.327380836009979248e-01
1.614998579025268555e-01
3.423427939414978027e-01
2.568394243717193604e-01
2.064219415187835693e-01
1.596493571996688843e-01
4.073883295059204102e-01
8.603382855653762817e-02
2.301010638475418091e-01
1.761097162961959839e-01
8.383424580097198486e-02
1.071582362055778503e-01
1.367989480495452881e-01
6.706965714693069458e-02
7.784546911716461182e-02
3.068699687719345093e-02
2.617782056331634521e-01
1.189458072185516357e-01
2.383304536342620850e-01
2.226600050926208496e-01
8.549323678016662598e-02
1.597955673933029175e-01
1.112172380089759827e-01
6.611451506614685059e-02
2.264952063560485840e-01
2.883217334747314453e-01
1.160018667578697205e-01
3.715115487575531006e-01
1.669867336750030518e-01
3.861671686172485352e-01
1.470357775688171387e-01
2.626057267189025879e-01
1.800706982612609863e-01
1.129668802022933960e-01
1.081535518169403076e-01
7.151575386524200439e-02
3.351154029369354248e-01
1.721457988023757935e-01
2.063125669956207275e-01
9.705830365419387817e-02
1.348639726638793945e-01
4.064907133579254150e-01
7.972183823585510254e-02
2.704992294311523438e-01
1.438611447811126709e-01
2.362242937088012695e-01
1.808135360479354858e-01
1.925999373197555542e-01
1.244966760277748108e-01
1.018302068114280701e-01
2.146502286195755005e-01
3.255970478057861328e-01
2.248685210943222046e-01
7.371877133846282959e-02
3.549576103687286377e-01
1.271681785583496094e-01
4.361595213413238525e-02
2.546146512031555176e-01
2.519427239894866943e-01
1.168482899665832520e-01
2.025185525417327881e-01
2.688191831111907959e-01
2.484219372272491455e-01
1.675649583339691162e-01
9.309795498847961426e-02
7.102125138044357300e-02
1.347753554582595825e-01
1.351691186428070068e-01
1.585138440132141113e-01
8.133569359779357910e-02
6.635688245296478271e-02
2.357855439186096191e-01
1.262369751930236816e-01
6.681881099939346313e-02
2.859673500061035156e-01
2.310232520103454590e-01
2.997972071170806885e-01
1.785550564527511597e-01
2.629379630088806152e-01
2.013935148715972900e-01
1.692936420440673828e-01
1.878952383995056152e-01
4.094018936157226562e-01
2.112523317337036133e-01
6.710834801197052002e-02
1.251027286052703857e-01
2.159726917743682861e-01
2.924440503120422363e-01
1.400659978389739990e-01
1.763378083705902100e-01
2.560886442661285400e-01
1.612034291028976440e-01
4.377911090850830078e-01
1.217972263693809509e-01
1.490120589733123779e-01
1.722376942634582520e-01
3.221372067928314209e-01
2.094944119453430176e-01
8.956928551197052002e-02
6.612577289342880249e-02
2.643776535987854004e-01
4.361505061388015747e-02
2.212095260620117188e-01
1.593447327613830566e-01
3.072861433029174805e-01
1.899019628763198853e-01
8.287075161933898926e-02
3.190410435199737549e-01
2.799628376960754395e-01
7.862906157970428467e-02
1.318305730819702148e-01
3.684988617897033691e-01
2.297105491161346436e-01
3.223698735237121582e-01
6.643885374069213867e-02
4.327195584774017334e-01
3.062021732330322266e-01
1.823086291551589966e-01
6.109593436121940613e-02
5.447394251823425293e-01
7.746340334415435791e-02
1.200808435678482056e-01
2.192600071430206299e-01
1.273464709520339966e-01
1.272675096988677979e-01
5.824135988950729370e-02
1.733761131763458252e-01
2.399077117443084717e-01
3.532333970069885254e-01
3.316178917884826660e-01
4.744590073823928833e-02
1.867155134677886963e-01
1.759838461875915527e-01
2.049659788608551025e-01
1.738177984952926636e-01
9.175450354814529419e-02
1.756511330604553223e-01
2.588971853256225586e-01
6.748699396848678589e-02
1.443689465522766113e-01
1.303131878376007080e-01
9.117740392684936523e-02
1.055528372526168823e-01
1.685916483402252197e-01
1.838885098695755005e-01
3.356675207614898682e-01
2.236708700656890869e-01
2.192268371582031250e-01
2.167236357927322388e-01
5.275553092360496521e-02
1.606814265251159668e-01
1.489973366260528564e-01
1.821015775203704834e-01
1.136378124356269836e-01
1.349484026432037354e-01
2.415072768926620483e-01
1.796631366014480591e-01
3.039077818393707275e-01
1.635824292898178101e-01
6.419339776039123535e-02
1.019839793443679810e-01
1.798975169658660889e-01
1.081790477037429810e-01
2.964848279953002930e-01
1.116292551159858704e-01
1.951672732830047607e-01
2.728636562824249268e-01
1.426820158958435059e-01
2.281537055969238281e-01
2.749388813972473145e-01
2.584482133388519287e-01
2.401531487703323364e-01
3.590947687625885010e-01
3.195160329341888428e-01
1.671300381422042847e-01
8.357663452625274658e-02
2.962621748447418213e-01
3.425992727279663086e-01
3.165722191333770752e-01
1.504075229167938232e-01
2.928251028060913086e-01
1.014436855912208557e-01
8.074337989091873169e-02
8.727272599935531616e-02
1.405849009752273560e-01
2.955367565155029297e-01
1.932729929685592651e-01
2.272630929946899414e-01
2.147265225648880005e-01
1.382223665714263916e-01
2.231285870075225830e-01
1.880325675010681152e-01
3.048108518123626709e-01
2.739778161048889160e-01
1.565225571393966675e-01
1.993186026811599731e-01
1.860499978065490723e-01
1.462325751781463623e-01
5.874147266149520874e-02
1.676879227161407471e-01
9.722724556922912598e-02
1.959660798311233521e-01
4.374169111251831055e-01
1.883670091629028320e-01
1.112698987126350403e-01
2.331460267305374146e-01
1.098831966519355774e-01
3.051964640617370605e-01
2.057376503944396973e-01
3.424378037452697754e-01
9.603307396173477173e-02
3.868314325809478760e-01
1.143096387386322021e-01
3.617322742938995361e-01
2.024251222610473633e-01
1.342595815658569336e-01
2.731103599071502686e-01
2.261501997709274292e-01
1.521033346652984619e-01
3.655431270599365234e-01
7.980151474475860596e-02
3.584704399108886719e-01
1.680508106946945190e-01
2.960472702980041504e-01
2.709037065505981445e-01
5.889550223946571350e-02
2.458666861057281494e-01
2.381061315536499023e-01
1.278173029422760010e-01
2.257507145404815674e-01
3.356130123138427734e-01
3.342923820018768311e-01
1.288152039051055908e-01
2.781773805618286133e-01
1.478998214006423950e-01
1.649125069379806519e-01
1.487755477428436279e-01
3.787554204463958740e-01
2.731963694095611572e-01
3.618569374084472656e-01
4.659441858530044556e-02
1.922665238380432129e-01
6.714108586311340332e-02
1.664883792400360107e-01
8.782468736171722412e-02
3.231001496315002441e-01
1.742020398378372192e-01
1.825353205204010010e-01
1.181991398334503174e-01
1.889398247003555298e-01
1.184331774711608887e-01
1.013640314340591431e-01
4.776077717542648315e-02
7.504897564649581909e-02
2.276370823383331299e-01
1.667717844247817993e-01
2.052008360624313354e-01
5.569785833358764648e-01
2.085522711277008057e-01
1.210456639528274536e-01
1.926627159118652344e-01
2.211699485778808594e-01
1.658679544925689697e-01
8.214388787746429443e-02
2.234543859958648682e-01
1.594840884208679199e-01
1.034889221191406250e-01
2.522374391555786133e-01
3.308028280735015869e-01
3.817820549011230469e-01
3.013345897197723389e-01
1.300136595964431763e-01
1.429754495620727539e-01
1.888768821954727173e-01
6.498154997825622559e-02
3.835274875164031982e-01
3.277658671140670776e-02
4.779380559921264648e-02
8.850129693746566772e-02
1.524023413658142090e-01
2.170405834913253784e-01
2.093253135681152344e-01
1.195163950324058533e-01
4.347845539450645447e-02
1.144221276044845581e-01
1.892903447151184082e-01
3.930209875106811523e-01
1.506063640117645264e-01
3.021147251129150391e-01
4.853687882423400879e-01
2.719078063964843750e-01
4.993491172790527344e-01
2.859086394309997559e-01
5.544430613517761230e-01
2.354121804237365723e-01
5.398207902908325195e-01
1.554793268442153931e-01
5.590717196464538574e-01
2.306110262870788574e-01
2.362784445285797119e-01
2.072737962007522583e-01
3.848246932029724121e-01
7.283631712198257446e-02
3.781305849552154541e-01
5.677533149719238281e-01
4.095152616500854492e-01
5.044854879379272461e-01
2.703045606613159180e-01
2.540784478187561035e-01
5.773808360099792480e-01
9.630744159221649170e-02
1.870152801275253296e-01
2.674002349376678467e-01
1.107297241687774658e-01
2.118102908134460449e-01
2.389378845691680908e-01
1.625169515609741211e-01
1.553840637207031250e-01
3.975102901458740234e-01
3.302159309387207031e-01
1.243576481938362122e-01
2.075290977954864502e-01
3.034622073173522949e-01
1.604669392108917236e-01
3.786044716835021973e-01
3.454051613807678223e-01
2.011163383722305298e-01
4.086388051509857178e-01
1.610653251409530640e-01
3.194155693054199219e-01
2.179769873619079590e-01
3.810847103595733643e-01
3.507630825042724609e-01
1.356661915779113770e-01
3.036989569664001465e-01
2.205696552991867065e-01
1.503913402557373047e-01
2.618000209331512451e-01
7.899192720651626587e-02
1.075185537338256836e-01
3.778755366802215576e-01
1.059533059597015381e-01
2.914164066314697266e-01
2.838403582572937012e-01
1.297248899936676025e-01
2.730908989906311035e-01
1.873893886804580688e-01
1.433007270097732544e-01
1.626011431217193604e-01
2.226043641567230225e-01
3.425059914588928223e-01
2.409687787294387817e-01
3.150005936622619629e-01
2.992739677429199219e-01
3.363021314144134521e-01
1.472676843404769897e-01
2.083791196346282959e-01
1.993008255958557129e-01
2.169308513402938843e-01
8.478405326604843140e-02
2.252558022737503052e-01
2.685329616069793701e-01
9.547165036201477051e-02
4.473708868026733398e-01
3.875185847282409668e-01
3.501290678977966309e-01
4.401027560234069824e-01
4.191355705261230469e-01
3.710671663284301758e-01
3.041229546070098877e-01
5.078940391540527344e-01
5.258026719093322754e-01
6.452816724777221680e-01
3.957263231277465820e-01
4.430189728736877441e-01
2.116939723491668701e-01
4.591711759567260742e-01
1.479752659797668457e-01
3.516553044319152832e-01
3.558045923709869385e-01
3.837143480777740479e-01
2.078907191753387451e-01
1.748117059469223022e-01
3.453840315341949463e-01
3.248930573463439941e-01
2.599363327026367188e-01
3.105885982513427734e-01
3.732632100582122803e-01
1.292371749877929688e-01
3.126223087310791016e-01
2.291148155927658081e-01
1.809331178665161133e-01
1.984574198722839355e-01
2.968130707740783691e-01
2.538666427135467529e-01
2.736625373363494873e-01
2.796351909637451172e-01
1.697883903980255127e-01
3.387036919593811035e-01
2.714062929153442383e-01
2.870844304561614990e-01
2.152497470378875732e-01
3.141607940196990967e-01
5.269597768783569336e-01
4.541154503822326660e-01
3.355941772460937500e-01
1.019719466567039490e-01
3.098375797271728516e-01
3.227269053459167480e-01
1.401386559009552002e-01
1.750338673591613770e-01
5.146270990371704102e-01
1.475520133972167969e-01
2.949579060077667236e-01
1.371310204267501831e-01
1.015165224671363831e-01
5.380386114120483398e-01
1.024311780929565430e-01
3.679809868335723877e-01
2.124821245670318604e-01
2.214804291725158691e-01
1.728265583515167236e-01
3.527082800865173340e-01
1.277912259101867676e-01
3.925442397594451904e-01
2.476844191551208496e-01
1.422587633132934570e-01
2.124159187078475952e-01
3.255510330200195312e-01
1.702426373958587646e-01
1.120937094092369080e-01
1.631377041339874268e-01
8.422046899795532227e-02
1.087462007999420166e-01
5.883135274052619934e-02
1.014398038387298584e-01
1.302439868450164795e-01
1.398163884878158569e-01
1.487129032611846924e-01
1.492552757263183594e-01
2.179267704486846924e-01
5.825480222702026367e-01
9.499756991863250732e-02
2.290632128715515137e-01
1.889110207557678223e-01
1.508879363536834717e-01
1.928606033325195312e-01
9.563905745744705200e-02
4.961738288402557373e-01
2.026897370815277100e-01
1.985495388507843018e-01
2.894041538238525391e-01
2.299225181341171265e-01
2.840662598609924316e-01
1.905762553215026855e-01
2.719522118568420410e-01
1.301384568214416504e-01
2.227635383605957031e-01
3.936839103698730469e-01
3.008989691734313965e-01
2.386038005352020264e-01
3.371802866458892822e-01
1.716593056917190552e-01
7.628919184207916260e-02
1.397636681795120239e-01
3.160460889339447021e-01
3.018207550048828125e-01
2.105944454669952393e-01
1.376647949218750000e-01
2.870860397815704346e-01
2.924173474311828613e-01
1.241411492228507996e-01
5.033947899937629700e-02
2.536766529083251953e-01
3.671773076057434082e-01
1.482500135898590088e-01
1.436595618724822998e-01
1.358881592750549316e-01
1.159990057349205017e-01
1.830718666315078735e-01
1.832252442836761475e-01
3.074456006288528442e-02
5.218985676765441895e-02
1.800871491432189941e-01
2.983670830726623535e-01
1.489033401012420654e-01
2.741134166717529297e-01
1.646967530250549316e-01
1.905787587165832520e-01
2.433617264032363892e-01
9.706798195838928223e-02
2.585751712322235107e-01
2.553261220455169678e-01
1.855449080467224121e-01
1.224624514579772949e-01
2.810195684432983398e-01
2.162618637084960938e-01
9.132651984691619873e-02
1.394732296466827393e-01
1.541359126567840576e-01
1.653862595558166504e-01
2.696597278118133545e-01
1.517157405614852905e-01
1.480850577354431152e-01
1.543320119380950928e-01
2.404829561710357666e-01
9.961675852537155151e-02
1.902490258216857910e-01
1.628190129995346069e-01
1.404702663421630859e-01
2.624471783638000488e-01
3.013832867145538330e-01
2.423008978366851807e-01
2.151069194078445435e-01
2.534802258014678955e-01
2.728408575057983398e-01
2.067679762840270996e-01
1.022912114858627319e-01
2.209589034318923950e-01
1.756713390350341797e-01
2.943305969238281250e-01
8.838772028684616089e-02
2.491886019706726074e-01
8.920920640230178833e-02
4.403747916221618652e-01
5.552905052900314331e-02
3.929731249809265137e-01
2.012283802032470703e-01
2.068750858306884766e-01
2.149314433336257935e-01
1.848094463348388672e-01
1.390251666307449341e-01
1.608638465404510498e-01
3.867146968841552734e-01
1.968080401420593262e-01
2.118327021598815918e-01
1.258765608072280884e-01
1.138395816087722778e-01
1.553692668676376343e-01
1.834150105714797974e-01
2.378888875246047974e-01
1.464666873216629028e-01
2.058708816766738892e-01
2.344575226306915283e-01
1.384544670581817627e-01
1.307870149612426758e-01
1.564657539129257202e-01
2.477006614208221436e-01
2.267446666955947876e-01
1.861484199762344360e-01
1.242132335901260376e-01
1.933622956275939941e-01
8.064776659011840820e-02
2.352012991905212402e-01
1.246552318334579468e-01
2.044434547424316406e-01
3.534355759620666504e-01
1.962918788194656372e-01
1.224821284413337708e-01
3.774872720241546631e-01
3.248203694820404053e-01
2.175717204809188843e-01
1.981193274259567261e-01
3.563217520713806152e-01
1.642723381519317627e-01
9.097783267498016357e-02
1.259198188781738281e-01
3.099351525306701660e-01
2.872311472892761230e-01
1.399612724781036377e-01
2.328759431838989258e-01
1.131310239434242249e-01
2.263746559619903564e-01
3.032200932502746582e-01
1.282490193843841553e-01
2.106691449880599976e-01
1.774260997772216797e-01
2.896028161048889160e-01
1.910893023014068604e-01
2.762587666511535645e-01
1.902156621217727661e-01
3.688471913337707520e-01
2.581837773323059082e-01
1.811933964490890503e-01
1.810528635978698730e-01
3.693511784076690674e-01
3.252978324890136719e-01
1.727379113435745239e-01
1.993930637836456299e-01
3.032059073448181152e-01
2.162019461393356323e-01
3.013259172439575195e-01
1.323204785585403442e-01
8.657937496900558472e-02
1.394391804933547974e-01
2.616349756717681885e-01
2.298495173454284668e-01
9.986090660095214844e-02
1.796311736106872559e-01
1.924734115600585938e-01
1.279608011245727539e-01
1.822792589664459229e-01
2.388455569744110107e-01
1.485517323017120361e-01
1.455014944076538086e-01
1.220897734165191650e-01
2.466524839401245117e-01
6.568285822868347168e-02
4.003989100456237793e-01
2.772012054920196533e-01
1.612327545881271362e-01
1.145214438438415527e-01
1.025742515921592712e-01
1.109940856695175171e-01
1.295889467000961304e-01
2.357840538024902344e-01
4.135858640074729919e-02
5.309362709522247314e-02
1.371092647314071655e-01
1.816738843917846680e-01
5.002085566520690918e-01
8.591856062412261963e-02
3.214878439903259277e-01
1.843007951974868774e-01
1.962182521820068359e-01
3.138211071491241455e-01
7.383093237876892090e-02
1.940903514623641968e-01
5.788365378975868225e-02
1.098842024803161621e-01
1.315940618515014648e-01
1.723451316356658936e-01
1.660554260015487671e-01
5.018171668052673340e-02
1.838617958128452301e-02
3.886043429374694824e-01
5.060379579663276672e-02
2.265377789735794067e-01
2.878311872482299805e-01
1.731662750244140625e-01
6.435769796371459961e-02
6.298591941595077515e-02
1.999086737632751465e-01
3.346906900405883789e-01
2.353351190686225891e-02
2.768505215644836426e-01
7.686525583267211914e-02
1.454215943813323975e-01
2.267432212829589844e-01
1.017027124762535095e-01
6.186009049415588379e-01
1.908203363418579102e-01
8.449195325374603271e-02
3.030883371829986572e-01
2.454322725534439087e-01
3.911980986595153809e-01
2.045022696256637573e-01
4.022440612316131592e-01
2.230807691812515259e-01
1.413077414035797119e-01
1.371332406997680664e-01
3.493683338165283203e-01
1.298349201679229736e-01
1.762999892234802246e-01
1.665725260972976685e-01
1.201223880052566528e-01
1.444830298423767090e-01
3.992724046111106873e-02
1.977118253707885742e-01
1.104850918054580688e-01
1.301387548446655273e-01
2.042122483253479004e-01
7.749452441930770874e-02
3.725121915340423584e-01
4.099496603012084961e-01
2.562707960605621338e-01
1.445720195770263672e-01
1.418428868055343628e-01
1.129902154207229614e-01
1.533597558736801147e-01
1.672510951757431030e-01
3.475725054740905762e-01
2.216231822967529297e-01
2.149845361709594727e-01
2.324373573064804077e-01
3.387723565101623535e-01
2.320053279399871826e-01
1.923781186342239380e-01
2.070641517639160156e-01
4.514130949974060059e-01
3.207092881202697754e-01
9.062122553586959839e-02
1.141501665115356445e-01
9.379366040229797363e-02
2.857419252395629883e-01
2.229427695274353027e-01
3.003465533256530762e-01
1.933322846889495850e-01
9.454036504030227661e-02
4.399115443229675293e-01
2.178903222084045410e-01
3.493340611457824707e-01
8.290509134531021118e-02
3.059358298778533936e-01
2.768310606479644775e-01
7.885350286960601807e-02
2.374356091022491455e-01
6.476674973964691162e-02
1.410037577152252197e-01
4.505722969770431519e-02
7.619664072990417480e-02
1.269931346178054810e-01
1.850527524948120117e-01
1.838477700948715210e-01
1.201459541916847229e-01
1.449570506811141968e-01
1.615243256092071533e-01
2.726685702800750732e-01
1.939947009086608887e-01
2.370340526103973389e-01
6.154749542474746704e-02
2.004106640815734863e-01
3.844197690486907959e-01
7.097631692886352539e-02
1.279915869235992432e-01
3.397782742977142334e-01
1.200963407754898071e-01
1.647210717201232910e-01
1.124051511287689209e-01
1.757908463478088379e-01
1.819871962070465088e-01
2.289546132087707520e-01
2.533639073371887207e-01
1.242610812187194824e-01
3.265240788459777832e-02
4.581477344036102295e-01
1.836481690406799316e-01
1.624197512865066528e-01
2.250547856092453003e-01
2.163879573345184326e-01
2.550747692584991455e-01
2.801579236984252930e-01
1.430762112140655518e-01
1.941442936658859253e-01
1.472252607345581055e-01
2.325633168220520020e-01
2.764488458633422852e-01
2.316054552793502808e-01
4.701454937458038330e-02
2.178304940462112427e-01
7.118423283100128174e-02
2.303114235401153564e-01
3.126948475837707520e-01
1.608821451663970947e-01
1.343474835157394409e-01
1.928623616695404053e-01
2.710262835025787354e-01
2.202093750238418579e-01
1.729826629161834717e-01
8.930525928735733032e-02
8.425500988960266113e-02
2.561954259872436523e-01
1.665960103273391724e-01
1.782835721969604492e-01
1.907496452331542969e-01
2.260039150714874268e-01
2.602843046188354492e-01
3.405653536319732666e-01
2.635610699653625488e-01
1.711148619651794434e-01
1.850250959396362305e-01
3.326056301593780518e-01
6.085076555609703064e-02
2.765550017356872559e-01
2.423733472824096680e-01
2.013190686702728271e-01
3.666976988315582275e-01
1.993717253208160400e-01
1.725254207849502563e-01
2.006673216819763184e-01
9.620289504528045654e-02
4.330501705408096313e-02
2.295988202095031738e-01
2.314761877059936523e-01
6.088294833898544312e-02
6.012688577175140381e-02
4.280967712402343750e-01
4.364570379257202148e-01
2.704427838325500488e-01
1.698607206344604492e-01
1.437877267599105835e-01
1.883960217237472534e-01
1.764231026172637939e-01
2.276865094900131226e-01
2.196074724197387695e-01
8.021409809589385986e-02
2.593234777450561523e-01
1.810836493968963623e-01
3.306423425674438477e-01
1.982612311840057373e-01
1.923738121986389160e-01
1.802251636981964111e-01
2.173223197460174561e-01
4.478986561298370361e-02
2.273687124252319336e-01
1.001303046941757202e-01
9.324936568737030029e-02
2.662431597709655762e-01
6.568721681833267212e-02
3.603352010250091553e-01
2.500839829444885254e-01
2.623787224292755127e-01
1.412432938814163208e-01
3.860917687416076660e-01
3.106554150581359863e-01
3.398492336273193359e-01
2.088269889354705811e-01
3.313936591148376465e-01
1.415451318025588989e-01
3.733927607536315918e-01
1.105168163776397705e-01
3.215284347534179688e-01
7.335487753152847290e-02
6.924782693386077881e-02
2.109654247760772705e-01
2.271326184272766113e-01
1.685543060302734375e-01
1.539101153612136841e-01
3.399008512496948242e-02
1.207176521420478821e-01
1.997842490673065186e-01
1.820247322320938110e-01
4.353815317153930664e-02
2.195184826850891113e-01
5.893298238515853882e-02
2.653300762176513672e-01
2.802527248859405518e-01
4.974275454878807068e-02
1.620860099792480469e-01
1.685470044612884521e-01
2.133438885211944580e-01
2.359425574541091919e-01
4.760245978832244873e-02
2.551034688949584961e-01
1.044838503003120422e-01
3.716248869895935059e-01
1.175915002822875977e-01
2.152035981416702271e-01
1.521483361721038818e-01
3.921979963779449463e-01
2.398963719606399536e-01
3.638325929641723633e-01
4.149085283279418945e-01
3.419808745384216309e-01
2.387621104717254639e-01
1.919147968292236328e-01
2.334328442811965942e-01
1.999102085828781128e-01
5.726989358663558960e-02
1.156798005104064941e-01
1.165954545140266418e-01
9.583398699760437012e-02
1.287002712488174438e-01
2.509075403213500977e-01
2.762464284896850586e-01
2.218200415372848511e-01
2.902663350105285645e-01
2.274106442928314209e-01
1.612931787967681885e-01
1.155762150883674622e-01
1.377397030591964722e-01
2.569401264190673828e-01
3.794456124305725098e-01
2.180758267641067505e-01
2.267746776342391968e-01
1.232501417398452759e-01
1.493279486894607544e-01
1.435471475124359131e-01
2.585046589374542236e-01
2.984834313392639160e-01
1.351912468671798706e-01
1.391996294260025024e-01
8.465215563774108887e-02
1.409464031457901001e-01
4.156040847301483154e-01
4.843242764472961426e-01
1.863024979829788208e-01
1.395816355943679810e-01
1.762363165616989136e-01
8.151707798242568970e-02
8.750478923320770264e-02
2.608027756214141846e-01
1.992886364459991455e-01
2.350972890853881836e-01
1.876809448003768921e-01
1.895188093185424805e-01
2.130222171545028687e-01
2.048129439353942871e-01
1.182940900325775146e-01
1.725176274776458740e-01
1.575635224580764771e-01
2.208771407604217529e-01
1.127443760633468628e-01
2.188625782728195190e-01
1.818654239177703857e-01
2.629789412021636963e-01
2.914494276046752930e-01
8.674233406782150269e-02
3.421586751937866211e-01
2.383006215095520020e-01
3.369593620300292969e-01
6.689158827066421509e-02
2.524024546146392822e-01
1.666426658630371094e-01
2.528524398803710938e-01
2.256772220134735107e-01
4.546762257814407349e-02
1.432980000972747803e-01
6.561779975891113281e-02
2.247622907161712646e-01
1.920421123504638672e-01
1.538164317607879639e-01
3.126441836357116699e-01
2.112629711627960205e-01
3.958734273910522461e-01
2.302451133728027344e-01
3.278966248035430908e-01
1.800220757722854614e-01
1.397059112787246704e-01
1.023307740688323975e-01
2.158011496067047119e-01
1.425436288118362427e-01
2.204179316759109497e-01
1.233920156955718994e-01
2.087696194648742676e-01
2.378096580505371094e-01
2.090755105018615723e-01
2.665967047214508057e-01
1.832682043313980103e-01
8.293672651052474976e-02
1.744981408119201660e-01
2.011570334434509277e-01
1.443836688995361328e-01
4.289755821228027344e-01
1.538487076759338379e-01
3.516082763671875000e-01
3.104448132216930389e-02
1.389731764793395996e-01
2.130442112684249878e-01
2.590641975402832031e-01
2.207233905792236328e-01
3.556757569313049316e-01
1.336256563663482666e-01
3.453072905540466309e-01
1.646520197391510010e-01
2.151786386966705322e-01
1.163571178913116455e-01
5.747823715209960938e-01
9.422732889652252197e-02
2.562998831272125244e-01
2.978044152259826660e-01
1.797458082437515259e-01
2.577559351921081543e-01
3.566563129425048828e-01
2.397321462631225586e-01
1.154664009809494019e-01
2.862322628498077393e-01
2.086864411830902100e-01
2.856148481369018555e-01
2.363860309123992920e-01
2.608426213264465332e-01
7.931958884000778198e-02
1.668990552425384521e-01
1.219833940267562866e-01
1.750998198986053467e-01
2.615109682083129883e-01
2.032754421234130859e-01
1.797884404659271240e-01
1.582603752613067627e-01
1.565452516078948975e-01
1.476793140172958374e-01
2.049304246902465820e-01
1.769546121358871460e-01
2.322903722524642944e-01
3.913133740425109863e-01
2.395787239074707031e-01
3.660644590854644775e-02
