1.762646734714508057e-01
1.318095475435256958e-01
3.037640750408172607e-01
4.782965183258056641e-01
5.175316333770751953e-01
2.339953780174255371e-01
2.306725680828094482e-01
2.063686847686767578e-01
2.829375267028808594e-01
4.693809747695922852e-01
4.097462296485900879e-01
1.875305473804473877e-01
1.412547826766967773e-01
1.084842458367347717e-01
3.599004745483398438e-01
4.266827702522277832e-01
1.735236942768096924e-01
1.163014620542526245e-01
4.015889167785644531e-01
2.336076796054840088e-01
2.773790359497070312e-01
3.247944116592407227e-01
5.125127732753753662e-02
2.906630039215087891e-01
1.061327159404754639e-01
4.496958479285240173e-02
7.394001632928848267e-02
4.389479756355285645e-01
2.957134544849395752e-01
2.736082673072814941e-01
3.136857151985168457e-01
3.269075155258178711e-01
2.262258231639862061e-01
9.276693314313888550e-02
4.535449445247650146e-01
1.806917488574981689e-01
1.579647958278656006e-01
4.478336572647094727e-01
4.004706740379333496e-01
2.844983637332916260e-01
8.094979077577590942e-02
2.270300686359405518e-01
1.307333111763000488e-01
2.014263272285461426e-01
2.787811458110809326e-01
1.753634512424468994e-01
3.041781783103942871e-01
9.699292480945587158e-02
1.419835835695266724e-01
1.587454676628112793e-01
1.971890628337860107e-01
2.487543523311614990e-01
4.816557765007019043e-01
4.216124415397644043e-01
2.434128373861312866e-01
3.301846385002136230e-01
1.572735309600830078e-01
4.822475016117095947e-01
1.594785749912261963e-01
3.715262413024902344e-01
2.706752419471740723e-01
1.474199295043945312e-01
1.879786252975463867e-01
2.214655429124832153e-01
1.232644394040107727e-01
1.056177318096160889e-01
2.689355015754699707e-01
2.953689396381378174e-01
1.815382093191146851e-01
1.365759223699569702e-01
3.118029236793518066e-01
2.877901196479797363e-01
9.253062307834625244e-02
1.135569736361503601e-01
1.654209047555923462e-01
7.772558927536010742e-02
1.587234735488891602e-01
4.894722104072570801e-01
3.096560239791870117e-01
1.589613258838653564e-01
2.789100110530853271e-01
1.129827499389648438e-01
1.943382471799850464e-01
1.667053997516632080e-01
3.052210807800292969e-01
2.003942728042602539e-01
3.353861570358276367e-01
3.094714581966400146e-01
2.252405136823654175e-01
1.843386739492416382e-01
1.830701231956481934e-01
2.337878644466400146e-01
1.925165206193923950e-01
1.344423145055770874e-01
1.108026504516601562e-01
2.029028534889221191e-01
3.349575027823448181e-02
4.012637138366699219e-01
2.226522564888000488e-01
1.912366300821304321e-01
2.517413794994354248e-01
2.343706339597702026e-01
7.983862608671188354e-02
2.387351244688034058e-01
1.704321950674057007e-01
3.048998117446899414e-01
1.836031079292297363e-01
1.058617383241653442e-01
6.106379628181457520e-02
2.574525475502014160e-01
4.608509540557861328e-01
2.833529412746429443e-01
1.894370764493942261e-01
3.098383545875549316e-01
4.182277321815490723e-01
1.699996143579483032e-01
1.975454390048980713e-01
2.786692380905151367e-01
2.687544822692871094e-01
2.507708668708801270e-01
1.693084985017776489e-01
1.362780034542083740e-01
1.199718937277793884e-01
3.094920516014099121e-01
5.539700984954833984e-01
1.114547252655029297e-01
2.417154461145401001e-01
1.982250660657882690e-01
1.675997525453567505e-01
2.591245770454406738e-01
2.902620136737823486e-01
3.422957658767700195e-01
2.805539965629577637e-01
4.570177197456359863e-01
2.307620495557785034e-01
4.218885600566864014e-01
2.795617282390594482e-01
2.346217036247253418e-01
1.442499309778213501e-01
3.310703635215759277e-01
2.419900000095367432e-01
2.958467602729797363e-01
9.589913487434387207e-02
3.947656452655792236e-01
1.985321640968322754e-01
1.532904654741287231e-01
9.661678969860076904e-02
3.322670459747314453e-01
2.614526748657226562e-01
3.833683729171752930e-01
2.802017331123352051e-01
9.459654986858367920e-02
1.843292713165283203e-01
1.879064738750457764e-01
1.831132173538208008e-01
3.280265927314758301e-01
2.565469741821289062e-01
2.804070711135864258e-01
1.379549652338027954e-01
1.468808650970458984e-01
1.667794585227966309e-01
1.825079619884490967e-01
1.410247832536697388e-01
4.591872990131378174e-01
1.830242574214935303e-01
2.067580968141555786e-01
2.644065618515014648e-01
3.577637076377868652e-01
2.649721801280975342e-01
1.735973358154296875e-01
4.566129446029663086e-01
3.422044813632965088e-01
1.456338614225387573e-01
2.238573431968688965e-01
1.982574164867401123e-01
1.604538857936859131e-01
2.485878914594650269e-01
2.130439132452011108e-01
1.883229464292526245e-01
2.504408657550811768e-01
1.317301988601684570e-01
1.986031383275985718e-01
2.009018957614898682e-01
4.346087574958801270e-01
2.450502663850784302e-01
2.405301332473754883e-01
2.942801713943481445e-01
4.739910364151000977e-01
3.825489878654479980e-01
2.731102705001831055e-01
2.763665616512298584e-01
1.199412941932678223e-01
2.466383576393127441e-01
2.137188911437988281e-01
2.484795153141021729e-01
1.221173480153083801e-01
2.745926976203918457e-01
3.887920677661895752e-01
3.928932547569274902e-01
1.838791966438293457e-01
1.594278514385223389e-01
1.093521192669868469e-01
1.173968911170959473e-01
2.300429642200469971e-01
5.719351172447204590e-01
1.031915992498397827e-01
3.674124181270599365e-01
2.615574002265930176e-01
4.092235565185546875e-01
2.389442771673202515e-01
2.455381751060485840e-01
3.121184706687927246e-01
1.479879915714263916e-01
4.158254265785217285e-01
2.260835021734237671e-01
1.029082387685775757e-01
3.993949592113494873e-01
2.274528294801712036e-01
1.449829041957855225e-01
2.111202776432037354e-01
5.923517942428588867e-01
1.413517147302627563e-01
1.322670131921768188e-01
1.993860900402069092e-01
2.472457885742187500e-01
6.996288895606994629e-02
2.017187625169754028e-01
2.785958349704742432e-01
4.032959043979644775e-01
2.403970658779144287e-01
1.171153634786605835e-01
2.793971002101898193e-01
1.168003305792808533e-01
1.293213963508605957e-01
2.987640202045440674e-01
2.121892571449279785e-01
2.334876805543899536e-01
1.788936853408813477e-01
3.284584283828735352e-01
1.715631186962127686e-01
1.740683615207672119e-01
3.068974614143371582e-01
1.650253236293792725e-01
3.436831235885620117e-01
1.664420366287231445e-01
5.186984539031982422e-01
2.263700366020202637e-01
2.121449708938598633e-01
1.618427187204360962e-01
3.841386437416076660e-01
2.884301245212554932e-01
2.141712158918380737e-01
1.619456857442855835e-01
1.799403578042984009e-01
2.079141736030578613e-01
1.282649040222167969e-01
2.418384104967117310e-01
3.121947646141052246e-01
1.829685866832733154e-01
3.488189876079559326e-01
4.696543216705322266e-01
1.997594684362411499e-01
1.333905756473541260e-01
1.098927557468414307e-01
3.254687190055847168e-01
6.371501088142395020e-02
2.077269554138183594e-01
2.830876708030700684e-01
3.379122018814086914e-01
1.783148050308227539e-01
2.982051968574523926e-01
1.415404826402664185e-01
4.242405891418457031e-01
2.007396519184112549e-01
1.749671697616577148e-01
2.368756830692291260e-01
1.820030361413955688e-01
1.739484965801239014e-01
1.261483877897262573e-01
1.419413536787033081e-01
2.057667374610900879e-01
2.194617092609405518e-01
5.274764820933341980e-02
1.453490108251571655e-01
2.466137856245040894e-01
2.141853272914886475e-01
8.888596296310424805e-02
2.950941920280456543e-01
2.145487666130065918e-01
1.792139559984207153e-01
3.524981141090393066e-01
7.672505825757980347e-02
3.122332692146301270e-01
8.829385042190551758e-02
1.229542791843414307e-01
5.847607925534248352e-02
4.189469814300537109e-01
2.528641223907470703e-01
1.927884668111801147e-01
3.026173710823059082e-01
4.039495587348937988e-01
2.491219937801361084e-01
3.063194751739501953e-01
1.875193715095520020e-01
1.358368247747421265e-01
7.739595323801040649e-02
1.909932047128677368e-01
1.767301261425018311e-01
1.542282402515411377e-01
3.508623242378234863e-01
1.582589149475097656e-01
2.749382555484771729e-01
1.130834668874740601e-01
4.164912104606628418e-01
3.601278066635131836e-01
3.957393765449523926e-02
2.924606502056121826e-01
2.400132268667221069e-01
2.014557719230651855e-01
2.778654992580413818e-01
3.880692645907402039e-02
1.904452890157699585e-01
3.945096731185913086e-01
2.873251438140869141e-01
2.100201696157455444e-01
2.041351199150085449e-01
2.359438836574554443e-01
9.676815569400787354e-02
4.482514560222625732e-01
3.037840127944946289e-01
2.266367524862289429e-01
3.977845013141632080e-01
1.787435114383697510e-01
2.406956553459167480e-01
2.039821147918701172e-01
1.305880993604660034e-01
2.965835332870483398e-01
2.561578154563903809e-01
2.579562067985534668e-01
1.006462574005126953e-01
1.285088062286376953e-01
1.601268500089645386e-01
4.028422832489013672e-01
1.960886418819427490e-01
3.982205092906951904e-01
8.264005184173583984e-02
6.282873451709747314e-02
4.642392992973327637e-01
2.636972069740295410e-01
1.090203374624252319e-01
1.491516828536987305e-01
1.297853589057922363e-01
3.198301792144775391e-01
9.719397872686386108e-02
6.213831156492233276e-02
3.395971059799194336e-01
3.037553727626800537e-01
3.244624435901641846e-01
1.376864612102508545e-01
1.279282271862030029e-01
2.229497730731964111e-01
5.110413432121276855e-01
2.942924797534942627e-01
1.833842992782592773e-01
2.803031802177429199e-01
2.952235341072082520e-01
2.650966942310333252e-01
5.297257900238037109e-01
1.731075197458267212e-01
3.479579687118530273e-01
6.451350450515747070e-01
2.488346993923187256e-01
2.791161537170410156e-01
2.737716138362884521e-01
5.841705799102783203e-01
3.070814609527587891e-01
1.237851008772850037e-01
4.010923504829406738e-01
1.529962122440338135e-01
2.369522899389266968e-01
2.012414932250976562e-01
1.627707183361053467e-01
2.022910714149475098e-01
3.497971594333648682e-01
2.008359730243682861e-01
9.762410819530487061e-02
3.978818655014038086e-01
4.151607155799865723e-01
1.641898304224014282e-01
7.630933821201324463e-02
2.530669569969177246e-01
3.517975807189941406e-01
3.314560949802398682e-01
2.607522606849670410e-01
2.662151753902435303e-01
4.005291461944580078e-01
1.266153305768966675e-01
1.980652213096618652e-01
2.498254179954528809e-01
1.126433759927749634e-01
1.705601364374160767e-01
1.417824774980545044e-01
3.403369784355163574e-01
1.606580168008804321e-01
2.704578340053558350e-01
9.598895162343978882e-02
3.053544759750366211e-01
1.858643591403961182e-01
3.993728756904602051e-01
2.106617093086242676e-01
2.574611306190490723e-01
2.904890775680541992e-01
2.810979783535003662e-01
1.205639839172363281e-01
1.340837478637695312e-01
2.035171091556549072e-01
3.217045366764068604e-01
9.306640923023223877e-02
2.591480910778045654e-01
1.479486674070358276e-01
3.153888583183288574e-01
1.004994958639144897e-01
1.975086480379104614e-01
2.144241183996200562e-01
4.210405349731445312e-01
3.694751858711242676e-01
2.776690125465393066e-01
2.627314329147338867e-01
2.669737935066223145e-01
1.835017502307891846e-01
3.187768757343292236e-01
2.261865288019180298e-01
2.167716622352600098e-01
2.399479448795318604e-01
4.034189879894256592e-01
1.988052576780319214e-01
2.442519664764404297e-01
1.648622453212738037e-01
1.075032204389572144e-01
2.938377261161804199e-01
1.184864938259124756e-01
4.075407683849334717e-01
2.093617320060729980e-01
3.706114292144775391e-01
2.113263905048370361e-01
8.106580972671508789e-01
2.575834691524505615e-01
8.413200080394744873e-02
2.380911707878112793e-01
2.581757605075836182e-01
5.040203332901000977e-01
2.647025585174560547e-01
1.541090756654739380e-01
2.793929576873779297e-01
2.773423194885253906e-01
1.559917926788330078e-01
1.340661942958831787e-01
1.251135915517807007e-01
4.121693074703216553e-01
2.105950713157653809e-01
9.025167673826217651e-02
2.109630107879638672e-01
1.248547732830047607e-01
2.553972005844116211e-01
4.324527382850646973e-01
2.696906626224517822e-01
3.656099140644073486e-01
2.787860035896301270e-01
2.003195434808731079e-01
3.023626804351806641e-01
2.643314599990844727e-01
1.786114126443862915e-01
2.835372686386108398e-01
2.888658940792083740e-01
2.940107882022857666e-01
1.573611348867416382e-01
5.070922374725341797e-01
1.706909239292144775e-01
2.100963294506072998e-01
7.216000556945800781e-02
1.902099847793579102e-01
3.737281560897827148e-01
1.938274204730987549e-01
3.663448393344879150e-01
2.379800975322723389e-01
3.301947116851806641e-01
2.162250876426696777e-01
1.978843957185745239e-01
1.461631208658218384e-01
6.137135624885559082e-02
4.150805771350860596e-01
3.204258680343627930e-01
2.093305587768554688e-01
2.108583152294158936e-01
1.415480971336364746e-01
4.148255586624145508e-01
2.101743817329406738e-01
3.309143781661987305e-01
1.227992698550224304e-01
3.566150069236755371e-01
2.474124431610107422e-01
3.590758740901947021e-01
2.477612197399139404e-01
3.308854103088378906e-01
2.060032486915588379e-01
1.284500360488891602e-01
3.599183261394500732e-01
3.155614137649536133e-01
2.184940576553344727e-01
2.246744930744171143e-01
3.056809306144714355e-01
1.106385141611099243e-01
2.805416584014892578e-01
4.762373268604278564e-01
2.413519322872161865e-01
3.559430241584777832e-01
2.456427216529846191e-01
2.831308841705322266e-01
4.058785736560821533e-01
3.573437333106994629e-01
3.710242807865142822e-01
3.625160157680511475e-01
2.445683777332305908e-01
1.338835954666137695e-01
4.908822178840637207e-01
1.908971220254898071e-01
1.631857454776763916e-01
1.974596083164215088e-01
3.178563416004180908e-01
1.082701310515403748e-01
4.730467796325683594e-01
3.202239274978637695e-01
1.450605839490890503e-01
2.159503102302551270e-01
1.331812292337417603e-01
2.806110680103302002e-01
2.874606251716613770e-01
2.514252960681915283e-01
2.700563371181488037e-01
2.121775895357131958e-01
2.589811384677886963e-01
3.674882650375366211e-01
3.364272415637969971e-01
1.435954421758651733e-01
3.710315525531768799e-01
2.339463680982589722e-01
1.478402912616729736e-01
1.385890543460845947e-01
3.517840802669525146e-01
1.336878240108489990e-01
2.070179730653762817e-01
2.524815797805786133e-01
1.699568927288055420e-01
1.017539203166961670e-01
2.191120684146881104e-01
3.732581734657287598e-01
2.764157354831695557e-01
3.792918324470520020e-01
3.629949986934661865e-01
9.183366596698760986e-02
4.032071828842163086e-01
4.839611053466796875e-01
2.833585143089294434e-01
2.480866611003875732e-01
1.398513019084930420e-01
1.569187194108963013e-01
2.674965560436248779e-01
2.229590415954589844e-01
2.654213309288024902e-01
1.371025890111923218e-01
2.654851675033569336e-01
1.768199503421783447e-01
1.817482411861419678e-01
2.578676640987396240e-01
3.126642704010009766e-01
2.677287757396697998e-01
5.342022180557250977e-01
2.265446484088897705e-01
3.828966319561004639e-01
2.321758568286895752e-01
1.670669764280319214e-01
1.255142837762832642e-01
2.249041795730590820e-01
1.035323590040206909e-01
1.515706330537796021e-01
1.587137728929519653e-01
3.710425198078155518e-01
2.089463323354721069e-01
3.088288307189941406e-01
1.495715826749801636e-01
8.338870853185653687e-02
3.871768414974212646e-01
2.883080244064331055e-01
1.172101944684982300e-01
2.585625648498535156e-01
7.509812712669372559e-02
1.789262443780899048e-01
2.439243495464324951e-01
1.585544347763061523e-01
1.923087835311889648e-01
4.040542840957641602e-01
3.777121305465698242e-01
1.064807772636413574e-01
2.141931653022766113e-01
1.252670735120773315e-01
3.200222849845886230e-01
1.267459690570831299e-01
3.119402527809143066e-01
2.094432115554809570e-01
2.002027928829193115e-01
1.467316448688507080e-01
8.002060651779174805e-02
1.212258785963058472e-01
2.858653962612152100e-01
1.456853449344635010e-01
8.066500723361968994e-02
1.927586942911148071e-01
2.430023252964019775e-01
1.674893945455551147e-01
2.542325258255004883e-01
3.070746064186096191e-01
3.260454237461090088e-01
3.417426943778991699e-01
2.572066187858581543e-01
4.098758101463317871e-01
4.863830208778381348e-01
1.435166299343109131e-01
3.310768008232116699e-01
3.996709883213043213e-01
2.251039743423461914e-01
2.384642958641052246e-01
1.483372151851654053e-01
1.474850177764892578e-01
9.532462060451507568e-02
1.981016695499420166e-01
1.189427077770233154e-01
2.928907275199890137e-01
3.501029014587402344e-01
6.671895086765289307e-02
3.808793723583221436e-01
1.609763056039810181e-01
2.620041668415069580e-01
2.635354399681091309e-01
1.810691952705383301e-01
3.660052716732025146e-01
3.872734904289245605e-01
2.008543908596038818e-01
1.005710661411285400e-01
2.750191688537597656e-01
1.534192562103271484e-01
1.660144925117492676e-01
2.375020980834960938e-01
3.366942405700683594e-01
7.148882001638412476e-02
8.185914903879165649e-02
2.877133488655090332e-01
1.348927915096282959e-01
1.703210175037384033e-01
2.283313721418380737e-01
2.437666952610015869e-01
1.590607464313507080e-01
4.542055130004882812e-01
1.450603902339935303e-01
7.814794778823852539e-02
2.512174546718597412e-01
3.123698234558105469e-01
1.722152978181838989e-01
4.303669631481170654e-01
4.968691170215606689e-01
1.445549428462982178e-01
2.982997000217437744e-01
1.596943885087966919e-01
3.564984202384948730e-01
7.858154177665710449e-02
3.728038072586059570e-01
2.385408729314804077e-01
3.128051459789276123e-01
2.218791842460632324e-01
3.827732205390930176e-01
1.890622377395629883e-01
1.537755280733108521e-01
2.777319252490997314e-01
2.318918108940124512e-01
1.360901743173599243e-01
4.485464096069335938e-01
1.353133320808410645e-01
1.213854998350143433e-01
2.224499881267547607e-01
3.151073455810546875e-01
2.375514954328536987e-01
2.294919490814208984e-01
4.345732033252716064e-01
2.115293592214584351e-01
5.121254324913024902e-01
2.828489542007446289e-01
1.817424893379211426e-01
1.384693086147308350e-01
1.864786595106124878e-01
3.457438945770263672e-01
3.295481503009796143e-01
1.013075113296508789e-01
2.101431936025619507e-01
2.695303559303283691e-01
1.941295266151428223e-01
1.436567902565002441e-01
3.275675773620605469e-01
3.072048723697662354e-01
2.078464031219482422e-01
1.560599207878112793e-01
2.204798758029937744e-01
3.264351487159729004e-01
3.218324780464172363e-01
1.410913616418838501e-01
2.787660360336303711e-01
1.809713840484619141e-01
2.709318995475769043e-01
3.208447694778442383e-01
2.676504850387573242e-01
1.848039627075195312e-01
1.793866306543350220e-01
3.255069553852081299e-01
3.252872228622436523e-01
2.247646003961563110e-01
1.083550006151199341e-01
5.028355121612548828e-01
1.843031942844390869e-01
3.461696803569793701e-01
3.163014054298400879e-01
2.491448968648910522e-01
2.739793062210083008e-01
4.736782908439636230e-01
1.784120500087738037e-01
2.450112700462341309e-01
3.661962449550628662e-01
1.837925165891647339e-01
1.893538981676101685e-01
1.576463431119918823e-01
3.073328733444213867e-01
2.300817966461181641e-01
3.174099326133728027e-01
3.540702462196350098e-01
3.166064620018005371e-01
2.245000004768371582e-01
1.441912502050399780e-01
2.402193844318389893e-01
1.884524524211883545e-01
1.174817532300949097e-01
4.705430269241333008e-01
3.760000467300415039e-01
2.852994203567504883e-01
1.740193963050842285e-01
1.249783858656883240e-01
2.026506960391998291e-01
2.008659690618515015e-01
3.377637267112731934e-01
5.159231424331665039e-01
2.872211337089538574e-01
2.379773259162902832e-01
3.558350801467895508e-01
3.774021863937377930e-01
4.207520186901092529e-01
3.797362446784973145e-01
2.437877058982849121e-01
2.330451011657714844e-01
2.361622154712677002e-01
3.274786770343780518e-01
2.121332585811614990e-01
1.499879807233810425e-01
2.558949589729309082e-01
1.460087597370147705e-01
2.041910886764526367e-01
2.208409458398818970e-01
1.099082231521606445e-01
2.118401527404785156e-01
7.025551795959472656e-02
1.139114126563072205e-01
2.800368964672088623e-01
1.788699626922607422e-01
1.007002666592597961e-01
1.889557540416717529e-01
2.023956477642059326e-01
2.017868459224700928e-01
2.117949128150939941e-01
3.133771121501922607e-01
1.071365922689437866e-01
2.631906270980834961e-01
1.849673688411712646e-01
7.744380831718444824e-02
4.320591688156127930e-01
2.074133306741714478e-01
1.301801949739456177e-01
3.944278359413146973e-01
3.897416889667510986e-01
3.153433203697204590e-01
1.548385918140411377e-01
2.512491643428802490e-01
1.903376579284667969e-01
8.180461823940277100e-02
2.216792553663253784e-01
3.913854360580444336e-01
7.639822363853454590e-02
3.834580183029174805e-01
1.554249674081802368e-01
1.563576757907867432e-01
4.457761347293853760e-01
3.811711072921752930e-01
3.098794221878051758e-01
1.483012139797210693e-01
3.375141620635986328e-01
1.305290162563323975e-01
3.491991460323333740e-01
2.532854080200195312e-01
1.828859001398086548e-01
2.668333053588867188e-01
2.437585294246673584e-01
3.207862079143524170e-01
2.955240905284881592e-01
3.083644509315490723e-01
1.575237810611724854e-01
2.691177129745483398e-01
4.072816371917724609e-01
1.456654518842697144e-01
3.390264511108398438e-01
2.225434631109237671e-01
1.287259012460708618e-01
4.393293261528015137e-01
2.242661565542221069e-01
1.680284142494201660e-01
3.348832130432128906e-01
4.039025008678436279e-01
1.903119981288909912e-01
3.220279216766357422e-01
3.564051985740661621e-01
1.444410383701324463e-01
3.314323723316192627e-01
1.115408688783645630e-01
1.214699894189834595e-01
2.272789180278778076e-01
2.355562448501586914e-01
2.009899169206619263e-01
2.465650290250778198e-01
2.928913533687591553e-01
2.475794851779937744e-01
1.635509282350540161e-01
1.722468137741088867e-01
3.529916107654571533e-01
4.039044976234436035e-01
1.463862657546997070e-01
1.245968416333198547e-01
8.637318015098571777e-02
1.399327367544174194e-01
1.150752007961273193e-01
3.299668133258819580e-01
1.029394119977951050e-01
1.683181971311569214e-01
3.176752924919128418e-01
7.578291893005371094e-01
3.546656966209411621e-01
1.272993385791778564e-01
2.815232276916503906e-01
3.202415108680725098e-01
9.490065276622772217e-02
1.750191301107406616e-01
2.312465012073516846e-01
1.730479001998901367e-01
1.766896843910217285e-01
3.792425096035003662e-01
1.400534212589263916e-01
1.910299658775329590e-01
1.801886260509490967e-01
3.449024558067321777e-01
1.713541895151138306e-01
2.671411335468292236e-01
2.653555274009704590e-01
2.543967366218566895e-01
2.133341729640960693e-01
2.691803574562072754e-01
2.381266504526138306e-01
1.227984353899955750e-01
1.630173474550247192e-01
1.093586012721061707e-01
2.012755125761032104e-01
1.805195510387420654e-01
1.539717316627502441e-01
3.462951779365539551e-01
2.907090485095977783e-01
2.347003966569900513e-01
1.346546858549118042e-01
2.148506343364715576e-01
2.048647105693817139e-01
2.468127310276031494e-01
1.894447058439254761e-01
4.864746928215026855e-01
1.889829635620117188e-01
3.574058413505554199e-01
1.324187070131301880e-01
1.987638771533966064e-01
1.265011131763458252e-01
1.186700090765953064e-01
2.339364886283874512e-01
1.807136237621307373e-01
2.348322570323944092e-01
7.146750390529632568e-02
1.869282126426696777e-01
1.510463058948516846e-01
4.510396122932434082e-01
2.741252183914184570e-01
2.156581282615661621e-01
2.246843725442886353e-01
1.815565824508666992e-01
2.299177646636962891e-01
3.361439704895019531e-01
1.752307265996932983e-01
1.028815060853958130e-01
3.761407434940338135e-01
1.361753642559051514e-01
1.383093744516372681e-01
1.071715205907821655e-01
7.401108741760253906e-02
3.564264774322509766e-01
3.002341985702514648e-01
3.015454709529876709e-01
2.547841668128967285e-01
9.437090158462524414e-02
1.871419101953506470e-01
1.621690690517425537e-01
2.731229364871978760e-01
3.449385762214660645e-01
2.313729822635650635e-01
6.995898485183715820e-02
1.395329236984252930e-01
2.250883877277374268e-01
3.828783333301544189e-02
1.178453862667083740e-01
1.692628264427185059e-01
5.402942746877670288e-02
1.794712543487548828e-01
1.907016038894653320e-01
1.757182031869888306e-01
1.357475668191909790e-01
2.461970001459121704e-01
3.140018582344055176e-01
3.233615159988403320e-01
1.997651159763336182e-01
1.506273448467254639e-01
1.077094376087188721e-01
1.624709069728851318e-01
2.116426825523376465e-01
1.214699894189834595e-01
2.118794173002243042e-01
3.430107831954956055e-01
4.540099799633026123e-01
1.988215744495391846e-01
2.461008578538894653e-01
2.638761997222900391e-01
3.452067375183105469e-01
2.300080806016921997e-01
2.622452080249786377e-01
2.508926689624786377e-01
1.908854842185974121e-01
3.363204300403594971e-01
1.858088672161102295e-01
3.868717551231384277e-01
1.628511548042297363e-01
3.037871122360229492e-01
2.316733598709106445e-01
8.773919939994812012e-02
8.626982569694519043e-02
2.371141016483306885e-01
1.577754616737365723e-01
2.162272483110427856e-01
9.381047636270523071e-02
2.548936605453491211e-01
1.767815053462982178e-01
2.024320513010025024e-01
1.798932701349258423e-01
1.756750941276550293e-01
1.812035441398620605e-01
1.974918991327285767e-01
8.663344383239746094e-02
1.687029451131820679e-01
1.215702444314956665e-01
2.665210366249084473e-01
2.745695114135742188e-01
5.938160419464111328e-02
3.121796846389770508e-01
3.903337121009826660e-01
3.229631185531616211e-01
1.131433621048927307e-01
2.566382884979248047e-01
1.176693812012672424e-01
1.969563961029052734e-01
1.528960168361663818e-01
4.337471425533294678e-01
4.011389017105102539e-01
8.306986093521118164e-02
1.736286282539367676e-01
1.208854392170906067e-01
4.991954565048217773e-01
1.903957277536392212e-01
2.773568928241729736e-01
3.585648834705352783e-01
4.052093327045440674e-01
2.643964588642120361e-01
2.396990805864334106e-01
2.042336612939834595e-01
2.113642990589141846e-01
1.313339173793792725e-01
1.538713127374649048e-01
5.532506108283996582e-02
2.478719651699066162e-01
2.070772051811218262e-01
1.911473274230957031e-01
2.934415042400360107e-01
1.457603871822357178e-01
2.479462027549743652e-01
1.062005162239074707e-01
8.569069951772689819e-02
1.233296394348144531e-01
1.656854301691055298e-01
1.692745536565780640e-01
2.785492837429046631e-01
2.268866002559661865e-01
2.169527113437652588e-01
2.273992598056793213e-01
1.117056459188461304e-01
6.361468136310577393e-02
1.259510517120361328e-01
4.690027832984924316e-01
3.625265955924987793e-01
2.337119281291961670e-01
5.450216531753540039e-01
2.005461007356643677e-01
3.121947646141052246e-01
5.871472358703613281e-01
2.548562586307525635e-01
1.727051734924316406e-01
8.966027200222015381e-02
8.436325192451477051e-02
1.689425259828567505e-01
1.497452110052108765e-01
1.391616761684417725e-01
1.525335013866424561e-01
2.243986874818801880e-01
1.218055784702301025e-01
3.767453432083129883e-01
1.095259934663772583e-01
2.889100313186645508e-01
1.912440657615661621e-01
2.621220648288726807e-01
3.952418565750122070e-01
5.453313514590263367e-02
2.136272937059402466e-01
2.817530930042266846e-01
1.447339951992034912e-01
1.873241364955902100e-01
2.643771469593048096e-01
4.338380396366119385e-01
3.080481290817260742e-01
2.001026868820190430e-01
9.207658469676971436e-02
2.628943026065826416e-01
2.126814126968383789e-01
1.516043543815612793e-01
3.895606845617294312e-02
1.773496270179748535e-01
2.124568074941635132e-01
3.574275374412536621e-01
4.876614212989807129e-01
1.105130687355995178e-01
3.152753710746765137e-01
1.220959424972534180e-01
3.903934657573699951e-01
1.438478976488113403e-01
1.469011306762695312e-01
1.679135710000991821e-01
4.809825867414474487e-02
3.728461861610412598e-01
3.857352435588836670e-01
1.821950376033782959e-01
1.753771007061004639e-01
2.013268917798995972e-01
2.208109498023986816e-01
2.149998694658279419e-01
2.784766852855682373e-01
1.852314621210098267e-01
1.253867745399475098e-01
7.916408032178878784e-02
2.914623618125915527e-01
2.997668385505676270e-01
1.882192939519882202e-01
2.242047339677810669e-01
2.403254210948944092e-01
4.127552211284637451e-01
1.665051281452178955e-01
1.634959131479263306e-01
2.372688949108123779e-01
6.750652194023132324e-02
2.082836925983428955e-01
3.363322019577026367e-01
1.697580963373184204e-01
2.053968310356140137e-01
8.934623748064041138e-02
1.136740073561668396e-01
2.560073435306549072e-01
2.395355701446533203e-01
1.766798943281173706e-01
2.565533518791198730e-01
1.925193071365356445e-01
1.925404518842697144e-01
3.566360473632812500e-01
1.845614463090896606e-01
3.386366367340087891e-01
1.356725245714187622e-01
2.016152143478393555e-01
1.488853096961975098e-01
2.932071089744567871e-01
3.243027031421661377e-01
3.277213573455810547e-01
1.935937404632568359e-01
3.371558189392089844e-01
2.815274894237518311e-01
2.740814685821533203e-01
2.582002282142639160e-01
5.951292514801025391e-01
2.433670461177825928e-01
1.819580048322677612e-01
1.865505427122116089e-01
3.032374680042266846e-01
3.389773368835449219e-01
1.835956573486328125e-01
1.711925864219665527e-01
4.732599854469299316e-01
1.668343245983123779e-01
1.682604700326919556e-01
1.400909721851348877e-01
9.168247878551483154e-02
5.086635947227478027e-01
2.107455134391784668e-01
2.498005032539367676e-01
3.114911615848541260e-01
2.293098568916320801e-01
1.887052655220031738e-01
1.950943619012832642e-01
2.103056758642196655e-01
1.800897717475891113e-01
2.620352208614349365e-01
1.040301248431205750e-01
1.522138118743896484e-01
1.671391725540161133e-01
3.344056010246276855e-01
1.882472336292266846e-01
1.832884997129440308e-01
1.916395723819732666e-01
1.230477988719940186e-01
1.435296535491943359e-01
3.698374629020690918e-01
1.430215537548065186e-01
2.372244298458099365e-01
1.595269590616226196e-01
2.018123865127563477e-01
1.995320618152618408e-01
1.094052642583847046e-01
1.064457371830940247e-01
1.505052745342254639e-01
2.013401538133621216e-01
1.946017146110534668e-01
2.154319286346435547e-01
1.717276722192764282e-01
5.850037336349487305e-01
5.128727555274963379e-01
2.825124263763427734e-01
1.300421655178070068e-01
2.943394780158996582e-01
2.401274293661117554e-01
1.717447638511657715e-01
3.687756359577178955e-01
2.104319036006927490e-01
5.741642788052558899e-02
2.018239349126815796e-01
3.495431542396545410e-01
1.060093343257904053e-01
4.076689183712005615e-01
3.538091480731964111e-01
2.881840169429779053e-01
1.277438700199127197e-01
5.015781521797180176e-01
1.812633275985717773e-01
3.880717158317565918e-01
4.043747782707214355e-01
2.348446249961853027e-01
1.356401592493057251e-01
3.488633930683135986e-01
1.885891258716583252e-01
1.494380831718444824e-01
1.661827117204666138e-01
7.851293683052062988e-02
3.320490717887878418e-01
2.875849902629852295e-01
1.239674538373947144e-01
2.743791341781616211e-01
3.200828433036804199e-01
2.464773952960968018e-01
1.127897948026657104e-01
2.310861945152282715e-01
9.555128216743469238e-02
1.121057644486427307e-01
3.036048412322998047e-01
4.108777046203613281e-01
2.100700587034225464e-01
1.165900826454162598e-01
2.483599931001663208e-01
9.927120804786682129e-02
4.696343839168548584e-01
4.351080060005187988e-01
2.217031717300415039e-01
1.013575419783592224e-01
1.932612359523773193e-01
1.415958404541015625e-01
2.777675986289978027e-01
1.863534152507781982e-01
1.071604192256927490e-01
2.072080373764038086e-01
1.773097962141036987e-01
1.658749282360076904e-01
2.725441455841064453e-01
7.866479456424713135e-02
2.052728235721588135e-01
3.049079179763793945e-01
3.566162586212158203e-01
2.307474315166473389e-01
2.413040697574615479e-01
1.710164844989776611e-01
1.311578452587127686e-01
2.467962950468063354e-01
3.912248611450195312e-01
5.657713115215301514e-02
1.415612846612930298e-01
2.607860565185546875e-01
7.724764943122863770e-02
1.848472654819488525e-01
5.804464221000671387e-02
1.576106995344161987e-01
1.226568818092346191e-01
1.672089993953704834e-01
4.502848908305168152e-02
