3.335313200950622559e-01
2.668300867080688477e-01
4.001164436340332031e-01
3.034138679504394531e-01
2.441757619380950928e-01
3.386179804801940918e-01
1.948577761650085449e-01
1.743729114532470703e-01
7.910156846046447754e-01
2.747815847396850586e-01
4.417858123779296875e-01
2.476368993520736694e-01
2.872769236564636230e-01
1.687127798795700073e-01
9.742644429206848145e-02
1.214718446135520935e-01
4.510107040405273438e-01
2.562049329280853271e-01
1.792602837085723877e-01
7.875555753707885742e-02
1.123424544930458069e-01
1.508904248476028442e-01
4.472076147794723511e-02
1.263349801301956177e-01
6.639377772808074951e-02
5.109318718314170837e-02
2.075328677892684937e-01
1.939433813095092773e-01
3.094268143177032471e-01
3.715315163135528564e-01
4.673634171485900879e-01
4.508134722709655762e-01
7.807923555374145508e-01
2.017468661069869995e-01
3.148779571056365967e-01
5.241956710815429688e-01
2.551616728305816650e-01
3.911420106887817383e-01
1.306556612253189087e-01
3.466969430446624756e-01
3.501296043395996094e-01
2.463455498218536377e-01
2.977152764797210693e-01
5.080633163452148438e-01
3.641965091228485107e-01
3.788112401962280273e-01
3.275021612644195557e-01
1.680459380149841309e-01
2.823576927185058594e-01
1.036583334207534790e-01
2.322691082954406738e-01
1.144418865442276001e-01
1.883619278669357300e-01
1.012448593974113464e-01
2.556189596652984619e-01
9.751142561435699463e-02
2.556030154228210449e-01
7.848228514194488525e-02
4.038649797439575195e-01
5.038642883300781250e-01
2.391116619110107422e-01
8.998368680477142334e-02
6.520288437604904175e-02
2.448952645063400269e-01
1.647989153861999512e-01
2.957402765750885010e-01
3.300671279430389404e-01
2.574549913406372070e-01
3.936908841133117676e-01
2.189579904079437256e-01
3.182852864265441895e-01
2.862173318862915039e-01
2.418702542781829834e-01
2.620887160301208496e-01
1.662300229072570801e-01
2.880057096481323242e-01
3.710459470748901367e-01
6.890943646430969238e-02
1.225110292434692383e-01
1.604244410991668701e-01
1.591451913118362427e-01
1.906394958496093750e-01
4.222257807850837708e-02
1.567196100950241089e-01
1.843068003654479980e-01
3.538837134838104248e-01
2.316326797008514404e-01
1.965261250734329224e-01
1.338394880294799805e-01
4.905904531478881836e-01
1.416148841381072998e-01
3.312552869319915771e-01
2.086788415908813477e-01
2.412392050027847290e-01
1.019560247659683228e-01
2.410624623298645020e-01
2.439338862895965576e-01
2.280071973800659180e-01
9.935497492551803589e-02
3.115100562572479248e-01
2.524550259113311768e-01
1.523513048887252808e-01
5.097558498382568359e-01
1.753782182931900024e-01
1.185395270586013794e-01
5.853394418954849243e-02
3.788379132747650146e-01
2.961176633834838867e-01
2.597532272338867188e-01
1.712549924850463867e-01
2.057924568653106689e-01
2.868652939796447754e-01
2.539818882942199707e-01
2.962384819984436035e-01
2.988488078117370605e-01
2.634419500827789307e-01
1.208624914288520813e-01
8.575283735990524292e-02
1.827306449413299561e-01
2.308710217475891113e-01
2.373672723770141602e-01
2.667461037635803223e-01
1.643837094306945801e-01
1.147443354129791260e-01
3.065598011016845703e-01
1.078874096274375916e-01
8.014961332082748413e-02
1.808065921068191528e-01
4.831352829933166504e-01
2.546599209308624268e-01
3.914852440357208252e-02
1.256309449672698975e-01
1.926587820053100586e-01
2.761876583099365234e-01
1.751683056354522705e-01
2.345746457576751709e-01
1.325833499431610107e-01
1.074154004454612732e-01
2.162829339504241943e-01
1.325847506523132324e-01
3.350796997547149658e-01
9.027741849422454834e-02
3.902281820774078369e-01
3.563384413719177246e-01
2.443336546421051025e-01
1.049074754118919373e-01
1.781999170780181885e-01
1.953464150428771973e-01
1.884729564189910889e-01
4.413323700428009033e-01
2.103883177042007446e-01
1.208019852638244629e-01
1.991382986307144165e-01
2.866884469985961914e-01
5.284546613693237305e-01
1.002464741468429565e-01
2.190776020288467407e-01
2.341703176498413086e-01
3.830657005310058594e-01
3.536965250968933105e-01
2.512439489364624023e-01
3.339972794055938721e-01
3.566859960556030273e-01
2.011601030826568604e-01
1.284764260053634644e-01
9.578272700309753418e-02
1.722153425216674805e-01
1.164899766445159912e-01
1.837344467639923096e-01
4.222665429115295410e-01
1.678931266069412231e-01
1.840896010398864746e-01
2.912087440490722656e-01
3.768490850925445557e-01
2.016273736953735352e-01
5.123497247695922852e-01
1.565376967191696167e-01
3.792880475521087646e-01
9.105637669563293457e-02
1.861801743507385254e-01
3.765627741813659668e-01
4.093039333820343018e-01
1.948769688606262207e-01
1.857738047838211060e-01
1.883748173713684082e-01
1.345783621072769165e-01
1.764529943466186523e-01
2.031473517417907715e-01
8.112738281488418579e-02
4.731023907661437988e-01
1.746596544981002808e-01
8.943875879049301147e-02
1.534408628940582275e-01
1.088956966996192932e-01
2.359983921051025391e-01
1.951348483562469482e-01
8.471101522445678711e-02
2.438170462846755981e-01
2.995767891407012939e-01
1.474341750144958496e-01
7.555307447910308838e-02
1.161319017410278320e-01
3.707950115203857422e-01
9.953889995813369751e-02
6.350506544113159180e-01
2.455129623413085938e-01
1.286200135946273804e-01
1.946409046649932861e-01
2.873986363410949707e-01
7.734555751085281372e-02
1.387430727481842041e-01
7.397681474685668945e-02
2.250806093215942383e-01
3.656932115554809570e-01
8.882696926593780518e-02
2.287167310714721680e-01
2.383225411176681519e-01
4.188733696937561035e-01
1.453234106302261353e-01
1.301348507404327393e-01
3.283908665180206299e-01
4.030935466289520264e-01
3.897552788257598877e-01
2.990697622299194336e-01
1.274980157613754272e-01
1.690982580184936523e-01
1.089510023593902588e-01
1.429935842752456665e-01
1.214760988950729370e-01
2.146471738815307617e-01
1.894687414169311523e-01
1.410165876150131226e-01
1.452360451221466064e-01
1.515238583087921143e-01
1.784703731536865234e-01
1.070300340652465820e-01
1.535800844430923462e-01
2.248747497797012329e-01
2.005426734685897827e-01
1.792928576469421387e-01
2.883480191230773926e-01
9.689251333475112915e-02
9.289240837097167969e-02
2.050051987171173096e-01
2.677743136882781982e-01
1.661977022886276245e-01
3.637462258338928223e-01
2.299394309520721436e-01
1.531558483839035034e-01
1.716951131820678711e-01
1.672876179218292236e-01
1.712733805179595947e-01
6.485539674758911133e-01
3.503201007843017578e-01
4.260503053665161133e-01
2.671314179897308350e-01
7.312238216400146484e-02
1.303891539573669434e-01
1.031906306743621826e-01
5.573317036032676697e-02
7.972799986600875854e-02
2.627786397933959961e-01
1.430410146713256836e-01
2.325001060962677002e-01
1.287739276885986328e-01
9.673396497964859009e-02
2.435669600963592529e-01
3.712381422519683838e-01
1.638591289520263672e-01
1.171449050307273865e-01
1.244096532464027405e-01
1.390272676944732666e-01
2.070541381835937500e-01
1.518378853797912598e-01
2.381411194801330566e-01
2.729732394218444824e-01
7.433024048805236816e-02
4.396815001964569092e-01
1.800725460052490234e-01
3.081444799900054932e-01
1.164205223321914673e-01
2.523123025894165039e-01
1.832301914691925049e-01
2.454358935356140137e-01
2.074270248413085938e-01
3.403410613536834717e-01
1.001086682081222534e-01
6.648796051740646362e-02
9.822516888380050659e-02
3.433577120304107666e-01
1.387753039598464966e-01
2.305707037448883057e-01
6.931192427873611450e-02
7.618316262960433960e-02
1.557202190160751343e-01
4.011393189430236816e-01
3.353711068630218506e-01
5.533079504966735840e-01
7.812067270278930664e-01
2.094266414642333984e-01
2.545741796493530273e-01
2.009605169296264648e-01
1.750507950782775879e-01
1.417559385299682617e-01
3.703059852123260498e-01
2.857862710952758789e-01
6.735875457525253296e-02
5.074974298477172852e-01
4.243353009223937988e-01
1.775909364223480225e-01
1.248678192496299744e-01
3.632448911666870117e-01
3.235818743705749512e-01
7.063435018062591553e-02
2.858015000820159912e-01
2.493451833724975586e-01
1.867974847555160522e-01
1.546518057584762573e-01
2.207541167736053467e-01
1.877096891403198242e-01
8.178135752677917480e-02
3.968107104301452637e-01
5.642528533935546875e-01
1.534034162759780884e-01
2.415480017662048340e-01
4.449663758277893066e-01
1.836716830730438232e-01
5.179610103368759155e-02
3.826666474342346191e-01
1.001436114311218262e-01
2.552793622016906738e-01
2.536680400371551514e-01
6.271576881408691406e-02
2.560162544250488281e-01
4.226642251014709473e-01
2.473706603050231934e-01
2.682455182075500488e-01
1.863600313663482666e-01
8.049321919679641724e-02
1.705541908740997314e-01
2.189215719699859619e-01
1.582382023334503174e-01
1.212799102067947388e-01
1.343606710433959961e-01
2.242848426103591919e-01
8.989167213439941406e-02
1.284049898386001587e-01
3.342909514904022217e-01
1.013323962688446045e-01
1.593614071607589722e-01
1.875218302011489868e-01
4.876313805580139160e-01
2.307050079107284546e-01
3.131534457206726074e-01
1.247424185276031494e-01
1.031119227409362793e-01
1.404540389776229858e-01
1.886753737926483154e-01
6.766210496425628662e-02
1.686952412128448486e-01
1.389030516147613525e-01
7.764444500207901001e-02
6.110527515411376953e-01
1.988037824630737305e-01
2.013057619333267212e-01
1.871634125709533691e-01
1.410833448171615601e-01
2.827476859092712402e-01
1.916449666023254395e-01
3.433994650840759277e-01
1.717936247587203979e-01
1.547841727733612061e-01
3.549247384071350098e-01
2.417414933443069458e-01
1.911956071853637695e-01
4.646365642547607422e-01
2.738580703735351562e-01
3.570104241371154785e-01
2.509513497352600098e-01
3.118939697742462158e-01
1.582214087247848511e-01
1.553041636943817139e-01
1.146611422300338745e-01
1.081373840570449829e-01
3.325243592262268066e-01
8.041537553071975708e-02
2.679376602172851562e-01
1.474977284669876099e-01
3.431476056575775146e-01
1.321474313735961914e-01
3.066062927246093750e-01
2.968223094940185547e-01
2.917847633361816406e-01
1.002022624015808105e-01
3.581886887550354004e-01
2.810369133949279785e-01
3.522593379020690918e-01
2.013832032680511475e-01
1.598482578992843628e-01
3.366238474845886230e-01
1.289354264736175537e-01
7.749942541122436523e-01
5.363110899925231934e-01
3.221652507781982422e-01
1.162196099758148193e-01
3.448591232299804688e-01
1.265774220228195190e-01
3.584911823272705078e-01
1.327540278434753418e-01
1.663249731063842773e-01
1.498500704765319824e-01
3.221293091773986816e-01
1.673050373792648315e-01
9.665689617395401001e-02
6.864210218191146851e-02
2.303865849971771240e-01
9.987954795360565186e-02
1.057577431201934814e-01
2.799638807773590088e-01
2.154518663883209229e-01
1.974691450595855713e-01
2.026720046997070312e-01
2.216747105121612549e-01
5.921423807740211487e-02
8.095192909240722656e-02
2.732729911804199219e-01
1.622234880924224854e-01
4.544334411621093750e-01
3.078463673591613770e-01
1.742434352636337280e-01
4.053440988063812256e-01
6.439302116632461548e-02
2.434015870094299316e-01
2.668149173259735107e-01
1.881198585033416748e-01
1.706001907587051392e-01
1.732693016529083252e-01
1.833343654870986938e-01
1.006692200899124146e-01
1.182367131114006042e-01
1.260987818241119385e-01
7.473130524158477783e-02
3.649673163890838623e-01
2.824722528457641602e-01
4.591465592384338379e-01
1.832832396030426025e-01
2.236899435520172119e-01
2.781681716442108154e-01
1.783210039138793945e-01
3.067839741706848145e-01
2.053288668394088745e-01
3.422448933124542236e-01
2.798184156417846680e-01
1.385321170091629028e-01
3.500867784023284912e-01
2.209587693214416504e-01
1.992536634206771851e-01
1.030804812908172607e-01
1.173510700464248657e-01
2.295325845479965210e-01
1.108865737915039062e-01
1.234036460518836975e-01
1.678011417388916016e-01
1.119442284107208252e-01
2.549936175346374512e-01
1.591552793979644775e-02
1.190019920468330383e-01
4.389934241771697998e-01
2.489835321903228760e-01
1.231680363416671753e-01
2.062226682901382446e-01
9.623311460018157959e-02
2.292158156633377075e-01
1.894175857305526733e-01
2.138422429561614990e-01
1.109058931469917297e-01
4.998155683279037476e-02
1.224521547555923462e-01
2.884597778320312500e-01
1.563310772180557251e-01
1.225038841366767883e-01
1.511458307504653931e-01
9.720653295516967773e-02
1.753306984901428223e-01
7.802820205688476562e-01
7.216429114341735840e-01
3.636490702629089355e-01
3.113974630832672119e-01
8.215954154729843140e-02
2.555822730064392090e-01
1.586382687091827393e-01
2.940454483032226562e-01
1.744076162576675415e-01
1.730150580406188965e-01
2.204891741275787354e-01
8.352781087160110474e-02
2.267414331436157227e-01
8.450685441493988037e-02
1.920466721057891846e-01
1.995434463024139404e-01
1.407163441181182861e-01
1.873642057180404663e-01
2.441636323928833008e-01
1.008101403713226318e-01
2.116308957338333130e-01
4.731956124305725098e-01
3.102833330631256104e-01
2.609792053699493408e-01
3.131870329380035400e-01
2.009331285953521729e-01
2.629196047782897949e-01
4.589021205902099609e-01
3.034651875495910645e-01
2.226319313049316406e-01
1.242626458406448364e-01
4.561729431152343750e-01
9.972232580184936523e-02
3.925360739231109619e-01
1.549913436174392700e-01
2.290350049734115601e-01
3.122930526733398438e-01
2.658701539039611816e-01
2.649746239185333252e-01
3.422229290008544922e-01
2.715864777565002441e-01
2.983002662658691406e-01
1.564029902219772339e-01
7.128468155860900879e-02
4.228069633245468140e-02
6.353834867477416992e-01
5.010448396205902100e-02
2.700027823448181152e-01
2.702675163745880127e-01
2.081580460071563721e-01
3.270078897476196289e-01
2.191154956817626953e-01
2.922540307044982910e-01
2.423183172941207886e-01
2.162308692932128906e-01
3.242688775062561035e-01
1.369991898536682129e-01
1.332663446664810181e-01
1.906087994575500488e-01
2.042411416769027710e-01
3.370181322097778320e-01
2.279324084520339966e-01
4.117078185081481934e-01
1.767167448997497559e-01
3.229784667491912842e-01
1.309502124786376953e-01
2.966304123401641846e-01
2.766323387622833252e-01
1.039099246263504028e-01
1.710560023784637451e-01
1.402696818113327026e-01
1.106003820896148682e-01
1.876485645771026611e-01
1.111101433634757996e-01
1.540271788835525513e-01
1.853591948747634888e-01
3.939068913459777832e-01
1.286428272724151611e-01
1.711325943470001221e-01
1.879454553127288818e-01
6.598892807960510254e-02
2.152107357978820801e-01
1.523315310478210449e-01
9.384384751319885254e-02
5.264379978179931641e-01
9.991341829299926758e-02
1.359615176916122437e-01
1.236077100038528442e-01
1.676090210676193237e-01
1.054676622152328491e-01
2.263013124465942383e-01
1.414089351892471313e-01
7.553299516439437866e-02
2.347804456949234009e-01
9.049083292484283447e-02
2.367618829011917114e-01
1.672234535217285156e-01
1.195997521281242371e-01
2.362998127937316895e-01
1.009149551391601562e-01
2.943353652954101562e-01
1.741016656160354614e-01
2.907073795795440674e-01
1.169603168964385986e-01
2.441845685243606567e-01
1.730124801397323608e-01
5.389721393585205078e-01
1.110787764191627502e-01
2.150231599807739258e-01
9.502445906400680542e-02
5.527468919754028320e-01
2.134793400764465332e-01
3.475723564624786377e-01
2.700025215744972229e-02
1.006895378232002258e-01
3.724214136600494385e-01
6.144986748695373535e-01
8.944382518529891968e-02
2.153188586235046387e-01
2.802681624889373779e-01
4.468987584114074707e-01
4.723597764968872070e-01
2.015713602304458618e-01
1.189999878406524658e-01
3.079946637153625488e-01
1.607050895690917969e-01
1.167063191533088684e-01
3.121910095214843750e-01
5.136472731828689575e-02
3.401097655296325684e-01
4.248506724834442139e-01
1.166337281465530396e-01
2.176216691732406616e-01
3.724503219127655029e-01
2.131094634532928467e-01
7.742083072662353516e-01
2.708795964717864990e-01
1.816931068897247314e-01
2.286707311868667603e-01
1.256887018680572510e-01
2.360142469406127930e-01
2.364999949932098389e-01
1.308323442935943604e-01
2.222245037555694580e-01
9.068018198013305664e-02
1.218354925513267517e-01
1.404829621315002441e-01
2.095395028591156006e-01
5.384832993149757385e-02
2.143017351627349854e-01
5.242965221405029297e-01
1.996921747922897339e-01
1.468850970268249512e-01
3.062114715576171875e-01
1.203341707587242126e-01
7.326717674732208252e-02
1.502381861209869385e-01
1.265555620193481445e-01
4.266321361064910889e-01
1.559758186340332031e-01
3.701130151748657227e-01
1.339775919914245605e-01
3.392811715602874756e-01
3.537382483482360840e-01
2.846903204917907715e-01
1.778208911418914795e-01
1.914469599723815918e-01
1.167249381542205811e-01
1.517362743616104126e-01
2.178350687026977539e-01
1.776938140392303467e-01
1.793117523193359375e-01
4.234609603881835938e-01
1.763973385095596313e-01
3.520115017890930176e-01
2.179586291313171387e-01
1.936913132667541504e-01
1.488406211137771606e-01
1.554348617792129517e-01
1.325488388538360596e-01
6.591267883777618408e-02
3.537024855613708496e-01
1.370872259140014648e-01
1.339058429002761841e-01
1.679654419422149658e-01
4.577621221542358398e-01
1.135242879390716553e-01
3.187118768692016602e-01
1.634544879198074341e-01
2.782748043537139893e-01
2.152403444051742554e-01
1.001773700118064880e-01
4.076949357986450195e-01
1.821053624153137207e-01
1.105377897620201111e-01
1.257456243038177490e-01
1.309432834386825562e-01
1.274753957986831665e-01
3.406156301498413086e-01
2.191524505615234375e-01
3.669292926788330078e-01
2.163513600826263428e-01
1.295048594474792480e-01
1.161715984344482422e-01
3.484693467617034912e-01
1.707800179719924927e-01
1.618719995021820068e-01
6.635707616806030273e-02
2.842388749122619629e-01
2.497243434190750122e-01
3.475587964057922363e-01
2.516550421714782715e-01
3.344806432723999023e-01
1.655704081058502197e-01
2.877804636955261230e-01
2.832562625408172607e-01
4.417015016078948975e-01
1.498149633407592773e-01
2.670314311981201172e-01
2.723361253738403320e-01
2.688155770301818848e-01
2.321994900703430176e-01
7.793456315994262695e-02
2.034357488155364990e-01
8.611103892326354980e-02
2.114545404911041260e-01
2.182233631610870361e-01
1.604340225458145142e-01
3.092943727970123291e-01
4.460512399673461914e-01
2.416976392269134521e-01
2.299301773309707642e-01
2.891848683357238770e-01
1.525336503982543945e-01
2.345397174358367920e-01
1.159773319959640503e-01
2.461893111467361450e-01
1.969199180603027344e-01
1.614396125078201294e-01
4.526113569736480713e-01
3.206519782543182373e-01
2.694399356842041016e-01
3.900475502014160156e-01
2.054055929183959961e-01
2.408206760883331299e-01
1.500797271728515625e-01
2.727078497409820557e-01
1.717216670513153076e-01
3.239797651767730713e-01
1.606976836919784546e-01
7.944213598966598511e-02
4.558269977569580078e-01
2.189779877662658691e-01
3.507126569747924805e-01
1.689981520175933838e-01
3.281073570251464844e-01
7.153396010398864746e-01
2.019327878952026367e-01
2.335258722305297852e-01
1.394535303115844727e-01
3.711407780647277832e-01
2.331040650606155396e-01
2.174122631549835205e-01
1.279648542404174805e-01
1.054769828915596008e-01
2.539674341678619385e-01
2.358978837728500366e-01
1.933453083038330078e-01
2.604089975357055664e-01
3.107876777648925781e-01
4.932333230972290039e-01
2.455897629261016846e-01
2.718923091888427734e-01
7.175473868846893311e-02
1.190756037831306458e-01
5.358890444040298462e-02
2.868993282318115234e-01
3.412822484970092773e-01
1.494685262441635132e-01
1.654020249843597412e-01
1.251035332679748535e-01
1.312769651412963867e-01
7.138482481241226196e-02
1.859955191612243652e-01
9.398971498012542725e-02
2.556880414485931396e-01
3.408923149108886719e-01
2.464219927787780762e-01
1.177352517843246460e-01
4.675993621349334717e-01
1.654467284679412842e-01
2.400851100683212280e-01
1.391180753707885742e-01
1.390679925680160522e-01
7.891318947076797485e-02
3.805793449282646179e-02
4.967461824417114258e-01
2.004345059394836426e-01
6.953744590282440186e-02
2.556354701519012451e-01
1.875135898590087891e-01
2.406348884105682373e-01
1.816481053829193115e-01
8.654563128948211670e-02
1.833484768867492676e-01
2.905206084251403809e-01
2.061178237199783325e-01
2.588027119636535645e-01
3.050039112567901611e-01
3.846169114112854004e-01
3.391060829162597656e-01
2.022912651300430298e-01
2.862097024917602539e-01
1.452611535787582397e-01
1.434240490198135376e-01
5.892504006624221802e-02
2.025117427110671997e-01
1.200419440865516663e-01
1.240146905183792114e-01
1.646943986415863037e-01
1.453343182802200317e-01
1.858060061931610107e-01
3.219942450523376465e-01
1.177256032824516296e-01
3.821506500244140625e-01
8.898348361253738403e-02
2.749001085758209229e-01
1.022557020187377930e-01
1.889669597148895264e-01
2.564440667629241943e-01
2.356699407100677490e-01
5.131995305418968201e-02
8.178278058767318726e-02
3.628981709480285645e-01
4.910748004913330078e-01
3.815940022468566895e-01
1.285510808229446411e-01
1.536406427621841431e-01
1.243075877428054810e-01
2.910044193267822266e-01
2.329439520835876465e-01
1.611578762531280518e-01
6.048880219459533691e-01
2.454421222209930420e-01
3.066583871841430664e-01
2.695020139217376709e-01
2.408222556114196777e-01
1.940233111381530762e-01
1.834711581468582153e-01
2.982257008552551270e-01
1.284768879413604736e-01
3.175890445709228516e-01
2.874419987201690674e-01
1.126904115080833435e-01
1.773246824741363525e-01
1.781566441059112549e-01
2.481744587421417236e-01
5.033845454454421997e-02
3.905949741601943970e-02
7.749253511428833008e-02
1.564717292785644531e-01
1.745317578315734863e-01
7.629629969596862793e-02
1.255453526973724365e-01
2.796295583248138428e-01
1.818761229515075684e-01
2.212787121534347534e-01
2.022335678339004517e-01
1.779937744140625000e-01
1.394227445125579834e-01
2.579099237918853760e-01
4.522060751914978027e-01
3.392196893692016602e-01
2.830191850662231445e-01
3.328111767768859863e-01
2.333585619926452637e-01
2.258001267910003662e-01
1.390321403741836548e-01
2.120996862649917603e-01
3.843248486518859863e-01
1.840932071208953857e-01
8.030702918767929077e-02
1.897525787353515625e-01
1.203803569078445435e-01
1.776434630155563354e-01
3.180907368659973145e-01
2.212117910385131836e-01
3.407625257968902588e-01
8.037754893302917480e-02
2.257893383502960205e-01
1.776147782802581787e-01
1.338654905557632446e-01
1.353333294391632080e-01
2.424145340919494629e-01
1.681637465953826904e-01
1.680314540863037109e-01
2.590547800064086914e-01
1.412372440099716187e-01
5.220773220062255859e-01
1.757030785083770752e-01
1.401754021644592285e-01
2.595594823360443115e-01
2.611110806465148926e-01
2.246099412441253662e-01
2.947427034378051758e-01
1.962875425815582275e-01
5.376907587051391602e-01
1.871053278446197510e-01
8.557599782943725586e-02
9.127800166606903076e-02
1.176336035132408142e-01
2.684839963912963867e-01
8.301068842411041260e-02
2.267222255468368530e-01
1.609264463186264038e-01
1.899911910295486450e-01
5.729135274887084961e-01
1.938067525625228882e-01
1.058568134903907776e-01
4.476863145828247070e-01
1.607222259044647217e-01
8.530464023351669312e-02
1.784062385559082031e-01
3.207888007164001465e-01
1.575846225023269653e-01
2.932377159595489502e-01
1.711643040180206299e-01
2.187074571847915649e-01
3.905709385871887207e-01
8.400425314903259277e-02
1.319386661052703857e-01
1.733668744564056396e-01
1.315990984439849854e-01
2.318901717662811279e-01
7.795619964599609375e-02
6.020618975162506104e-02
1.838878691196441650e-01
9.796595573425292969e-02
1.402456611394882202e-01
2.200803309679031372e-01
2.413952499628067017e-01
1.546145528554916382e-01
3.046405017375946045e-01
2.034795880317687988e-01
2.436910569667816162e-01
3.313154578208923340e-01
2.059073001146316528e-01
3.623950481414794922e-01
3.441496193408966064e-01
7.050853967666625977e-02
1.355334073305130005e-01
1.688586324453353882e-01
1.418058574199676514e-01
2.321663796901702881e-01
3.541970252990722656e-01
2.011516988277435303e-01
1.234117969870567322e-01
1.313539743423461914e-01
9.608805179595947266e-02
2.358546555042266846e-01
1.271421760320663452e-01
1.094354540109634399e-01
6.831912696361541748e-02
5.628259479999542236e-02
5.682129859924316406e-01
1.067649200558662415e-01
1.627647280693054199e-01
1.269843876361846924e-01
2.541111409664154053e-01
1.050037741661071777e-01
1.171443611383438110e-01
2.818321287631988525e-01
3.012096583843231201e-01
1.351605504751205444e-01
1.238951310515403748e-01
1.818441748619079590e-01
4.364309906959533691e-01
4.694458842277526855e-01
5.151861906051635742e-01
3.501419126987457275e-01
1.496984958648681641e-01
1.941568404436111450e-01
3.135163486003875732e-01
2.445725947618484497e-01
2.527971267700195312e-01
2.213342785835266113e-01
6.264114379882812500e-02
2.764935195446014404e-01
1.680837571620941162e-01
3.412631452083587646e-01
2.351781427860260010e-01
9.651981294155120850e-02
1.619511842727661133e-01
2.546745538711547852e-01
3.475959599018096924e-01
3.717416822910308838e-01
4.098268449306488037e-01
1.548231840133666992e-01
3.100603818893432617e-01
1.748735606670379639e-01
1.450991630554199219e-01
2.665696442127227783e-01
2.123186886310577393e-01
5.667876452207565308e-02
4.186427593231201172e-02
3.361646831035614014e-02
3.003535568714141846e-01
1.812339127063751221e-01
1.436294019222259521e-01
3.505386412143707275e-01
7.022221386432647705e-02
2.195279896259307861e-01
2.363258302211761475e-01
2.157745957374572754e-01
1.542694419622421265e-01
3.458771854639053345e-02
2.070576250553131104e-01
3.382188081741333008e-02
2.281596958637237549e-01
1.779551357030868530e-01
2.931562662124633789e-01
7.032439112663269043e-01
7.832000404596328735e-02
1.961520314216613770e-01
4.338727593421936035e-01
2.967273294925689697e-01
4.341365694999694824e-01
3.434482812881469727e-01
4.328225255012512207e-01
3.152868151664733887e-01
2.694173157215118408e-01
2.219470143318176270e-01
1.875906586647033691e-01
2.289272844791412354e-01
1.640228629112243652e-01
1.599959135055541992e-01
4.866911768913269043e-01
4.773740768432617188e-01
2.354347705841064453e-01
8.611565083265304565e-02
1.794466078281402588e-01
2.887592650949954987e-02
1.532330513000488281e-01
1.022405475378036499e-01
1.797126084566116333e-01
2.031315565109252930e-01
2.739084362983703613e-01
3.455641865730285645e-01
1.381573975086212158e-01
5.293973088264465332e-01
3.079933822154998779e-01
2.358080744743347168e-01
3.702026903629302979e-01
1.668559908866882324e-01
1.068955957889556885e-01
1.722302883863449097e-01
2.409211546182632446e-01
4.351267218589782715e-01
2.702130675315856934e-01
1.152428537607192993e-01
1.734109073877334595e-01
4.546457231044769287e-01
2.995501756668090820e-01
4.129743576049804688e-01
4.812014997005462646e-01
2.458670586347579956e-01
5.734964609146118164e-01
1.229344010353088379e-01
8.709999918937683105e-02
4.318056106567382812e-01
3.021136820316314697e-01
4.329256117343902588e-01
6.107266619801521301e-02
3.386073112487792969e-01
7.308360189199447632e-02
2.800178527832031250e-01
1.388853490352630615e-01
3.927239775657653809e-01
2.484496235847473145e-01
1.975522935390472412e-01
1.950537413358688354e-01
1.831500679254531860e-01
2.293065786361694336e-01
2.467239797115325928e-01
1.847435683012008667e-01
3.003018796443939209e-01
2.749451994895935059e-01
1.269109696149826050e-01
1.975840181112289429e-01
2.036881893873214722e-01
1.111797466874122620e-01
5.101695060729980469e-01
4.310725331306457520e-01
3.750126063823699951e-01
4.818325340747833252e-01
2.390430718660354614e-01
2.920442819595336914e-01
1.648712903261184692e-01
3.237547874450683594e-01
2.939474880695343018e-01
1.414146274328231812e-01
4.023974537849426270e-01
3.996688723564147949e-01
1.176578253507614136e-01
2.593917250633239746e-01
9.979520738124847412e-02
1.461438536643981934e-01
6.514281630516052246e-01
2.339204996824264526e-01
6.128130853176116943e-02
1.104772239923477173e-01
4.110344350337982178e-01
5.903608798980712891e-01
2.025347352027893066e-01
2.680381834506988525e-01
1.925499886274337769e-01
2.495869696140289307e-01
2.506758570671081543e-01
3.182122707366943359e-01
6.747195869684219360e-02
1.194690689444541931e-01
3.347937464714050293e-01
1.647717654705047607e-01
1.493462026119232178e-01
1.819121390581130981e-01
4.560576751828193665e-02
1.998043656349182129e-01
2.148873507976531982e-01
1.285903751850128174e-01
1.501178890466690063e-01
2.420105189085006714e-01
3.002340793609619141e-01
1.120117232203483582e-01
2.306113243103027344e-01
5.395070314407348633e-01
2.332147359848022461e-01
3.813226819038391113e-01
2.130602300167083740e-01
1.625888347625732422e-01
3.443166613578796387e-01
1.223974898457527161e-01
1.630236208438873291e-01
3.280048370361328125e-01
1.786208897829055786e-01
2.184113860130310059e-01
3.865839242935180664e-01
3.263034224510192871e-01
1.069658324122428894e-01
2.417008578777313232e-01
4.368526339530944824e-01
1.577371954917907715e-01
2.203485369682312012e-01
3.048472702503204346e-01
1.072602346539497375e-01
2.191002815961837769e-01
1.540014147758483887e-01
1.667875349521636963e-01
3.510172367095947266e-01
1.785259097814559937e-01
1.217133924365043640e-01
2.059366106986999512e-01
2.527854442596435547e-01
2.238542735576629639e-01
1.124336943030357361e-01
6.667107343673706055e-02
1.368453800678253174e-01
1.131100207567214966e-01
2.255626320838928223e-01
1.540290713310241699e-01
5.072191953659057617e-01
9.935522079467773438e-02
2.000508904457092285e-01
7.072111964225769043e-02
2.203878462314605713e-01
6.281886994838714600e-02
1.436269283294677734e-01
2.346355468034744263e-01
3.909037113189697266e-01
1.350570321083068848e-01
1.624274104833602905e-01
2.824849486351013184e-01
2.647784650325775146e-01
3.624266982078552246e-01
1.561898291110992432e-01
4.018924757838249207e-02
4.633405804634094238e-01
3.100586831569671631e-01
1.510919332504272461e-01
3.682770133018493652e-01
3.539882302284240723e-01
3.197751045227050781e-01
1.339426785707473755e-01
1.910487413406372070e-01
4.251535832881927490e-01
2.081389725208282471e-01
1.125013753771781921e-01
4.814684018492698669e-02
3.380682170391082764e-01
1.727196574211120605e-01
9.165743738412857056e-02
1.709794253110885620e-01
1.634114831686019897e-01
1.186308488249778748e-01
2.627639770507812500e-01
2.803743481636047363e-01
1.022372618317604065e-01
1.910061240196228027e-01
1.333192139863967896e-01
1.090177223086357117e-01
2.566789388656616211e-01
2.250565886497497559e-01
1.831286847591400146e-01
1.968396306037902832e-01
1.322464197874069214e-01
2.021116763353347778e-01
1.260170638561248779e-01
2.053072601556777954e-01
2.444101870059967041e-01
3.202854692935943604e-01
2.102094888687133789e-01
1.298570334911346436e-01
2.923201024532318115e-01
6.942004710435867310e-02
2.813383936882019043e-01
1.368701457977294922e-01
2.655194401741027832e-01
2.066546976566314697e-01
1.984166353940963745e-01
1.038979813456535339e-01
2.108555585145950317e-01
1.923407465219497681e-01
1.052479296922683716e-01
3.073561489582061768e-01
3.633207976818084717e-01
1.492798924446105957e-01
1.233537867665290833e-01
7.214693427085876465e-01
4.578353166580200195e-01
2.662721574306488037e-01
3.423653244972229004e-01
8.142711222171783447e-02
2.607392072677612305e-01
1.632733643054962158e-01
2.255783528089523315e-01
2.196056395769119263e-01
4.178579151630401611e-01
1.783128231763839722e-01
1.652747839689254761e-01
2.749560475349426270e-01
2.021567225456237793e-01
2.110652923583984375e-01
3.934581875801086426e-01
2.733510434627532959e-01
2.731628715991973877e-01
1.585216373205184937e-01
1.024503335356712341e-01
5.053865313529968262e-01
4.253537356853485107e-01
1.783816963434219360e-01
1.360459625720977783e-01
1.648283153772354126e-01
1.616808585822582245e-02
