1.586594730615615845e-01
3.198986947536468506e-01
9.238313138484954834e-02
2.919001579284667969e-01
2.891634702682495117e-01
4.055098816752433777e-02
1.197159588336944580e-01
1.880933344364166260e-01
1.307520121335983276e-01
8.089604973793029785e-02
9.586303681135177612e-02
1.977561265230178833e-01
4.742911085486412048e-02
4.319228976964950562e-02
1.432791948318481445e-01
1.562411487102508545e-01
8.233363926410675049e-02
3.728717565536499023e-01
1.142444983124732971e-01
6.916049122810363770e-02
2.485067397356033325e-01
1.398825645446777344e-01
1.916483044624328613e-01
4.295468702912330627e-02
1.618983745574951172e-01
5.838781595230102539e-02
1.043741479516029358e-01
3.980918973684310913e-02
3.779085278511047363e-01
1.305498480796813965e-01
9.510426223278045654e-02
1.108824461698532104e-01
4.954774677753448486e-02
8.289664238691329956e-02
1.265327930450439453e-01
1.005463749170303345e-01
9.738975018262863159e-02
1.163408905267715454e-01
1.462654173374176025e-01
2.660940885543823242e-01
2.307226955890655518e-01
6.754618883132934570e-02
1.107951626181602478e-01
5.888141319155693054e-02
1.100778579711914062e-01
8.337714523077011108e-02
1.975133828818798065e-02
3.354834616184234619e-01
1.331560164690017700e-01
2.868249118328094482e-01
1.369387060403823853e-01
1.245747804641723633e-01
1.376547962427139282e-01
7.525110244750976562e-02
8.613362908363342285e-02
8.647425472736358643e-02
2.026252448558807373e-01
1.716029793024063110e-01
2.806141376495361328e-01
8.630923926830291748e-02
2.443747073411941528e-01
6.295262277126312256e-02
4.635087400674819946e-02
1.639124006032943726e-01
2.008368521928787231e-01
1.296784728765487671e-01
1.664123982191085815e-01
2.426900267601013184e-01
1.545676290988922119e-01
9.981077909469604492e-02
2.988462448120117188e-01
1.115601658821105957e-01
2.112705409526824951e-01
3.166751191020011902e-02
1.502355486154556274e-01
9.633854031562805176e-02
1.812161952257156372e-01
1.884333789348602295e-01
2.754694819450378418e-01
1.204298883676528931e-01
1.896913349628448486e-01
5.847988277673721313e-02
3.934544324874877930e-01
1.627891063690185547e-01
2.264636307954788208e-01
1.038057580590248108e-01
1.712608337402343750e-01
3.770296871662139893e-01
2.397106140851974487e-01
1.044796481728553772e-01
1.366439610719680786e-01
1.205805987119674683e-01
1.247072070837020874e-01
1.007037982344627380e-01
2.785509228706359863e-01
2.648460865020751953e-01
2.108968198299407959e-01
6.257273256778717041e-02
1.172129437327384949e-01
6.162058562040328979e-02
2.683863043785095215e-01
1.926229149103164673e-01
1.536938548088073730e-01
2.344934940338134766e-01
1.022475212812423706e-01
2.062376737594604492e-01
1.414875239133834839e-01
8.713240176439285278e-02
1.365075856447219849e-01
1.821968555450439453e-01
1.753256171941757202e-01
1.494763940572738647e-01
1.951723247766494751e-01
1.261118054389953613e-01
1.925320476293563843e-01
8.657971769571304321e-02
4.879191517829895020e-02
2.594899013638496399e-02
5.879443138837814331e-02
1.186230853199958801e-01
7.903709262609481812e-02
1.136369183659553528e-01
2.518281340599060059e-01
1.774105429649353027e-01
2.809212207794189453e-01
1.035286262631416321e-01
1.082371920347213745e-01
4.845192655920982361e-02
1.439094543457031250e-01
3.286100625991821289e-01
2.009936571121215820e-01
2.393250912427902222e-01
2.371446639299392700e-01
2.602529823780059814e-01
1.879182308912277222e-01
9.558764100074768066e-02
1.713798940181732178e-01
5.862571299076080322e-02
2.975096702575683594e-01
1.440446376800537109e-01
2.250120975077152252e-02
5.271267145872116089e-02
4.199529439210891724e-02
2.282859086990356445e-01
1.187274083495140076e-01
4.079028964042663574e-02
5.115005373954772949e-02
1.622142791748046875e-01
1.114215031266212463e-01
1.992470324039459229e-01
2.355898320674896240e-01
9.720481932163238525e-02
9.911811351776123047e-02
8.716611564159393311e-02
1.949624568223953247e-01
1.733988523483276367e-01
2.272772341966629028e-01
7.903311252593994141e-01
2.739892899990081787e-01
1.736798435449600220e-01
1.472007334232330322e-01
5.905349254608154297e-01
1.753999888896942139e-01
1.878969222307205200e-01
1.924486272037029266e-02
7.047540545463562012e-01
2.164345681667327881e-01
2.239331007003784180e-01
2.548291683197021484e-01
1.801916062831878662e-01
2.098740041255950928e-01
3.516251444816589355e-01
5.527874827384948730e-01
1.316660940647125244e-01
1.042624711990356445e-01
1.510245800018310547e-01
1.793607771396636963e-01
2.105486243963241577e-01
8.579568564891815186e-02
3.518461585044860840e-01
2.398609369993209839e-01
2.887252569198608398e-01
1.578620225191116333e-01
2.625953555107116699e-01
1.395417451858520508e-01
1.093184724450111389e-01
1.277286410331726074e-01
2.376779615879058838e-01
2.700593881309032440e-02
3.008100017905235291e-02
2.375962436199188232e-01
8.680382370948791504e-02
2.270454615354537964e-01
5.494671314954757690e-02
1.821623444557189941e-01
1.851608008146286011e-01
2.426307052373886108e-01
1.355942338705062866e-01
3.291697502136230469e-01
8.426761627197265625e-02
1.153601109981536865e-01
7.407497614622116089e-02
6.964757293462753296e-02
2.366767078638076782e-01
1.607607752084732056e-01
2.058817446231842041e-01
1.123857423663139343e-01
2.580445706844329834e-01
9.268308430910110474e-02
3.312867507338523865e-02
8.046669512987136841e-02
2.092053294181823730e-01
1.114089339971542358e-01
6.986702978610992432e-02
1.344255805015563965e-01
1.381544917821884155e-01
5.875547230243682861e-02
8.789736032485961914e-02
3.473684191703796387e-01
8.357444405555725098e-02
8.794714510440826416e-02
1.324824392795562744e-01
9.002928435802459717e-02
1.802027523517608643e-01
1.690278947353363037e-01
1.131909787654876709e-01
1.940802782773971558e-01
1.270887106657028198e-01
2.958956174552440643e-02
2.339379340410232544e-01
4.284640848636627197e-01
1.387636661529541016e-01
2.319788932800292969e-01
5.847128853201866150e-02
1.438436359167098999e-01
1.729282587766647339e-01
2.600378692150115967e-01
1.113548874855041504e-01
1.517486274242401123e-01
1.938975751399993896e-01
1.350225359201431274e-01
1.749670803546905518e-01
5.245065093040466309e-01
1.107432693243026733e-01
7.886597514152526855e-02
1.406408846378326416e-01
6.264409422874450684e-02
1.270937025547027588e-01
2.836029827594757080e-01
1.062178611755371094e-01
5.208991095423698425e-02
2.217735052108764648e-01
1.396502256393432617e-01
7.764095067977905273e-02
1.862522512674331665e-01
3.680554330348968506e-01
5.116989836096763611e-02
1.252982616424560547e-01
1.492415666580200195e-01
1.273099482059478760e-01
2.666269540786743164e-01
1.806517541408538818e-01
3.523170650005340576e-01
2.822084426879882812e-01
1.576761007308959961e-01
3.064585328102111816e-01
2.027700841426849365e-01
3.358091711997985840e-01
1.370539069175720215e-01
4.590750932693481445e-01
6.496916711330413818e-02
2.640170753002166748e-01
1.248941272497177124e-01
3.010839819908142090e-01
1.692556440830230713e-01
1.822962611913681030e-01
1.629378497600555420e-01
1.144573763012886047e-01
6.597594916820526123e-02
1.443275809288024902e-01
1.181537210941314697e-01
1.059058457612991333e-01
1.679722219705581665e-01
9.013305604457855225e-02
1.655348986387252808e-01
3.955384790897369385e-01
1.733093112707138062e-01
7.231332361698150635e-02
1.412971615791320801e-01
1.301222592592239380e-01
2.662180662155151367e-01
2.648014426231384277e-01
1.303880810737609863e-01
1.373733878135681152e-01
7.887288928031921387e-02
1.379045397043228149e-01
9.234069287776947021e-02
5.477347224950790405e-02
3.935516625642776489e-02
2.405330836772918701e-01
1.654779613018035889e-01
5.901529267430305481e-02
1.581113934516906738e-01
1.603833436965942383e-01
4.287011027336120605e-01
1.059158071875572205e-01
2.159958034753799438e-01
2.122867703437805176e-01
8.869515359401702881e-02
1.552591621875762939e-01
1.668931841850280762e-01
2.426012754440307617e-01
1.365431696176528931e-01
3.065475821495056152e-01
1.584941893815994263e-01
7.623742520809173584e-02
1.951437890529632568e-01
1.481721699237823486e-01
1.413683295249938965e-01
1.596046388149261475e-01
7.026687264442443848e-02
1.045775860548019409e-01
2.322770208120346069e-01
2.875213027000427246e-01
9.921043366193771362e-02
1.016726046800613403e-01
8.248943090438842773e-02
8.201731741428375244e-02
2.332994937896728516e-01
3.282053768634796143e-01
1.164795905351638794e-01
1.526859849691390991e-01
1.175534278154373169e-01
2.604529857635498047e-01
5.808134377002716064e-02
1.014042943716049194e-01
1.882305443286895752e-01
1.360738277435302734e-01
1.829212605953216553e-01
2.780060768127441406e-01
1.859803795814514160e-01
2.178680002689361572e-01
4.995588064193725586e-01
1.661840826272964478e-01
1.889305710792541504e-01
1.180302575230598450e-01
1.065692678093910217e-01
1.165512055158615112e-01
7.384348660707473755e-02
2.171102911233901978e-01
6.758625805377960205e-02
7.886103540658950806e-02
8.783052861690521240e-02
4.679315537214279175e-02
7.387018948793411255e-02
2.248881608247756958e-01
9.259755909442901611e-02
9.940972924232482910e-02
5.726405978202819824e-02
7.217688858509063721e-02
9.201458841562271118e-02
1.046039685606956482e-01
1.499838382005691528e-01
2.325752675533294678e-01
3.558998107910156250e-01
4.081653803586959839e-02
2.030013203620910645e-01
1.943418085575103760e-01
4.702645167708396912e-02
2.465658932924270630e-01
1.293904781341552734e-01
1.438380330801010132e-01
1.053856685757637024e-01
9.262381494045257568e-02
2.284431457519531250e-01
1.099536716938018799e-01
1.387465000152587891e-01
2.988002449274063110e-02
8.665113151073455811e-02
4.397830367088317871e-02
1.314964294433593750e-01
1.274299621582031250e-01
2.238628566265106201e-01
1.942007094621658325e-01
2.222917377948760986e-01
3.600364923477172852e-01
3.249423950910568237e-02
1.192377656698226929e-01
1.904481053352355957e-01
4.611338973045349121e-01
1.265393048524856567e-01
8.890850841999053955e-02
9.178252518177032471e-02
1.162227392196655273e-01
2.642165422439575195e-01
3.543490916490554810e-02
4.671705514192581177e-02
2.271100729703903198e-01
1.535372138023376465e-01
9.146230667829513550e-02
9.188362210988998413e-02
2.862554192543029785e-01
2.107662707567214966e-01
3.826026916503906250e-01
3.292723298072814941e-01
7.147875428199768066e-02
1.419991999864578247e-01
1.279342770576477051e-01
3.255921602249145508e-01
4.250159859657287598e-01
1.776845604181289673e-01
1.735489666461944580e-01
1.924004554748535156e-01
1.182473525404930115e-01
1.758059412240982056e-01
3.843336924910545349e-02
1.933855861425399780e-01
8.891479671001434326e-02
9.437228739261627197e-02
2.108256965875625610e-01
8.112716674804687500e-02
1.453541517257690430e-01
7.947120070457458496e-02
2.124880254268646240e-01
2.797045707702636719e-01
2.196604609489440918e-01
1.185844838619232178e-01
1.117978766560554504e-01
2.669364213943481445e-01
2.744485139846801758e-01
1.971528977155685425e-01
8.428245037794113159e-02
1.528091281652450562e-01
7.324664294719696045e-02
1.193085089325904846e-01
2.694283723831176758e-01
1.478335708379745483e-01
2.257334291934967041e-01
3.279187083244323730e-01
1.869829297065734863e-01
2.717421650886535645e-01
4.523481726646423340e-01
2.666197717189788818e-01
3.635119497776031494e-01
1.487387418746948242e-01
1.244852542877197266e-01
2.596792578697204590e-01
2.093237489461898804e-01
2.461028546094894409e-01
3.388261497020721436e-01
1.995526403188705444e-01
6.857290118932723999e-02
9.997168183326721191e-02
2.813868224620819092e-01
1.764626801013946533e-01
9.305183589458465576e-02
2.073938548564910889e-01
3.344534337520599365e-01
2.582660913467407227e-01
1.396691352128982544e-01
1.684731841087341309e-01
2.332257330417633057e-01
4.445160925388336182e-02
1.253355443477630615e-01
1.792265772819519043e-01
1.995245218276977539e-01
1.672710925340652466e-01
2.826165966689586639e-02
3.968041837215423584e-01
6.046552956104278564e-02
3.588751554489135742e-01
2.046499848365783691e-01
2.762031555175781250e-01
2.046885043382644653e-01
1.379853487014770508e-01
2.431460022926330566e-01
9.748041629791259766e-02
1.109196320176124573e-01
1.059584543108940125e-01
5.695720389485359192e-02
5.896141752600669861e-02
9.187377989292144775e-02
1.217199340462684631e-01
4.253477230668067932e-02
2.089996933937072754e-01
6.341513246297836304e-02
2.342813163995742798e-01
1.859842836856842041e-01
1.671836674213409424e-01
1.974579691886901855e-01
9.014796465635299683e-02
3.368466496467590332e-01
1.548286974430084229e-01
2.137694060802459717e-01
3.556126654148101807e-01
4.290206432342529297e-01
1.345451325178146362e-01
3.173752725124359131e-01
1.090808808803558350e-01
2.652029097080230713e-01
1.076759099960327148e-01
1.086941510438919067e-01
2.771970629692077637e-01
1.374370455741882324e-01
2.184503376483917236e-01
1.025739461183547974e-01
1.217648088932037354e-01
2.594712674617767334e-01
2.266390621662139893e-01
1.079144328832626343e-01
6.562681496143341064e-02
2.999735772609710693e-01
5.983633548021316528e-02
1.428028643131256104e-01
3.617444634437561035e-02
1.819902360439300537e-01
1.856851279735565186e-01
3.607963919639587402e-01
1.403199434280395508e-01
1.297493278980255127e-01
1.578982174396514893e-01
5.536904931068420410e-02
6.683198362588882446e-02
1.514764875173568726e-01
1.614632606506347656e-01
8.419825881719589233e-02
8.905586600303649902e-02
2.354104518890380859e-01
1.454573571681976318e-01
2.276652902364730835e-01
5.308188498020172119e-02
1.304122060537338257e-01
1.852803975343704224e-01
1.739671975374221802e-01
1.738755106925964355e-01
1.333602964878082275e-01
9.491708874702453613e-02
6.213883310556411743e-02
3.271724283695220947e-01
9.850083291530609131e-02
2.728099226951599121e-01
1.794653832912445068e-01
1.169976517558097839e-01
7.126376777887344360e-02
2.245700061321258545e-01
2.769486904144287109e-01
3.234003782272338867e-01
1.495448201894760132e-01
1.673678159713745117e-01
3.464021384716033936e-01
7.439495325088500977e-01
1.940073668956756592e-01
1.543086320161819458e-01
2.138733565807342529e-01
3.604110330343246460e-02
1.705400049686431885e-01
1.661767363548278809e-01
1.923549473285675049e-01
2.091266214847564697e-01
3.064900040626525879e-01
2.932819724082946777e-01
2.376317381858825684e-01
2.955354750156402588e-01
8.719259500503540039e-02
2.504886090755462646e-01
1.558101773262023926e-01
4.559428989887237549e-02
5.057393014430999756e-02
1.459675729274749756e-01
7.004320621490478516e-02
6.092505156993865967e-02
1.755986660718917847e-01
2.550937533378601074e-01
2.530567049980163574e-01
1.612945199012756348e-01
4.549068957567214966e-02
8.264058083295822144e-02
1.851237565279006958e-01
7.143197953701019287e-02
2.418477833271026611e-01
2.845142483711242676e-01
1.985095441341400146e-01
5.263382196426391602e-02
1.384631842374801636e-01
4.149223566055297852e-01
6.377138942480087280e-02
3.318208158016204834e-01
2.593839168548583984e-01
2.295168042182922363e-01
8.122387528419494629e-02
1.626072824001312256e-01
1.787427663803100586e-01
1.724097579717636108e-01
2.643313705921173096e-01
1.025944352149963379e-01
9.577033668756484985e-02
1.047217473387718201e-01
1.955332159996032715e-01
1.587750911712646484e-01
1.388769298791885376e-01
9.682664275169372559e-02
2.058712244033813477e-01
1.137644201517105103e-01
1.657657623291015625e-01
1.167947947978973389e-01
2.319180965423583984e-01
1.539679765701293945e-01
1.038304641842842102e-01
8.472189307212829590e-02
3.806284368038177490e-01
2.047178149223327637e-02
8.527745306491851807e-02
1.740336269140243530e-01
1.340354979038238525e-01
9.741982817649841309e-02
6.565238535404205322e-02
6.978922337293624878e-02
2.886677905917167664e-02
1.344052702188491821e-01
1.954680830240249634e-01
2.040254771709442139e-01
1.050624847412109375e-01
2.050667852163314819e-01
2.421056479215621948e-01
1.394853293895721436e-01
1.061352565884590149e-01
1.280054897069931030e-01
8.011123538017272949e-02
1.227389127016067505e-01
1.699183434247970581e-01
2.135167866945266724e-01
7.058821618556976318e-02
6.325715780258178711e-02
1.007107570767402649e-01
2.454936206340789795e-01
1.706929504871368408e-01
3.084940314292907715e-01
1.409790068864822388e-01
1.139353588223457336e-01
1.881170570850372314e-01
1.528446376323699951e-01
3.288426399230957031e-01
1.773512959480285645e-01
2.504784166812896729e-01
2.896392345428466797e-01
1.618679463863372803e-01
5.173062160611152649e-02
3.414586484432220459e-01
6.765758246183395386e-02
3.141371011734008789e-01
1.384032517671585083e-01
2.494563460350036621e-01
1.248636469244956970e-01
2.064109146595001221e-01
1.862757951021194458e-01
1.621146500110626221e-01
4.298988878726959229e-01
9.542163461446762085e-02
3.938926011323928833e-02
2.880561053752899170e-01
1.964461654424667358e-01
2.180247008800506592e-01
1.413017660379409790e-01
1.605181843042373657e-01
2.583356201648712158e-01
9.543664008378982544e-02
3.024237751960754395e-01
2.313715666532516479e-01
8.677605539560317993e-02
4.606981277465820312e-01
2.521195113658905029e-01
2.607098221778869629e-01
1.629920452833175659e-01
8.091187477111816406e-02
1.499622613191604614e-01
2.253690212965011597e-01
1.592041254043579102e-01
1.091654524207115173e-01
1.166814565658569336e-01
2.543269991874694824e-01
2.133086025714874268e-01
5.235564708709716797e-02
1.562075018882751465e-01
3.206809461116790771e-01
1.343370378017425537e-01
1.066673994064331055e-01
6.356597691774368286e-02
4.237957298755645752e-02
2.300685793161392212e-01
6.294471025466918945e-02
1.383969932794570923e-01
2.462531626224517822e-01
2.229821979999542236e-01
1.623788326978683472e-01
1.553863883018493652e-01
1.610369384288787842e-01
5.789598822593688965e-02
7.341637462377548218e-02
3.189709186553955078e-01
1.133540943264961243e-01
1.035739630460739136e-01
6.454884260892868042e-02
2.430400103330612183e-01
1.788278222084045410e-01
6.151137351989746094e-01
2.562288567423820496e-02
2.527495026588439941e-01
2.721845507621765137e-01
7.887469232082366943e-02
4.443231821060180664e-01
2.992779910564422607e-01
1.055498048663139343e-01
1.873374581336975098e-01
8.107237517833709717e-02
1.972928494215011597e-01
2.786555513739585876e-02
1.683942228555679321e-01
1.939634382724761963e-01
3.882888257503509521e-01
7.718975096940994263e-02
1.578470468521118164e-01
1.741670519113540649e-01
3.744281530380249023e-01
5.833039805293083191e-02
2.216275185346603394e-01
7.660736143589019775e-02
2.125264704227447510e-01
7.841058075428009033e-02
1.719317883253097534e-01
2.182735651731491089e-01
2.174112647771835327e-01
6.494688987731933594e-02
6.644091755151748657e-02
1.074010282754898071e-01
8.432916551828384399e-02
3.257467597723007202e-02
9.053718298673629761e-02
1.902962028980255127e-01
9.620834887027740479e-02
1.460822373628616333e-01
2.488845884799957275e-01
6.364170461893081665e-02
1.453485041856765747e-01
6.681762635707855225e-02
1.277254819869995117e-01
2.693361639976501465e-01
1.167709678411483765e-01
1.484834551811218262e-01
1.089583933353424072e-01
1.104881465435028076e-01
1.748647391796112061e-01
1.309680342674255371e-01
1.027261316776275635e-01
7.285083085298538208e-02
1.871707737445831299e-01
4.736396297812461853e-02
2.671515643596649170e-01
1.414785981178283691e-01
4.258124828338623047e-01
2.242152839899063110e-01
2.677453458309173584e-01
2.263898700475692749e-01
1.869743317365646362e-01
2.367612570524215698e-01
2.742401659488677979e-01
1.445707380771636963e-01
8.205302059650421143e-02
1.826356053352355957e-01
1.694114506244659424e-01
2.348562180995941162e-01
2.543240189552307129e-01
3.899613767862319946e-02
4.140396043658256531e-02
7.495141774415969849e-02
1.721398234367370605e-01
2.985253930091857910e-01
4.978288710117340088e-02
1.094321608543395996e-01
6.827293336391448975e-02
7.453202456235885620e-02
2.137824743986129761e-01
2.205699831247329712e-01
3.355660140514373779e-01
9.305961430072784424e-02
2.187817990779876709e-01
6.827052682638168335e-02
2.661179602146148682e-01
1.580766141414642334e-01
1.571136713027954102e-01
5.905546620488166809e-02
2.158116996288299561e-01
4.705771207809448242e-01
1.482955366373062134e-01
6.154154613614082336e-02
4.503941535949707031e-02
1.276209950447082520e-01
7.200101017951965332e-02
1.947494000196456909e-01
6.791799515485763550e-02
4.026072919368743896e-01
1.293371021747589111e-01
1.025061979889869690e-01
1.076282039284706116e-01
2.048613429069519043e-01
1.358806043863296509e-01
2.612035870552062988e-01
1.082413792610168457e-01
5.559825897216796875e-02
1.980085819959640503e-01
1.625545322895050049e-01
1.144873425364494324e-01
1.852179169654846191e-01
1.337532252073287964e-01
8.813632279634475708e-02
2.105999588966369629e-01
4.724777117371559143e-02
6.304951012134552002e-02
1.817289292812347412e-01
2.864586710929870605e-01
9.315280616283416748e-02
1.132893115282058716e-01
1.123543009161949158e-01
1.564779877662658691e-01
1.650315821170806885e-01
7.704368978738784790e-02
1.205800175666809082e-01
2.462803721427917480e-01
9.293083101511001587e-02
7.027306407690048218e-02
4.463658854365348816e-02
2.568034529685974121e-01
1.461339741945266724e-01
2.917482256889343262e-01
8.772942423820495605e-02
1.000491455197334290e-01
8.957195281982421875e-02
2.175599187612533569e-01
1.267092376947402954e-01
2.682974040508270264e-01
2.159263342618942261e-01
3.340812027454376221e-02
4.911325499415397644e-02
1.608350872993469238e-01
2.967834472656250000e-01
8.647735416889190674e-02
1.185269951820373535e-01
3.224169015884399414e-01
1.014651805162429810e-01
2.523444294929504395e-01
2.580417990684509277e-01
1.486903727054595947e-01
3.013414442539215088e-01
4.665816947817802429e-02
9.875559806823730469e-02
2.139464914798736572e-01
1.350950747728347778e-01
6.339978426694869995e-02
3.131965100765228271e-01
1.302614063024520874e-01
1.228467524051666260e-01
9.568827599287033081e-02
1.632914096117019653e-01
1.729536056518554688e-01
7.801375538110733032e-02
1.522900760173797607e-01
1.146051660180091858e-02
1.832504570484161377e-01
1.548207104206085205e-01
1.784753650426864624e-01
1.851322203874588013e-01
2.208136320114135742e-01
1.790471971035003662e-01
6.897962093353271484e-02
1.396329402923583984e-01
3.220777586102485657e-02
3.176202774047851562e-01
3.809906542301177979e-02
5.330675095319747925e-02
1.926167607307434082e-01
1.472093611955642700e-01
5.399661511182785034e-02
1.405497044324874878e-01
2.009984254837036133e-01
5.614403635263442993e-02
2.242637574672698975e-01
1.228871867060661316e-01
1.598594933748245239e-01
8.123833686113357544e-02
7.015448808670043945e-02
1.162380501627922058e-01
1.329593211412429810e-01
5.807726383209228516e-01
1.696426272392272949e-01
3.481362462043762207e-01
1.541090309619903564e-01
2.819488346576690674e-01
8.378195762634277344e-02
5.253743007779121399e-02
1.279696524143218994e-01
1.328984349966049194e-01
1.098504588007926941e-01
5.758474022150039673e-02
2.321185171604156494e-01
2.178267389535903931e-01
1.569944918155670166e-01
7.827562093734741211e-02
6.281165033578872681e-02
1.480662673711776733e-01
2.992037832736968994e-01
8.366022258996963501e-02
1.292067170143127441e-01
1.120754629373550415e-01
3.116146102547645569e-02
1.571617722511291504e-01
1.510823965072631836e-01
1.374821513891220093e-01
9.679476171731948853e-02
1.311968564987182617e-01
1.842640042304992676e-01
4.778749495744705200e-02
7.264616340398788452e-02
1.451148539781570435e-01
1.334505528211593628e-01
7.271133363246917725e-02
8.337157964706420898e-02
9.204298257827758789e-02
1.163043528795242310e-01
2.201044559478759766e-01
3.059737011790275574e-02
2.575041949748992920e-01
3.900256454944610596e-01
1.446513384580612183e-01
1.160437390208244324e-01
5.995243042707443237e-02
1.217972412705421448e-01
1.550224721431732178e-01
9.492612630128860474e-02
2.181041538715362549e-01
1.077074557542800903e-01
1.752237975597381592e-01
2.456839829683303833e-01
2.056626379489898682e-01
2.717688381671905518e-01
1.468344926834106445e-01
8.052056282758712769e-02
1.504583358764648438e-01
4.029005467891693115e-01
2.988083958625793457e-01
1.666843891143798828e-01
2.215408384799957275e-01
1.196164935827255249e-01
1.275280863046646118e-01
1.355302929878234863e-01
2.346942126750946045e-01
2.727396190166473389e-01
1.574536263942718506e-01
1.618363857269287109e-01
1.137210950255393982e-01
1.827629208564758301e-01
1.585904210805892944e-01
1.257776319980621338e-01
2.224883250892162323e-02
1.114330291748046875e-01
6.634110212326049805e-02
3.615612164139747620e-02
1.910513043403625488e-01
3.014802932739257812e-01
2.082979083061218262e-01
7.813049852848052979e-02
4.820229113101959229e-02
1.183451414108276367e-01
8.938232064247131348e-02
1.655663847923278809e-01
1.802888214588165283e-01
1.710973232984542847e-01
1.301405727863311768e-01
6.927995383739471436e-02
3.533378615975379944e-02
1.887833029031753540e-01
1.093922331929206848e-01
1.713823527097702026e-01
1.890709400177001953e-01
9.262942522764205933e-02
1.615146100521087646e-01
1.963703930377960205e-01
1.438025832176208496e-01
1.176646351814270020e-01
1.487926244735717773e-01
6.356064975261688232e-02
1.458477526903152466e-01
2.470685988664627075e-01
9.314306825399398804e-02
1.282871961593627930e-01
1.094483137130737305e-01
8.542001992464065552e-02
4.992332309484481812e-02
7.512632757425308228e-02
7.378103584051132202e-02
2.247568368911743164e-01
9.944844245910644531e-02
4.028503224253654480e-02
2.541157007217407227e-01
1.005717962980270386e-01
8.239728957414627075e-02
2.518456876277923584e-01
6.890542805194854736e-02
3.566021919250488281e-01
1.241020113229751587e-01
8.303532004356384277e-02
1.000775545835494995e-01
5.306103825569152832e-02
1.708671301603317261e-01
2.584524750709533691e-01
1.625072956085205078e-01
1.547526568174362183e-01
1.924117654561996460e-01
2.876399457454681396e-02
3.746511042118072510e-02
2.816992402076721191e-01
6.460276246070861816e-02
7.879710197448730469e-02
2.502291202545166016e-01
3.435444831848144531e-02
1.792825162410736084e-01
1.561280786991119385e-01
9.462687373161315918e-02
4.523155838251113892e-02
1.123462021350860596e-01
5.630290880799293518e-02
1.027918383479118347e-01
1.648997962474822998e-01
1.175770461559295654e-01
3.166903927922248840e-02
7.584995776414871216e-02
1.827795952558517456e-01
4.158115386962890625e-02
6.627972424030303955e-02
1.345383673906326294e-01
9.959183633327484131e-02
4.033481776714324951e-01
6.602469086647033691e-02
1.706217229366302490e-01
2.390665709972381592e-01
1.160056591033935547e-01
4.923871904611587524e-02
2.330879718065261841e-01
6.979177147150039673e-02
8.703264594078063965e-02
9.226983785629272461e-02
8.101849257946014404e-02
3.074576258659362793e-01
1.730105727910995483e-01
1.710638552904129028e-01
2.273078262805938721e-01
1.277499645948410034e-01
2.465608268976211548e-01
1.227691620588302612e-01
2.129728347063064575e-01
1.906005442142486572e-01
8.360103517770767212e-02
1.314256489276885986e-01
2.454922497272491455e-01
2.130687683820724487e-01
5.550497025251388550e-02
1.878985390067100525e-02
1.035095453262329102e-01
6.125110015273094177e-02
4.064414799213409424e-01
8.926032483577728271e-02
2.750424109399318695e-02
1.571133732795715332e-01
1.783943027257919312e-01
8.770115673542022705e-02
1.890319436788558960e-01
1.279070079326629639e-01
9.886472672224044800e-02
1.480874866247177124e-01
2.330468147993087769e-01
9.566900879144668579e-02
6.152316927909851074e-02
4.345415160059928894e-02
2.863115072250366211e-02
1.136149019002914429e-01
4.317538440227508545e-02
1.227062568068504333e-01
1.089928969740867615e-01
1.046518012881278992e-01
6.062786653637886047e-02
3.742851689457893372e-02
1.641405075788497925e-01
2.554032951593399048e-02
1.105823740363121033e-01
6.017847359180450439e-02
1.840163171291351318e-01
1.855461895465850830e-01
3.667533397674560547e-02
2.086590528488159180e-01
1.557103693485260010e-01
5.323036313056945801e-01
1.926427483558654785e-01
8.527661859989166260e-02
3.050830587744712830e-02
6.089687347412109375e-02
5.243800580501556396e-02
7.523153722286224365e-02
3.774591162800788879e-02
1.333414018154144287e-01
1.256140768527984619e-01
9.177047014236450195e-02
2.923747599124908447e-01
4.067561626434326172e-01
2.429432123899459839e-01
8.586205542087554932e-02
3.058839440345764160e-01
4.594666510820388794e-02
1.295977830886840820e-01
2.293416559696197510e-01
1.791158914566040039e-01
1.449903398752212524e-01
7.786621898412704468e-02
2.553191781044006348e-01
8.918878436088562012e-02
6.946872919797897339e-02
1.337084174156188965e-01
1.706390827894210815e-02
1.896016001701354980e-01
8.682534098625183105e-02
9.671104699373245239e-02
1.612698286771774292e-01
1.018069833517074585e-01
1.970245689153671265e-01
3.858049809932708740e-01
9.759601950645446777e-02
3.091222941875457764e-01
2.378509342670440674e-01
1.086016669869422913e-01
2.735437750816345215e-01
1.654024422168731689e-01
2.546284496784210205e-01
3.474107980728149414e-01
5.332998186349868774e-02
2.366818487644195557e-01
1.683939099311828613e-01
2.780748605728149414e-01
1.567895114421844482e-01
1.247154250741004944e-01
3.073894977569580078e-01
5.590703710913658142e-02
1.561638414859771729e-01
1.453790068626403809e-01
5.457620322704315186e-02
1.770646274089813232e-01
1.892155408859252930e-01
2.619960308074951172e-01
1.878034174442291260e-01
2.261845171451568604e-01
1.602565050125122070e-01
4.656118899583816528e-02
1.804221421480178833e-01
2.270374894142150879e-01
8.622625470161437988e-02
1.199956461787223816e-01
1.974080801010131836e-01
1.435720920562744141e-01
2.721458114683628082e-02
8.109110593795776367e-02
1.737546026706695557e-01
2.424465715885162354e-01
1.931979656219482422e-01
2.636617422103881836e-02
2.047836594283580780e-02
3.251318037509918213e-01
1.148548945784568787e-01
2.189902067184448242e-01
1.139762401580810547e-01
3.554093837738037109e-02
1.886104941368103027e-01
1.551386713981628418e-01
2.111568003892898560e-01
3.236413300037384033e-01
3.797720074653625488e-01
1.222812160849571228e-01
6.480161845684051514e-02
1.527297794818878174e-01
8.810147643089294434e-02
1.741987615823745728e-01
3.096845746040344238e-01
2.380897551774978638e-01
1.738932579755783081e-01
6.825739890336990356e-02
1.113921254873275757e-01
1.110211014747619629e-01
4.982315003871917725e-02
9.660984575748443604e-02
9.582734107971191406e-02
1.593292802572250366e-01
1.531901955604553223e-01
4.129339456558227539e-01
2.633697688579559326e-01
1.133219301700592041e-01
1.585785150527954102e-01
7.581612467765808105e-02
5.445570126175880432e-02
1.817302107810974121e-01
3.860860764980316162e-01
1.852113902568817139e-01
4.637119770050048828e-01
3.798615038394927979e-01
1.576879918575286865e-01
1.977815926074981689e-01
1.372460424900054932e-01
8.821943402290344238e-02
1.860915720462799072e-01
1.186360865831375122e-01
2.456845939159393311e-01
1.150904670357704163e-01
1.677743792533874512e-01
8.713084459304809570e-02
1.979767382144927979e-01
6.139209121465682983e-02
8.159905672073364258e-01
1.302373558282852173e-01
1.944763660430908203e-01
2.904482781887054443e-01
2.257544845342636108e-01
1.124950051307678223e-01
1.931727230548858643e-01
2.139032185077667236e-01
1.167120262980461121e-01
1.604917943477630615e-01
1.828508079051971436e-01
1.276817023754119873e-01
1.868874132633209229e-01
7.215745002031326294e-02
6.900724768638610840e-02
1.621484160423278809e-01
2.380051612854003906e-01
3.454098105430603027e-01
8.004221320152282715e-02
1.836346983909606934e-01
1.579986810684204102e-01
5.743436515331268311e-02
1.708347201347351074e-01
2.122402787208557129e-01
8.526963740587234497e-02
5.506083369255065918e-02
