7.315891981124877930e-02
1.227849572896957397e-01
1.203665509819984436e-01
2.274542450904846191e-01
2.155306488275527954e-01
1.741841137409210205e-01
2.208711951971054077e-01
3.064166307449340820e-01
3.645749390125274658e-02
1.341883689165115356e-01
5.402383953332901001e-02
1.401766836643218994e-01
2.442978769540786743e-01
2.794137895107269287e-01
1.279541403055191040e-01
1.239858120679855347e-01
1.278207302093505859e-01
3.359035253524780273e-01
2.305863648653030396e-01
1.839055418968200684e-01
1.405742168426513672e-01
2.195583283901214600e-01
4.023171961307525635e-01
3.109428882598876953e-01
1.445566713809967041e-01
3.435465097427368164e-01
9.294962882995605469e-02
1.036128178238868713e-01
1.794902980327606201e-01
2.284319400787353516e-01
1.308817118406295776e-01
1.339584141969680786e-01
2.265344858169555664e-01
1.633755564689636230e-01
1.962175667285919189e-01
1.296213120222091675e-01
8.371176570653915405e-02
3.074103891849517822e-01
1.203680112957954407e-01
6.255245208740234375e-02
8.934437483549118042e-02
1.629285365343093872e-01
9.252595901489257812e-02
4.639061540365219116e-02
1.640532463788986206e-01
7.152458280324935913e-02
1.608753949403762817e-02
1.230052858591079712e-01
1.469936519861221313e-01
5.279253125190734863e-01
6.099216938018798828e-01
1.492261588573455811e-01
3.022491931915283203e-01
2.768272757530212402e-01
2.055572569370269775e-01
2.459156364202499390e-01
3.584914207458496094e-01
2.506393790245056152e-01
6.900235265493392944e-02
1.700142920017242432e-01
1.642256826162338257e-01
2.740092873573303223e-01
2.468667626380920410e-01
8.275842666625976562e-02
1.763834059238433838e-01
2.250571548938751221e-01
1.146750524640083313e-01
1.773066520690917969e-01
9.931109845638275146e-02
9.643410146236419678e-02
1.622347384691238403e-01
2.932056784629821777e-01
3.105913400650024414e-01
1.210568547248840332e-01
1.504819542169570923e-01
1.061843037605285645e-01
2.439029067754745483e-01
1.943432688713073730e-01
1.400118619203567505e-01
2.147766053676605225e-01
1.848349869251251221e-01
1.907333731651306152e-01
1.566698998212814331e-01
1.365834921598434448e-01
1.386693567037582397e-01
5.949812009930610657e-02
1.737375855445861816e-01
1.460563242435455322e-01
2.628567814826965332e-01
3.242118954658508301e-01
8.613184094429016113e-02
1.385779082775115967e-01
2.571122907102108002e-02
1.704395413398742676e-01
3.411836028099060059e-01
9.381533414125442505e-02
2.604876756668090820e-01
3.120253682136535645e-01
1.773078292608261108e-01
1.322960704565048218e-01
1.141309887170791626e-01
2.264943122863769531e-01
9.641062468290328979e-02
5.748060345649719238e-02
1.466994583606719971e-01
1.032898724079132080e-01
2.532992959022521973e-01
9.960340708494186401e-02
3.680244982242584229e-01
1.431818455457687378e-01
1.929082274436950684e-01
5.915263295173645020e-02
1.173394843935966492e-01
2.198697924613952637e-01
2.581745982170104980e-01
2.541616261005401611e-01
2.450615614652633667e-01
2.138931751251220703e-01
1.966389417648315430e-01
1.790919452905654907e-01
1.631162911653518677e-01
2.368265837430953979e-01
1.899246573448181152e-01
1.832116842269897461e-01
1.106303706765174866e-01
2.235707938671112061e-01
4.393123090267181396e-02
2.871859371662139893e-01
1.222632080316543579e-01
9.556509554386138916e-02
2.172675132751464844e-01
1.488886922597885132e-01
6.944707036018371582e-02
2.879965603351593018e-01
1.303804516792297363e-01
1.175874099135398865e-01
1.026157811284065247e-01
3.375304043292999268e-01
1.211865320801734924e-01
4.105058312416076660e-01
7.149513810873031616e-02
4.950371012091636658e-02
1.985863894224166870e-01
5.201284959912300110e-02
3.068749234080314636e-02
3.325643390417098999e-02
7.063513249158859253e-02
3.517098426818847656e-01
1.936459094285964966e-01
1.084510609507560730e-01
8.686259388923645020e-02
1.719105541706085205e-01
2.138588726520538330e-01
5.133853107690811157e-02
3.390478342771530151e-02
1.546456515789031982e-01
1.224513724446296692e-01
1.807594746351242065e-01
2.524388432502746582e-01
2.514277100563049316e-01
1.369053274393081665e-01
2.123112380504608154e-01
2.852300405502319336e-01
8.370527625083923340e-02
1.346326768398284912e-01
2.930603921413421631e-01
4.233364015817642212e-02
1.104814559221267700e-01
4.609726741909980774e-02
8.146754652261734009e-02
5.570090189576148987e-02
3.199634701013565063e-02
2.908463180065155029e-01
4.773475825786590576e-01
2.600301243364810944e-02
5.600137710571289062e-01
7.827987521886825562e-02
9.095600247383117676e-02
2.063450515270233154e-01
8.132355660200119019e-02
1.592420786619186401e-01
2.537233531475067139e-01
1.596519649028778076e-01
1.832592189311981201e-01
9.948238730430603027e-01
2.829502820968627930e-01
3.603891432285308838e-01
3.523676395416259766e-01
3.174538314342498779e-01
8.368634432554244995e-02
2.454846203327178955e-01
1.518730372190475464e-01
4.313198924064636230e-01
7.424248754978179932e-02
1.261171400547027588e-01
1.618732511997222900e-01
3.532782793045043945e-01
3.873600959777832031e-01
2.671279907226562500e-01
7.373962551355361938e-02
4.224278330802917480e-01
1.221752241253852844e-01
3.545372188091278076e-01
1.052840054035186768e-01
5.172740221023559570e-01
2.084032893180847168e-01
1.544736921787261963e-01
2.619463205337524414e-01
3.106174170970916748e-01
1.924924850463867188e-01
2.071462422609329224e-01
2.680546641349792480e-01
3.170753121376037598e-01
1.196919903159141541e-01
2.627175450325012207e-01
2.749666571617126465e-01
2.311944663524627686e-01
7.057414948940277100e-02
1.635754257440567017e-01
5.131794884800910950e-02
1.307141333818435669e-01
6.771834194660186768e-02
1.984579265117645264e-01
2.570001184940338135e-01
1.225616410374641418e-01
2.150185704231262207e-01
7.635796070098876953e-02
1.228356361389160156e-01
1.975087523460388184e-01
9.496179223060607910e-02
7.474537193775177002e-02
2.151334583759307861e-01
1.047476977109909058e-01
2.270786166191101074e-01
3.151890635490417480e-02
3.571700453758239746e-01
6.209563463926315308e-02
3.792457580566406250e-01
4.166536405682563782e-02
2.905708923935890198e-02
1.314891427755355835e-01
9.271118044853210449e-02
2.029938995838165283e-01
2.441789209842681885e-01
2.346616685390472412e-01
1.946706324815750122e-01
1.262670159339904785e-01
5.052696466445922852e-01
3.659003674983978271e-01
2.539789378643035889e-01
3.301019072532653809e-01
1.287275850772857666e-01
1.406780481338500977e-01
7.897929847240447998e-02
1.123831421136856079e-01
3.730558156967163086e-01
1.343718916177749634e-01
9.899556636810302734e-02
1.700929105281829834e-01
1.226719468832015991e-01
1.317517161369323730e-01
1.001153662800788879e-01
2.542805075645446777e-01
2.342496514320373535e-01
3.590600192546844482e-02
2.069591134786605835e-01
2.672152817249298096e-01
1.198571026325225830e-01
8.140278607606887817e-02
5.999708920717239380e-02
1.336530297994613647e-01
4.064018726348876953e-01
8.700639009475708008e-02
4.124163687229156494e-01
4.052161872386932373e-01
1.382514834403991699e-01
1.091836690902709961e-01
1.469164788722991943e-01
2.052271813154220581e-01
2.149128317832946777e-01
1.712183654308319092e-01
1.591424942016601562e-01
1.799100190401077271e-01
1.445797830820083618e-01
1.056595370173454285e-01
2.330019772052764893e-01
3.475140929222106934e-01
6.021870672702789307e-02
2.754929065704345703e-01
2.884033620357513428e-01
1.623044908046722412e-01
1.174805164337158203e-01
6.890521198511123657e-02
1.563371121883392334e-01
1.265808939933776855e-01
1.874190568923950195e-01
2.081184834241867065e-01
9.245923161506652832e-02
1.510825008153915405e-01
1.335609108209609985e-01
3.846876919269561768e-01
1.713399887084960938e-01
3.330556452274322510e-01
8.676692843437194824e-02
3.176158964633941650e-01
9.249938279390335083e-02
1.895950138568878174e-01
4.256719350814819336e-01
2.002257704734802246e-01
1.914402395486831665e-01
2.348472774028778076e-01
1.688609272241592407e-01
2.034832835197448730e-01
1.023886427283287048e-01
1.735379397869110107e-01
8.621411025524139404e-02
1.122458726167678833e-01
9.472031891345977783e-02
1.157677322626113892e-01
1.439515501260757446e-01
1.828898191452026367e-01
1.712407916784286499e-01
2.357806563377380371e-01
2.999970912933349609e-01
9.761568903923034668e-02
1.559554338455200195e-01
1.053623110055923462e-01
1.725219488143920898e-01
2.823974490165710449e-01
5.179549753665924072e-02
1.672132462263107300e-01
2.250471711158752441e-02
6.299224495887756348e-02
3.460628688335418701e-01
4.623243212699890137e-02
1.344059854745864868e-01
5.526128783822059631e-02
1.022642999887466431e-01
1.597575694322586060e-01
1.398300081491470337e-01
1.874752640724182129e-01
2.382497116923332214e-02
2.417889609932899475e-02
3.343622684478759766e-01
5.004948005080223083e-02
2.563792467117309570e-01
1.950312256813049316e-01
2.783085405826568604e-01
2.177379429340362549e-01
1.801059693098068237e-01
1.588842719793319702e-01
5.748449265956878662e-02
6.444758176803588867e-02
2.269947677850723267e-01
1.790373623371124268e-01
1.335319131612777710e-01
1.958407759666442871e-01
5.180346220731735229e-02
7.518378645181655884e-02
1.608920246362686157e-01
1.071546971797943115e-01
5.360498279333114624e-02
3.851172924041748047e-01
1.162283122539520264e-01
4.141900315880775452e-02
2.058617770671844482e-01
1.967393308877944946e-01
6.862363964319229126e-02
1.869392991065979004e-01
2.002312690019607544e-01
2.611473202705383301e-01
2.708388864994049072e-01
8.325205743312835693e-02
2.596691250801086426e-01
2.496181428432464600e-01
1.563379913568496704e-01
5.747362226247787476e-02
6.055193394422531128e-02
1.104792058467864990e-01
2.330471873283386230e-01
1.178096532821655273e-01
2.176607847213745117e-01
1.309746801853179932e-01
1.300956457853317261e-01
4.978669583797454834e-01
1.912138164043426514e-01
1.031701564788818359e-01
1.334967613220214844e-01
2.172669768333435059e-01
2.736749053001403809e-01
1.879878193140029907e-01
1.523296236991882324e-01
2.215651273727416992e-01
4.436315223574638367e-02
3.871068358421325684e-02
2.588825821876525879e-01
1.820373982191085815e-01
1.298718750476837158e-01
9.174828231334686279e-02
1.500241160392761230e-01
3.407721519470214844e-01
1.992426216602325439e-01
1.198295950889587402e-01
8.658698201179504395e-02
1.497486531734466553e-01
1.202116385102272034e-01
9.050595760345458984e-02
9.473112225532531738e-02
8.982435613870620728e-02
1.418969780206680298e-01
1.213122457265853882e-01
3.660707473754882812e-01
5.332934483885765076e-02
2.291899770498275757e-01
2.385019809007644653e-01
9.518770128488540649e-02
9.105312824249267578e-02
3.907419443130493164e-01
1.717784702777862549e-01
3.617829382419586182e-01
4.254426658153533936e-01
9.401150047779083252e-02
9.717769920825958252e-02
1.605115830898284912e-01
8.433817327022552490e-02
2.145584225654602051e-01
1.197846904397010803e-01
1.765995323657989502e-01
6.931753456592559814e-02
8.372509479522705078e-02
2.067192643880844116e-01
1.820274293422698975e-01
2.359004318714141846e-01
4.900631606578826904e-01
1.968349963426589966e-01
2.828599810600280762e-01
1.375407278537750244e-01
1.212451010942459106e-01
4.900062978267669678e-01
7.541950047016143799e-02
4.278247356414794922e-01
2.850170433521270752e-01
1.347958296537399292e-01
2.492318749427795410e-01
3.384010791778564453e-01
3.250445723533630371e-01
4.663224220275878906e-01
6.614630222320556641e-01
6.427239179611206055e-01
1.535898298025131226e-01
5.650792121887207031e-01
6.818331480026245117e-01
7.237563729286193848e-01
7.927668094635009766e-01
2.964441478252410889e-01
4.176418781280517578e-01
4.223549067974090576e-01
2.440406084060668945e-01
2.423279136419296265e-01
2.700952887535095215e-01
2.817640900611877441e-01
2.447986602783203125e-01
3.381219208240509033e-01
1.755108535289764404e-01
2.040426880121231079e-01
2.318081557750701904e-01
1.236029788851737976e-01
2.845110893249511719e-01
1.706294417381286621e-01
2.367123663425445557e-01
4.275609254837036133e-01
1.477419137954711914e-01
4.196693301200866699e-01
3.782444298267364502e-01
2.440268099308013916e-01
3.807949721813201904e-01
3.769305944442749023e-01
2.125585526227951050e-01
3.087861835956573486e-01
3.061691522598266602e-01
1.982683837413787842e-01
1.362508535385131836e-01
2.086561024188995361e-01
1.454668194055557251e-01
1.722644567489624023e-01
8.951389789581298828e-02
2.463147938251495361e-01
2.756771743297576904e-01
8.548698574304580688e-02
1.763358861207962036e-01
6.805934011936187744e-02
2.757989764213562012e-01
2.654609084129333496e-01
2.608925402164459229e-01
1.814258992671966553e-01
1.009858995676040649e-01
1.985590159893035889e-01
2.455933988094329834e-01
3.374909758567810059e-01
1.814539283514022827e-01
1.342506408691406250e-01
1.029414385557174683e-01
1.386131942272186279e-01
6.101186573505401611e-02
2.888160049915313721e-01
1.166790947318077087e-01
1.191875636577606201e-01
1.142708063125610352e-01
7.545438408851623535e-02
1.178343966603279114e-01
2.422066032886505127e-01
2.664804756641387939e-01
3.101860880851745605e-01
2.992128729820251465e-01
1.779788881540298462e-01
2.613539993762969971e-01
1.631504297256469727e-01
3.189911842346191406e-01
1.349197775125503540e-01
9.991717338562011719e-02
1.285811513662338257e-01
1.179154887795448303e-01
1.494711637496948242e-01
1.137057095766067505e-01
1.093883663415908813e-01
1.548113524913787842e-01
2.377902567386627197e-01
3.375090956687927246e-01
1.845276802778244019e-01
2.815163135528564453e-01
1.917820423841476440e-01
2.128426134586334229e-01
1.285856664180755615e-01
1.185875535011291504e-01
4.383250474929809570e-01
6.445275247097015381e-02
1.449103206396102905e-01
1.568891406059265137e-01
1.025965288281440735e-01
1.116608008742332458e-01
1.993922591209411621e-01
1.166896075010299683e-01
2.331650406122207642e-01
2.382218688726425171e-01
1.440805345773696899e-01
9.065281599760055542e-02
1.178230270743370056e-01
1.874260306358337402e-01
2.057248950004577637e-01
1.400997489690780640e-01
1.986950933933258057e-01
1.804682612419128418e-01
3.792161867022514343e-02
6.578030437231063843e-02
3.892597556114196777e-02
3.120290338993072510e-01
1.014710590243339539e-01
5.969454348087310791e-02
1.979976296424865723e-01
5.309063568711280823e-02
3.299793601036071777e-01
8.537263423204421997e-02
2.409493923187255859e-01
8.416924625635147095e-02
1.568138897418975830e-01
1.349074840545654297e-01
8.562083542346954346e-02
4.238804429769515991e-02
1.114900112152099609e-01
1.580228507518768311e-01
9.759977459907531738e-02
1.444647908210754395e-01
1.067325845360755920e-01
3.120777904987335205e-01
1.272040158510208130e-01
1.912795305252075195e-01
2.589612603187561035e-01
1.199910193681716919e-01
2.684705853462219238e-01
4.696179181337356567e-02
2.032441794872283936e-01
3.117972314357757568e-01
2.342902123928070068e-01
1.277690082788467407e-01
8.751276135444641113e-02
1.045119464397430420e-01
1.540624946355819702e-01
1.410937905311584473e-01
1.311596781015396118e-01
1.955903917551040649e-01
1.835019886493682861e-01
1.652123034000396729e-01
2.912317216396331787e-01
3.002184331417083740e-01
1.115496233105659485e-01
2.879154086112976074e-01
1.965667903423309326e-01
6.371345371007919312e-02
2.250281870365142822e-01
1.177394241094589233e-01
6.118879914283752441e-01
8.304882794618606567e-02
2.169454246759414673e-01
1.771104037761688232e-01
4.125073552131652832e-01
1.317395269870758057e-01
1.981716305017471313e-01
4.010202586650848389e-01
1.045000478625297546e-01
3.052477538585662842e-01
4.376064538955688477e-01
1.172420009970664978e-01
8.536088466644287109e-02
2.212085425853729248e-01
5.172562599182128906e-01
3.721367418766021729e-01
1.382981240749359131e-01
1.664255559444427490e-01
3.787425160408020020e-01
2.803661823272705078e-01
2.031339854001998901e-01
1.846403777599334717e-01
2.132464498281478882e-01
3.182186186313629150e-01
3.031505644321441650e-01
2.730750143527984619e-01
1.756439507007598877e-01
7.337269186973571777e-02
2.191305160522460938e-01
6.477626413106918335e-02
4.143164753913879395e-01
1.727219521999359131e-01
2.802558839321136475e-01
1.030193865299224854e-01
1.969566941261291504e-01
3.016090393066406250e-01
2.546516656875610352e-01
6.198675185441970825e-02
1.773242950439453125e-01
1.478075832128524780e-01
4.647043719887733459e-02
3.266285359859466553e-02
1.067712306976318359e-01
1.120967194437980652e-01
2.027524709701538086e-01
1.375027894973754883e-01
1.674243211746215820e-01
7.973188161849975586e-02
1.907992959022521973e-01
2.790060043334960938e-01
1.835384815931320190e-01
1.601048707962036133e-01
2.003760635852813721e-01
1.579598337411880493e-01
3.993150889873504639e-01
1.575190573930740356e-01
2.543824911117553711e-01
5.322752520442008972e-02
1.731107980012893677e-01
3.239712864160537720e-02
3.822348117828369141e-01
4.777148067951202393e-01
2.291260659694671631e-01
3.196984231472015381e-01
1.952502429485321045e-01
1.182593703269958496e-01
1.151738911867141724e-01
3.669118881225585938e-02
1.596942245960235596e-01
1.942542642354965210e-01
7.183472812175750732e-02
1.290621757507324219e-01
7.297135144472122192e-02
8.942832797765731812e-02
2.057645618915557861e-01
2.815136909484863281e-01
8.613850921392440796e-02
1.432587802410125732e-01
3.314768671989440918e-01
3.582386672496795654e-01
1.510323882102966309e-01
1.968053281307220459e-01
2.867931425571441650e-01
2.829838097095489502e-01
1.268156319856643677e-01
1.445249021053314209e-01
2.045143991708755493e-01
1.826608330011367798e-01
1.665851324796676636e-01
1.267565935850143433e-01
2.309024520218372345e-02
5.926211923360824585e-02
2.263992726802825928e-01
8.644620329141616821e-02
4.394168853759765625e-01
2.289649099111557007e-02
2.184387594461441040e-01
2.142346501350402832e-01
1.954977512359619141e-01
1.995559632778167725e-01
2.230294644832611084e-01
1.191792339086532593e-01
1.944491565227508545e-01
2.630079984664916992e-01
1.401920020580291748e-01
1.534474790096282959e-01
2.694918513298034668e-01
2.031839787960052490e-01
3.410673141479492188e-01
2.737600803375244141e-01
3.170500993728637695e-01
2.069198489189147949e-01
3.790549635887145996e-01
6.501840800046920776e-02
3.648965805768966675e-02
1.073987483978271484e-01
1.190940737724304199e-01
5.400706455111503601e-02
2.340459525585174561e-01
2.022348940372467041e-01
1.273380517959594727e-01
1.525859832763671875e-01
1.963286995887756348e-01
4.623343423008918762e-02
1.851529479026794434e-01
2.657590210437774658e-01
2.102138400077819824e-01
3.197924494743347168e-01
8.764469623565673828e-02
2.201950848102569580e-01
3.500396013259887695e-01
3.282220959663391113e-01
2.293759733438491821e-01
2.366527020931243896e-01
2.144658863544464111e-01
9.540905058383941650e-02
2.599578499794006348e-01
4.144623279571533203e-01
5.136634409427642822e-02
4.301977753639221191e-01
1.243855729699134827e-01
1.454031765460968018e-01
1.391515284776687622e-01
1.633802652359008789e-01
4.950950667262077332e-02
1.498683243989944458e-01
1.421262621879577637e-01
1.332125365734100342e-01
2.955558896064758301e-01
2.488527745008468628e-01
2.102095931768417358e-01
1.056067049503326416e-01
4.802220165729522705e-01
1.880099475383758545e-01
1.532322019338607788e-01
1.291954815387725830e-01
6.614987552165985107e-02
1.833634823560714722e-01
2.168801426887512207e-01
7.347983866930007935e-02
2.449200153350830078e-01
1.399556994438171387e-01
2.926297783851623535e-01
3.065109252929687500e-01
1.454838216304779053e-01
2.505057454109191895e-01
1.994577944278717041e-01
1.103028804063796997e-01
9.687712788581848145e-02
1.895501315593719482e-01
1.538010090589523315e-01
9.495837986469268799e-02
1.199356019496917725e-01
7.983122020959854126e-02
1.056940332055091858e-01
1.457439810037612915e-01
9.480124711990356445e-02
1.513401865959167480e-01
2.242219746112823486e-01
2.733697295188903809e-01
3.674711585044860840e-01
2.734375298023223877e-01
9.099418669939041138e-02
2.325016856193542480e-01
2.489521205425262451e-01
2.211966216564178467e-01
1.721922159194946289e-01
4.053463339805603027e-01
1.751739978790283203e-01
1.554580330848693848e-01
1.333814859390258789e-01
1.912458389997482300e-01
1.524019837379455566e-01
1.012454479932785034e-01
1.957191824913024902e-01
2.156535536050796509e-01
2.244450449943542480e-01
1.766220033168792725e-01
1.876352727413177490e-01
7.975587248802185059e-02
1.978122591972351074e-01
7.295592874288558960e-02
1.306552886962890625e-01
2.544593811035156250e-01
1.667223572731018066e-01
1.592706292867660522e-01
6.785234808921813965e-02
1.438905745744705200e-01
4.007552862167358398e-01
6.740413606166839600e-02
4.084315299987792969e-01
1.048185750842094421e-01
1.510438621044158936e-01
2.510347068309783936e-01
1.546834111213684082e-01
3.122967481613159180e-01
6.801488250494003296e-02
1.365125775337219238e-01
1.723464727401733398e-01
1.223841309547424316e-01
1.278402805328369141e-01
3.970683217048645020e-01
2.314161062240600586e-01
1.458784937858581543e-01
1.499127149581909180e-01
2.547078132629394531e-01
1.767536103725433350e-01
3.234871625900268555e-01
8.658118546009063721e-02
1.044576019048690796e-01
2.733837068080902100e-01
2.278521507978439331e-01
4.115024581551551819e-02
1.902539432048797607e-01
4.599159955978393555e-02
9.936708211898803711e-02
6.546191871166229248e-02
1.627354174852371216e-01
2.378135770559310913e-01
1.392818093299865723e-01
3.001756370067596436e-01
1.582526564598083496e-01
2.503217458724975586e-01
1.671992391347885132e-01
1.761795282363891602e-01
1.769342422485351562e-01
4.452388882637023926e-01
3.141799271106719971e-01
1.140337660908699036e-01
3.235889673233032227e-01
3.545953631401062012e-01
1.320203095674514771e-01
9.812421351671218872e-02
8.484903723001480103e-02
2.524624168872833252e-01
1.079657971858978271e-01
5.336311087012290955e-02
1.008766517043113708e-01
2.768123745918273926e-01
1.773149371147155762e-01
5.086832046508789062e-01
1.186174303293228149e-01
1.719501614570617676e-01
1.921869218349456787e-01
1.474098265171051025e-01
1.299396157264709473e-01
1.937588900327682495e-01
6.527568399906158447e-02
2.795276641845703125e-01
4.563955664634704590e-01
1.078961640596389771e-01
3.337456583976745605e-01
4.227475821971893311e-01
1.479935348033905029e-01
2.198084294795989990e-01
1.580298840999603271e-01
3.767532706260681152e-01
1.247431486845016479e-01
1.614020168781280518e-01
3.807898759841918945e-01
1.504333764314651489e-01
1.417048126459121704e-01
1.980703771114349365e-01
1.311253011226654053e-01
7.170356810092926025e-02
1.127008646726608276e-01
5.434332042932510376e-02
2.497480213642120361e-01
1.450919210910797119e-01
2.478693723678588867e-01
1.413490325212478638e-01
3.026114106178283691e-01
1.979535818099975586e-01
1.600339412689208984e-01
9.116658568382263184e-02
1.604832559823989868e-01
1.438210308551788330e-01
8.793178945779800415e-02
2.472480833530426025e-01
1.557532697916030884e-01
1.993778198957443237e-01
2.701027989387512207e-01
1.531730443239212036e-01
9.289886802434921265e-02
2.974372506141662598e-01
1.784266680479049683e-01
1.311624348163604736e-01
2.033552974462509155e-01
8.779961615800857544e-02
2.978716790676116943e-01
1.565829515457153320e-01
3.773016333580017090e-01
5.075050517916679382e-02
1.672672629356384277e-01
2.629552781581878662e-01
6.150220334529876709e-02
1.422333121299743652e-01
5.129972845315933228e-02
3.606223165988922119e-01
2.398697733879089355e-01
1.872970610857009888e-01
1.471643298864364624e-01
1.911155581474304199e-01
4.009517282247543335e-02
8.764015883207321167e-02
1.380370557308197021e-01
9.512951970100402832e-02
2.117528915405273438e-01
8.231869339942932129e-02
1.403191834688186646e-01
1.438357383012771606e-01
8.587774634361267090e-02
1.552210450172424316e-01
5.514703318476676941e-02
1.787815988063812256e-01
3.445320427417755127e-01
2.359254509210586548e-01
1.314215213060379028e-01
3.075930178165435791e-01
7.409112155437469482e-02
2.776913046836853027e-01
1.839277148246765137e-01
9.550151228904724121e-02
4.928051233291625977e-01
3.292210698127746582e-01
1.524051129817962646e-01
3.072898089885711670e-01
8.124846220016479492e-02
8.161664754152297974e-02
4.789288341999053955e-02
2.676492035388946533e-01
3.683706745505332947e-02
1.270512342453002930e-01
6.622139364480972290e-02
1.367594897747039795e-01
1.326456367969512939e-01
8.784964680671691895e-02
9.162513166666030884e-02
7.627554237842559814e-02
1.397819668054580688e-01
1.225801110267639160e-01
4.891338944435119629e-02
4.169061779975891113e-02
1.821951568126678467e-01
3.037397004663944244e-02
1.085287109017372131e-01
4.670157432556152344e-01
3.790628612041473389e-01
1.158631742000579834e-01
1.445403248071670532e-01
1.437853276729583740e-01
1.515811532735824585e-01
1.726273149251937866e-01
4.301968216896057129e-01
3.443579673767089844e-01
8.544109761714935303e-02
4.582582414150238037e-02
1.163086742162704468e-01
9.979280084371566772e-02
6.635110080242156982e-02
6.476724147796630859e-02
1.107753962278366089e-01
7.982913404703140259e-02
1.306321769952774048e-01
5.167996510863304138e-02
9.404957294464111328e-02
1.624383330345153809e-01
2.775343060493469238e-01
3.156831860542297363e-01
8.027710020542144775e-02
2.261475622653961182e-01
8.373615145683288574e-02
2.287670373916625977e-01
1.405299603939056396e-01
6.372077763080596924e-02
5.011044740676879883e-01
4.209447205066680908e-01
1.827577352523803711e-01
2.642472386360168457e-01
1.074766665697097778e-01
6.237290427088737488e-02
1.100788787007331848e-01
1.286268383264541626e-01
1.843952834606170654e-01
3.952752426266670227e-02
4.560034275054931641e-01
1.345708519220352173e-01
1.695230752229690552e-01
2.694966495037078857e-01
1.723181158304214478e-01
5.982041358947753906e-02
1.268506944179534912e-01
2.756592035293579102e-01
1.481548994779586792e-01
2.060102820396423340e-01
1.823184490203857422e-01
1.270880401134490967e-01
2.170988768339157104e-01
1.266543418169021606e-01
2.544884085655212402e-01
7.506805658340454102e-02
3.615341782569885254e-01
1.318361312150955200e-01
6.608749181032180786e-02
1.525220274925231934e-01
2.646351456642150879e-01
1.410649716854095459e-01
7.116153836250305176e-02
3.638922423124313354e-02
1.716156005859375000e-01
1.884590238332748413e-01
7.240501046180725098e-02
5.164452791213989258e-01
3.336687758564949036e-02
3.806200623512268066e-01
6.036457046866416931e-02
1.580059528350830078e-01
1.234256923198699951e-01
2.632614970207214355e-01
6.110763549804687500e-02
2.577049136161804199e-01
1.127631813287734985e-01
1.067119613289833069e-01
1.120333448052406311e-01
5.135802030563354492e-01
3.209660351276397705e-01
1.631264686584472656e-01
1.723574995994567871e-01
1.066644489765167236e-01
1.918815374374389648e-01
1.515200883150100708e-01
2.770701423287391663e-02
1.278379559516906738e-01
1.150811612606048584e-01
2.099928706884384155e-01
1.856449246406555176e-01
3.563705459237098694e-02
2.404023706912994385e-01
1.372638940811157227e-01
3.296852707862854004e-01
1.446280330419540405e-01
1.839049458503723145e-01
2.326874434947967529e-01
3.433614969253540039e-01
1.010126173496246338e-01
1.693629920482635498e-01
1.704548746347427368e-01
1.952296644449234009e-01
3.899134993553161621e-01
2.393427342176437378e-01
1.091427356004714966e-01
6.611635535955429077e-02
2.064848840236663818e-01
3.492558598518371582e-01
2.970215082168579102e-01
1.026437804102897644e-01
2.978221476078033447e-01
1.506104469299316406e-01
1.877332627773284912e-01
2.819531559944152832e-01
1.685100048780441284e-01
1.693800836801528931e-01
1.832213103771209717e-01
2.296550124883651733e-01
3.807888180017471313e-02
3.470396995544433594e-01
8.501654863357543945e-02
1.946238875389099121e-01
2.179769277572631836e-01
3.017755448818206787e-01
2.513178288936614990e-01
4.527246952056884766e-02
2.152175456285476685e-01
2.291638404130935669e-01
1.249035149812698364e-01
1.466540545225143433e-01
1.828142404556274414e-01
3.895571827888488770e-01
1.830627024173736572e-01
1.480896025896072388e-01
1.055621653795242310e-01
2.395374476909637451e-01
9.338358789682388306e-02
7.915257662534713745e-02
2.043101042509078979e-01
1.331883072853088379e-01
3.029268421232700348e-02
1.414934992790222168e-01
1.956602782011032104e-01
4.435022473335266113e-01
2.708356380462646484e-01
1.680284589529037476e-01
1.948961913585662842e-01
6.718823313713073730e-02
1.094991043210029602e-01
1.795111596584320068e-01
2.224454581737518311e-01
2.591544091701507568e-01
2.318240404129028320e-01
1.577947735786437988e-01
1.232565492391586304e-01
1.035497784614562988e-01
9.140584617853164673e-02
3.258706927299499512e-01
1.800882071256637573e-01
2.096579223871231079e-01
8.114602416753768921e-02
3.143414556980133057e-01
3.614982068538665771e-01
1.239204704761505127e-01
2.361131608486175537e-01
6.145299226045608521e-02
4.438150301575660706e-02
3.532257676124572754e-01
3.149136900901794434e-01
1.955238431692123413e-01
2.758252620697021484e-01
1.836207956075668335e-01
1.412363350391387939e-01
1.399435997009277344e-01
1.281936913728713989e-01
2.694827020168304443e-01
2.385186851024627686e-01
3.127650022506713867e-01
2.297779172658920288e-01
1.975942850112915039e-01
1.526700258255004883e-01
8.114828169345855713e-02
1.351556926965713501e-01
8.696590363979339600e-02
1.296137273311614990e-01
2.124604284763336182e-01
1.034227088093757629e-01
2.257841266691684723e-02
3.201839923858642578e-01
4.851983487606048584e-01
3.963193297386169434e-01
1.476554572582244873e-01
2.230565547943115234e-01
6.481909751892089844e-02
2.719247043132781982e-01
1.656827330589294434e-01
1.981042027473449707e-01
1.016546338796615601e-01
9.813477843999862671e-02
2.215677201747894287e-01
1.325247287750244141e-01
1.860550642013549805e-01
2.573628425598144531e-01
2.236842662096023560e-01
2.113041281700134277e-01
6.820219755172729492e-02
3.411850631237030029e-01
4.469862878322601318e-01
3.719359636306762695e-01
1.598514914512634277e-01
5.500103533267974854e-02
2.230238616466522217e-01
7.820083945989608765e-02
1.277180016040802002e-01
1.903115361928939819e-01
3.165830671787261963e-01
1.512382626533508301e-01
1.324965655803680420e-01
6.894931197166442871e-02
6.554426252841949463e-02
1.942125409841537476e-01
1.839041858911514282e-01
1.591949760913848877e-01
1.981853842735290527e-01
1.243648976087570190e-01
1.688392311334609985e-01
1.076588705182075500e-01
2.228242456912994385e-01
1.324758380651473999e-01
1.075954139232635498e-01
1.187400072813034058e-01
3.556704893708229065e-02
1.353803277015686035e-01
1.975539922714233398e-01
2.661070525646209717e-01
5.377892777323722839e-02
1.191673278808593750e-01
2.222834676504135132e-01
2.385933995246887207e-01
2.151319831609725952e-01
1.554132699966430664e-01
2.818373739719390869e-01
2.617343962192535400e-01
9.923300147056579590e-02
1.402224451303482056e-01
3.691664934158325195e-01
1.936266571283340454e-01
1.009349077939987183e-01
1.018854305148124695e-01
1.551723480224609375e-01
2.469086050987243652e-01
1.317538470029830933e-01
1.200662404298782349e-01
9.389708936214447021e-02
1.229369863867759705e-01
2.911379039287567139e-01
1.289093494415283203e-01
1.344593465328216553e-01
1.169109866023063660e-01
1.469300985336303711e-01
2.207800745964050293e-01
4.914021193981170654e-01
2.402209043502807617e-01
3.740401566028594971e-01
2.468812316656112671e-01
6.285070627927780151e-02
1.280803531408309937e-01
1.364131271839141846e-01
1.087226718664169312e-01
1.322019100189208984e-01
2.038060128688812256e-01
1.409824192523956299e-01
1.766245365142822266e-01
2.162814438343048096e-01
1.706201136112213135e-01
1.049835607409477234e-01
1.679619252681732178e-01
1.197401508688926697e-01
1.949587762355804443e-01
5.729557946324348450e-02
