2.709146440029144287e-01
1.295953094959259033e-01
1.087378561496734619e-01
4.799481332302093506e-01
3.578606843948364258e-01
4.052088856697082520e-01
2.169384062290191650e-01
2.036977410316467285e-01
2.589152753353118896e-01
2.925283908843994141e-01
3.116908967494964600e-01
2.459077537059783936e-01
6.175345182418823242e-01
2.059888690710067749e-01
1.123132854700088501e-01
2.690085172653198242e-01
1.917702108621597290e-01
8.962531387805938721e-02
3.709951341152191162e-01
2.144869863986968994e-01
1.863891333341598511e-01
2.312054187059402466e-01
3.961234986782073975e-01
4.604433476924896240e-01
2.503042817115783691e-01
1.448888182640075684e-01
4.153782427310943604e-01
2.024457156658172607e-01
2.243371605873107910e-01
1.188954561948776245e-01
2.618741393089294434e-01
1.190610304474830627e-01
8.633263409137725830e-02
3.021436929702758789e-01
2.723976969718933105e-01
1.305706650018692017e-01
1.904609650373458862e-01
1.579602360725402832e-01
1.559868305921554565e-01
2.481571733951568604e-01
1.755115687847137451e-01
1.094879209995269775e-01
6.387671232223510742e-01
1.961246728897094727e-01
8.326371759176254272e-02
4.569132253527641296e-02
2.250862568616867065e-01
1.702079176902770996e-01
4.361860156059265137e-01
2.150874435901641846e-01
2.384184002876281738e-01
1.453133672475814819e-01
8.274319022893905640e-02
8.390440344810485840e-01
3.168381750583648682e-01
2.904373109340667725e-01
4.312862455844879150e-01
2.755531668663024902e-01
1.859058141708374023e-01
2.068918645381927490e-01
1.853626817464828491e-01
3.515188694000244141e-01
1.624292284250259399e-01
2.225949466228485107e-01
3.799052536487579346e-01
2.534959018230438232e-01
1.959316283464431763e-01
1.880721449851989746e-01
2.003406435251235962e-01
2.501756846904754639e-01
3.279247879981994629e-01
2.937426567077636719e-01
2.727952003479003906e-01
2.719607949256896973e-01
3.430709242820739746e-01
1.703539788722991943e-01
4.044127464294433594e-01
3.583215475082397461e-01
2.316095232963562012e-01
2.747364044189453125e-01
3.480200171470642090e-01
2.936896681785583496e-01
1.792812347412109375e-01
3.810972571372985840e-01
3.447215259075164795e-01
2.093079984188079834e-01
3.860813081264495850e-01
2.430519163608551025e-01
1.882314085960388184e-01
3.466963768005371094e-01
2.661693394184112549e-01
8.990678936243057251e-02
2.942903637886047363e-01
2.732957005500793457e-01
2.772509455680847168e-01
1.713952571153640747e-01
2.199661731719970703e-01
3.700380027294158936e-01
1.790871173143386841e-01
2.453060299158096313e-01
2.882648408412933350e-01
1.217802911996841431e-01
2.020101547241210938e-01
2.891462445259094238e-01
1.632815301418304443e-01
3.807342648506164551e-01
1.402832567691802979e-01
2.130205184221267700e-01
4.935730695724487305e-01
2.577093541622161865e-01
2.219589650630950928e-01
1.889427602291107178e-01
1.659826040267944336e-01
1.694343984127044678e-01
2.444231212139129639e-01
2.178135812282562256e-01
1.381834447383880615e-01
1.272515058517456055e-01
1.645770519971847534e-01
2.373789548873901367e-01
2.167238295078277588e-01
1.402149796485900879e-01
1.722175329923629761e-01
1.282092779874801636e-01
2.234079539775848389e-01
1.097901612520217896e-01
2.560480237007141113e-01
1.957482844591140747e-02
3.573969900608062744e-01
2.131891250610351562e-01
2.140797823667526245e-01
5.822517871856689453e-01
1.245971843600273132e-01
2.253196835517883301e-01
1.705361306667327881e-01
2.963851988315582275e-01
2.603723108768463135e-01
2.610447108745574951e-01
1.319564282894134521e-01
2.321397066116333008e-01
1.913107931613922119e-01
2.493601143360137939e-01
1.482689678668975830e-01
6.461071968078613281e-01
2.886898815631866455e-01
2.332279980182647705e-01
1.098340228199958801e-01
1.557421088218688965e-01
2.259901762008666992e-01
1.406553536653518677e-01
2.186233848333358765e-01
1.051348745822906494e-01
3.023244142532348633e-01
3.792882561683654785e-01
2.694230377674102783e-01
3.952900767326354980e-01
3.875157535076141357e-01
2.016575336456298828e-01
1.425873637199401855e-01
1.974898576736450195e-01
1.573515683412551880e-01
1.429166644811630249e-01
1.733237802982330322e-01
1.292232125997543335e-01
3.566274344921112061e-01
3.931809067726135254e-01
6.446263939142227173e-02
5.826278328895568848e-01
2.640311717987060547e-01
1.487782895565032959e-01
2.612439095973968506e-01
2.411391437053680420e-01
1.776153743267059326e-01
2.059655189514160156e-01
1.638903021812438965e-01
6.076880693435668945e-01
1.648712158203125000e-01
3.134928941726684570e-01
2.688061594963073730e-01
4.309671819210052490e-01
3.251805007457733154e-01
2.421604692935943604e-01
3.004442155361175537e-01
1.758205890655517578e-01
1.345773339271545410e-01
2.448984533548355103e-01
7.387042790651321411e-02
1.754020750522613525e-01
1.834338009357452393e-01
4.711554646492004395e-01
3.300855159759521484e-01
4.983126521110534668e-01
3.389098644256591797e-01
1.123029589653015137e-01
2.345497012138366699e-01
3.540249466896057129e-01
4.053498804569244385e-01
2.450200766324996948e-01
9.664475917816162109e-02
2.046797573566436768e-01
2.527331709861755371e-01
1.514801681041717529e-01
2.172616422176361084e-01
2.347720861434936523e-01
8.194164186716079712e-02
1.494882404804229736e-01
2.544179260730743408e-01
1.134363263845443726e-01
3.696027696132659912e-01
1.519797146320343018e-01
1.660406589508056641e-01
2.836162745952606201e-01
1.032958403229713440e-01
1.147852241992950439e-01
3.281516730785369873e-01
2.835904359817504883e-01
7.525442540645599365e-02
2.551900148391723633e-01
2.935221791267395020e-01
3.246551454067230225e-01
1.108825951814651489e-01
8.319813013076782227e-02
2.719773054122924805e-01
4.457122087478637695e-01
1.652628481388092041e-01
1.487673670053482056e-01
1.874457597732543945e-01
3.728788197040557861e-01
3.963439464569091797e-01
8.218698948621749878e-02
6.214371323585510254e-02
8.645774424076080322e-02
2.333272993564605713e-01
2.258784621953964233e-01
1.257506310939788818e-01
1.357464492321014404e-01
3.675927221775054932e-01
6.203706264495849609e-01
4.507869482040405273e-01
1.875048130750656128e-01
1.313063949346542358e-01
2.492579221725463867e-01
1.023069024085998535e-01
4.825708270072937012e-01
1.847492754459381104e-01
1.962368786334991455e-01
3.504257798194885254e-01
1.811437308788299561e-01
2.753375172615051270e-01
2.867143452167510986e-01
1.257067769765853882e-01
2.309433668851852417e-01
1.200392767786979675e-01
1.573735475540161133e-01
1.642739176750183105e-01
2.029302418231964111e-01
1.779209673404693604e-01
1.879723072052001953e-01
1.083432734012603760e-01
1.336196213960647583e-01
2.305785119533538818e-01
2.449963092803955078e-01
2.719153761863708496e-01
2.745071649551391602e-01
1.898996084928512573e-01
1.122800335288047791e-01
4.390592575073242188e-01
3.458082675933837891e-01
2.186915874481201172e-01
2.107644379138946533e-01
1.510176062583923340e-01
2.762423157691955566e-01
1.778552830219268799e-01
1.558515131473541260e-01
1.572241187095642090e-01
2.801674604415893555e-01
2.465082406997680664e-01
3.167046904563903809e-01
2.329784482717514038e-01
2.867633104324340820e-01
1.890742778778076172e-01
1.118070408701896667e-01
1.586393117904663086e-01
4.277544021606445312e-01
1.469087302684783936e-01
2.282120287418365479e-01
1.768423020839691162e-01
1.409827172756195068e-01
1.905817091464996338e-01
2.192924320697784424e-01
2.498625218868255615e-01
1.616961508989334106e-01
3.636802434921264648e-01
3.113132119178771973e-01
1.138881295919418335e-01
2.036640197038650513e-01
2.855948805809020996e-01
2.363274395465850830e-01
1.278991252183914185e-01
1.903644204139709473e-01
5.689416825771331787e-02
1.619549989700317383e-01
1.660245507955551147e-01
3.168872594833374023e-01
2.409935146570205688e-01
1.442112773656845093e-01
2.173507660627365112e-01
4.523144662380218506e-01
1.931303143501281738e-01
1.309029459953308105e-01
1.359889060258865356e-01
4.389924705028533936e-01
1.655488759279251099e-01
2.366021275520324707e-01
2.766820788383483887e-01
2.117012739181518555e-01
3.314630985260009766e-01
2.582202553749084473e-01
1.871135681867599487e-01
2.590028643608093262e-01
2.032350003719329834e-01
8.059668540954589844e-02
1.845468282699584961e-01
3.070711195468902588e-01
2.207773327827453613e-01
1.260363757610321045e-01
6.565237045288085938e-02
1.329756975173950195e-01
1.693738251924514771e-01
2.048680335283279419e-01
2.092704623937606812e-01
1.012508571147918701e-01
1.674178391695022583e-01
3.808050751686096191e-01
3.287529349327087402e-01
1.650676131248474121e-01
8.374042809009552002e-02
1.872973740100860596e-01
1.878951042890548706e-01
3.834341764450073242e-01
3.094788789749145508e-01
5.496637150645256042e-02
1.906973421573638916e-01
3.993339836597442627e-01
1.530575454235076904e-01
2.770242094993591309e-01
2.332453578710556030e-01
3.048820197582244873e-01
1.332590281963348389e-01
2.933936417102813721e-01
2.029322683811187744e-01
1.113637462258338928e-01
1.926029622554779053e-01
1.796391010284423828e-01
1.807176172733306885e-01
7.734622955322265625e-01
3.921741843223571777e-01
5.790627598762512207e-01
3.990955948829650879e-01
4.088237881660461426e-01
4.685400724411010742e-01
4.469741582870483398e-01
4.518733024597167969e-01
2.380513995885848999e-01
5.775471925735473633e-01
5.548813343048095703e-01
3.587029576301574707e-01
3.685388565063476562e-01
1.306973248720169067e-01
2.517794370651245117e-01
1.943377852439880371e-01
1.083690077066421509e-01
1.869722008705139160e-01
1.703144758939743042e-01
2.012185752391815186e-01
4.423072934150695801e-01
2.324784696102142334e-01
2.014870643615722656e-01
3.710261583328247070e-01
3.971531987190246582e-01
2.488774657249450684e-01
1.751174032688140869e-01
3.091267347335815430e-01
2.613905966281890869e-01
2.442903667688369751e-01
9.256701916456222534e-02
3.489378094673156738e-01
1.373096108436584473e-01
2.537534236907958984e-01
2.251385748386383057e-01
2.010147422552108765e-01
7.604525983333587646e-02
2.400315850973129272e-01
3.491947054862976074e-01
8.151826262474060059e-02
1.134294420480728149e-01
1.960543245077133179e-01
3.384968042373657227e-01
2.047886848449707031e-01
1.913920044898986816e-01
2.508503198623657227e-01
1.980235278606414795e-01
3.001060485839843750e-01
1.822377890348434448e-01
2.238348275423049927e-01
4.737508893013000488e-01
1.915793418884277344e-01
2.632553577423095703e-01
1.448916643857955933e-01
2.438135147094726562e-01
2.076935172080993652e-01
1.235869675874710083e-01
6.917250156402587891e-02
1.167545840144157410e-01
2.500276565551757812e-01
1.413270980119705200e-01
9.051668643951416016e-02
3.739661872386932373e-01
5.190312266349792480e-01
2.513680458068847656e-01
2.182806432247161865e-01
1.765665709972381592e-01
2.562513351440429688e-01
2.395444512367248535e-01
9.672657400369644165e-02
3.480330705642700195e-01
3.544842004776000977e-01
2.600036263465881348e-01
2.321709245443344116e-01
2.017882764339447021e-01
1.300066709518432617e-01
1.893500089645385742e-01
3.631594181060791016e-01
2.041062116622924805e-01
1.053466498851776123e-01
2.497386932373046875e-01
6.472299695014953613e-01
5.258579254150390625e-01
2.245664149522781372e-01
2.013874351978302002e-01
1.944634169340133667e-01
2.987810075283050537e-01
8.895489573478698730e-02
2.234296202659606934e-01
1.702842861413955688e-01
1.700869500637054443e-01
4.986732304096221924e-01
1.992257535457611084e-01
1.653268635272979736e-01
2.498858571052551270e-01
1.723169386386871338e-01
2.680014669895172119e-01
1.468582451343536377e-01
1.608647406101226807e-01
3.654575943946838379e-01
1.707005500793457031e-01
1.048303321003913879e-01
3.250850737094879150e-01
8.171983063220977783e-02
1.438481509685516357e-01
2.868320345878601074e-01
1.479943394660949707e-01
6.889885663986206055e-02
1.046443656086921692e-01
5.686493963003158569e-02
2.796044945716857910e-01
5.503032729029655457e-02
2.420659363269805908e-01
1.182229742407798767e-01
3.897703886032104492e-01
2.371574044227600098e-01
8.671548962593078613e-01
9.658285975456237793e-02
2.563064098358154297e-01
4.642160832881927490e-01
5.479186177253723145e-01
1.996999531984329224e-01
1.563878059387207031e-01
3.304610550403594971e-01
4.952313303947448730e-01
3.046032190322875977e-01
3.213592171669006348e-01
3.081462085247039795e-01
2.242323160171508789e-01
1.354936659336090088e-01
1.908183693885803223e-01
4.855422377586364746e-01
2.879064679145812988e-01
2.342695295810699463e-01
2.899932861328125000e-01
3.310521245002746582e-01
2.573809325695037842e-01
2.717957794666290283e-01
1.369138509035110474e-01
2.169562876224517822e-01
3.861022591590881348e-01
1.181711554527282715e-01
2.889219820499420166e-01
3.069655001163482666e-01
5.474870204925537109e-01
3.024006485939025879e-01
1.983828842639923096e-01
2.085189521312713623e-01
2.739834189414978027e-01
3.091180324554443359e-01
4.164444208145141602e-01
2.795236110687255859e-01
5.316492319107055664e-01
3.224970102310180664e-01
1.944348067045211792e-01
4.943469762802124023e-01
5.185604691505432129e-01
2.454816251993179321e-01
1.476202756166458130e-01
2.047144919633865356e-01
2.250611484050750732e-01
2.097861468791961670e-01
3.208604454994201660e-01
2.805302143096923828e-01
1.768411695957183838e-01
2.571101188659667969e-01
2.664733529090881348e-01
2.022053450345993042e-01
2.187307178974151611e-01
2.632076442241668701e-01
3.170370757579803467e-01
2.654241323471069336e-01
1.775249242782592773e-01
3.402501642704010010e-01
1.990052163600921631e-01
1.637216806411743164e-01
1.967255771160125732e-01
2.677422165870666504e-01
2.223456352949142456e-01
8.632948249578475952e-02
9.755766391754150391e-02
1.868049204349517822e-01
8.060393482446670532e-02
3.145988285541534424e-01
3.060449063777923584e-01
1.189399287104606628e-01
1.493212580680847168e-01
6.119496002793312073e-02
1.657995879650115967e-01
2.854741811752319336e-01
1.201771646738052368e-01
2.592999637126922607e-01
2.886431813240051270e-01
1.122310012578964233e-01
2.557540535926818848e-01
3.291251659393310547e-01
2.321818023920059204e-01
2.281137108802795410e-01
1.271119415760040283e-01
2.110669910907745361e-01
2.667459249496459961e-01
2.302336692810058594e-01
1.967676728963851929e-01
4.127625524997711182e-01
2.063206732273101807e-01
4.119890630245208740e-01
2.155046910047531128e-01
1.133892163634300232e-01
1.082919314503669739e-01
2.429901063442230225e-01
1.496394574642181396e-01
3.629517555236816406e-01
2.167658209800720215e-01
2.858438193798065186e-01
4.632150530815124512e-01
1.978852748870849609e-01
3.254011869430541992e-01
1.156194508075714111e-01
1.300472766160964966e-01
2.306551635265350342e-01
2.872539758682250977e-01
1.665348410606384277e-01
2.022266387939453125e-01
6.749879568815231323e-02
1.433573812246322632e-01
2.894647717475891113e-01
2.848250269889831543e-01
3.045563101768493652e-01
3.612635731697082520e-01
5.505529642105102539e-01
2.179454565048217773e-01
2.410314977169036865e-01
1.851561963558197021e-01
2.506265044212341309e-01
7.216457277536392212e-02
2.533611059188842773e-01
2.299217879772186279e-01
1.223238110542297363e-01
1.485396474599838257e-01
3.559048473834991455e-01
1.735289394855499268e-01
3.152838945388793945e-01
2.625516653060913086e-01
2.565543055534362793e-01
2.252164930105209351e-01
2.003726661205291748e-01
1.227689161896705627e-01
4.184200167655944824e-01
2.023433595895767212e-01
4.536135792732238770e-01
9.059216082096099854e-02
1.543402224779129028e-01
2.016579061746597290e-01
1.464193612337112427e-01
2.458260655403137207e-01
6.252880394458770752e-02
1.317551285028457642e-01
2.071806639432907104e-01
6.713038682937622070e-02
1.053741127252578735e-01
1.236520111560821533e-01
2.585212588310241699e-01
1.415940523147583008e-01
2.016866207122802734e-01
1.248280405998229980e-01
1.641652137041091919e-01
3.021783232688903809e-01
5.784350633621215820e-01
2.395644336938858032e-01
2.717984914779663086e-01
2.123037576675415039e-01
2.360720485448837280e-01
2.583292126655578613e-01
2.858150601387023926e-01
2.664164900779724121e-01
1.645693629980087280e-01
2.363626062870025635e-01
1.797575056552886963e-01
1.851104348897933960e-01
2.454074621200561523e-01
3.193067014217376709e-01
1.746041476726531982e-01
3.378152847290039062e-01
1.567964851856231689e-01
3.252710103988647461e-01
3.123779296875000000e-01
1.056715026497840881e-01
2.370081692934036255e-01
1.415869891643524170e-01
1.296399384737014771e-01
1.976732611656188965e-01
5.821193009614944458e-02
3.115385770797729492e-01
3.388253748416900635e-01
3.430250883102416992e-01
8.430187404155731201e-02
1.598797142505645752e-01
1.804814934730529785e-01
1.836751699447631836e-01
1.743130683898925781e-01
1.451732218265533447e-01
2.005075216293334961e-01
4.651576876640319824e-01
4.372485280036926270e-01
1.368409097194671631e-01
2.953363060951232910e-01
1.688338816165924072e-01
3.160036206245422363e-01
2.235141098499298096e-01
2.357304096221923828e-01
3.235404789447784424e-01
1.429889649152755737e-01
3.390111923217773438e-01
1.644343137741088867e-01
3.636444211006164551e-01
6.467248201370239258e-01
3.039989471435546875e-01
3.851843476295471191e-01
3.668693602085113525e-01
1.995679885149002075e-01
2.616154849529266357e-01
1.025379225611686707e-01
3.926970958709716797e-01
2.729456424713134766e-01
2.145227491855621338e-01
1.201293244957923889e-01
1.087656915187835693e-01
3.642980456352233887e-01
3.043759167194366455e-01
3.423621058464050293e-01
4.350782930850982666e-01
2.923814356327056885e-01
7.831218838691711426e-02
3.879283964633941650e-01
2.157997339963912964e-01
2.433961033821105957e-01
2.788028717041015625e-01
1.942809969186782837e-01
1.639816164970397949e-01
1.901589483022689819e-01
2.919482290744781494e-01
2.588505148887634277e-01
1.966332495212554932e-01
1.378967314958572388e-01
4.642702639102935791e-01
2.221058160066604614e-01
3.663105964660644531e-01
3.964304029941558838e-01
3.737439215183258057e-01
1.844165027141571045e-01
4.246194362640380859e-01
1.057732999324798584e-01
1.129349470138549805e-01
2.686089277267456055e-01
1.757307499647140503e-01
1.769654601812362671e-01
1.823702752590179443e-01
2.080076783895492554e-01
2.099508792161941528e-01
1.426802873611450195e-01
8.782786130905151367e-02
5.589623376727104187e-02
2.201898097991943359e-01
3.336145579814910889e-01
1.852745413780212402e-01
1.126935034990310669e-01
8.159951120615005493e-02
2.508130073547363281e-01
1.584854423999786377e-01
7.877672463655471802e-02
2.694773674011230469e-01
9.400760382413864136e-02
9.084862470626831055e-02
4.944387823343276978e-02
1.448940336704254150e-01
2.393857836723327637e-01
1.203487142920494080e-01
1.491417437791824341e-01
1.485448032617568970e-01
1.619155108928680420e-01
2.614784538745880127e-01
1.112425476312637329e-01
2.032100260257720947e-01
4.041765928268432617e-01
1.860440224409103394e-01
3.279783427715301514e-01
3.773875236511230469e-01
4.417917728424072266e-01
7.337623238563537598e-01
1.949602514505386353e-01
2.720606327056884766e-01
1.689088642597198486e-01
1.775881350040435791e-01
1.416794955730438232e-01
3.901020288467407227e-01
2.100826799869537354e-01
1.859755218029022217e-01
3.142565488815307617e-01
1.472000181674957275e-01
1.599147021770477295e-01
2.427318245172500610e-01
1.111370921134948730e-01
2.013822495937347412e-01
1.122811287641525269e-01
2.587315738201141357e-01
3.393388092517852783e-01
2.212078571319580078e-01
3.937171995639801025e-01
2.354371994733810425e-01
2.654857635498046875e-01
8.302760869264602661e-02
3.610581159591674805e-01
1.490490734577178955e-01
2.370477318763732910e-01
4.435315728187561035e-01
5.447925329208374023e-01
1.240393593907356262e-01
3.029497265815734863e-01
9.041982144117355347e-02
2.092411369085311890e-01
6.185875535011291504e-01
2.018172740936279297e-01
5.572228506207466125e-02
1.650792509317398071e-01
1.717279553413391113e-01
1.228654235601425171e-01
2.707211673259735107e-01
2.117526382207870483e-01
1.263636648654937744e-01
9.581556171178817749e-02
3.122935295104980469e-01
1.535487473011016846e-01
7.768433541059494019e-02
1.540227681398391724e-01
3.286145627498626709e-01
1.794923841953277588e-01
2.183471918106079102e-01
2.279610633850097656e-01
2.108531445264816284e-01
1.246399208903312683e-01
3.398071527481079102e-01
1.412720382213592529e-01
2.127038240432739258e-01
2.893867492675781250e-01
1.521177291870117188e-01
1.150504723191261292e-01
9.106915444135665894e-02
9.430599212646484375e-02
3.987136483192443848e-01
3.057552576065063477e-01
3.013374209403991699e-01
3.021973669528961182e-01
2.852389812469482422e-01
3.082001805305480957e-01
1.185628995299339294e-01
9.370011836290359497e-02
3.058120608329772949e-01
2.991882264614105225e-01
1.361181586980819702e-01
2.499001324176788330e-01
8.797043561935424805e-02
7.372676581144332886e-02
2.645137906074523926e-01
3.703842759132385254e-01
2.308294475078582764e-01
1.454581767320632935e-01
2.530126571655273438e-01
1.180430352687835693e-01
3.859197199344635010e-01
1.808033585548400879e-01
1.205945461988449097e-01
2.249635159969329834e-01
1.638146638870239258e-01
2.813056707382202148e-01
2.747810482978820801e-01
7.316620945930480957e-01
1.268711388111114502e-01
2.676598727703094482e-01
3.770029842853546143e-01
1.872094273567199707e-01
1.295531988143920898e-01
5.142105817794799805e-01
3.644045293331146240e-01
3.492248654365539551e-01
3.542145192623138428e-01
2.927833795547485352e-01
2.020126581192016602e-01
2.221783995628356934e-01
4.012467563152313232e-01
3.980704545974731445e-01
4.262765049934387207e-01
1.894358694553375244e-01
3.028491139411926270e-01
4.887896180152893066e-01
2.979543805122375488e-01
2.591701447963714600e-01
1.929824203252792358e-01
9.685657918453216553e-02
1.261304169893264771e-01
1.933683007955551147e-01
7.389958202838897705e-02
1.271427720785140991e-01
3.023719787597656250e-01
4.709368348121643066e-01
1.277193129062652588e-01
1.350084990262985229e-01
1.962306201457977295e-01
4.754821658134460449e-01
2.906690835952758789e-01
4.876493811607360840e-01
1.637096703052520752e-01
1.490558683872222900e-01
1.358233392238616943e-01
1.476302444934844971e-01
2.052363753318786621e-01
2.147357761859893799e-01
2.079615145921707153e-01
1.851533055305480957e-01
2.203227579593658447e-01
9.347356855869293213e-02
3.808861970901489258e-01
2.919758558273315430e-01
1.296320259571075439e-01
1.433498561382293701e-01
1.980392038822174072e-01
3.122960031032562256e-01
2.311712950468063354e-01
2.179484069347381592e-01
2.253676056861877441e-01
1.428759396076202393e-01
1.295403838157653809e-01
2.770076394081115723e-01
2.324327528476715088e-01
1.812608540058135986e-01
2.105194777250289917e-01
1.757182180881500244e-01
1.089964509010314941e-01
2.368620187044143677e-01
3.433721065521240234e-01
1.316401958465576172e-01
2.178549319505691528e-01
1.808024793863296509e-01
1.963245421648025513e-01
4.383832216262817383e-01
1.506646126508712769e-01
1.954178810119628906e-01
2.556059956550598145e-01
1.264550983905792236e-01
7.576473802328109741e-02
2.353588342666625977e-01
2.523477077484130859e-01
3.308583498001098633e-01
1.015849113464355469e-01
2.817846536636352539e-01
2.254800498485565186e-01
1.279636323451995850e-01
1.915534883737564087e-01
2.351940274238586426e-01
3.392587006092071533e-01
2.835401892662048340e-01
1.096721664071083069e-01
4.326452910900115967e-01
2.153349667787551880e-01
7.234983146190643311e-02
2.859750390052795410e-01
3.327043056488037109e-01
3.738350570201873779e-01
2.766799330711364746e-01
2.159897983074188232e-01
5.442839115858078003e-02
2.476559281349182129e-01
1.064425706863403320e-01
2.379529774188995361e-01
2.427661120891571045e-01
2.083981633186340332e-01
1.577977091073989868e-01
2.243515849113464355e-01
2.133455276489257812e-01
1.187777742743492126e-01
2.326772063970565796e-01
2.568954229354858398e-01
1.441197991371154785e-01
2.406358718872070312e-01
1.642993986606597900e-01
1.286344677209854126e-01
8.961196243762969971e-02
1.718104034662246704e-01
2.151017636060714722e-01
1.832656264305114746e-01
5.769388079643249512e-01
2.786621749401092529e-01
2.203030586242675781e-01
9.111128002405166626e-02
1.276105046272277832e-01
4.212482571601867676e-01
1.733123213052749634e-01
7.922734320163726807e-02
1.058402359485626221e-01
3.077957034111022949e-01
3.029426336288452148e-01
2.416007369756698608e-01
1.459531337022781372e-01
2.551154196262359619e-01
1.838853210210800171e-01
1.325700283050537109e-01
1.788530349731445312e-01
1.487101614475250244e-01
1.811522245407104492e-01
1.027380377054214478e-01
8.552043139934539795e-02
5.620978772640228271e-02
4.573096930980682373e-01
2.036274075508117676e-01
1.472912132740020752e-01
1.210502237081527710e-01
1.128640547394752502e-01
1.530871391296386719e-01
3.300045728683471680e-01
1.253723800182342529e-01
1.894655972719192505e-01
2.041828334331512451e-01
9.830719232559204102e-02
3.118605315685272217e-01
1.103445142507553101e-01
3.717823624610900879e-01
3.646546602249145508e-01
1.959538310766220093e-01
2.728761434555053711e-01
2.682989835739135742e-01
1.402801573276519775e-01
4.113009572029113770e-01
2.545561194419860840e-01
5.238819122314453125e-01
2.475570887327194214e-01
1.240661963820457458e-01
2.612501978874206543e-01
3.451298773288726807e-01
1.816012859344482422e-01
1.477591395378112793e-01
3.300150036811828613e-01
3.344720602035522461e-01
4.086771011352539062e-01
1.675542891025543213e-01
2.754264771938323975e-01
2.009416073560714722e-01
2.657212615013122559e-01
2.721969783306121826e-01
2.616421878337860107e-01
2.383259683847427368e-01
1.552085578441619873e-01
4.074990451335906982e-01
1.863540112972259521e-01
2.753955125808715820e-01
7.877729833126068115e-02
1.627693325281143188e-01
3.179723024368286133e-01
1.918817460536956787e-01
3.654180169105529785e-01
2.619474828243255615e-01
3.725786209106445312e-01
4.189466536045074463e-01
7.686816155910491943e-02
2.318417429924011230e-01
1.007221862673759460e-01
2.177595198154449463e-01
3.143008351325988770e-01
3.007561862468719482e-01
1.594227403402328491e-01
2.501369118690490723e-01
1.633361876010894775e-01
3.390012979507446289e-01
1.747955977916717529e-01
2.329765558242797852e-01
1.546807587146759033e-01
2.775872945785522461e-01
1.016514673829078674e-01
2.538133859634399414e-01
4.408965110778808594e-01
1.965474784374237061e-01
1.482219994068145752e-01
3.589809238910675049e-01
1.615262925624847412e-01
4.088619947433471680e-01
4.575082063674926758e-01
2.744888663291931152e-01
2.515992522239685059e-01
1.947914808988571167e-01
2.510249316692352295e-01
2.123559713363647461e-01
6.366477012634277344e-01
1.406720876693725586e-01
3.934826850891113281e-01
1.293465942144393921e-01
2.279834896326065063e-01
1.510127782821655273e-01
4.673732519149780273e-01
2.374485135078430176e-01
2.358584553003311157e-01
4.185025095939636230e-01
1.745616644620895386e-01
1.672240793704986572e-01
1.519369035959243774e-01
2.608371376991271973e-01
3.595831394195556641e-01
5.202001929283142090e-01
2.585375010967254639e-01
3.645439743995666504e-01
1.668126881122589111e-01
3.893633484840393066e-01
4.910402595996856689e-01
4.307796359062194824e-01
4.281232953071594238e-01
2.696092128753662109e-01
2.554906010627746582e-01
3.259093165397644043e-01
2.110318243503570557e-01
3.099783658981323242e-01
1.597668975591659546e-01
1.952696591615676880e-01
1.926164031028747559e-01
2.254881262779235840e-01
1.896913498640060425e-01
3.346079289913177490e-01
2.832467555999755859e-01
1.962730884552001953e-01
4.263503253459930420e-01
2.071858048439025879e-01
2.154285013675689697e-01
2.114283889532089233e-01
2.106268405914306641e-01
3.073081076145172119e-01
3.501228094100952148e-01
2.101269960403442383e-01
1.978013515472412109e-01
1.721948832273483276e-01
1.070490106940269470e-01
2.573285400867462158e-01
1.795498728752136230e-01
1.394455730915069580e-01
1.864493042230606079e-01
2.866335213184356689e-01
1.188836246728897095e-01
1.619293093681335449e-01
2.298224568367004395e-01
1.514275074005126953e-01
1.761443316936492920e-01
4.206590726971626282e-02
3.294892907142639160e-01
4.571704193949699402e-02
3.768965601921081543e-01
1.248862296342849731e-01
3.737133741378784180e-01
1.928645819425582886e-01
4.747196435928344727e-01
1.344500929117202759e-01
3.719516992568969727e-01
4.975774288177490234e-01
2.253921031951904297e-01
3.729597926139831543e-01
3.191383779048919678e-01
1.629713773727416992e-01
4.095700383186340332e-01
1.568683832883834839e-01
2.613976001739501953e-01
1.786070168018341064e-01
2.663215994834899902e-01
2.933484017848968506e-01
2.368410676717758179e-01
4.711894392967224121e-01
4.370772540569305420e-01
3.750529289245605469e-01
1.739719063043594360e-01
3.707983195781707764e-01
2.281944155693054199e-01
5.497784614562988281e-01
4.068295359611511230e-01
2.416068464517593384e-01
2.869254648685455322e-01
2.705960273742675781e-01
3.814731538295745850e-01
2.994868457317352295e-01
4.684359729290008545e-01
1.753803491592407227e-01
1.850452572107315063e-01
2.003343701362609863e-01
2.311108708381652832e-01
1.477788984775543213e-01
4.936371445655822754e-01
1.581305265426635742e-01
2.271306365728378296e-01
2.370706498622894287e-01
3.213893175125122070e-01
1.937925517559051514e-01
1.416702568531036377e-01
2.596628963947296143e-01
2.924587130546569824e-01
2.486010491847991943e-01
2.552213072776794434e-01
1.960487067699432373e-01
5.322386622428894043e-01
1.279971152544021606e-01
2.759379744529724121e-01
2.214435636997222900e-01
1.145528778433799744e-01
2.152257561683654785e-01
7.638952881097793579e-02
2.466041594743728638e-01
2.956664562225341797e-01
2.095624506473541260e-01
2.144026309251785278e-01
2.505186200141906738e-01
6.860867142677307129e-02
1.329464912414550781e-01
2.609103620052337646e-01
3.364852368831634521e-01
1.960949897766113281e-01
3.523111939430236816e-01
2.681483030319213867e-01
2.524716854095458984e-01
1.444290876388549805e-01
2.351947575807571411e-01
1.652129292488098145e-01
8.958272635936737061e-02
2.252593636512756348e-01
2.082025259733200073e-01
2.499579340219497681e-01
5.015185475349426270e-01
3.864145278930664062e-01
2.838331460952758789e-01
3.112230300903320312e-01
3.404411375522613525e-01
1.854764223098754883e-01
2.489858567714691162e-01
2.415355741977691650e-01
3.412719964981079102e-01
4.615228772163391113e-01
1.865174770355224609e-01
3.361329734325408936e-01
1.459107846021652222e-01
2.980629801750183105e-01
3.457638621330261230e-01
4.284662604331970215e-01
2.489085495471954346e-01
8.986099064350128174e-02
2.365978509187698364e-01
3.016915023326873779e-01
2.386459410190582275e-01
5.254560112953186035e-01
1.682956516742706299e-01
3.377235531806945801e-01
1.288394480943679810e-01
1.035872995853424072e-01
3.569306433200836182e-01
2.250118851661682129e-01
2.886836826801300049e-01
1.501329094171524048e-01
2.844817042350769043e-01
1.837588548660278320e-01
1.280777156352996826e-01
2.581211030483245850e-01
1.219247430562973022e-01
6.825271248817443848e-02
2.057822197675704956e-01
3.293467760086059570e-01
1.743234246969223022e-01
3.406553864479064941e-01
7.081134617328643799e-02
2.568685412406921387e-01
2.803210914134979248e-01
4.963425546884536743e-02
6.019375920295715332e-01
3.569958209991455078e-01
1.795344352722167969e-01
2.736206054687500000e-01
7.476000487804412842e-02
1.673134863376617432e-01
3.552061319351196289e-01
9.769514203071594238e-02
1.655274480581283569e-01
1.827437877655029297e-01
3.288428485393524170e-01
3.609434962272644043e-01
2.068575918674468994e-01
2.826816439628601074e-01
2.833000123500823975e-01
1.656082570552825928e-01
1.663675010204315186e-01
2.412732541561126709e-01
1.891850531101226807e-01
1.729629933834075928e-01
4.303617868572473526e-03
