4.991088807582855225e-01
6.490054130554199219e-01
5.165801048278808594e-01
5.173546075820922852e-01
5.238686800003051758e-01
5.022696256637573242e-01
6.267576217651367188e-01
5.732086300849914551e-01
4.597772359848022461e-01
6.041900515556335449e-01
7.888492941856384277e-01
5.235736370086669922e-01
5.323768854141235352e-01
2.491303831338882446e-01
7.070567011833190918e-01
3.510100841522216797e-01
6.639472842216491699e-01
4.595626592636108398e-01
5.115381479263305664e-01
4.873153269290924072e-01
3.883087038993835449e-01
6.132731437683105469e-01
5.358840227127075195e-01
5.531165599822998047e-01
4.044263660907745361e-01
6.246477365493774414e-01
4.884281158447265625e-01
3.949319124221801758e-01
4.714550375938415527e-01
4.741574525833129883e-01
5.332978367805480957e-01
4.952772259712219238e-01
6.258784532546997070e-01
3.503603339195251465e-01
5.345842838287353516e-01
6.320630311965942383e-01
3.916945159435272217e-01
3.496268987655639648e-01
4.539245367050170898e-01
4.409301280975341797e-01
6.264808773994445801e-01
4.787884354591369629e-01
4.756476581096649170e-01
3.497527837753295898e-01
7.310845255851745605e-01
4.591056704521179199e-01
5.407620668411254883e-01
4.059761166572570801e-01
5.045380592346191406e-01
4.743473231792449951e-01
5.229630470275878906e-01
5.915677547454833984e-01
6.028216481208801270e-01
5.859628319740295410e-01
5.355174541473388672e-01
8.331977725028991699e-01
6.495418548583984375e-01
4.019386172294616699e-01
5.219221115112304688e-01
4.104123711585998535e-01
4.877129197120666504e-01
5.101107358932495117e-01
3.393023908138275146e-01
4.565341174602508545e-01
4.502665698528289795e-01
5.913393497467041016e-01
4.118729233741760254e-01
6.919510364532470703e-01
5.675713419914245605e-01
5.150326490402221680e-01
5.051048994064331055e-01
7.140406966209411621e-01
6.384578943252563477e-01
6.217742562294006348e-01
5.902460217475891113e-01
5.798696279525756836e-01
4.752385914325714111e-01
4.355219602584838867e-01
3.772477209568023682e-01
5.112770795822143555e-01
6.311135292053222656e-01
6.944196224212646484e-01
5.398560166358947754e-01
5.518447160720825195e-01
4.477691650390625000e-01
5.411012768745422363e-01
5.501271486282348633e-01
6.144291162490844727e-01
6.624069213867187500e-01
6.278959512710571289e-01
4.427877068519592285e-01
5.512155294418334961e-01
4.570693373680114746e-01
6.102492213249206543e-01
6.671593189239501953e-01
5.236409902572631836e-01
4.379401206970214844e-01
6.161888241767883301e-01
5.675787925720214844e-01
8.524265885353088379e-01
6.412968635559082031e-01
4.942863583564758301e-01
3.351916968822479248e-01
5.059559345245361328e-01
4.417479634284973145e-01
4.968536496162414551e-01
5.232437849044799805e-01
6.834499835968017578e-01
7.721521854400634766e-01
5.472249388694763184e-01
5.052102804183959961e-01
4.829197227954864502e-01
4.361786246299743652e-01
6.711544990539550781e-01
5.648522377014160156e-01
5.504671335220336914e-01
6.209515333175659180e-01
6.295047402381896973e-01
3.254086971282958984e-01
5.668778419494628906e-01
4.804705083370208740e-01
6.599351167678833008e-01
4.887929558753967285e-01
4.310416579246520996e-01
5.560338497161865234e-01
7.667919397354125977e-01
4.213702082633972168e-01
6.042262315750122070e-01
4.949806630611419678e-01
7.113248109817504883e-01
3.405123353004455566e-01
5.745586156845092773e-01
4.944316744804382324e-01
7.028100490570068359e-01
3.249393701553344727e-01
5.825628042221069336e-01
5.130434036254882812e-01
3.652786016464233398e-01
6.161239147186279297e-01
5.870047211647033691e-01
3.707349300384521484e-01
6.933715343475341797e-01
6.663044691085815430e-01
5.578776597976684570e-01
5.759901404380798340e-01
4.945161342620849609e-01
5.289754271507263184e-01
5.979466438293457031e-01
5.281070470809936523e-01
5.970263481140136719e-01
5.403780937194824219e-01
5.872730612754821777e-01
5.443205237388610840e-01
4.458447992801666260e-01
7.115617394447326660e-01
5.346941947937011719e-01
9.662052392959594727e-01
3.968903422355651855e-01
5.144714117050170898e-01
6.200842857360839844e-01
6.012563705444335938e-01
3.852241039276123047e-01
5.267190337181091309e-01
5.022746324539184570e-01
4.970642924308776855e-01
5.132529139518737793e-01
6.146950721740722656e-01
5.192363262176513672e-01
5.643966794013977051e-01
4.748080968856811523e-01
5.604643821716308594e-01
6.702438592910766602e-01
6.427207589149475098e-01
6.455025076866149902e-01
6.008608341217041016e-01
4.180662631988525391e-01
6.414174437522888184e-01
5.067170262336730957e-01
6.261113882064819336e-01
6.421496868133544922e-01
5.910107493400573730e-01
5.783146619796752930e-01
4.809825420379638672e-01
7.747484445571899414e-01
4.801470041275024414e-01
3.025098145008087158e-01
7.067419290542602539e-01
4.682366251945495605e-01
5.502068996429443359e-01
5.395326614379882812e-01
4.981477856636047363e-01
7.011010646820068359e-01
2.952854633331298828e-01
5.419180989265441895e-01
6.489257812500000000e-01
4.414766430854797363e-01
6.041420698165893555e-01
4.618528783321380615e-01
6.281765103340148926e-01
4.819404780864715576e-01
5.522150993347167969e-01
4.319374263286590576e-01
3.092891871929168701e-01
6.089649200439453125e-01
4.521397948265075684e-01
3.683425486087799072e-01
5.543816089630126953e-01
4.740013480186462402e-01
5.159354805946350098e-01
7.191076278686523438e-01
6.032825708389282227e-01
6.544277667999267578e-01
5.345830321311950684e-01
5.395065546035766602e-01
5.687992572784423828e-01
6.928236484527587891e-01
4.483423829078674316e-01
5.410560369491577148e-01
3.526896238327026367e-01
4.028145670890808105e-01
6.777972579002380371e-01
5.575345754623413086e-01
6.657098531723022461e-01
5.621783733367919922e-01
6.507000923156738281e-01
5.271129608154296875e-01
8.152374625205993652e-01
5.467084646224975586e-01
6.020441651344299316e-01
5.343405008316040039e-01
6.983581781387329102e-01
5.200152993202209473e-01
6.417719125747680664e-01
4.131759405136108398e-01
6.452573537826538086e-01
6.174880862236022949e-01
5.315467715263366699e-01
3.749753236770629883e-01
6.513716578483581543e-01
5.723111629486083984e-01
6.040572524070739746e-01
6.546714305877685547e-01
3.949525654315948486e-01
3.757528960704803467e-01
4.758687913417816162e-01
6.733604073524475098e-01
6.793461441993713379e-01
6.286168098449707031e-01
5.058478116989135742e-01
5.504034757614135742e-01
6.210962533950805664e-01
4.847083091735839844e-01
6.786746978759765625e-01
4.914411306381225586e-01
6.059920191764831543e-01
4.952592551708221436e-01
5.148904323577880859e-01
3.978646099567413330e-01
3.571363091468811035e-01
8.888177871704101562e-01
6.577385067939758301e-01
6.237450242042541504e-01
4.227969646453857422e-01
4.524676799774169922e-01
6.170485615730285645e-01
4.163908362388610840e-01
7.795771360397338867e-01
4.637671113014221191e-01
5.740168690681457520e-01
4.453760981559753418e-01
6.029821038246154785e-01
4.525934457778930664e-01
6.226760149002075195e-01
6.288950443267822266e-01
4.046292304992675781e-01
7.022886276245117188e-01
4.892770349979400635e-01
5.653353929519653320e-01
5.039636492729187012e-01
5.372412204742431641e-01
5.476695299148559570e-01
4.438839256763458252e-01
8.095488548278808594e-01
6.244276165962219238e-01
4.957626760005950928e-01
6.942083835601806641e-01
4.812303483486175537e-01
5.115061998367309570e-01
5.515083074569702148e-01
5.903660058975219727e-01
4.346815645694732666e-01
3.908903002738952637e-01
4.844202995300292969e-01
5.570221543312072754e-01
4.045538902282714844e-01
7.015937566757202148e-01
4.119008779525756836e-01
4.698740541934967041e-01
7.049151062965393066e-01
4.200696647167205811e-01
5.177797079086303711e-01
4.925790727138519287e-01
8.585462570190429688e-01
8.892612457275390625e-01
5.686925649642944336e-01
7.088470458984375000e-01
6.840763092041015625e-01
5.540319085121154785e-01
5.158650875091552734e-01
6.382071375846862793e-01
5.498977899551391602e-01
5.479365587234497070e-01
5.133838057518005371e-01
6.084442138671875000e-01
6.333326697349548340e-01
5.091608762741088867e-01
5.020129084587097168e-01
6.654666662216186523e-01
5.486030578613281250e-01
4.083773493766784668e-01
5.401517152786254883e-01
4.507459700107574463e-01
6.359678506851196289e-01
6.238336563110351562e-01
7.051982879638671875e-01
3.146988749504089355e-01
6.011941432952880859e-01
8.576219081878662109e-01
6.001297235488891602e-01
8.290312290191650391e-01
3.960181176662445068e-01
3.866626918315887451e-01
3.882789611816406250e-01
4.392995834350585938e-01
4.520319700241088867e-01
6.742531657218933105e-01
5.389009118080139160e-01
6.016176342964172363e-01
2.301343679428100586e-01
5.192754268646240234e-01
4.924396872520446777e-01
3.933250904083251953e-01
4.980545043945312500e-01
4.765668511390686035e-01
5.048443078994750977e-01
4.748654365539550781e-01
6.598085165023803711e-01
5.938407182693481445e-01
6.046620607376098633e-01
5.942211747169494629e-01
6.665931940078735352e-01
6.622748374938964844e-01
5.351713895797729492e-01
6.401476263999938965e-01
4.402359127998352051e-01
4.513628482818603516e-01
5.732274055480957031e-01
5.116064548492431641e-01
2.501462101936340332e-01
8.614017963409423828e-01
6.001240015029907227e-01
5.666041970252990723e-01
5.319802165031433105e-01
5.280184149742126465e-01
5.709657669067382812e-01
4.495878815650939941e-01
4.819985330104827881e-01
4.445537328720092773e-01
4.966748952865600586e-01
4.948395192623138428e-01
4.986107945442199707e-01
3.460721373558044434e-01
4.788732528686523438e-01
6.325997710227966309e-01
4.103291034698486328e-01
3.839748501777648926e-01
5.861847996711730957e-01
8.111542463302612305e-01
6.751825809478759766e-01
6.137014031410217285e-01
4.589664936065673828e-01
4.006994068622589111e-01
4.389609694480895996e-01
4.624910354614257812e-01
5.296643972396850586e-01
5.321407318115234375e-01
5.876978635787963867e-01
6.137073636054992676e-01
6.173838376998901367e-01
4.507004916667938232e-01
4.786020219326019287e-01
5.669566392898559570e-01
7.146428823471069336e-01
4.374918937683105469e-01
3.644533157348632812e-01
6.447634696960449219e-01
5.201365947723388672e-01
4.763647913932800293e-01
4.763778150081634521e-01
5.702434182167053223e-01
4.378275573253631592e-01
5.058224201202392578e-01
4.002125263214111328e-01
4.468240439891815186e-01
6.455595493316650391e-01
5.921155214309692383e-01
3.984010815620422363e-01
5.524131059646606445e-01
4.430910348892211914e-01
6.835210323333740234e-01
3.712212741374969482e-01
6.857249736785888672e-01
7.305605411529541016e-01
6.394384503364562988e-01
4.952240586280822754e-01
4.556238949298858643e-01
5.216038823127746582e-01
3.525827229022979736e-01
6.499192714691162109e-01
6.324498057365417480e-01
5.598568916320800781e-01
4.214330613613128662e-01
6.428386569023132324e-01
6.184408664703369141e-01
5.026622414588928223e-01
5.460382699966430664e-01
6.188082695007324219e-01
5.321549177169799805e-01
4.071794450283050537e-01
4.811931550502777100e-01
6.451224088668823242e-01
5.856981277465820312e-01
4.939879179000854492e-01
6.678141951560974121e-01
7.139899134635925293e-01
3.949776887893676758e-01
6.747238636016845703e-01
4.388255178928375244e-01
4.619804620742797852e-01
4.587274789810180664e-01
5.269678831100463867e-01
4.578589200973510742e-01
5.314754843711853027e-01
3.440967202186584473e-01
3.894219100475311279e-01
4.949977099895477295e-01
5.735804438591003418e-01
7.012648582458496094e-01
4.723080098628997803e-01
3.866132497787475586e-01
4.947093129158020020e-01
5.391783714294433594e-01
5.644351840019226074e-01
5.638098716735839844e-01
5.106233358383178711e-01
3.995779454708099365e-01
5.023411512374877930e-01
6.574670076370239258e-01
5.257623195648193359e-01
5.340636968612670898e-01
3.560971021652221680e-01
5.103586316108703613e-01
7.971764206886291504e-01
5.612133145332336426e-01
3.985490798950195312e-01
6.152487397193908691e-01
4.719960987567901611e-01
8.200144767761230469e-01
6.122090220451354980e-01
5.327681303024291992e-01
3.759227693080902100e-01
5.871483087539672852e-01
5.302838087081909180e-01
5.378304123878479004e-01
6.810079813003540039e-01
4.132308065891265869e-01
4.535473585128784180e-01
6.045752167701721191e-01
7.211122512817382812e-01
9.201909899711608887e-01
5.842153429985046387e-01
5.359996557235717773e-01
6.354365348815917969e-01
5.934805274009704590e-01
4.756272137165069580e-01
5.742887258529663086e-01
8.181576728820800781e-01
4.772831499576568604e-01
5.724008083343505859e-01
8.256374597549438477e-01
6.622501611709594727e-01
3.611539602279663086e-01
3.808400034904479980e-01
6.006793975830078125e-01
4.794333875179290771e-01
3.980747461318969727e-01
6.272401809692382812e-01
7.474321126937866211e-01
6.005758643150329590e-01
6.183754205703735352e-01
4.980703890323638916e-01
6.276961565017700195e-01
4.909390211105346680e-01
4.596208631992340088e-01
3.900805115699768066e-01
3.833636641502380371e-01
3.174909949302673340e-01
4.828212857246398926e-01
5.717589259147644043e-01
7.151693105697631836e-01
8.429307937622070312e-01
6.251312494277954102e-01
3.574377298355102539e-01
7.624698281288146973e-01
7.394616007804870605e-01
4.990296959877014160e-01
6.278810501098632812e-01
4.651017189025878906e-01
5.439086556434631348e-01
5.155216455459594727e-01
3.720492720603942871e-01
4.938582479953765869e-01
5.807229876518249512e-01
4.384679794311523438e-01
4.916882812976837158e-01
6.070293188095092773e-01
7.910185456275939941e-01
3.878340721130371094e-01
5.471807718276977539e-01
3.327236771583557129e-01
6.455966234207153320e-01
4.210809171199798584e-01
4.997211098670959473e-01
4.026880860328674316e-01
3.223561644554138184e-01
6.016399860382080078e-01
3.655551373958587646e-01
7.318510413169860840e-01
5.082732439041137695e-01
6.165661215782165527e-01
4.685583710670471191e-01
6.441942453384399414e-01
5.235284566879272461e-01
5.481500625610351562e-01
6.102639436721801758e-01
6.494616866111755371e-01
3.423674702644348145e-01
5.529867410659790039e-01
4.567638635635375977e-01
6.182540059089660645e-01
5.851329565048217773e-01
5.229839086532592773e-01
4.869947731494903564e-01
5.521054267883300781e-01
4.475853741168975830e-01
3.880076706409454346e-01
3.779862523078918457e-01
5.160504579544067383e-01
5.404313206672668457e-01
4.508381783962249756e-01
7.053574919700622559e-01
6.649570465087890625e-01
4.457246065139770508e-01
5.440945625305175781e-01
5.382038950920104980e-01
5.300607681274414062e-01
5.815805196762084961e-01
6.489278078079223633e-01
5.631078481674194336e-01
5.652797222137451172e-01
6.514106988906860352e-01
4.959981441497802734e-01
5.333303213119506836e-01
5.269987583160400391e-01
4.727909862995147705e-01
8.873512744903564453e-01
5.616456866264343262e-01
5.283472537994384766e-01
7.067679166793823242e-01
5.522438287734985352e-01
5.657561421394348145e-01
4.766204953193664551e-01
3.585630953311920166e-01
3.764094114303588867e-01
3.590537607669830322e-01
3.225693702697753906e-01
8.114319443702697754e-01
5.117986202239990234e-01
5.039668083190917969e-01
4.106447398662567139e-01
7.757142782211303711e-01
4.739578962326049805e-01
2.406620234251022339e-01
5.401391983032226562e-01
3.945753574371337891e-01
4.627806842327117920e-01
3.470486700534820557e-01
5.801246166229248047e-01
5.457608103752136230e-01
8.008737564086914062e-01
4.991919100284576416e-01
3.741925060749053955e-01
5.764231085777282715e-01
4.519750475883483887e-01
5.971860289573669434e-01
5.696845650672912598e-01
8.957375884056091309e-01
4.686083793640136719e-01
6.818246841430664062e-01
6.322127580642700195e-01
5.319127440452575684e-01
4.654013514518737793e-01
2.870245873928070068e-01
5.265648961067199707e-01
5.427104234695434570e-01
6.099736094474792480e-01
7.117976546287536621e-01
4.893372058868408203e-01
4.578566551208496094e-01
5.004405975341796875e-01
6.722970008850097656e-01
4.896379113197326660e-01
6.520994305610656738e-01
5.351332426071166992e-01
7.188712954521179199e-01
4.568451046943664551e-01
5.407562851905822754e-01
4.926993846893310547e-01
5.706505775451660156e-01
5.708169937133789062e-01
8.175779581069946289e-01
4.416906535625457764e-01
5.996797680854797363e-01
7.270848751068115234e-01
6.146952509880065918e-01
3.972995281219482422e-01
6.808460950851440430e-01
6.332734823226928711e-01
6.188336014747619629e-01
3.794305324554443359e-01
4.916810989379882812e-01
4.207645952701568604e-01
4.979909658432006836e-01
6.140008568763732910e-01
7.171106934547424316e-01
5.987457036972045898e-01
6.190672516822814941e-01
6.483948230743408203e-01
6.186749339103698730e-01
5.015028715133666992e-01
5.332618951797485352e-01
5.237957835197448730e-01
5.599098205566406250e-01
6.151702404022216797e-01
2.231113463640213013e-01
4.515191316604614258e-01
4.782412052154541016e-01
5.616328716278076172e-01
5.657949447631835938e-01
4.763073921203613281e-01
5.273542404174804688e-01
4.029205143451690674e-01
4.975926280021667480e-01
5.953533053398132324e-01
5.943967103958129883e-01
6.021273136138916016e-01
4.628241062164306641e-01
5.269093513488769531e-01
5.573232769966125488e-01
5.741990804672241211e-01
4.594507217407226562e-01
5.378354787826538086e-01
4.321872591972351074e-01
4.186294376850128174e-01
5.720381736755371094e-01
6.370702981948852539e-01
5.382405519485473633e-01
4.718288779258728027e-01
5.734298229217529297e-01
6.353625059127807617e-01
4.566716551780700684e-01
4.593141078948974609e-01
6.150562167167663574e-01
6.004280447959899902e-01
4.421772956848144531e-01
4.168329834938049316e-01
6.430631279945373535e-01
6.213235855102539062e-01
5.380076766014099121e-01
6.882556676864624023e-01
5.434703230857849121e-01
5.520744919776916504e-01
5.864605903625488281e-01
4.981717169284820557e-01
6.412408351898193359e-01
5.303928852081298828e-01
5.565627217292785645e-01
3.477723002433776855e-01
5.298448204994201660e-01
3.473946452140808105e-01
8.177462816238403320e-01
4.943181872367858887e-01
5.741221904754638672e-01
6.634432077407836914e-01
5.005150437355041504e-01
5.720258355140686035e-01
5.763322114944458008e-01
4.889826178550720215e-01
3.768016695976257324e-01
6.033896207809448242e-01
4.235333800315856934e-01
5.015454888343811035e-01
6.505705118179321289e-01
3.949348330497741699e-01
4.141545891761779785e-01
4.985502064228057861e-01
5.211681127548217773e-01
7.015463709831237793e-01
5.086318254470825195e-01
6.329444050788879395e-01
6.087901592254638672e-01
6.142700910568237305e-01
6.695389747619628906e-01
4.126995801925659180e-01
5.357633829116821289e-01
6.605191230773925781e-01
5.635381937026977539e-01
3.897023499011993408e-01
4.554012715816497803e-01
6.256299614906311035e-01
4.075218439102172852e-01
5.419256091117858887e-01
6.253643035888671875e-01
7.515547871589660645e-01
6.991462707519531250e-01
5.591548681259155273e-01
7.312511205673217773e-01
4.131439626216888428e-01
5.799083709716796875e-01
6.870898008346557617e-01
6.995706558227539062e-01
6.209235191345214844e-01
4.348783195018768311e-01
6.452110409736633301e-01
4.702122807502746582e-01
3.466468453407287598e-01
5.101000666618347168e-01
5.495576858520507812e-01
4.997563958168029785e-01
6.175466775894165039e-01
6.731732487678527832e-01
3.703324496746063232e-01
3.605064749717712402e-01
6.086746454238891602e-01
7.858335971832275391e-01
6.434360146522521973e-01
5.035828351974487305e-01
4.663495421409606934e-01
6.065079569816589355e-01
5.888773202896118164e-01
4.820766150951385498e-01
5.182647705078125000e-01
6.119890213012695312e-01
6.351450085639953613e-01
6.921131610870361328e-01
7.624559402465820312e-01
5.206326246261596680e-01
4.651781320571899414e-01
6.038790941238403320e-01
9.331113696098327637e-01
6.840875744819641113e-01
5.555201172828674316e-01
4.787446856498718262e-01
5.363783836364746094e-01
4.850313067436218262e-01
4.783955812454223633e-01
5.028719902038574219e-01
7.418943643569946289e-01
6.828418970108032227e-01
5.537403225898742676e-01
4.853675961494445801e-01
5.506873130798339844e-01
6.750779151916503906e-01
5.949787497520446777e-01
6.671975255012512207e-01
4.976000785827636719e-01
5.488080978393554688e-01
5.893194675445556641e-01
3.845832347869873047e-01
6.493542790412902832e-01
4.273763895034790039e-01
5.525763034820556641e-01
5.338732600212097168e-01
5.073102712631225586e-01
5.682638883590698242e-01
4.394026994705200195e-01
6.673836112022399902e-01
4.402119517326354980e-01
6.023615002632141113e-01
4.290454387664794922e-01
6.182932853698730469e-01
3.904582262039184570e-01
6.243780255317687988e-01
6.111155748367309570e-01
5.424518585205078125e-01
4.231514930725097656e-01
6.880945563316345215e-01
2.928723692893981934e-01
4.424813985824584961e-01
3.905737400054931641e-01
3.831529617309570312e-01
5.960800647735595703e-01
4.483577013015747070e-01
3.604448139667510986e-01
6.367072463035583496e-01
5.363817214965820312e-01
3.444643020629882812e-01
5.182225704193115234e-01
4.633688926696777344e-01
3.578798174858093262e-01
8.947539329528808594e-01
8.274052739143371582e-01
6.818662881851196289e-01
5.054574012756347656e-01
5.389308333396911621e-01
6.894965767860412598e-01
5.841752290725708008e-01
5.421581864356994629e-01
4.968731701374053955e-01
8.509063124656677246e-01
5.909210443496704102e-01
5.532393455505371094e-01
5.522695779800415039e-01
4.648717045783996582e-01
3.805184960365295410e-01
5.805846452713012695e-01
5.696394443511962891e-01
4.820170402526855469e-01
5.402520298957824707e-01
3.890608549118041992e-01
7.201901674270629883e-01
3.907957673072814941e-01
5.747917890548706055e-01
4.301198124885559082e-01
4.281399250030517578e-01
5.609353184700012207e-01
4.829204082489013672e-01
5.759483575820922852e-01
3.841417729854583740e-01
6.117868423461914062e-01
6.096004247665405273e-01
7.500386238098144531e-01
4.447837769985198975e-01
4.526863694190979004e-01
3.311800658702850342e-01
5.746970176696777344e-01
5.933163166046142578e-01
5.109055042266845703e-01
4.428947567939758301e-01
6.415510773658752441e-01
6.399850845336914062e-01
7.297177314758300781e-01
7.117584943771362305e-01
5.644209980964660645e-01
6.538091897964477539e-01
4.910603761672973633e-01
5.147804021835327148e-01
5.442236661911010742e-01
6.127941608428955078e-01
3.359994292259216309e-01
5.763309001922607422e-01
4.665823280811309814e-01
2.797423899173736572e-01
7.280532717704772949e-01
4.375914335250854492e-01
7.812566757202148438e-01
5.814123153686523438e-01
7.410376071929931641e-01
5.432177782058715820e-01
6.045523285865783691e-01
4.502233862876892090e-01
4.315402209758758545e-01
5.910317897796630859e-01
6.861501932144165039e-01
5.455384850502014160e-01
4.436081945896148682e-01
5.676165223121643066e-01
3.799183368682861328e-01
4.121840298175811768e-01
5.219005346298217773e-01
5.691781640052795410e-01
5.282831192016601562e-01
5.180931687355041504e-01
6.261593103408813477e-01
4.141607880592346191e-01
6.311835050582885742e-01
5.202123522758483887e-01
7.310620546340942383e-01
7.219285964965820312e-01
6.382353305816650391e-01
5.500038266181945801e-01
4.112836122512817383e-01
3.959615230560302734e-01
3.764666318893432617e-01
6.181571483612060547e-01
3.448739051818847656e-01
7.102880477905273438e-01
4.189714789390563965e-01
5.982186794281005859e-01
4.973808825016021729e-01
4.986322224140167236e-01
5.017449855804443359e-01
4.293806552886962891e-01
4.841204285621643066e-01
6.761931180953979492e-01
6.202987432479858398e-01
5.798394083976745605e-01
4.504210352897644043e-01
5.249694585800170898e-01
7.702800631523132324e-01
3.758667707443237305e-01
6.909109354019165039e-01
4.768083989620208740e-01
6.072555780410766602e-01
7.448109388351440430e-01
4.372099936008453369e-01
6.752334833145141602e-01
5.467329025268554688e-01
4.126585125923156738e-01
4.325966536998748779e-01
5.372591018676757812e-01
3.767717480659484863e-01
4.303096532821655273e-01
6.881222724914550781e-01
5.767009258270263672e-01
5.570830106735229492e-01
6.051935553550720215e-01
5.819342136383056641e-01
4.449567198753356934e-01
4.920652508735656738e-01
4.917958974838256836e-01
7.080647349357604980e-01
4.218134880065917969e-01
3.898124098777770996e-01
6.887782216072082520e-01
4.267297983169555664e-01
5.088992118835449219e-01
7.236001491546630859e-01
6.432811021804809570e-01
3.912556767463684082e-01
5.908850431442260742e-01
5.924841761589050293e-01
6.917102336883544922e-01
6.348645687103271484e-01
5.166250467300415039e-01
3.974312245845794678e-01
5.289881229400634766e-01
4.792804718017578125e-01
6.440858840942382812e-01
7.529290914535522461e-01
7.917659282684326172e-01
6.329616308212280273e-01
6.881715059280395508e-01
3.542512059211730957e-01
6.067564487457275391e-01
6.712612509727478027e-01
2.683942914009094238e-01
5.803390741348266602e-01
3.708594441413879395e-01
7.363289594650268555e-01
6.540810465812683105e-01
5.623345375061035156e-01
6.297280192375183105e-01
4.651516079902648926e-01
5.018440485000610352e-01
4.939994215965270996e-01
5.324940085411071777e-01
4.051043391227722168e-01
5.036011338233947754e-01
3.697164654731750488e-01
5.608205795288085938e-01
4.510407745838165283e-01
5.579115152359008789e-01
4.224634766578674316e-01
8.020556569099426270e-01
6.250726580619812012e-01
5.514875054359436035e-01
5.951175093650817871e-01
4.867737889289855957e-01
4.194689393043518066e-01
5.943806171417236328e-01
5.493659377098083496e-01
3.486223220825195312e-01
8.193393945693969727e-01
4.783870577812194824e-01
6.123962402343750000e-01
3.642796277999877930e-01
6.950107812881469727e-01
5.774465799331665039e-01
2.764897346496582031e-01
6.291800141334533691e-01
4.006749391555786133e-01
5.971562862396240234e-01
5.060234069824218750e-01
5.719764828681945801e-01
4.485250115394592285e-01
3.773350715637207031e-01
7.156404256820678711e-01
8.164757490158081055e-01
7.171721458435058594e-01
5.605964660644531250e-01
5.999164581298828125e-01
5.911725759506225586e-01
4.835700392723083496e-01
5.446990728378295898e-01
4.742692112922668457e-01
4.508300423622131348e-01
3.717995882034301758e-01
5.504564046859741211e-01
3.768054246902465820e-01
3.937556445598602295e-01
3.656725287437438965e-01
5.652962327003479004e-01
7.221196889877319336e-01
4.676852822303771973e-01
6.017776727676391602e-01
5.002324581146240234e-01
6.314979195594787598e-01
3.167453408241271973e-01
3.586147129535675049e-01
5.273241996765136719e-01
6.576002836227416992e-01
4.224066734313964844e-01
5.534757375717163086e-01
6.079479455947875977e-01
4.441445171833038330e-01
4.090394973754882812e-01
5.300819873809814453e-01
4.480525255203247070e-01
7.234573960304260254e-01
3.964738845825195312e-01
4.690314531326293945e-01
7.794711589813232422e-01
3.281209468841552734e-01
5.655195116996765137e-01
5.225950479507446289e-01
4.250993728637695312e-01
3.257790207862854004e-01
2.966472804546356201e-01
5.409672260284423828e-01
7.172045707702636719e-01
5.041449069976806641e-01
7.013299465179443359e-01
3.693184852600097656e-01
3.940049409866333008e-01
7.208198308944702148e-01
6.127478480339050293e-01
5.968636274337768555e-01
4.560596346855163574e-01
5.565958023071289062e-01
4.620907306671142578e-01
6.110756397247314453e-01
5.017430782318115234e-01
4.236585795879364014e-01
4.990334212779998779e-01
7.685247659683227539e-01
7.229173183441162109e-01
5.731270313262939453e-01
6.003127098083496094e-01
4.531815648078918457e-01
5.878910422325134277e-01
4.428933858871459961e-01
5.678398609161376953e-01
5.098038911819458008e-01
6.851478815078735352e-01
5.069345831871032715e-01
4.402399063110351562e-01
5.688853263854980469e-01
4.663725197315216064e-01
5.380294322967529297e-01
6.265180706977844238e-01
6.329033374786376953e-01
4.256111979484558105e-01
5.192087292671203613e-01
5.273160934448242188e-01
4.721757173538208008e-01
5.129193067550659180e-01
5.887983441352844238e-01
5.607426166534423828e-01
4.923334419727325439e-01
6.405543088912963867e-01
3.706099987030029297e-01
8.327214717864990234e-01
3.841290175914764404e-01
6.637469530105590820e-01
4.015045762062072754e-01
3.792842626571655273e-01
8.462390899658203125e-01
5.313687324523925781e-01
6.920335292816162109e-01
5.061929225921630859e-01
5.221852064132690430e-01
6.236593723297119141e-01
6.164798140525817871e-01
3.751178085803985596e-01
5.080684423446655273e-01
5.670263767242431641e-01
3.926801085472106934e-01
5.053694248199462891e-01
7.140362858772277832e-01
6.585252285003662109e-01
5.258495807647705078e-01
4.132314026355743408e-01
3.743247389793395996e-01
5.145620107650756836e-01
6.282943487167358398e-01
3.280899524688720703e-01
4.738652408123016357e-01
4.258165061473846436e-01
7.936328649520874023e-01
4.894841313362121582e-01
7.183576822280883789e-01
7.172876596450805664e-01
5.518398284912109375e-01
5.256732702255249023e-01
6.737947463989257812e-01
5.460144877433776855e-01
7.735286951065063477e-01
6.120090484619140625e-01
4.216827154159545898e-01
6.580706834793090820e-01
7.452220320701599121e-01
5.914084911346435547e-01
5.192412734031677246e-01
5.116064548492431641e-01
5.479556322097778320e-01
4.640969634056091309e-01
5.336121320724487305e-01
6.214482188224792480e-01
5.560863018035888672e-01
6.089808940887451172e-01
4.423009753227233887e-01
5.088156461715698242e-01
3.190336227416992188e-01
6.446883678436279297e-01
5.933607816696166992e-01
5.849275588989257812e-01
4.299575388431549072e-01
7.149699926376342773e-01
4.873673319816589355e-01
7.003860473632812500e-01
4.617521762847900391e-01
3.269321322441101074e-01
6.099267601966857910e-01
5.336569547653198242e-01
3.958992362022399902e-01
5.499064326286315918e-01
5.562160611152648926e-01
5.936083793640136719e-01
3.464172482490539551e-01
7.216627597808837891e-01
5.644333958625793457e-01
6.248303651809692383e-01
3.923486471176147461e-01
4.275618791580200195e-01
4.512236118316650391e-01
4.943413734436035156e-01
4.150215387344360352e-01
6.211657524108886719e-01
7.107488512992858887e-01
5.006982088088989258e-01
5.696349143981933594e-01
6.025957465171813965e-01
4.464015364646911621e-01
5.899139642715454102e-01
4.900037050247192383e-01
5.007337331771850586e-01
6.655834913253784180e-01
6.365966796875000000e-01
4.722449481487274170e-01
4.589945375919342041e-01
6.145755052566528320e-01
5.160123705863952637e-01
6.476320028305053711e-01
4.485802650451660156e-01
4.488992094993591309e-01
4.791600704193115234e-01
5.807847976684570312e-01
7.362301945686340332e-01
5.826112627983093262e-01
6.127718687057495117e-01
6.097252964973449707e-01
3.979728221893310547e-01
5.844173431396484375e-01
6.732158660888671875e-01
5.163804292678833008e-01
5.393036007881164551e-01
5.501986742019653320e-01
4.118028879165649414e-01
6.770461797714233398e-01
5.008634328842163086e-01
4.739664196968078613e-01
5.811313390731811523e-01
6.123460531234741211e-01
6.452485322952270508e-01
6.833746433258056641e-01
5.202749967575073242e-01
4.718614220619201660e-01
4.418888986110687256e-01
8.489126563072204590e-01
3.238230049610137939e-01
8.377511501312255859e-01
5.564069747924804688e-01
7.209408283233642578e-01
6.380676627159118652e-01
4.100372493267059326e-01
5.209149122238159180e-01
4.880285859107971191e-01
3.568552732467651367e-01
6.208838224411010742e-01
5.037094950675964355e-01
6.414167881011962891e-01
3.649498224258422852e-01
7.212352156639099121e-01
7.305320501327514648e-01
5.551153421401977539e-01
5.963318347930908203e-01
4.184147119522094727e-01
5.116554498672485352e-01
3.219944834709167480e-01
7.345043420791625977e-01
6.162740588188171387e-01
5.993711352348327637e-01
6.804527044296264648e-01
6.243749856948852539e-01
4.070336818695068359e-01
5.487738251686096191e-01
4.729434847831726074e-01
3.917525708675384521e-01
4.855992496013641357e-01
4.017906188964843750e-01
6.963070631027221680e-01
4.691580533981323242e-01
4.276584982872009277e-01
5.369068384170532227e-01
6.252119541168212891e-01
