9.750201553106307983e-02
4.952957928180694580e-01
5.283046513795852661e-02
3.961197733879089355e-01
2.332018017768859863e-01
1.164041459560394287e-01
3.315716981887817383e-01
1.870056241750717163e-01
4.201384484767913818e-01
1.118936240673065186e-01
2.381652295589447021e-01
1.299879699945449829e-01
1.493814587593078613e-01
1.366650909185409546e-01
4.592503309249877930e-01
1.648281216621398926e-01
2.405605614185333252e-01
2.571463286876678467e-01
2.147834002971649170e-01
1.635345965623855591e-01
1.896210312843322754e-01
1.386450827121734619e-01
1.821304261684417725e-01
9.127569198608398438e-02
9.522514045238494873e-02
1.965550482273101807e-01
1.745966076850891113e-01
2.471919357776641846e-01
1.410512030124664307e-01
5.261397957801818848e-01
1.732085794210433960e-01
2.713735401630401611e-01
2.032627016305923462e-01
6.464903801679611206e-02
1.531718373298645020e-01
2.147086411714553833e-01
2.042074203491210938e-01
1.510970294475555420e-01
2.655848860740661621e-01
9.011319279670715332e-02
2.014834880828857422e-01
1.298345178365707397e-01
3.452230691909790039e-01
3.699434399604797363e-01
2.728718519210815430e-01
1.400480717420578003e-01
2.332170158624649048e-01
3.440553545951843262e-01
1.820977032184600830e-01
4.796408414840698242e-01
1.161034554243087769e-01
6.763330101966857910e-02
1.181242614984512329e-01
3.346699178218841553e-01
1.683722138404846191e-01
2.701472043991088867e-01
1.932433992624282837e-01
1.958740800619125366e-01
2.777167558670043945e-01
9.852290153503417969e-02
2.169031500816345215e-01
2.825012207031250000e-01
1.110564023256301880e-01
2.153410315513610840e-01
1.408878713846206665e-01
2.069234549999237061e-01
8.237929642200469971e-02
2.358918935060501099e-01
2.788209617137908936e-01
1.419758647680282593e-01
1.741294264793395996e-01
1.684217453002929688e-01
1.534509658813476562e-01
3.544095754623413086e-01
1.357930302619934082e-01
3.431275486946105957e-02
1.943428963422775269e-01
7.684697210788726807e-02
2.945882678031921387e-01
1.550153642892837524e-01
1.784756034612655640e-01
2.453397214412689209e-01
1.936968564987182617e-01
3.261305093765258789e-01
2.765447795391082764e-01
2.036288976669311523e-01
2.824506759643554688e-01
1.172085627913475037e-01
1.035532131791114807e-01
1.884650141000747681e-01
9.048573672771453857e-02
9.357486665248870850e-02
2.830482721328735352e-01
2.026687413454055786e-01
1.521553844213485718e-01
7.449871301651000977e-02
1.610898226499557495e-01
1.351305842399597168e-01
2.178103476762771606e-01
9.046894311904907227e-02
2.013969570398330688e-01
1.153446361422538757e-01
8.449432253837585449e-02
1.123603209853172302e-01
3.167844563722610474e-02
3.353657722473144531e-01
4.914885759353637695e-01
2.803046405315399170e-01
2.220284342765808105e-01
1.238395050168037415e-01
2.730394601821899414e-01
1.498843729496002197e-01
1.383376419544219971e-01
2.373497486114501953e-01
2.202132791280746460e-01
1.691550761461257935e-01
1.430101990699768066e-01
3.734163641929626465e-01
3.421614766120910645e-01
2.448746263980865479e-01
6.189782917499542236e-02
4.009574353694915771e-01
2.543465197086334229e-01
9.677077829837799072e-02
1.967470943927764893e-01
8.067300170660018921e-02
4.198013246059417725e-01
2.265166044235229492e-01
2.013894915580749512e-01
2.245430052280426025e-01
2.462126314640045166e-01
4.271894693374633789e-01
2.948980629444122314e-01
2.760421931743621826e-01
1.161053180694580078e-01
1.116838902235031128e-01
2.157494127750396729e-01
1.780993789434432983e-01
1.283850073814392090e-01
2.515797615051269531e-01
1.210745871067047119e-01
1.510656177997589111e-01
1.862650662660598755e-01
2.767687737941741943e-01
9.950152039527893066e-02
2.485602796077728271e-01
1.042339503765106201e-01
1.505886763334274292e-01
1.403197199106216431e-01
3.567105531692504883e-01
1.489261984825134277e-01
2.856741249561309814e-01
1.911693811416625977e-01
1.373214423656463623e-01
1.338525861501693726e-01
1.616118401288986206e-01
7.589377462863922119e-02
1.654386222362518311e-01
3.368475735187530518e-01
3.191322386264801025e-01
3.947937488555908203e-02
1.560630500316619873e-01
2.798268795013427734e-01
1.966744065284729004e-01
1.877772361040115356e-01
1.534141004085540771e-01
2.652584910392761230e-01
2.116555571556091309e-01
4.226967096328735352e-01
1.929216682910919189e-01
1.674083769321441650e-01
2.409313023090362549e-01
2.272170186042785645e-01
2.066167145967483521e-01
2.530248761177062988e-01
1.100601702928543091e-01
1.406322568655014038e-01
1.229309141635894775e-01
2.966071963310241699e-01
3.385421633720397949e-01
2.063957154750823975e-01
2.003260850906372070e-01
1.249890252947807312e-01
2.235221266746520996e-01
4.524108767509460449e-01
2.934506833553314209e-01
2.428145557641983032e-01
1.184356212615966797e-01
6.895606964826583862e-02
5.342049598693847656e-01
1.299651861190795898e-01
3.286991119384765625e-01
3.420360982418060303e-01
2.929953336715698242e-01
1.853680014610290527e-01
1.848509460687637329e-01
1.250297278165817261e-01
1.921356022357940674e-01
2.653611302375793457e-01
1.536959856748580933e-01
4.568800926208496094e-01
2.477256357669830322e-01
1.561338305473327637e-01
1.792743802070617676e-01
9.069649130105972290e-02
1.891155391931533813e-01
1.158068329095840454e-01
2.741410136222839355e-01
2.644235789775848389e-01
7.624899595975875854e-02
3.297063410282135010e-01
1.396414339542388916e-01
1.807007640600204468e-01
1.972393393516540527e-01
3.187393248081207275e-01
5.850434303283691406e-01
1.023662388324737549e-01
8.163049072027206421e-02
3.603265583515167236e-01
2.124210298061370850e-01
1.971949636936187744e-01
1.204998940229415894e-01
2.811682522296905518e-01
4.161138087511062622e-02
3.023480474948883057e-01
1.393791288137435913e-01
3.491363227367401123e-01
1.304061263799667358e-01
2.886474728584289551e-01
3.054133653640747070e-01
1.636141836643218994e-01
1.998537182807922363e-01
1.954695582389831543e-01
2.099825292825698853e-01
1.562049239873886108e-01
1.071598306298255920e-01
1.710056364536285400e-01
2.528192996978759766e-01
2.299952805042266846e-01
3.101410567760467529e-01
1.002635583281517029e-01
1.600452512502670288e-01
2.187857329845428467e-01
1.023413762450218201e-01
1.721852123737335205e-01
2.177645713090896606e-01
2.506648898124694824e-01
1.808306574821472168e-01
6.745935976505279541e-02
1.193047165870666504e-01
2.949860095977783203e-01
3.528203070163726807e-01
1.664788872003555298e-01
1.053609326481819153e-01
2.895160913467407227e-01
1.436809599399566650e-01
8.551088720560073853e-02
1.421068906784057617e-01
2.079567909240722656e-01
2.189491689205169678e-01
3.670629560947418213e-01
4.156441241502761841e-02
2.105032801628112793e-01
5.080560445785522461e-01
2.207553535699844360e-01
1.001299470663070679e-01
2.081668376922607422e-01
1.854628324508666992e-01
3.444530069828033447e-01
5.664305016398429871e-02
2.617445290088653564e-01
1.299467235803604126e-01
2.489839941263198853e-01
1.734608262777328491e-01
6.929121166467666626e-02
1.198331415653228760e-01
2.128418982028961182e-01
8.112836629152297974e-02
2.053026854991912842e-01
1.215209215879440308e-01
1.590243726968765259e-01
1.604432463645935059e-01
3.435122966766357422e-01
1.601272821426391602e-01
1.330184787511825562e-01
4.784370064735412598e-01
3.435914516448974609e-01
4.910826981067657471e-01
1.892864704132080078e-01
1.670383512973785400e-01
2.171894013881683350e-01
1.250717043876647949e-01
1.817884892225265503e-01
1.702243983745574951e-01
2.960825264453887939e-01
8.079840242862701416e-02
2.038821876049041748e-01
2.440835535526275635e-01
9.223128855228424072e-02
1.010763347148895264e-01
1.407127678394317627e-01
1.852685958147048950e-01
4.829265475273132324e-01
3.986098766326904297e-01
2.879473567008972168e-01
7.510806620121002197e-02
4.151022732257843018e-01
3.622280359268188477e-01
2.303366959095001221e-01
3.206360340118408203e-01
5.359274148941040039e-01
2.925677597522735596e-01
4.147548675537109375e-01
1.202442944049835205e-01
2.021436691284179688e-01
2.467234730720520020e-01
2.580176889896392822e-01
6.168156862258911133e-01
9.323254227638244629e-02
3.243560791015625000e-01
1.872160434722900391e-01
1.727155894041061401e-01
2.400865107774734497e-01
2.984093427658081055e-01
1.490128040313720703e-01
3.334825336933135986e-01
1.505326628684997559e-01
3.126576244831085205e-01
1.873835623264312744e-01
1.211051046848297119e-01
1.125736236572265625e-01
3.787098526954650879e-01
2.031063735485076904e-01
1.568551808595657349e-01
1.365884542465209961e-01
2.635897994041442871e-01
3.148453831672668457e-01
4.731927812099456787e-02
2.615507245063781738e-01
2.404059171676635742e-01
1.469737887382507324e-01
2.123415023088455200e-01
2.504225969314575195e-01
2.550635933876037598e-01
6.986682862043380737e-02
1.791924387216567993e-01
2.258870303630828857e-01
2.480894625186920166e-01
1.230676472187042236e-01
5.942172184586524963e-02
2.404187917709350586e-01
2.807698249816894531e-01
4.160702228546142578e-01
2.112443000078201294e-01
1.046840995550155640e-01
1.953810155391693115e-01
1.883373260498046875e-01
9.996083378791809082e-02
5.037114620208740234e-01
3.043647408485412598e-01
1.019798368215560913e-01
1.112044900655746460e-01
1.939988583326339722e-01
1.824781894683837891e-01
3.176304101943969727e-01
2.863347232341766357e-01
1.191268712282180786e-01
1.873687654733657837e-01
1.369661986827850342e-01
3.669473528861999512e-01
1.682482659816741943e-01
1.970443129539489746e-01
3.675295710563659668e-01
2.607331275939941406e-01
6.356979161500930786e-02
2.280288934707641602e-01
2.045577466487884521e-01
1.008374989032745361e-01
1.317685395479202271e-01
1.989220529794692993e-01
1.127150505781173706e-01
2.746393680572509766e-01
2.660077214241027832e-01
1.163796037435531616e-01
2.417701184749603271e-01
1.735367476940155029e-01
1.335415542125701904e-01
1.617193818092346191e-01
8.379489928483963013e-02
5.144299864768981934e-01
8.686651289463043213e-02
2.204658836126327515e-01
2.495549917221069336e-01
3.039664030075073242e-01
3.443171679973602295e-01
2.176790684461593628e-01
1.200157254934310913e-01
3.253536820411682129e-01
2.562892436981201172e-01
4.898453056812286377e-01
1.798935234546661377e-01
1.484619677066802979e-01
2.897498607635498047e-01
3.000564277172088623e-01
2.135888338088989258e-01
1.218004450201988220e-01
3.879111111164093018e-01
2.751147150993347168e-01
1.039323359727859497e-01
2.026441097259521484e-01
3.089260160923004150e-01
2.233504652976989746e-01
3.802228868007659912e-01
1.424236744642257690e-01
2.993147075176239014e-01
6.077251583337783813e-02
1.238733381032943726e-01
1.993653774261474609e-01
2.943734526634216309e-01
1.095492169260978699e-01
1.019781976938247681e-01
1.458810120820999146e-01
1.237917840480804443e-01
2.063762098550796509e-01
1.542891114950180054e-01
2.160234004259109497e-01
7.295909523963928223e-02
2.038615942001342773e-01
3.034267425537109375e-01
2.702668607234954834e-01
2.806273400783538818e-01
1.947307288646697998e-01
1.528068780899047852e-01
3.240460753440856934e-01
3.624339103698730469e-01
1.957174837589263916e-01
2.267733663320541382e-01
1.528089642524719238e-01
4.788187444210052490e-01
2.442386895418167114e-01
4.333124160766601562e-01
4.094549417495727539e-01
1.960638910531997681e-01
2.278402149677276611e-01
2.223733514547348022e-01
1.734383702278137207e-01
4.794001951813697815e-02
1.938234418630599976e-01
1.917999386787414551e-01
3.302520811557769775e-01
4.139006137847900391e-01
2.236737459897994995e-01
1.880485415458679199e-01
3.832012414932250977e-01
7.741644978523254395e-02
1.971611380577087402e-01
4.760613143444061279e-01
1.369144022464752197e-01
1.729354560375213623e-01
1.302030682563781738e-01
2.525313794612884521e-01
2.155422568321228027e-01
2.933878898620605469e-01
2.688506245613098145e-01
2.315822243690490723e-01
4.690235853195190430e-01
1.837932765483856201e-01
4.033685624599456787e-01
2.197478562593460083e-01
7.903127372264862061e-02
2.092154473066329956e-01
3.182980120182037354e-01
4.986760318279266357e-01
1.796380579471588135e-01
3.567172884941101074e-01
1.394552886486053467e-01
2.655507028102874756e-01
2.631432712078094482e-01
3.712510764598846436e-01
3.370363712310791016e-01
3.215428590774536133e-01
2.251409143209457397e-01
1.388214230537414551e-01
1.938435435295104980e-01
2.008946985006332397e-01
1.312593817710876465e-01
1.946595162153244019e-01
1.092908680438995361e-01
1.911214739084243774e-01
3.571912050247192383e-01
3.130200505256652832e-01
2.792871594429016113e-01
1.749450713396072388e-01
3.930938839912414551e-01
2.265401780605316162e-01
9.289512038230895996e-02
2.474178373813629150e-01
1.673572659492492676e-01
2.033345699310302734e-01
1.239239275455474854e-01
1.963079869747161865e-01
1.954146921634674072e-01
2.108431160449981689e-01
1.809782981872558594e-01
2.234310209751129150e-01
1.702741533517837524e-01
2.287165969610214233e-01
2.100771665573120117e-01
4.874473810195922852e-02
3.868672251701354980e-01
9.438897669315338135e-02
1.483971029520034790e-01
2.215118110179901123e-01
2.348741739988327026e-01
3.019480705261230469e-01
2.525535523891448975e-01
2.684581875801086426e-01
1.834115386009216309e-01
4.137405753135681152e-01
3.277320861816406250e-01
9.857679903507232666e-02
4.672446548938751221e-01
4.095725417137145996e-01
1.652349680662155151e-01
1.956854462623596191e-01
1.855025291442871094e-01
2.384793758392333984e-01
4.065397381782531738e-01
1.838279366493225098e-01
4.275634288787841797e-01
2.498425394296646118e-01
1.454482823610305786e-01
1.316741406917572021e-01
1.021492257714271545e-01
2.399571388959884644e-01
1.593494117259979248e-01
6.923177838325500488e-02
1.178522109985351562e-01
2.152745723724365234e-01
2.246747314929962158e-01
1.006817072629928589e-01
1.918263882398605347e-01
2.233239412307739258e-01
2.715226113796234131e-01
2.153289020061492920e-01
2.873664200305938721e-01
1.702538728713989258e-01
1.454042345285415649e-01
1.587946414947509766e-01
2.858342528343200684e-01
3.204779922962188721e-01
1.507552117109298706e-01
1.304178535938262939e-01
1.406223028898239136e-01
1.567590236663818359e-01
2.863664329051971436e-01
9.183272719383239746e-02
2.003665566444396973e-01
1.983532160520553589e-01
3.034596741199493408e-01
2.983942031860351562e-01
1.695909500122070312e-01
3.019345402717590332e-01
1.326528042554855347e-01
1.140544861555099487e-01
1.502434164285659790e-01
3.200391232967376709e-01
2.626175582408905029e-01
3.987696766853332520e-01
2.043414115905761719e-01
1.314450055360794067e-01
2.298576533794403076e-01
2.714277505874633789e-01
1.074968650937080383e-01
1.232966482639312744e-01
2.655070722103118896e-01
1.389861404895782471e-01
8.623431622982025146e-02
2.293558716773986816e-01
4.283188581466674805e-01
1.138008460402488708e-01
1.233384162187576294e-01
1.613318324089050293e-01
5.704128146171569824e-01
3.125396370887756348e-01
1.294581145048141479e-01
2.515645027160644531e-01
1.528499424457550049e-01
1.239725276827812195e-01
2.230641096830368042e-01
2.488531470298767090e-01
2.887987494468688965e-01
2.336714118719100952e-01
1.542907655239105225e-01
3.943826556205749512e-01
1.577691435813903809e-01
1.812160909175872803e-01
3.086678981781005859e-01
2.400653362274169922e-01
1.878048181533813477e-01
1.463085711002349854e-01
1.979530602693557739e-01
2.474572658538818359e-01
2.147339582443237305e-01
1.035149395465850830e-01
3.927451968193054199e-01
2.421445250511169434e-01
3.290814161300659180e-01
1.455882638692855835e-01
1.018080115318298340e-01
1.501569151878356934e-01
2.312847971916198730e-01
3.647149801254272461e-01
2.372404634952545166e-01
2.881877422332763672e-01
2.252127379179000854e-01
1.540769338607788086e-01
1.331034302711486816e-01
2.197176516056060791e-01
2.153142690658569336e-01
2.134783118963241577e-01
1.936779767274856567e-01
3.592999279499053955e-01
3.091720938682556152e-01
2.631030976772308350e-01
2.384411692619323730e-01
2.633842229843139648e-01
4.133934080600738525e-01
7.710945606231689453e-02
1.518935114145278931e-01
2.487021982669830322e-01
1.738836914300918579e-01
9.265227615833282471e-02
1.269767582416534424e-01
1.369204521179199219e-01
1.457542181015014648e-01
2.203670740127563477e-01
1.991878747940063477e-01
9.875185042619705200e-02
2.517360150814056396e-01
1.970618963241577148e-01
7.780455052852630615e-02
2.661633491516113281e-01
5.001220852136611938e-02
2.881100773811340332e-01
2.465384602546691895e-01
1.364154964685440063e-01
1.847805231809616089e-01
7.892332971096038818e-02
1.997586041688919067e-01
1.027333512902259827e-01
3.268496990203857422e-01
1.989669352769851685e-01
1.034573167562484741e-01
3.789770603179931641e-01
3.344523906707763672e-01
1.454612016677856445e-01
1.727300733327865601e-01
1.064074933528900146e-01
1.462284922599792480e-01
2.545495927333831787e-01
4.037649333477020264e-01
2.973462343215942383e-01
6.808260083198547363e-02
3.282699882984161377e-01
1.938088834285736084e-01
1.550009250640869141e-01
4.360361099243164062e-01
2.518779337406158447e-01
2.509621381759643555e-01
1.724705398082733154e-01
2.326553314924240112e-01
2.628282904624938965e-01
3.121696710586547852e-01
1.882870197296142578e-01
2.471762299537658691e-01
2.666676640510559082e-01
1.974133551120758057e-01
3.772446215152740479e-01
1.250220835208892822e-01
3.491858839988708496e-01
1.776264309883117676e-01
1.259364038705825806e-01
1.427658349275588989e-01
5.396104976534843445e-02
1.124374046921730042e-01
1.966173797845840454e-01
2.465607970952987671e-01
2.407505065202713013e-01
2.180946618318557739e-01
2.351617813110351562e-01
1.711281538009643555e-01
3.063496053218841553e-01
1.093098446726799011e-01
2.186111211776733398e-01
1.948183178901672363e-01
4.506136104464530945e-02
9.766987711191177368e-02
2.518174648284912109e-01
1.875768899917602539e-01
1.804606616497039795e-01
1.549390703439712524e-01
1.182044148445129395e-01
3.262279629707336426e-01
3.654118776321411133e-01
1.604213714599609375e-01
2.267937213182449341e-01
1.735988259315490723e-01
4.119243025779724121e-01
1.527069658041000366e-01
2.477706819772720337e-01
7.533299922943115234e-02
1.356591284275054932e-01
1.816535592079162598e-01
3.199393153190612793e-01
1.292599141597747803e-01
3.901071548461914062e-01
3.202120363712310791e-01
2.231100946664810181e-01
4.024274349212646484e-01
8.780823647975921631e-02
1.643369048833847046e-01
2.399647980928421021e-01
1.106721758842468262e-01
3.230842351913452148e-01
1.179890781641006470e-01
3.088799715042114258e-01
3.320851325988769531e-01
2.026879489421844482e-01
2.717878520488739014e-01
1.957202553749084473e-01
1.686211824417114258e-01
2.939326763153076172e-01
2.771465182304382324e-01
5.700930356979370117e-01
3.012920022010803223e-01
3.225513100624084473e-01
1.370331943035125732e-01
1.735583543777465820e-01
1.726961731910705566e-01
1.509339064359664917e-01
3.245053887367248535e-01
1.256789565086364746e-01
1.108625978231430054e-01
1.187513172626495361e-01
1.554012596607208252e-01
1.015295162796974182e-01
1.237415820360183716e-01
2.269108444452285767e-01
1.399352103471755981e-01
1.202120184898376465e-01
1.841528415679931641e-01
2.293198406696319580e-01
2.238116115331649780e-01
3.782804608345031738e-01
4.226078838109970093e-02
3.309327065944671631e-01
2.192894816398620605e-01
1.275027990341186523e-01
1.387011259794235229e-01
1.956757754087448120e-01
1.314765065908432007e-01
1.439734101295471191e-01
1.089969873428344727e-01
4.099741280078887939e-01
1.531308293342590332e-01
2.432459294795989990e-01
3.383315801620483398e-01
1.591129451990127563e-01
1.523566544055938721e-01
2.692074775695800781e-01
2.653933167457580566e-01
3.279164433479309082e-01
1.274691820144653320e-01
2.596162855625152588e-01
1.841501742601394653e-01
1.851960271596908569e-01
1.380323469638824463e-01
2.624958753585815430e-01
3.920594602823257446e-02
3.226549029350280762e-01
1.982466578483581543e-01
3.887059688568115234e-01
1.729259192943572998e-01
1.635683625936508179e-01
2.989694178104400635e-01
1.357721239328384399e-01
1.346772164106369019e-01
1.363424062728881836e-01
1.472148001194000244e-01
3.632178306579589844e-01
3.463827967643737793e-01
1.401992440223693848e-01
2.506498992443084717e-01
1.200154721736907959e-01
2.216539531946182251e-01
3.549542725086212158e-01
1.949442028999328613e-01
1.670682430267333984e-01
2.488222867250442505e-01
2.914615869522094727e-01
3.000819385051727295e-01
2.575025558471679688e-01
3.005614280700683594e-01
3.638731241226196289e-01
2.894076108932495117e-01
2.280060052871704102e-01
1.758745610713958740e-01
5.346253514289855957e-01
2.698053121566772461e-01
3.950498998165130615e-01
2.895880937576293945e-01
4.256626367568969727e-01
1.852408945560455322e-01
2.412471771240234375e-01
3.495784401893615723e-01
4.517620205879211426e-01
1.656655073165893555e-01
1.316417902708053589e-01
2.471745610237121582e-01
2.763177752494812012e-01
3.809793591499328613e-01
1.696108728647232056e-01
1.969372034072875977e-01
1.876300126314163208e-01
2.110764980316162109e-01
2.903751134872436523e-01
1.299989372491836548e-01
2.638728022575378418e-01
2.507374882698059082e-01
2.354877293109893799e-01
1.318437904119491577e-01
1.941062211990356445e-01
4.023481607437133789e-01
1.500408351421356201e-01
3.632836937904357910e-01
4.111202359199523926e-01
1.643109768629074097e-01
2.229623496532440186e-01
1.278257220983505249e-01
1.849328726530075073e-01
1.521601974964141846e-01
3.199010491371154785e-01
4.382564723491668701e-01
3.860788345336914062e-01
1.682038903236389160e-01
3.842208981513977051e-01
2.411607503890991211e-01
5.442774295806884766e-01
2.802556753158569336e-01
3.239552974700927734e-01
3.064680695533752441e-01
3.410753011703491211e-01
4.897298514842987061e-01
2.734964489936828613e-01
5.825418829917907715e-01
3.695056438446044922e-01
5.188345313072204590e-01
3.477314710617065430e-01
2.625094950199127197e-01
2.437239587306976318e-01
3.053897619247436523e-01
1.681758165359497070e-01
3.572404086589813232e-01
2.564955353736877441e-01
2.499863207340240479e-01
3.482700586318969727e-01
2.991652190685272217e-01
2.355915158987045288e-01
1.272525489330291748e-01
2.357276082038879395e-01
3.136548697948455811e-01
3.636850416660308838e-01
2.996051907539367676e-01
1.320324391126632690e-01
3.244403004646301270e-01
1.072505861520767212e-01
2.535264790058135986e-01
1.136679574847221375e-01
2.558401823043823242e-01
8.522167801856994629e-02
2.708846926689147949e-01
8.485735207796096802e-02
2.528106868267059326e-01
2.949601113796234131e-01
2.493655979633331299e-01
2.167677283287048340e-01
1.168740391731262207e-01
2.671606540679931641e-01
1.708173453807830811e-01
2.892631664872169495e-02
1.655050069093704224e-01
4.494719207286834717e-01
1.789199709892272949e-01
1.951151341199874878e-01
1.042823493480682373e-01
1.541435718536376953e-01
4.141047894954681396e-01
2.687749862670898438e-01
2.598668932914733887e-01
1.434732973575592041e-01
3.697364628314971924e-01
1.291992515325546265e-01
4.887022078037261963e-02
9.055184572935104370e-02
1.293762922286987305e-01
2.590327858924865723e-01
2.271678149700164795e-01
7.900765538215637207e-02
1.424709260463714600e-01
1.459482759237289429e-01
2.292181551456451416e-01
3.194303810596466064e-01
1.183892264962196350e-01
1.344457566738128662e-01
2.628490030765533447e-01
1.384312361478805542e-01
2.562097311019897461e-01
1.169127151370048523e-01
1.652487963438034058e-01
2.228148579597473145e-01
1.311973929405212402e-01
1.699823141098022461e-01
1.624025702476501465e-01
2.521475553512573242e-01
2.075304388999938965e-01
1.241156756877899170e-01
5.013132095336914062e-02
2.473493814468383789e-01
7.075186073780059814e-02
2.230742275714874268e-01
1.877952963113784790e-01
1.194562166929244995e-01
1.838870346546173096e-01
4.245372712612152100e-01
1.793350279331207275e-01
9.253266453742980957e-02
2.519839406013488770e-01
8.052121102809906006e-02
1.448690295219421387e-01
1.916233599185943604e-01
5.392624810338020325e-02
8.167170733213424683e-02
8.435487747192382812e-02
2.547240853309631348e-01
2.296689003705978394e-01
2.300464212894439697e-01
9.949763119220733643e-02
3.289670944213867188e-01
2.093010246753692627e-01
1.651370376348495483e-01
1.002725809812545776e-01
3.376573920249938965e-01
1.459851264953613281e-01
1.047474145889282227e-01
2.157630771398544312e-01
1.303710341453552246e-01
2.850394248962402344e-01
6.071197241544723511e-02
1.276312768459320068e-01
7.850120961666107178e-02
9.507367014884948730e-02
2.725065946578979492e-01
1.364445686340332031e-01
2.531670033931732178e-01
2.459834814071655273e-01
9.727315604686737061e-02
2.835883498191833496e-01
9.866039454936981201e-02
8.926530182361602783e-02
4.864402115345001221e-01
2.254634797573089600e-01
2.226790934801101685e-01
2.215787768363952637e-01
1.336374729871749878e-01
9.171421825885772705e-02
3.648901581764221191e-01
9.901650249958038330e-02
2.593076825141906738e-01
1.497871875762939453e-01
1.309803277254104614e-01
3.102239370346069336e-01
3.024881184101104736e-01
2.294062823057174683e-01
2.088248729705810547e-01
1.734874099493026733e-01
1.295121312141418457e-01
1.812803745269775391e-01
1.658790111541748047e-01
2.687382102012634277e-01
3.095614314079284668e-01
1.274076998233795166e-01
1.165726929903030396e-01
8.571349829435348511e-02
1.189416646957397461e-01
1.238173991441726685e-01
9.804174304008483887e-02
7.799763977527618408e-02
8.738157898187637329e-02
2.218714356422424316e-01
7.755839079618453979e-02
2.454383224248886108e-01
2.254617512226104736e-01
3.786233067512512207e-01
1.592060327529907227e-01
2.233043015003204346e-01
1.688462793827056885e-01
2.502259612083435059e-01
1.387742161750793457e-01
1.694918870925903320e-01
9.882928431034088135e-02
1.032257080078125000e-01
3.988052904605865479e-01
1.060824766755104065e-01
1.423350572586059570e-01
4.309235811233520508e-01
7.426182925701141357e-02
1.602199375629425049e-01
2.471925169229507446e-01
1.093828380107879639e-01
4.094786345958709717e-01
2.413959950208663940e-01
2.241824269294738770e-01
1.569334715604782104e-01
3.434746861457824707e-01
2.324782311916351318e-01
1.093490868806838989e-01
1.317130625247955322e-01
1.835100948810577393e-01
1.316364109516143799e-01
1.481039971113204956e-01
2.368519604206085205e-01
1.768651157617568970e-01
1.285489201545715332e-01
2.057048678398132324e-01
3.707567155361175537e-01
2.179262042045593262e-01
4.014109820127487183e-02
2.540601193904876709e-01
1.778946071863174438e-01
2.482405006885528564e-01
3.399685919284820557e-01
3.771424293518066406e-01
1.410901099443435669e-01
1.094259768724441528e-01
2.553738355636596680e-01
2.233686745166778564e-01
2.170812487602233887e-01
1.471554338932037354e-01
1.663246005773544312e-01
1.797894835472106934e-01
1.512118875980377197e-01
1.737714111804962158e-01
2.100199609994888306e-01
2.742532789707183838e-01
1.582454144954681396e-01
2.004685550928115845e-01
1.284538507461547852e-01
1.024570465087890625e-01
1.539708077907562256e-01
2.576542794704437256e-01
2.584241032600402832e-01
1.283517777919769287e-01
2.971213757991790771e-01
1.642275303602218628e-01
1.525427699089050293e-01
1.245071887969970703e-01
1.363422125577926636e-01
1.928362399339675903e-01
1.510158032178878784e-01
3.208887577056884766e-01
2.149782478809356689e-01
3.849482536315917969e-02
1.738383322954177856e-01
2.121906876564025879e-01
1.285742670297622681e-01
9.400964528322219849e-02
1.304260641336441040e-01
2.354046404361724854e-01
2.285847365856170654e-01
1.862758696079254150e-01
1.832549870014190674e-01
4.165204763412475586e-01
1.437024176120758057e-01
2.158523499965667725e-01
8.540984988212585449e-02
2.635861635208129883e-01
3.925271034240722656e-01
1.121611148118972778e-01
4.237315654754638672e-01
2.395145595073699951e-01
2.069554924964904785e-01
1.341105550527572632e-01
2.169591486454010010e-01
2.769649028778076172e-01
2.405904829502105713e-01
2.096001803874969482e-01
9.422880411148071289e-02
1.012044548988342285e-01
3.312423825263977051e-01
1.352982521057128906e-01
7.210195809602737427e-02
2.864957451820373535e-01
4.677914977073669434e-01
2.341196537017822266e-01
2.564408481121063232e-01
1.960109025239944458e-01
2.279556244611740112e-01
3.303086161613464355e-01
2.896127104759216309e-01
2.090529203414916992e-01
8.987435698509216309e-02
3.811213076114654541e-01
6.014567613601684570e-02
2.927905917167663574e-01
9.940377622842788696e-02
3.014260157942771912e-02
1.210894808173179626e-01
2.274416834115982056e-01
1.472086906433105469e-01
6.440129876136779785e-02
1.643462479114532471e-01
3.854817897081375122e-02
2.116591036319732666e-01
1.916322559118270874e-01
2.823695540428161621e-01
5.514494329690933228e-02
2.390015721321105957e-01
1.475865840911865234e-01
3.812488541007041931e-02
2.610625624656677246e-01
2.698917388916015625e-01
2.718080878257751465e-01
1.745774447917938232e-01
1.215362697839736938e-01
1.280173808336257935e-01
4.164801239967346191e-01
1.421014070510864258e-01
2.836828529834747314e-01
1.972241252660751343e-01
1.701262593269348145e-01
2.798435688018798828e-01
9.948172420263290405e-02
1.629715561866760254e-01
1.214945241808891296e-01
3.284624814987182617e-01
3.189221024513244629e-01
2.821319699287414551e-01
1.394177079200744629e-01
9.790618717670440674e-02
1.988858878612518311e-01
3.216912150382995605e-01
1.504198014736175537e-01
2.966005802154541016e-01
3.002127707004547119e-01
2.977783083915710449e-01
2.160511910915374756e-01
3.238010704517364502e-01
2.820281386375427246e-01
3.257503211498260498e-01
1.609757542610168457e-01
8.696903288364410400e-02
2.024636119604110718e-01
2.645503580570220947e-01
2.122892141342163086e-01
1.583241969347000122e-01
1.295774728059768677e-01
1.789262741804122925e-01
7.636584341526031494e-02
2.607658803462982178e-01
1.106892973184585571e-01
2.211907505989074707e-01
3.082939982414245605e-01
2.456750273704528809e-01
2.560071349143981934e-01
5.391652882099151611e-02
1.738706529140472412e-01
2.758074402809143066e-01
1.336981654167175293e-01
3.873625993728637695e-01
1.336046606302261353e-01
1.533084362745285034e-01
2.888746857643127441e-01
2.537557780742645264e-01
6.250894069671630859e-02
1.853610724210739136e-01
1.971475183963775635e-01
1.523530483245849609e-01
3.289359807968139648e-01
1.664308607578277588e-01
1.985598802566528320e-01
1.139465495944023132e-01
1.377100646495819092e-01
1.339126527309417725e-01
1.876628547906875610e-01
1.814235448837280273e-01
9.820669889450073242e-02
8.295768499374389648e-02
1.338311433792114258e-01
7.344166189432144165e-02
2.788206636905670166e-01
3.286128938198089600e-01
9.508346021175384521e-02
2.059262692928314209e-01
2.576074898242950439e-01
4.761259257793426514e-01
2.829003334045410156e-01
2.356204688549041748e-01
2.024554014205932617e-01
3.812652230262756348e-01
1.571338325738906860e-01
6.247362494468688965e-02
3.694081306457519531e-01
5.227062106132507324e-02
1.084867864847183228e-01
9.227463603019714355e-02
1.744348704814910889e-01
1.405897736549377441e-01
4.731306433677673340e-02
2.842980325222015381e-01
3.438704013824462891e-01
2.483299076557159424e-01
1.743946373462677002e-01
2.524861097335815430e-01
1.837007701396942139e-01
4.184530973434448242e-01
5.191143229603767395e-02
4.934425354003906250e-01
2.130673229694366455e-01
1.402451992034912109e-01
1.430734843015670776e-01
2.783206105232238770e-01
2.310416102409362793e-01
2.457028776407241821e-01
8.040577173233032227e-02
1.626912057399749756e-01
1.520467251539230347e-01
1.819438636302947998e-01
1.515088975429534912e-01
9.291230887174606323e-02
1.180390119552612305e-01
3.156340122222900391e-01
1.364480257034301758e-01
1.949918866157531738e-01
1.825904101133346558e-01
6.045795604586601257e-02
