5.633300542831420898e-01
2.108194082975387573e-01
2.736116647720336914e-01
1.735565066337585449e-01
3.271176218986511230e-01
1.767566055059432983e-01
1.244707033038139343e-01
1.729164570569992065e-01
1.424022316932678223e-01
3.396053910255432129e-01
8.175496757030487061e-02
2.290912568569183350e-01
1.235081031918525696e-01
4.062808156013488770e-01
2.656685411930084229e-01
2.101556956768035889e-01
6.142845749855041504e-02
1.571183204650878906e-01
8.951222151517868042e-02
1.098296046257019043e-01
1.458587348461151123e-01
2.036463320255279541e-01
2.452174872159957886e-01
1.509666740894317627e-01
1.603750586509704590e-01
1.544321179389953613e-01
2.519755363464355469e-01
4.087090119719505310e-02
1.908294111490249634e-01
2.147152125835418701e-01
1.346654742956161499e-01
1.322270184755325317e-01
3.122510910034179688e-01
3.171845898032188416e-02
7.354309409856796265e-02
1.044618263840675354e-01
1.227753758430480957e-01
2.987996041774749756e-01
1.900087296962738037e-01
1.618085503578186035e-01
6.356029212474822998e-02
8.290125429630279541e-02
9.851195663213729858e-02
2.216687351465225220e-01
1.469417661428451538e-01
1.136707291007041931e-01
7.398341596126556396e-02
4.474460482597351074e-01
1.158312261104583740e-01
1.447343975305557251e-01
1.328771561384201050e-01
1.301883608102798462e-01
2.225523293018341064e-01
1.690405607223510742e-01
6.113226711750030518e-02
7.203100621700286865e-02
1.046898216009140015e-01
1.249005347490310669e-01
1.161516755819320679e-01
1.434562206268310547e-01
1.497716903686523438e-01
1.534495055675506592e-01
8.674445748329162598e-02
1.282646954059600830e-01
1.520704030990600586e-01
2.991051226854324341e-02
2.723901569843292236e-01
5.145943164825439453e-02
3.630798459053039551e-01
4.776773601770401001e-02
1.729022860527038574e-01
1.128433421254158020e-01
2.001354843378067017e-01
8.653426170349121094e-02
2.866037562489509583e-02
1.577047705650329590e-01
3.364537954330444336e-01
1.527255773544311523e-01
2.427879869937896729e-01
4.496900737285614014e-02
3.949800878763198853e-02
1.260660737752914429e-01
2.775733768939971924e-01
1.231465861201286316e-02
1.200629919767379761e-01
3.199236989021301270e-01
1.754801869392395020e-01
1.371065229177474976e-01
1.791129708290100098e-01
8.569568395614624023e-02
6.338100880384445190e-02
1.901589483022689819e-01
1.345129758119583130e-01
1.271022707223892212e-01
2.163039445877075195e-01
8.960215747356414795e-02
1.919622123241424561e-01
1.063451766967773438e-01
2.598247528076171875e-01
4.857822507619857788e-02
6.714984774589538574e-02
4.026883840560913086e-02
2.266625016927719116e-01
2.366338670253753662e-01
8.585423231124877930e-02
4.201682209968566895e-01
2.019552886486053467e-01
1.173484250903129578e-01
1.595270186662673950e-01
6.232494115829467773e-02
9.070511907339096069e-02
5.106533318758010864e-02
2.535705268383026123e-01
3.715730905532836914e-01
1.008596569299697876e-01
1.833677589893341064e-01
1.517181396484375000e-01
1.700663864612579346e-01
3.779931366443634033e-02
2.203468382358551025e-01
1.703062951564788818e-01
1.382628381252288818e-01
1.763821244239807129e-01
1.540637016296386719e-01
1.331001222133636475e-01
5.616470426321029663e-02
1.989682018756866455e-01
7.954073697328567505e-02
1.875973939895629883e-01
5.623894184827804565e-02
8.158227056264877319e-02
6.646566092967987061e-02
1.882603466510772705e-01
1.842569708824157715e-01
9.293900430202484131e-02
1.302312612533569336e-01
2.241429686546325684e-01
1.656743139028549194e-01
2.298854887485504150e-01
1.791353225708007812e-01
2.116190195083618164e-01
1.358687430620193481e-01
2.420227527618408203e-01
3.380940556526184082e-01
4.573320448398590088e-01
3.831397294998168945e-01
1.497485935688018799e-01
7.404632866382598877e-02
1.671904027462005615e-01
3.073261976242065430e-01
1.430429667234420776e-01
1.032667905092239380e-01
1.205746605992317200e-01
1.907728612422943115e-01
7.422924041748046875e-02
2.728792652487754822e-02
1.133272573351860046e-01
1.923945248126983643e-01
7.311138510704040527e-02
1.769862174987792969e-01
1.060053929686546326e-01
8.926990628242492676e-02
1.644630432128906250e-01
1.639969199895858765e-01
1.291717886924743652e-01
2.571407258510589600e-01
8.711534738540649414e-02
1.251186132431030273e-01
2.813293412327766418e-02
2.196985185146331787e-01
6.080698966979980469e-02
4.918776825070381165e-02
3.690081834793090820e-02
6.229781731963157654e-02
2.369048744440078735e-01
1.066630631685256958e-01
8.694991469383239746e-02
1.350234299898147583e-01
1.604177355766296387e-01
3.128405213356018066e-01
8.736504614353179932e-02
2.177313528954982758e-02
3.007595241069793701e-02
1.519017219543457031e-01
2.907877862453460693e-01
2.821160554885864258e-01
1.392357498407363892e-01
1.779087632894515991e-02
1.387602090835571289e-01
3.081988990306854248e-01
4.832543730735778809e-01
5.410943552851676941e-02
4.124104380607604980e-01
3.013021647930145264e-01
1.231684759259223938e-01
5.169596076011657715e-01
2.658441662788391113e-01
2.293841987848281860e-01
1.266706734895706177e-01
2.896563410758972168e-01
1.426031291484832764e-01
1.077463775873184204e-01
3.167063295841217041e-01
5.931089073419570923e-02
1.260584294795989990e-01
1.418807208538055420e-01
6.385232508182525635e-02
4.557487368583679199e-01
2.203943580389022827e-01
2.839648425579071045e-01
1.442675888538360596e-01
1.879261732101440430e-01
2.061890959739685059e-01
1.314741969108581543e-01
2.943596243858337402e-01
8.410015702247619629e-02
2.291024774312973022e-01
3.557811081409454346e-01
1.645487248897552490e-01
1.365118473768234253e-01
2.056505680084228516e-01
1.326513886451721191e-01
2.691729664802551270e-01
1.869011521339416504e-01
2.195623219013214111e-01
6.111875176429748535e-02
1.625311821699142456e-01
1.750199943780899048e-01
8.175099641084671021e-02
1.540801823139190674e-01
4.523917287588119507e-02
2.225503176450729370e-01
2.437827363610267639e-02
1.508167088031768799e-01
9.159876406192779541e-02
3.439212590456008911e-02
3.755964636802673340e-01
1.939751803874969482e-01
8.765280246734619141e-02
1.786887794733047485e-01
1.298774480819702148e-01
2.028352618217468262e-01
2.241974771022796631e-01
1.418602913618087769e-01
1.763789057731628418e-01
2.081463783979415894e-01
1.229883208870887756e-01
1.568301171064376831e-01
1.351355910301208496e-01
2.885080575942993164e-01
1.012681573629379272e-01
1.774011254310607910e-01
7.993377745151519775e-02
2.758149206638336182e-01
1.630669534206390381e-01
1.132413521409034729e-01
8.832005411386489868e-02
1.231013983488082886e-01
1.068870276212692261e-01
6.721246987581253052e-02
2.023434191942214966e-01
2.261666655540466309e-01
1.920996904373168945e-01
1.022131070494651794e-01
2.375792413949966431e-01
1.531199812889099121e-01
1.369370669126510620e-01
2.302530705928802490e-01
2.908740043640136719e-01
1.410818845033645630e-01
2.627013325691223145e-01
1.907764375209808350e-01
6.467467546463012695e-02
2.210276424884796143e-01
1.168467104434967041e-01
1.233811974525451660e-01
1.381966620683670044e-01
1.558386832475662231e-01
2.023177444934844971e-01
1.950273811817169189e-01
1.210017949342727661e-01
1.639140695333480835e-01
3.387503027915954590e-01
4.357328265905380249e-02
3.115943819284439087e-02
3.293444514274597168e-01
1.991075426340103149e-01
6.306406855583190918e-02
6.210356950759887695e-02
1.554699242115020752e-01
2.079447209835052490e-01
2.199622541666030884e-01
6.844359636306762695e-02
1.782598793506622314e-01
5.238178372383117676e-02
4.774099588394165039e-02
1.571009159088134766e-01
1.265545189380645752e-01
5.544737726449966431e-02
8.335396647453308105e-02
1.736161261796951294e-01
1.526924781501293182e-02
8.790351450443267822e-02
1.243813782930374146e-01
2.235271930694580078e-01
1.205443665385246277e-01
1.343165934085845947e-01
8.996962755918502808e-02
7.945048809051513672e-02
1.986530125141143799e-01
2.338117063045501709e-01
9.091304242610931396e-02
3.550111651420593262e-01
1.783848702907562256e-01
1.282874792814254761e-01
1.769829392433166504e-01
1.580274254083633423e-01
1.636760085821151733e-01
3.022943064570426941e-02
2.955456972122192383e-01
1.210568770766258240e-01
2.718914747238159180e-01
5.841017141938209534e-02
6.568154692649841309e-02
2.283427119255065918e-01
4.170411527156829834e-01
2.885777354240417480e-01
1.748344600200653076e-01
6.867983937263488770e-02
2.046891301870346069e-01
1.683305501937866211e-01
1.493419855833053589e-01
1.550181508064270020e-01
2.322219312191009521e-01
9.457060694694519043e-02
1.122999191284179688e-01
1.129695773124694824e-01
3.109486699104309082e-01
1.769645214080810547e-01
1.814245283603668213e-01
2.348669618368148804e-01
1.375895738601684570e-01
2.763163447380065918e-01
1.100064367055892944e-01
2.351162135601043701e-01
7.738064229488372803e-02
2.634864449501037598e-01
2.026517391204833984e-01
5.849746614694595337e-02
1.678551584482192993e-01
2.836891114711761475e-01
2.309267222881317139e-01
1.605967134237289429e-01
2.312675714492797852e-01
1.415999829769134521e-01
1.090501993894577026e-01
9.934374690055847168e-02
1.966046243906021118e-01
2.931866645812988281e-01
1.643487662076950073e-01
1.887328922748565674e-01
1.941598355770111084e-01
1.592221707105636597e-01
6.912398338317871094e-02
1.363733112812042236e-01
1.287707537412643433e-01
3.144839704036712646e-01
1.399317234754562378e-01
1.989524066448211670e-01
2.231759428977966309e-01
3.774407804012298584e-01
1.311254501342773438e-01
1.167846769094467163e-01
1.759449541568756104e-01
2.677139043807983398e-01
1.672540009021759033e-01
6.497000157833099365e-02
1.463906019926071167e-01
1.538394689559936523e-01
1.401181966066360474e-01
2.490790039300918579e-01
1.136169955134391785e-01
2.894498705863952637e-01
1.749445497989654541e-01
1.600122451782226562e-01
8.228272199630737305e-02
1.628968715667724609e-01
1.405856907367706299e-01
8.306030929088592529e-02
2.716803252696990967e-01
1.577397137880325317e-01
9.028469026088714600e-02
1.107033342123031616e-01
1.127476990222930908e-01
7.524010539054870605e-02
1.404964327812194824e-01
1.342339515686035156e-01
1.476373430341482162e-02
1.670237630605697632e-01
2.008086740970611572e-01
3.274322748184204102e-01
3.390749990940093994e-01
1.212876364588737488e-01
1.529713869094848633e-01
1.010512262582778931e-01
1.099439412355422974e-01
2.438393235206604004e-01
9.526962041854858398e-02
2.171615809202194214e-01
1.406405270099639893e-01
2.251312434673309326e-01
2.577409148216247559e-01
8.363617956638336182e-02
2.469154000282287598e-01
6.988271325826644897e-02
1.499976217746734619e-01
1.917132288217544556e-01
4.095633029937744141e-01
2.143317461013793945e-01
8.848527073860168457e-02
4.334216192364692688e-02
2.009803056716918945e-01
1.491160392761230469e-01
7.448866963386535645e-02
3.476412892341613770e-01
2.371291518211364746e-01
2.123223990201950073e-02
2.783999741077423096e-01
3.556098788976669312e-02
1.106038987636566162e-01
1.513899266719818115e-01
4.336767643690109253e-02
1.250792741775512695e-01
2.319009602069854736e-02
8.315797150135040283e-02
1.146537810564041138e-01
7.276874035596847534e-02
1.125136241316795349e-01
5.753467604517936707e-02
1.223580986261367798e-01
9.337184578180313110e-02
2.282737195491790771e-01
1.045655161142349243e-01
2.763686180114746094e-01
1.596433967351913452e-01
1.344200819730758667e-01
1.360063701868057251e-01
2.449961006641387939e-01
1.133713424205780029e-01
3.716124892234802246e-01
1.482529640197753906e-01
3.356660008430480957e-01
4.507003352046012878e-02
3.042229264974594116e-02
1.171227246522903442e-01
2.977301478385925293e-01
6.957367062568664551e-02
1.159576699137687683e-01
2.455852329730987549e-01
1.123454719781875610e-01
2.302715331315994263e-01
1.093054115772247314e-01
2.915930747985839844e-01
2.959198132157325745e-02
4.631441086530685425e-02
1.234171688556671143e-01
3.001102805137634277e-02
2.245603799819946289e-01
1.663939952850341797e-01
3.855249285697937012e-01
8.897965401411056519e-02
6.455318629741668701e-02
1.731086075305938721e-01
2.662842273712158203e-01
1.476082652807235718e-01
2.740187570452690125e-02
6.178760901093482971e-02
3.152039349079132080e-01
1.984425932168960571e-01
4.928578436374664307e-02
1.913772225379943848e-01
5.256251245737075806e-02
3.609464317560195923e-02
8.546718209981918335e-02
2.177641093730926514e-01
1.170847937464714050e-02
1.171304136514663696e-01
1.177143007516860962e-01
1.021611616015434265e-01
1.815634518861770630e-01
4.074875116348266602e-01
8.477233350276947021e-02
2.159167230129241943e-01
9.701249748468399048e-02
8.711505681276321411e-02
1.902464032173156738e-01
4.026983380317687988e-01
4.794202372431755066e-02
2.006662189960479736e-01
1.175682470202445984e-01
8.140031993389129639e-02
4.642122983932495117e-02
1.377386897802352905e-01
1.437509357929229736e-01
7.889413088560104370e-02
7.296697050333023071e-02
1.304881274700164795e-01
8.867763727903366089e-02
5.087547749280929565e-02
6.925908476114273071e-02
1.277518719434738159e-01
9.983559697866439819e-02
7.012246549129486084e-02
1.610582172870635986e-01
2.972433269023895264e-01
2.336784079670906067e-02
1.389714330434799194e-01
4.375323057174682617e-01
9.844282269477844238e-02
3.484086692333221436e-01
1.093218848109245300e-01
1.319122165441513062e-01
5.524007603526115417e-02
2.052309215068817139e-01
1.681949347257614136e-01
1.584015190601348877e-01
3.901948332786560059e-01
2.487342953681945801e-01
2.085057049989700317e-01
3.645502626895904541e-01
3.389682620763778687e-02
7.273653149604797363e-02
1.732322573661804199e-01
3.214023262262344360e-02
1.316143274307250977e-01
1.093687415122985840e-01
4.630608111619949341e-02
1.424385309219360352e-01
2.579024434089660645e-02
2.611364424228668213e-01
1.481651812791824341e-01
2.665632367134094238e-01
4.320378974080085754e-02
1.268908381462097168e-01
1.022751182317733765e-01
9.281635284423828125e-02
7.228830456733703613e-02
1.322698891162872314e-01
1.590280234813690186e-02
3.069176673889160156e-01
2.072275280952453613e-01
1.974067240953445435e-01
1.393260061740875244e-01
1.759415566921234131e-01
2.080663442611694336e-01
1.983936131000518799e-01
7.836835831403732300e-02
9.506292641162872314e-02
2.851200699806213379e-01
2.948267757892608643e-01
5.246432870626449585e-02
1.503694206476211548e-01
1.035864800214767456e-01
2.800296247005462646e-01
1.742345541715621948e-01
1.564013063907623291e-01
1.203974410891532898e-01
3.117283284664154053e-01
5.833970010280609131e-02
7.570409029722213745e-02
1.570155322551727295e-01
3.085139095783233643e-01
1.316883563995361328e-01
6.791994720697402954e-02
2.175769358873367310e-01
1.325912773609161377e-01
1.133051440119743347e-01
2.238673269748687744e-01
2.949973382055759430e-02
6.332056224346160889e-02
2.864562571048736572e-01
1.451200544834136963e-01
1.232050508260726929e-01
7.140887379646301270e-01
1.999342292547225952e-01
5.013030767440795898e-02
1.680351048707962036e-01
5.576086789369583130e-02
6.506596505641937256e-02
1.776461675763130188e-02
4.006054997444152832e-02
1.254620999097824097e-01
1.037120167165994644e-02
9.510225057601928711e-02
4.862424358725547791e-02
1.741273105144500732e-01
1.489814519882202148e-01
2.360248267650604248e-01
1.246606707572937012e-01
3.286898434162139893e-01
2.478081583976745605e-01
9.875102341175079346e-02
1.279952824115753174e-01
1.447739899158477783e-01
2.101257145404815674e-01
7.340598106384277344e-02
2.168641090393066406e-01
3.238877058029174805e-01
1.256022602319717407e-01
8.757216483354568481e-02
2.481172978878021240e-01
2.575322985649108887e-01
5.741701275110244751e-02
2.795869708061218262e-01
1.069813147187232971e-01
1.083829998970031738e-01
1.315884888172149658e-01
1.920976340770721436e-01
5.820144712924957275e-02
2.574311494827270508e-01
2.039323449134826660e-01
1.264953911304473877e-01
1.733168065547943115e-01
2.825667858123779297e-01
2.351948320865631104e-01
3.267063200473785400e-01
1.245215386152267456e-01
5.134683102369308472e-02
1.508329510688781738e-01
1.138686314225196838e-01
1.397829353809356689e-01
6.499677896499633789e-02
1.223357990384101868e-01
3.073468804359436035e-01
3.653775900602340698e-02
2.549450695514678955e-01
1.696626394987106323e-01
2.815316021442413330e-01
2.293410599231719971e-01
1.585202813148498535e-01
1.442910283803939819e-01
4.389483854174613953e-02
1.754972338676452637e-01
2.566305696964263916e-01
2.426551580429077148e-01
1.830487847328186035e-01
2.135117501020431519e-01
1.279798299074172974e-01
1.189017146825790405e-01
9.145463258028030396e-02
1.393301188945770264e-01
2.626919150352478027e-01
2.423425912857055664e-01
3.754466176033020020e-01
7.247018069028854370e-02
3.227805495262145996e-01
1.906937211751937866e-01
1.548891961574554443e-01
5.715443193912506104e-02
2.202373743057250977e-01
9.687805175781250000e-02
3.006251454353332520e-01
1.184084042906761169e-01
8.509381860494613647e-02
1.159131601452827454e-01
1.636075377464294434e-01
9.378806501626968384e-02
1.642905175685882568e-01
1.298087537288665771e-01
1.679922193288803101e-01
1.110013946890830994e-01
1.603642851114273071e-01
4.585921019315719604e-02
1.069749817252159119e-01
2.100024819374084473e-01
1.065696403384208679e-01
2.452929168939590454e-01
3.291989266872406006e-01
1.638061404228210449e-01
1.144121363759040833e-01
2.155390083789825439e-01
1.316193342208862305e-01
2.011236846446990967e-01
7.394196093082427979e-02
3.826876580715179443e-01
5.784749984741210938e-02
8.714532852172851562e-02
1.502316743135452271e-01
2.064967602491378784e-01
1.755620837211608887e-01
4.636714756488800049e-01
9.464871138334274292e-02
8.768884837627410889e-02
2.081825286149978638e-01
2.068103998899459839e-01
2.634522318840026855e-01
1.599526107311248779e-01
1.637617945671081543e-01
4.770068079233169556e-02
1.995904743671417236e-01
4.096315205097198486e-01
1.143498867750167847e-01
1.140381917357444763e-01
9.244823455810546875e-02
2.560555040836334229e-01
1.137594431638717651e-01
3.007881641387939453e-01
1.208357214927673340e-01
2.295345664024353027e-01
1.758719980716705322e-01
9.291329979896545410e-02
1.432529389858245850e-01
1.680345833301544189e-01
1.040299385786056519e-01
4.684463515877723694e-02
3.162364363670349121e-01
1.886934600770473480e-02
3.750170394778251648e-02
7.628492265939712524e-02
1.094629466533660889e-01
2.471912503242492676e-01
7.758623361587524414e-02
2.785639166831970215e-01
6.923308968544006348e-02
1.193824037909507751e-01
6.681399792432785034e-02
5.917833000421524048e-02
1.476308405399322510e-01
9.499035775661468506e-02
2.533833384513854980e-01
9.040282666683197021e-02
4.763944447040557861e-02
1.504916697740554810e-01
2.372955679893493652e-01
1.467533707618713379e-01
1.897884607315063477e-01
1.206263806670904160e-02
2.877747118473052979e-01
2.138751894235610962e-01
1.287246048450469971e-01
3.007360994815826416e-01
1.260854452848434448e-01
1.245022118091583252e-01
2.416643202304840088e-01
1.031697914004325867e-01
1.952698230743408203e-01
4.459557533264160156e-01
3.425644934177398682e-01
1.340543180704116821e-01
5.684263631701469421e-02
1.194561123847961426e-01
8.012493699789047241e-02
2.702664136886596680e-01
2.612699866294860840e-01
1.474117785692214966e-01
1.743975281715393066e-01
1.491834521293640137e-01
1.639886051416397095e-01
5.661144107580184937e-02
3.859065473079681396e-01
1.184823811054229736e-01
2.114884853363037109e-01
8.214703947305679321e-02
3.756908327341079712e-02
1.777922362089157104e-01
2.695057094097137451e-01
1.003303378820419312e-01
1.589298993349075317e-01
1.170423775911331177e-01
2.132795006036758423e-01
2.517133355140686035e-01
1.575896888971328735e-01
1.967154741287231445e-01
1.420854032039642334e-01
1.953934282064437866e-01
5.129851400852203369e-02
8.752626180648803711e-02
9.848179668188095093e-02
6.078634783625602722e-02
1.146083176136016846e-01
5.387655496597290039e-01
2.395098358392715454e-01
2.233653068542480469e-01
3.064610958099365234e-01
1.949852705001831055e-01
1.536732614040374756e-01
1.649749428033828735e-01
2.277733981609344482e-01
1.233699619770050049e-01
3.219116330146789551e-01
1.138513088226318359e-01
5.960423499345779419e-02
2.093735933303833008e-01
3.690702915191650391e-01
3.417414426803588867e-01
1.459307372570037842e-01
1.825533509254455566e-01
1.739245206117630005e-01
3.064362108707427979e-01
2.116939723491668701e-01
1.026059463620185852e-01
2.946445345878601074e-01
8.678548038005828857e-02
2.120378613471984863e-01
2.188968956470489502e-01
1.967506706714630127e-01
1.476754546165466309e-01
2.677882015705108643e-01
7.430909574031829834e-02
9.536802023649215698e-02
2.331382185220718384e-01
3.202593326568603516e-01
9.834901988506317139e-02
9.510153532028198242e-02
1.509586274623870850e-01
9.059984982013702393e-02
9.858895838260650635e-02
1.821770817041397095e-01
1.263431608676910400e-01
1.547092944383621216e-01
7.863584160804748535e-02
2.448547780513763428e-01
7.719733566045761108e-02
2.872258126735687256e-01
7.573972642421722412e-02
2.730568647384643555e-01
1.218269169330596924e-01
1.086691468954086304e-01
3.636524677276611328e-01
7.682319730520248413e-02
2.550684213638305664e-01
1.208111345767974854e-01
3.932429552078247070e-01
1.097212955355644226e-01
1.160842031240463257e-01
8.636621385812759399e-02
5.232140049338340759e-02
1.755665242671966553e-01
2.722496986389160156e-01
8.248558640480041504e-02
5.661960691213607788e-02
2.194069027900695801e-01
6.002261489629745483e-02
7.264213263988494873e-02
2.667155861854553223e-01
2.131156921386718750e-01
9.965313971042633057e-02
2.489903718233108521e-01
1.527791023254394531e-01
1.537991613149642944e-01
1.171499118208885193e-01
1.637720763683319092e-01
1.845889389514923096e-01
1.651326417922973633e-01
2.418175041675567627e-01
1.089106872677803040e-01
1.305130422115325928e-01
8.502993732690811157e-02
1.921548247337341309e-01
6.583395600318908691e-02
1.435006260871887207e-01
3.079487681388854980e-01
1.595149040222167969e-01
1.458406895399093628e-01
2.506929039955139160e-01
2.000744044780731201e-01
1.195913180708885193e-01
5.103770494461059570e-01
2.386612892150878906e-01
7.041718810796737671e-02
1.683737933635711670e-01
1.220741122961044312e-01
1.510904133319854736e-01
6.331446766853332520e-02
2.180001586675643921e-01
2.201547026634216309e-01
9.096230566501617432e-02
1.951578557491302490e-01
1.333267092704772949e-01
2.021217048168182373e-01
1.650213897228240967e-01
1.333241462707519531e-01
2.682848870754241943e-01
1.114459633827209473e-01
2.155367136001586914e-01
8.707866817712783813e-02
1.330454647541046143e-01
1.758142709732055664e-01
2.397947460412979126e-01
1.737551093101501465e-01
2.881946563720703125e-01
7.609783113002777100e-02
1.232339888811111450e-01
6.003152579069137573e-02
2.613222002983093262e-01
2.820394635200500488e-01
4.407612979412078857e-01
1.138835623860359192e-01
1.457325965166091919e-01
2.040239274501800537e-01
1.458562314510345459e-01
1.775721311569213867e-01
1.104079037904739380e-01
2.621052414178848267e-02
4.409417137503623962e-02
3.801214694976806641e-02
2.298809885978698730e-01
2.397830188274383545e-01
3.509879112243652344e-01
4.832535609602928162e-02
2.043407559394836426e-01
1.453263759613037109e-01
8.418877422809600830e-02
5.415366590023040771e-02
5.270923301577568054e-02
1.271070539951324463e-01
1.091600507497787476e-01
1.675873249769210815e-02
3.882637917995452881e-01
1.859626471996307373e-01
7.384932041168212891e-02
2.293860912322998047e-01
1.421738564968109131e-01
4.297595620155334473e-01
2.387596666812896729e-01
4.995479062199592590e-02
1.052440777420997620e-01
3.829519152641296387e-01
2.188600897789001465e-01
1.558930575847625732e-01
6.257806718349456787e-02
1.972709000110626221e-01
1.052447780966758728e-01
1.514446586370468140e-01
1.505977809429168701e-01
1.384348720312118530e-01
1.719058901071548462e-01
3.916921019554138184e-01
1.697398573160171509e-01
1.604149043560028076e-01
1.783005148172378540e-01
7.176868617534637451e-02
1.328731775283813477e-01
1.699914187192916870e-01
1.337741315364837646e-01
2.298749238252639771e-01
8.896479010581970215e-02
1.515125036239624023e-01
1.771340370178222656e-01
1.847115159034729004e-01
1.115875318646430969e-01
1.307159215211868286e-01
1.100352779030799866e-01
1.825219690799713135e-01
9.789223968982696533e-02
3.272692561149597168e-01
2.807719409465789795e-01
1.932942867279052734e-01
1.254585534334182739e-01
2.241131812334060669e-01
3.731063604354858398e-01
1.651709675788879395e-01
3.390486240386962891e-01
1.102192401885986328e-01
1.508243083953857422e-01
9.796153753995895386e-02
1.061494126915931702e-01
4.482753574848175049e-02
3.167415857315063477e-01
1.430951058864593506e-01
1.201618760824203491e-01
1.306305974721908569e-01
1.627918779850006104e-01
1.652135252952575684e-01
1.969743669033050537e-01
3.190684914588928223e-01
2.273281514644622803e-01
1.094398647546768188e-01
1.058692112565040588e-01
1.028842851519584656e-01
1.498169600963592529e-01
2.931389808654785156e-01
3.060320019721984863e-01
5.906624719500541687e-02
3.843584358692169189e-01
1.443845182657241821e-01
1.251673549413681030e-01
5.843609571456909180e-02
2.029280662536621094e-01
2.237933576107025146e-01
1.073434799909591675e-01
1.885615289211273193e-01
2.963775992393493652e-01
1.541236340999603271e-01
1.219596713781356812e-01
2.105879932641983032e-01
2.518580555915832520e-01
8.141727745532989502e-02
1.608999222517013550e-01
2.436793446540832520e-01
9.590449184179306030e-02
2.167251408100128174e-01
2.236838042736053467e-01
1.900717467069625854e-01
1.887611150741577148e-01
1.480040997266769409e-01
5.803225189447402954e-02
2.545573115348815918e-01
1.854095160961151123e-01
1.043601706624031067e-01
2.673520743846893311e-01
1.397565752267837524e-01
2.402283549308776855e-01
1.789730489253997803e-01
1.597168296575546265e-01
9.735259413719177246e-02
1.879546493291854858e-01
1.624174565076828003e-01
7.625147700309753418e-02
1.198980808258056641e-01
2.643196582794189453e-01
1.270676404237747192e-01
2.527842521667480469e-01
2.561787068843841553e-01
4.099026322364807129e-02
2.272461056709289551e-01
3.898727521300315857e-02
2.441821545362472534e-01
1.140397340059280396e-01
2.784711122512817383e-01
1.943539083003997803e-01
1.240363791584968567e-01
2.076924890279769897e-01
1.870044171810150146e-01
3.331868350505828857e-01
4.250947237014770508e-01
2.651930451393127441e-01
8.129683136940002441e-02
1.311151832342147827e-01
1.882437765598297119e-01
2.069663703441619873e-01
3.360635936260223389e-01
1.596058458089828491e-01
7.126765698194503784e-02
2.157702445983886719e-01
2.385029643774032593e-01
1.004436984658241272e-01
2.029779106378555298e-01
5.022778362035751343e-02
1.331504434347152710e-01
2.060179412364959717e-01
1.486389338970184326e-01
1.113754138350486755e-01
1.098851189017295837e-01
1.846761703491210938e-01
3.022025823593139648e-01
4.228710010647773743e-02
3.462142348289489746e-01
8.332864940166473389e-02
1.267213374376296997e-01
1.132428124547004700e-01
7.700117677450180054e-02
1.235564500093460083e-01
1.695369482040405273e-01
2.039629817008972168e-01
2.820507287979125977e-01
1.678798198699951172e-01
1.619251370429992676e-01
1.774301230907440186e-01
1.573426425457000732e-01
1.059198677539825439e-01
2.189072966575622559e-01
9.813220053911209106e-02
1.416267752647399902e-01
1.889416277408599854e-01
3.203246369957923889e-02
1.765705645084381104e-01
1.138488724827766418e-01
3.279202431440353394e-02
5.144742131233215332e-02
5.231896787881851196e-02
1.473192572593688965e-01
1.508903801441192627e-01
1.509737670421600342e-01
3.913715183734893799e-01
1.108276396989822388e-01
2.582494020462036133e-01
1.999243199825286865e-01
1.472201794385910034e-01
1.038068681955337524e-01
1.179411783814430237e-01
2.245678007602691650e-01
1.824056208133697510e-01
2.733835875988006592e-01
1.938919126987457275e-01
1.748834550380706787e-01
3.558672368526458740e-01
4.956097900867462158e-02
1.545859426259994507e-01
4.281363189220428467e-01
1.287527233362197876e-01
6.969726085662841797e-02
1.554169505834579468e-01
1.261803060770034790e-01
9.978502988815307617e-02
1.783646345138549805e-01
8.732487261295318604e-02
3.159739375114440918e-01
1.399034857749938965e-01
2.324188351631164551e-01
1.511032581329345703e-01
1.201219707727432251e-01
1.337209045886993408e-01
5.332132428884506226e-02
3.185575082898139954e-02
2.010907977819442749e-01
2.768220305442810059e-01
1.124108582735061646e-01
1.494093239307403564e-01
1.577493846416473389e-01
3.433671593666076660e-01
2.052095532417297363e-01
1.912414133548736572e-01
8.655133843421936035e-02
2.468480318784713745e-01
4.616449028253555298e-02
1.880332678556442261e-01
4.703712090849876404e-02
2.069025784730911255e-01
1.651398837566375732e-01
1.915379315614700317e-01
2.578316330909729004e-01
1.800168156623840332e-01
2.834363579750061035e-01
9.634531289339065552e-02
7.793483883142471313e-02
2.852288484573364258e-01
5.817756801843643188e-02
9.082767367362976074e-02
2.667492926120758057e-01
7.271165400743484497e-02
1.172617375850677490e-01
2.679647803306579590e-01
1.959780305624008179e-01
3.228141665458679199e-01
2.589460015296936035e-01
2.109426856040954590e-01
2.050033807754516602e-01
6.009322404861450195e-02
3.163351416587829590e-01
1.746872812509536743e-01
3.324786201119422913e-02
2.177001833915710449e-01
2.940852642059326172e-01
2.763840258121490479e-01
2.705552875995635986e-01
8.130326867103576660e-02
2.401146888732910156e-01
1.588947176933288574e-01
1.615769565105438232e-01
1.300989836454391479e-01
2.146345973014831543e-01
9.674330055713653564e-02
2.062343358993530273e-01
1.709421575069427490e-01
5.402192473411560059e-01
5.266773700714111328e-01
4.489675164222717285e-01
1.257443279027938843e-01
1.622409522533416748e-01
1.530482172966003418e-01
8.158053457736968994e-02
2.595373988151550293e-01
1.447589695453643799e-01
2.172412872314453125e-01
1.847386062145233154e-01
4.067752882838249207e-02
9.856990724802017212e-02
2.201846688985824585e-01
9.495107084512710571e-02
1.510177850723266602e-01
1.579803675413131714e-01
5.336694419384002686e-02
1.185174435377120972e-01
5.628825724124908447e-02
2.096483409404754639e-01
1.888713389635086060e-01
3.313705325126647949e-01
9.703778475522994995e-02
1.491456180810928345e-01
8.877794444561004639e-02
2.661048471927642822e-01
4.621671885251998901e-02
7.458380609750747681e-02
1.895942687988281250e-01
8.469752222299575806e-02
3.040282614529132843e-02
1.052843853831291199e-01
1.907791346311569214e-01
1.724081635475158691e-01
1.933385729789733887e-01
1.581862866878509521e-01
1.826858222484588623e-01
1.012301668524742126e-01
4.137532711029052734e-01
6.879229843616485596e-02
2.570372819900512695e-01
1.704342514276504517e-01
2.184877842664718628e-01
2.174785137176513672e-01
9.631700813770294189e-02
1.103523224592208862e-01
4.288769662380218506e-01
5.604655295610427856e-02
1.986871957778930664e-01
1.263328492641448975e-01
2.465413957834243774e-01
2.615239620208740234e-01
1.591101288795471191e-01
2.807080373167991638e-02
1.139293313026428223e-01
3.869839757680892944e-02
1.066753268241882324e-01
9.459485113620758057e-02
4.708030074834823608e-02
1.235324814915657043e-01
1.659244745969772339e-01
1.848626732826232910e-01
3.365071415901184082e-01
3.182467520236968994e-01
1.075344011187553406e-01
6.709291040897369385e-02
6.750923395156860352e-02
5.228120088577270508e-02
1.135757863521575928e-01
2.197080552577972412e-01
1.343195587396621704e-01
5.263217911124229431e-02
4.698119685053825378e-02
2.582174539566040039e-01
5.718190595507621765e-02
3.320066928863525391e-01
2.523526549339294434e-01
1.204582452774047852e-01
5.928131192922592163e-02
7.745544426143169403e-04
