1.551159322261810303e-01
1.285911798477172852e-01
2.624208033084869385e-01
2.758226990699768066e-01
5.098757147789001465e-02
3.241288065910339355e-01
1.976618170738220215e-01
4.115839004516601562e-01
1.873786151409149170e-01
1.138163805007934570e-01
6.694518029689788818e-02
8.414296060800552368e-02
6.127633452415466309e-01
2.061557024717330933e-01
1.936557441949844360e-01
3.751558661460876465e-01
3.219111561775207520e-01
1.905688792467117310e-01
1.041532009840011597e-01
1.344623267650604248e-01
2.938148677349090576e-01
1.514178514480590820e-01
1.529666483402252197e-01
3.374374508857727051e-01
1.271824985742568970e-01
1.917977929115295410e-01
1.862950325012207031e-01
6.959430873394012451e-02
2.118494212627410889e-01
2.167670577764511108e-01
3.571092486381530762e-01
1.700109392404556274e-01
7.377867400646209717e-02
1.564711034297943115e-01
2.142812609672546387e-01
2.626976966857910156e-01
1.160626858472824097e-01
2.949771881103515625e-01
2.710732817649841309e-01
3.231033980846405029e-01
1.514866203069686890e-01
3.290485739707946777e-01
2.604127526283264160e-01
2.257183194160461426e-01
6.098263710737228394e-02
2.239273190498352051e-01
9.041617810726165771e-02
2.503513693809509277e-01
9.439066052436828613e-02
2.003652155399322510e-01
1.985331624746322632e-01
2.893380224704742432e-01
1.950115263462066650e-01
2.702526152133941650e-01
2.457522451877593994e-01
1.061985641717910767e-01
2.289695441722869873e-01
2.426440566778182983e-01
2.549557387828826904e-01
2.453323304653167725e-01
2.019535154104232788e-01
1.841462850570678711e-01
1.467604637145996094e-01
2.444840520620346069e-01
5.167230367660522461e-01
2.705789506435394287e-01
4.310739636421203613e-01
5.382256582379341125e-02
1.783356070518493652e-01
1.788632720708847046e-01
3.151933550834655762e-01
3.627729713916778564e-01
3.600846529006958008e-01
5.117048025131225586e-01
2.408851981163024902e-01
4.176384806632995605e-01
5.404402017593383789e-01
2.798269391059875488e-01
3.669213056564331055e-01
6.301997900009155273e-01
3.508493304252624512e-01
2.463180869817733765e-01
2.154588550329208374e-01
3.124651610851287842e-01
2.262556701898574829e-01
3.547489345073699951e-01
2.597358822822570801e-01
1.118892431259155273e-01
3.006853759288787842e-01
2.785508036613464355e-01
5.139708518981933594e-01
1.895182430744171143e-01
2.530875802040100098e-01
3.825510740280151367e-01
1.909307539463043213e-01
1.643428802490234375e-01
4.390789568424224854e-01
3.879378139972686768e-01
3.529813289642333984e-01
2.976505160331726074e-01
2.196993380784988403e-01
1.330379992723464966e-01
3.445628285408020020e-01
3.774082660675048828e-01
1.827608048915863037e-01
9.932508319616317749e-02
2.901575565338134766e-01
4.891413450241088867e-01
2.083853930234909058e-01
6.685987114906311035e-02
2.761578261852264404e-01
8.606433868408203125e-02
9.086706489324569702e-02
2.450970411300659180e-01
8.202776312828063965e-02
4.748948290944099426e-02
1.065398156642913818e-01
1.816705018281936646e-01
1.822128891944885254e-01
6.198960542678833008e-02
1.773194670677185059e-01
1.153154820203781128e-01
1.876019686460494995e-01
1.636751294136047363e-01
2.057234048843383789e-01
4.638222455978393555e-01
7.320719957351684570e-02
1.827121376991271973e-01
2.312475144863128662e-01
3.655480146408081055e-01
1.398297846317291260e-01
1.740260422229766846e-01
1.652033776044845581e-01
5.462167263031005859e-01
3.137445449829101562e-01
3.140115141868591309e-01
3.462686240673065186e-01
4.706748574972152710e-02
2.718605399131774902e-01
6.292593479156494141e-02
1.952857971191406250e-01
2.169033139944076538e-01
8.034372329711914062e-02
1.617738306522369385e-01
2.817172706127166748e-01
1.397295445203781128e-01
2.603128254413604736e-01
1.080047339200973511e-01
2.347539663314819336e-01
2.960596382617950439e-01
1.474958956241607666e-01
2.181123793125152588e-01
2.113238275051116943e-01
1.540783941745758057e-01
1.487586498260498047e-01
1.942407190799713135e-01
1.713812351226806641e-01
9.477040171623229980e-02
2.960558235645294189e-01
1.740647554397583008e-01
1.561565697193145752e-01
1.881050318479537964e-01
1.360000818967819214e-01
4.213858842849731445e-01
9.114839881658554077e-02
3.450955748558044434e-01
1.914919316768646240e-01
2.578008472919464111e-01
2.021231949329376221e-01
2.299633920192718506e-01
3.511623144149780273e-01
2.165363430976867676e-01
2.344069480895996094e-01
1.449410915374755859e-01
7.806834578514099121e-02
4.456049203872680664e-01
1.527408957481384277e-01
2.047714591026306152e-01
4.255073964595794678e-01
3.220630288124084473e-01
7.963685691356658936e-02
1.239815056324005127e-01
1.626331806182861328e-01
9.016449749469757080e-02
2.127686887979507446e-01
2.891238331794738770e-01
3.106030523777008057e-01
6.912061572074890137e-02
2.566000819206237793e-01
3.241122663021087646e-01
2.103028595447540283e-01
1.093067824840545654e-01
5.875080078840255737e-02
7.024157047271728516e-02
1.977846771478652954e-01
2.343386858701705933e-01
2.440788000822067261e-01
2.452703267335891724e-01
1.207866072654724121e-01
2.763851284980773926e-01
3.098351359367370605e-01
8.812868595123291016e-02
5.532500892877578735e-02
2.158787548542022705e-01
1.449844539165496826e-01
2.954257726669311523e-01
2.985574305057525635e-01
2.852800488471984863e-01
1.944624483585357666e-01
1.133713573217391968e-01
2.774322032928466797e-01
1.524618417024612427e-01
3.639797568321228027e-01
1.138364672660827637e-01
2.072459608316421509e-01
9.537696838378906250e-02
2.583127617835998535e-01
2.257682234048843384e-01
2.379049360752105713e-01
1.182270869612693787e-01
2.170935869216918945e-01
2.108535915613174438e-01
3.515335619449615479e-01
1.253906637430191040e-01
1.221264079213142395e-01
2.260114252567291260e-01
1.929442286491394043e-01
1.710482835769653320e-01
1.977032870054244995e-01
4.334400892257690430e-01
5.760412290692329407e-02
2.471465617418289185e-01
1.675605922937393188e-01
8.515180647373199463e-02
3.618590235710144043e-01
3.987761139869689941e-01
5.038883686065673828e-01
4.252743348479270935e-02
8.991372585296630859e-02
1.358102858066558838e-01
2.831018567085266113e-01
1.196630597114562988e-01
1.737740933895111084e-01
1.343019604682922363e-01
1.597138941287994385e-01
1.698849648237228394e-01
2.531602680683135986e-01
1.404260993003845215e-01
3.245531320571899414e-01
2.266569733619689941e-01
2.621029615402221680e-01
8.757969737052917480e-02
8.527734875679016113e-02
3.741469085216522217e-01
2.739137411117553711e-01
2.078496962785720825e-01
2.714373469352722168e-01
3.554893136024475098e-01
1.343297809362411499e-01
1.984901577234268188e-01
3.416127562522888184e-01
2.139897346496582031e-01
2.867635488510131836e-01
1.634926795959472656e-01
3.683628141880035400e-01
2.074643373489379883e-01
2.039675414562225342e-01
2.862434387207031250e-01
2.781116664409637451e-01
1.527898311614990234e-01
4.063971638679504395e-01
2.703657150268554688e-01
2.606259286403656006e-01
2.114053219556808472e-01
9.672115743160247803e-02
9.061504900455474854e-02
1.033299118280410767e-01
1.674332618713378906e-01
2.387584596872329712e-01
3.457125425338745117e-01
1.499864906072616577e-01
1.666595935821533203e-01
4.165861010551452637e-01
2.678793966770172119e-01
1.794232875108718872e-01
2.747733294963836670e-01
2.113543450832366943e-01
4.861358404159545898e-01
3.090539276599884033e-01
2.627989053726196289e-01
1.488140523433685303e-01
1.971193403005599976e-01
1.822906285524368286e-01
8.727793395519256592e-02
1.107441484928131104e-01
1.166327446699142456e-01
7.877413183450698853e-02
2.205226719379425049e-01
4.368840456008911133e-01
1.395503580570220947e-01
4.470418095588684082e-01
2.151944190263748169e-01
2.051537036895751953e-01
2.730387151241302490e-01
2.301011383533477783e-01
2.207999378442764282e-01
1.163341999053955078e-01
4.876282438635826111e-02
7.901515066623687744e-02
6.190171837806701660e-02
1.000260859727859497e-01
3.271397650241851807e-01
2.725439071655273438e-01
2.340718954801559448e-01
2.682994902133941650e-01
1.643152981996536255e-01
2.564689517021179199e-01
5.390939861536026001e-02
1.258006691932678223e-01
2.245725840330123901e-01
2.060787975788116455e-01
8.853783458471298218e-02
1.514883637428283691e-01
2.442713975906372070e-01
4.255411326885223389e-01
3.171839416027069092e-01
9.207435697317123413e-02
9.679193794727325439e-02
2.514582276344299316e-01
1.309678256511688232e-01
1.078937947750091553e-01
6.064315140247344971e-02
3.593885898590087891e-01
4.242230057716369629e-01
2.027091681957244873e-01
2.065935730934143066e-01
4.187100529670715332e-01
2.623348236083984375e-01
1.389217972755432129e-01
1.619160175323486328e-01
1.919987350702285767e-01
2.270284593105316162e-01
3.373705148696899414e-01
2.670960724353790283e-01
1.487355083227157593e-01
2.140420228242874146e-01
2.123263105750083923e-02
2.202414572238922119e-01
2.736543416976928711e-01
1.135593578219413757e-01
4.114236235618591309e-01
3.048151731491088867e-01
2.257555425167083740e-01
1.609473526477813721e-01
3.678607642650604248e-01
2.067719250917434692e-01
2.071865648031234741e-01
6.998695433139801025e-02
9.938213229179382324e-02
8.953859657049179077e-02
1.797387003898620605e-01
1.164176017045974731e-01
1.557860076427459717e-01
9.837966412305831909e-02
4.594830796122550964e-02
1.200092956423759460e-01
4.502600803971290588e-02
2.673978507518768311e-01
3.417930305004119873e-01
7.632883638143539429e-02
2.210560739040374756e-01
1.635688543319702148e-01
1.407331675291061401e-01
1.111015528440475464e-01
1.010343208909034729e-01
2.472987025976181030e-01
1.755821108818054199e-01
2.505187988281250000e-01
6.525626778602600098e-02
7.507622241973876953e-02
1.824292093515396118e-01
2.586838304996490479e-01
2.114449888467788696e-01
1.185236796736717224e-01
8.593583106994628906e-02
2.054016292095184326e-01
1.975045502185821533e-01
4.908253550529479980e-01
1.252514123916625977e-01
4.861933887004852295e-01
3.031593859195709229e-01
8.265276253223419189e-02
7.362769544124603271e-02
4.237476587295532227e-01
2.354013323783874512e-01
2.296150177717208862e-01
2.429142892360687256e-01
2.040788382291793823e-01
1.462649405002593994e-01
1.318409144878387451e-01
8.772660046815872192e-02
1.575249135494232178e-01
2.218764722347259521e-01
1.773183792829513550e-01
2.038826197385787964e-01
2.737562954425811768e-01
2.373964190483093262e-01
3.051835000514984131e-01
1.229092702269554138e-01
2.145141363143920898e-01
2.460657507181167603e-01
2.858032584190368652e-01
8.406293392181396484e-02
2.409578710794448853e-01
2.433983385562896729e-01
5.739440396428108215e-02
6.985738873481750488e-02
2.318415343761444092e-01
7.708687335252761841e-02
6.308624893426895142e-02
2.525024414062500000e-01
3.368350267410278320e-01
9.200584143400192261e-02
1.956224143505096436e-01
1.668757647275924683e-01
2.985259890556335449e-01
3.606911897659301758e-01
5.604926869273185730e-02
5.330757051706314087e-02
2.084198147058486938e-01
4.328778982162475586e-01
1.238764151930809021e-01
2.186847478151321411e-01
8.114071190357208252e-02
2.269425392150878906e-01
5.744868516921997070e-02
1.332745254039764404e-01
1.733596175909042358e-01
2.399141639471054077e-01
9.361502528190612793e-02
1.544559001922607422e-01
4.594965875148773193e-01
7.868814468383789062e-02
2.577685415744781494e-01
9.336650371551513672e-02
1.434348225593566895e-01
3.038611412048339844e-01
2.219626903533935547e-01
8.770030736923217773e-02
4.190904274582862854e-02
1.395200490951538086e-01
9.275250136852264404e-02
3.472003042697906494e-01
1.107287704944610596e-01
3.110782206058502197e-01
2.228422313928604126e-01
1.811863034963607788e-01
1.271246671676635742e-01
4.831941798329353333e-02
1.473796814680099487e-01
2.052455544471740723e-01
1.565920114517211914e-01
6.822904199361801147e-02
1.691312342882156372e-01
1.114953905344009399e-01
2.215389013290405273e-01
7.596592605113983154e-02
1.572155803442001343e-01
2.403836846351623535e-01
2.280074656009674072e-01
2.591624855995178223e-01
1.460500806570053101e-01
1.623266935348510742e-01
2.639814019203186035e-01
1.034654229879379272e-01
3.696326017379760742e-01
1.968860328197479248e-01
1.225735545158386230e-01
3.062505722045898438e-01
2.015123069286346436e-01
1.072055473923683167e-01
2.695675492286682129e-01
1.554652899503707886e-01
2.988960742950439453e-01
2.268689423799514771e-01
3.072340413928031921e-02
2.831494808197021484e-01
9.577924013137817383e-02
2.517803609371185303e-01
2.951904237270355225e-01
2.864899933338165283e-01
5.063606798648834229e-02
9.990453720092773438e-02
1.139129102230072021e-01
2.612498402595520020e-01
5.339536815881729126e-02
2.055866122245788574e-01
1.673730909824371338e-01
3.616136908531188965e-01
1.451464444398880005e-01
1.835933029651641846e-01
1.781505048274993896e-01
7.857909798622131348e-02
3.627105355262756348e-01
2.122773975133895874e-01
2.565773427486419678e-01
4.783565402030944824e-01
3.011282682418823242e-01
1.037603914737701416e-01
4.050403833389282227e-01
3.099749684333801270e-01
2.870942354202270508e-01
3.020802140235900879e-01
6.646883487701416016e-02
2.463128864765167236e-01
2.635750174522399902e-01
3.868739008903503418e-01
9.204635024070739746e-02
2.242901623249053955e-01
1.281758546829223633e-01
1.092163249850273132e-01
7.615301012992858887e-02
1.608414202928543091e-01
1.783709973096847534e-01
1.358410865068435669e-01
1.565881669521331787e-01
2.163670957088470459e-01
1.969437897205352783e-01
2.308890223503112793e-01
2.704815864562988281e-01
3.105856180191040039e-01
2.443552166223526001e-01
2.534991800785064697e-01
1.955620944499969482e-01
2.261529266834259033e-01
1.120806857943534851e-01
3.538052737712860107e-01
7.666496932506561279e-02
2.589864134788513184e-01
1.788795888423919678e-01
1.168918758630752563e-01
2.441838532686233521e-01
3.884575963020324707e-01
1.465984731912612915e-01
2.366930842399597168e-01
1.990190744400024414e-01
1.920803487300872803e-01
1.073086485266685486e-01
2.008512318134307861e-01
1.984860301017761230e-01
2.645333409309387207e-01
1.099605709314346313e-01
2.584340572357177734e-01
4.045059680938720703e+00
2.600803375244140625e-01
1.023841649293899536e-01
1.876454651355743408e-01
2.081744968891143799e-01
2.690479457378387451e-01
4.417121410369873047e-01
5.375585556030273438e-01
3.461114764213562012e-01
2.396278977394104004e-01
3.931973576545715332e-01
1.375617086887359619e-01
1.006522625684738159e-01
6.899414062500000000e-01
5.826743841171264648e-01
1.521807909011840820e-01
2.252531349658966064e-01
3.175609707832336426e-01
1.520563364028930664e-01
1.524657905101776123e-01
1.586458981037139893e-01
1.655756235122680664e-01
2.224303781986236572e-01
2.836289405822753906e-01
2.772120237350463867e-01
2.331528663635253906e-01
2.668624520301818848e-01
1.323076188564300537e-01
7.422782480716705322e-02
2.074390947818756104e-01
1.502323001623153687e-01
3.023377656936645508e-01
2.859492003917694092e-01
3.035799264907836914e-01
2.176932990550994873e-01
2.714188396930694580e-01
1.381189823150634766e-01
2.988497614860534668e-01
1.574489474296569824e-01
1.887007653713226318e-01
4.403225779533386230e-01
1.890543401241302490e-01
1.935535818338394165e-01
2.673022150993347168e-01
1.210930198431015015e-01
1.686851978302001953e-01
2.143033295869827271e-01
2.145908474922180176e-01
2.742467820644378662e-01
6.492326408624649048e-02
2.178203165531158447e-01
2.786664366722106934e-01
1.142732650041580200e-01
2.560341358184814453e-01
1.949118673801422119e-01
2.708066701889038086e-01
1.838760226964950562e-01
1.003594547510147095e-01
2.066886276006698608e-01
6.800920516252517700e-02
2.078440934419631958e-01
2.195999324321746826e-01
2.919223010540008545e-01
2.341659963130950928e-01
1.389008462429046631e-01
2.393940985202789307e-01
3.259440660476684570e-01
2.622198164463043213e-01
2.128282189369201660e-01
2.483684569597244263e-01
7.693880796432495117e-02
1.314071118831634521e-01
2.912530004978179932e-01
1.442110240459442139e-01
1.812006980180740356e-01
1.987757980823516846e-01
2.361343801021575928e-01
2.671904563903808594e-01
1.351146697998046875e-01
2.032584697008132935e-01
3.724235892295837402e-01
5.117907524108886719e-01
1.969948261976242065e-01
1.165394484996795654e-01
1.792046427726745605e-01
3.152330815792083740e-01
1.334989517927169800e-01
2.402978539466857910e-01
1.976211369037628174e-01
2.000185549259185791e-01
3.078375756740570068e-01
1.236551254987716675e-01
2.334479093551635742e-01
1.542864143848419189e-01
2.145939469337463379e-01
2.332577556371688843e-01
9.798520058393478394e-02
1.078081727027893066e-01
1.941383779048919678e-01
3.694633543491363525e-01
2.148005664348602295e-01
3.246849775314331055e-01
2.966883480548858643e-01
2.095279395580291748e-01
1.285655796527862549e-01
1.047314554452896118e-01
1.338897198438644409e-01
1.271991729736328125e-01
2.977864146232604980e-01
2.427984774112701416e-01
1.320464611053466797e-01
5.459854006767272949e-01
1.738943904638290405e-01
1.878892481327056885e-01
1.942175179719924927e-01
2.966260910034179688e-01
1.293152868747711182e-01
6.952446699142456055e-02
2.886956930160522461e-01
4.264184832572937012e-01
1.747064590454101562e-01
9.415081888437271118e-02
2.307755351066589355e-01
5.546683818101882935e-02
1.063397079706192017e-01
1.264331638813018799e-01
8.599652349948883057e-02
1.598564386367797852e-01
8.274427801370620728e-02
7.197524607181549072e-02
6.372385025024414062e-01
1.225932985544204712e-01
1.733539104461669922e-01
3.241545259952545166e-01
2.003223299980163574e-01
1.810012310743331909e-01
2.272146046161651611e-01
4.360001087188720703e-01
2.482132762670516968e-01
3.050014674663543701e-01
2.119020223617553711e-01
2.327125817537307739e-01
1.970401406288146973e-01
2.654817700386047363e-01
1.264218688011169434e-01
5.260173231363296509e-02
1.626467108726501465e-01
1.139445453882217407e-01
2.706489562988281250e-01
1.569881141185760498e-01
3.588196635246276855e-01
1.360567510128021240e-01
7.691715657711029053e-02
2.671200335025787354e-01
1.446306407451629639e-01
9.557488560676574707e-02
2.196160107851028442e-01
2.740567326545715332e-01
1.052390933036804199e-01
9.841519594192504883e-02
1.494222134351730347e-01
1.839185506105422974e-01
3.086977601051330566e-01
3.094883859157562256e-01
9.260174632072448730e-02
1.381972730159759521e-01
1.456158608198165894e-01
1.596527546644210815e-01
2.088992148637771606e-01
2.964247763156890869e-01
1.405305266380310059e-01
2.098219096660614014e-01
1.715293228626251221e-01
2.844693660736083984e-01
2.835340201854705811e-01
1.195689737796783447e-01
3.519297540187835693e-01
2.286218404769897461e-01
2.606969177722930908e-01
1.453985422849655151e-01
1.874253004789352417e-01
2.804634273052215576e-01
2.888842523097991943e-01
2.267934083938598633e-01
1.554463803768157959e-01
1.246824488043785095e-01
2.160401940345764160e-01
1.799332797527313232e-01
3.019221425056457520e-01
7.606577873229980469e-02
1.424659043550491333e-01
2.840590476989746094e-01
3.320977091789245605e-01
2.063884437084197998e-01
2.590277791023254395e-01
1.675779968500137329e-01
4.232109785079956055e-01
3.126946687698364258e-01
9.019158035516738892e-02
2.908054590225219727e-01
9.960576891899108887e-02
3.708846271038055420e-01
1.726991683244705200e-01
3.064801096916198730e-01
1.201657950878143311e-01
3.813074827194213867e-01
2.129699289798736572e-01
2.232763320207595825e-01
2.328948378562927246e-01
1.198342591524124146e-01
3.486681282520294189e-01
6.124291196465492249e-02
1.576695293188095093e-01
2.280138731002807617e-01
4.141952395439147949e-01
1.869647055864334106e-01
2.811127603054046631e-01
1.881100237369537354e-01
4.993766248226165771e-01
2.388823479413986206e-01
1.354881674051284790e-01
2.855944037437438965e-01
4.462474584579467773e-01
4.342268109321594238e-01
3.437954187393188477e-01
2.591415345668792725e-01
2.749578356742858887e-01
3.200319409370422363e-01
1.964732110500335693e-01
4.274471402168273926e-01
3.612082600593566895e-01
3.971500992774963379e-01
4.160738587379455566e-01
3.053501844406127930e-01
3.912762999534606934e-01
3.385802507400512695e-01
2.574994862079620361e-01
1.351547539234161377e-01
3.597833514213562012e-01
2.477099299430847168e-01
2.734329700469970703e-01
1.635296493768692017e-01
1.327559947967529297e-01
1.515144109725952148e-01
4.704389870166778564e-01
1.424951851367950439e-01
3.448259234428405762e-01
1.381460577249526978e-01
2.254374176263809204e-01
5.219936966896057129e-01
2.515469491481781006e-01
3.255005478858947754e-01
1.936638057231903076e-01
3.726505041122436523e-01
2.517840862274169922e-01
2.052295953035354614e-01
2.811487615108489990e-01
2.402398288249969482e-01
2.069960683584213257e-01
3.633213341236114502e-01
3.399474918842315674e-01
2.063639014959335327e-01
1.360020935535430908e-01
4.006232023239135742e-01
2.789137363433837891e-01
3.841138780117034912e-01
4.249075651168823242e-01
4.805027842521667480e-01
1.799078732728958130e-01
8.998128026723861694e-02
2.794493436813354492e-01
1.950683444738388062e-01
2.491651624441146851e-01
2.631694078445434570e-01
2.023856490850448608e-01
4.769306778907775879e-01
2.724117338657379150e-01
1.915590465068817139e-01
3.144127726554870605e-01
2.662659883499145508e-01
1.526867747306823730e-01
3.876699805259704590e-01
3.634659051895141602e-01
3.129836022853851318e-01
1.373539566993713379e-01
3.158440887928009033e-01
1.446105241775512695e-01
1.835789680480957031e-01
9.325981140136718750e-02
2.142703682184219360e-01
2.374027818441390991e-01
3.689936995506286621e-01
1.676232069730758667e-01
2.978422641754150391e-01
5.796468257904052734e-01
5.296840071678161621e-01
1.347391903400421143e-01
1.441866308450698853e-01
3.246312141418457031e-01
2.585248351097106934e-01
3.016414642333984375e-01
2.997056841850280762e-01
1.227747276425361633e-01
9.631915390491485596e-02
3.295654654502868652e-01
2.844807803630828857e-01
4.030916094779968262e-01
2.562401890754699707e-01
4.621371626853942871e-01
2.545809149742126465e-01
7.469651699066162109e-01
2.442551255226135254e-01
1.637629568576812744e-01
3.525167107582092285e-01
3.447165787220001221e-01
2.283064275979995728e-01
4.483609795570373535e-01
1.197293847799301147e-01
1.872551441192626953e-01
3.658548593521118164e-01
1.993558704853057861e-01
2.059569060802459717e-01
2.676671743392944336e-01
4.633817449212074280e-02
2.001289427280426025e-01
1.224039867520332336e-01
2.232687175273895264e-01
1.155101507902145386e-01
2.350875735282897949e-01
1.761092245578765869e-01
2.293709367513656616e-01
1.681300401687622070e-01
4.179530739784240723e-01
3.939000368118286133e-01
1.974947452545166016e-01
2.251228839159011841e-01
3.157122433185577393e-01
1.772391349077224731e-01
2.059051990509033203e-01
3.759127855300903320e-01
3.361617922782897949e-01
1.109617501497268677e-01
3.795699775218963623e-01
1.443643271923065186e-01
1.396521776914596558e-01
1.178096234798431396e-01
1.351725310087203979e-01
2.676979303359985352e-01
3.887906670570373535e-01
1.879227608442306519e-01
3.449091911315917969e-01
1.943210065364837646e-01
1.363253742456436157e-01
3.080580234527587891e-01
2.357762604951858521e-01
2.364086508750915527e-01
3.626012206077575684e-01
1.731328815221786499e-01
3.454943299293518066e-01
3.270702362060546875e-01
3.126145005226135254e-01
2.636879384517669678e-01
1.752737313508987427e-01
2.462732791900634766e-01
3.829269409179687500e-01
1.350501924753189087e-01
1.900375634431838989e-01
4.338628947734832764e-01
1.708015501499176025e-01
2.373467087745666504e-01
2.081463634967803955e-01
1.607201397418975830e-01
1.281166225671768188e-01
1.352607309818267822e-01
3.606758713722229004e-01
1.517131924629211426e-01
2.950710952281951904e-01
2.725663185119628906e-01
8.354210108518600464e-02
1.707209497690200806e-01
1.703806668519973755e-01
2.114420533180236816e-01
3.147885799407958984e-01
3.335492908954620361e-01
3.271557390689849854e-01
2.650675773620605469e-01
2.952590286731719971e-01
3.552057147026062012e-01
1.111187189817428589e-01
1.843588054180145264e-01
2.950183749198913574e-01
2.172574996948242188e-01
3.987429738044738770e-01
2.187869995832443237e-01
2.072592377662658691e-01
5.253814533352851868e-02
1.595998704433441162e-01
3.045756816864013672e-01
1.925541013479232788e-01
2.439487427473068237e-01
2.555295228958129883e-01
2.659753262996673584e-01
2.803251445293426514e-01
4.050638377666473389e-01
4.611827433109283447e-01
1.885869652032852173e-01
3.853076994419097900e-01
1.448833942413330078e-01
2.448452115058898926e-01
2.150918245315551758e-01
2.689008414745330811e-01
3.458722531795501709e-01
3.605965673923492432e-01
3.447095155715942383e-01
2.385941743850708008e-01
1.856122910976409912e-01
1.752407550811767578e-01
2.086159735918045044e-01
1.166574060916900635e-01
1.958117932081222534e-01
2.548559904098510742e-01
1.802833676338195801e-01
2.095328867435455322e-01
8.999711275100708008e-02
2.198575288057327271e-01
8.929817378520965576e-02
1.996173113584518433e-01
2.324839830398559570e-01
1.674196720123291016e-01
1.231619268655776978e-01
2.835461497306823730e-01
1.828853487968444824e-01
4.590570926666259766e-01
2.018898427486419678e-01
3.328494429588317871e-01
1.596384197473526001e-01
2.765165567398071289e-01
1.066823601722717285e-01
4.662981629371643066e-01
2.193950563669204712e-01
1.744175702333450317e-01
2.193842828273773193e-01
1.079261004924774170e-01
1.428663134574890137e-01
2.633773684501647949e-01
3.479279279708862305e-01
2.556347548961639404e-01
1.618701964616775513e-01
1.801050007343292236e-01
3.774546980857849121e-01
3.665930628776550293e-01
9.425809979438781738e-02
2.236859649419784546e-01
3.112411499023437500e-01
1.909659206867218018e-01
2.461812496185302734e-01
6.790708005428314209e-02
4.452836513519287109e-01
2.741822898387908936e-01
5.752828717231750488e-01
1.228828132152557373e-01
2.641639709472656250e-01
5.355738401412963867e-01
9.204317629337310791e-02
1.199654042720794678e-01
2.987815439701080322e-01
2.456729710102081299e-01
3.365401029586791992e-01
1.478791981935501099e-01
2.258783429861068726e-01
2.255214452743530273e-01
3.484407663345336914e-01
2.044999450445175171e-01
5.124970152974128723e-02
1.514535397291183472e-01
1.827401220798492432e-01
1.619946062564849854e-01
3.174445033073425293e-01
1.382741332054138184e-01
1.019524782896041870e-01
1.556182205677032471e-01
3.891789317131042480e-01
1.636613905429840088e-01
5.085188746452331543e-01
2.867635786533355713e-01
2.531219124794006348e-01
2.422503381967544556e-01
1.707716137170791626e-01
2.217184007167816162e-01
2.342999726533889771e-01
3.091261386871337891e-01
1.728688031435012817e-01
9.812428802251815796e-02
1.608795672655105591e-01
1.362864077091217041e-01
5.028089284896850586e-01
2.041247487068176270e-01
3.860211968421936035e-01
9.532050788402557373e-02
1.223756447434425354e-01
2.099533081054687500e-01
2.218571305274963379e-01
3.115280568599700928e-01
4.480996727943420410e-01
1.027798354625701904e-01
2.374356687068939209e-01
2.374157756567001343e-01
2.094160020351409912e-01
2.709770798683166504e-01
3.428918123245239258e-01
2.111517935991287231e-01
1.917492747306823730e-01
2.169867306947708130e-01
1.836747229099273682e-01
2.425397634506225586e-01
1.493840366601943970e-01
2.068229317665100098e-01
2.687529921531677246e-01
2.801408469676971436e-01
4.206296205520629883e-01
6.132026761770248413e-02
1.812606453895568848e-01
2.539047002792358398e-01
4.233098030090332031e-01
3.331680893898010254e-01
1.614654809236526489e-01
1.926301121711730957e-01
1.106788814067840576e-01
3.413697481155395508e-01
2.411828041076660156e-01
8.326797932386398315e-02
1.326631307601928711e-01
2.594303190708160400e-01
2.905974984169006348e-01
1.280151605606079102e-01
2.158437669277191162e-01
2.161919325590133667e-01
1.360789984464645386e-01
8.542276918888092041e-02
1.169149503111839294e-01
2.738174796104431152e-01
1.137958019971847534e-01
1.587535887956619263e-01
2.132934033870697021e-01
1.240569427609443665e-01
1.407767683267593384e-01
3.785783648490905762e-01
1.834635287523269653e-01
8.508726209402084351e-02
2.137373387813568115e-01
2.709194421768188477e-01
2.588607966899871826e-01
1.933289170265197754e-01
2.751997709274291992e-01
1.628463715314865112e-01
2.813913822174072266e-01
2.205219268798828125e-01
2.477558255195617676e-01
3.038623631000518799e-01
3.990681767463684082e-01
6.503686308860778809e-02
1.769970357418060303e-01
2.151224613189697266e-01
2.491056621074676514e-01
2.475872337818145752e-01
2.539909482002258301e-01
1.044840812683105469e-01
2.298220098018646240e-01
1.840448379516601562e-01
8.668270707130432129e-02
1.589477956295013428e-01
3.025555014610290527e-01
1.721460819244384766e-01
1.533620059490203857e-01
1.270013153553009033e-01
1.507012844085693359e-01
2.521088123321533203e-01
6.756444275379180908e-02
1.761255413293838501e-01
1.006946861743927002e-01
1.275654584169387817e-01
7.559493184089660645e-02
1.903591752052307129e-01
2.392172962427139282e-01
2.155878245830535889e-01
3.000319600105285645e-01
1.284902393817901611e-01
3.258687555789947510e-01
1.415167450904846191e-01
3.338426053524017334e-01
5.459117889404296875e-02
3.051699995994567871e-01
1.071963161230087280e-01
2.397065907716751099e-01
1.945719420909881592e-01
4.017719030380249023e-01
2.201018333435058594e-01
2.586163580417633057e-01
3.098979890346527100e-01
2.334027737379074097e-01
2.203024029731750488e-01
2.797886431217193604e-01
1.083763167262077332e-01
2.628541290760040283e-01
4.486933946609497070e-01
2.398962974548339844e-01
1.768993735313415527e-01
3.089835643768310547e-01
1.925742477178573608e-01
1.632788777351379395e-01
2.650830149650573730e-01
1.791154742240905762e-01
3.277248144149780273e-01
1.646860837936401367e-01
2.023164927959442139e-01
1.414268165826797485e-01
1.782497167587280273e-01
2.429836392402648926e-01
1.905495524406433105e-01
1.673409342765808105e-01
1.057607978582382202e-01
1.668856889009475708e-01
2.557820081710815430e-01
3.139781355857849121e-01
8.619027584791183472e-02
1.929533183574676514e-01
7.410643249750137329e-02
1.299305558204650879e-01
1.735367178916931152e-01
2.086580544710159302e-01
2.368386536836624146e-01
2.626968622207641602e-01
2.231816053390502930e-01
7.419806718826293945e-02
2.390487194061279297e-01
1.079030632972717285e-01
3.962744027376174927e-02
1.536885201930999756e-01
2.736392617225646973e-01
1.464180052280426025e-01
5.097568035125732422e-01
8.556300401687622070e-02
2.373527884483337402e-01
5.798500776290893555e-01
3.105773329734802246e-01
2.296009957790374756e-01
7.589484751224517822e-02
3.826607763767242432e-02
1.392911821603775024e-01
1.729553341865539551e-01
2.025247663259506226e-01
5.066275969147682190e-02
4.487712979316711426e-01
2.844604253768920898e-01
2.898164987564086914e-01
2.402513027191162109e-01
3.045021891593933105e-01
4.048236608505249023e-01
2.604503631591796875e-01
4.313374459743499756e-01
9.132557511329650879e-01
5.182636976242065430e-01
4.651184976100921631e-01
1.790588796138763428e-01
3.876349031925201416e-01
3.945049345493316650e-01
3.196575641632080078e-01
3.493055403232574463e-01
4.977854192256927490e-01
5.425666570663452148e-01
4.221102893352508545e-01
4.451156854629516602e-01
3.647569715976715088e-01
8.193548768758773804e-02
3.862314820289611816e-01
2.847810387611389160e-01
2.891670167446136475e-01
3.921344876289367676e-01
3.569586873054504395e-01
3.513470888137817383e-01
2.650618851184844971e-01
1.314765363931655884e-01
5.215412974357604980e-01
4.181865751743316650e-01
2.950064837932586670e-01
1.025006324052810669e-01
3.111653327941894531e-01
5.335992574691772461e-01
2.178089171648025513e-01
2.096149921417236328e-01
3.008965253829956055e-01
5.120985507965087891e-01
3.055937290191650391e-01
