1.432465612888336182e-01
2.492453306913375854e-01
1.602814495563507080e-01
1.691180765628814697e-01
6.903636455535888672e-02
3.000469803810119629e-01
1.687907576560974121e-01
5.416607111692428589e-02
3.847720623016357422e-01
1.980387121438980103e-01
1.358244419097900391e-01
3.747816681861877441e-01
2.009491622447967529e-01
2.215413600206375122e-01
1.482273936271667480e-01
1.835420131683349609e-01
1.634218841791152954e-01
1.554322242736816406e-01
1.295460462570190430e-01
3.288860619068145752e-01
1.931134164333343506e-01
1.160503476858139038e-01
2.221467494964599609e-01
1.669628620147705078e-01
2.348477542400360107e-01
1.282968968152999878e-01
2.391023635864257812e-01
2.485747486352920532e-01
1.437514126300811768e-01
2.567679882049560547e-01
3.168425559997558594e-01
6.623236835002899170e-02
3.997759521007537842e-02
2.683466672897338867e-01
2.312257438898086548e-01
3.239983022212982178e-01
2.634746432304382324e-01
9.977619349956512451e-02
1.103266999125480652e-01
1.432763040065765381e-01
1.133253574371337891e-01
1.862385272979736328e-01
1.640307307243347168e-01
2.196109145879745483e-01
1.841260194778442383e-01
1.064886152744293213e-01
8.801063150167465210e-02
1.350483447313308716e-01
2.353029102087020874e-01
9.335449337959289551e-02
3.334070444107055664e-01
3.140882253646850586e-01
2.501933872699737549e-01
1.990731656551361084e-01
7.097113132476806641e-02
1.983428895473480225e-01
1.326501071453094482e-01
1.038964092731475830e-01
1.677047908306121826e-01
4.962490871548652649e-02
4.638916850090026855e-01
1.503183394670486450e-01
1.052900999784469604e-01
1.516956984996795654e-01
1.897317469120025635e-01
5.469736829400062561e-02
2.153121083974838257e-01
2.713509202003479004e-01
3.251698315143585205e-01
2.604974508285522461e-01
2.746197581291198730e-01
9.718474745750427246e-02
2.624559700489044189e-01
2.286853939294815063e-01
1.994739919900894165e-01
2.932358980178833008e-01
2.793618440628051758e-01
1.562616229057312012e-01
5.382552742958068848e-01
2.271231710910797119e-01
1.287081986665725708e-01
9.407338500022888184e-02
1.661846786737442017e-01
2.917344570159912109e-01
1.212621331214904785e-01
1.896754056215286255e-01
2.979398071765899658e-01
3.289854526519775391e-01
8.902239799499511719e-02
2.244673371315002441e-01
1.639305651187896729e-01
3.829316794872283936e-01
2.494050413370132446e-01
1.001615002751350403e-01
3.052814006805419922e-01
2.020911127328872681e-01
2.576487660408020020e-01
1.735914349555969238e-01
1.336493790149688721e-01
1.212629675865173340e-01
9.005928784608840942e-02
7.753224670886993408e-02
3.041649162769317627e-01
1.896332651376724243e-01
8.476074039936065674e-02
8.647147566080093384e-02
1.402789503335952759e-01
1.784512102603912354e-01
2.063508331775665283e-01
5.893859267234802246e-02
2.549143731594085693e-01
3.044907152652740479e-01
1.608699858188629150e-01
2.148946672677993774e-01
1.398498415946960449e-01
4.010675847530364990e-01
7.708669453859329224e-02
1.376761943101882935e-01
4.533704221248626709e-01
2.242529839277267456e-01
2.986898422241210938e-01
8.173167705535888672e-02
5.505103990435600281e-02
1.952888816595077515e-01
1.477154493331909180e-01
5.814146250486373901e-02
1.012275815010070801e-01
3.559913635253906250e-01
6.182670965790748596e-02
2.881917655467987061e-01
2.650445103645324707e-01
8.293766528367996216e-02
1.990000307559967041e-01
2.447916567325592041e-01
1.714600473642349243e-01
3.294709324836730957e-01
6.873974204063415527e-02
6.098288670182228088e-02
2.799896001815795898e-01
9.938897937536239624e-02
6.627961993217468262e-02
4.101551771163940430e-01
1.836121380329132080e-01
5.216861888766288757e-02
4.317066669464111328e-01
3.465142250061035156e-01
1.083818823099136353e-01
2.521382570266723633e-01
1.644050627946853638e-01
1.408241093158721924e-01
2.733459472656250000e-01
8.242242038249969482e-02
2.005487531423568726e-01
2.149280160665512085e-01
1.735390722751617432e-01
2.362551838159561157e-01
3.149712085723876953e-01
2.070019841194152832e-01
2.460794448852539062e-01
2.211238741874694824e-01
1.751328706741333008e-01
2.077181935310363770e-01
1.864220201969146729e-01
2.686375379562377930e-01
1.868463456630706787e-01
2.944465279579162598e-01
1.351666599512100220e-01
2.362999320030212402e-01
1.434155851602554321e-01
3.434687852859497070e-01
1.252849102020263672e-01
2.714391350746154785e-01
1.147480309009552002e-01
7.579664885997772217e-02
3.896503150463104248e-01
2.391829937696456909e-01
3.352919518947601318e-01
2.960464656352996826e-01
2.358436286449432373e-01
1.154111623764038086e-01
9.672746807336807251e-02
2.998906373977661133e-01
1.669669896364212036e-01
1.593487262725830078e-01
9.754234552383422852e-02
3.004188239574432373e-01
3.347158432006835938e-01
1.863796412944793701e-01
2.430471777915954590e-01
1.959216594696044922e-01
2.262394130229949951e-01
2.541320025920867920e-01
4.032691121101379395e-01
1.219313517212867737e-01
6.452465057373046875e-02
4.355432093143463135e-01
2.653701007366180420e-01
2.591225802898406982e-01
2.171176075935363770e-01
2.540314793586730957e-01
2.128405570983886719e-01
6.757261604070663452e-02
1.684608459472656250e-01
1.375621706247329712e-01
1.343114227056503296e-01
1.141425147652626038e-01
9.087742865085601807e-02
2.950187325477600098e-01
3.055189847946166992e-01
2.010681927204132080e-01
2.276975214481353760e-01
2.458001077175140381e-01
4.517063498497009277e-01
8.077728748321533203e-02
2.359932810068130493e-01
3.480464965105056763e-02
8.179357647895812988e-02
6.493616104125976562e-02
1.421657204627990723e-01
2.005770504474639893e-01
2.465049177408218384e-01
2.100135982036590576e-01
2.391047626733779907e-01
3.025620579719543457e-01
1.615503430366516113e-01
9.356003254652023315e-02
1.097529083490371704e-01
2.411423325538635254e-01
1.907608509063720703e-01
2.591597139835357666e-01
1.293284296989440918e-01
1.375172585248947144e-01
2.242654263973236084e-01
1.397961974143981934e-01
2.345103621482849121e-01
1.309873163700103760e-01
2.114920020103454590e-01
2.067786455154418945e-01
3.033213913440704346e-01
2.863574624061584473e-01
2.575784325599670410e-01
1.193854883313179016e-01
1.221349090337753296e-01
3.580484688282012939e-01
8.546920865774154663e-02
1.353863030672073364e-01
1.532933712005615234e-01
1.526016294956207275e-01
1.089528426527976990e-01
2.781830728054046631e-01
3.234516084194183350e-01
4.061639606952667236e-01
3.938150107860565186e-01
3.611022233963012695e-01
3.261983394622802734e-01
4.073952734470367432e-01
2.083186209201812744e-01
1.850940287113189697e-01
1.861060112714767456e-01
1.371233761310577393e-01
2.664152383804321289e-01
3.066633045673370361e-01
1.993162333965301514e-01
1.724200844764709473e-01
1.322007179260253906e-01
1.713581383228302002e-01
9.041805565357208252e-02
2.384273856878280640e-01
8.682377636432647705e-02
1.413391381502151489e-01
1.836268007755279541e-01
2.933929562568664551e-01
1.883938908576965332e-01
1.840112507343292236e-01
3.234660923480987549e-01
1.440509408712387085e-01
9.480157494544982910e-02
4.508195817470550537e-02
1.297774016857147217e-01
1.962044686079025269e-01
1.371665447950363159e-01
1.257884800434112549e-01
2.230550050735473633e-01
1.841012537479400635e-01
4.273259639739990234e-01
1.685534715652465820e-01
2.182999551296234131e-01
4.523400366306304932e-01
2.161405980587005615e-01
8.081272244453430176e-02
1.429026424884796143e-01
1.372585594654083252e-01
1.043386831879615784e-01
8.492964506149291992e-02
2.463833987712860107e-01
1.783021390438079834e-01
2.692309021949768066e-01
1.143341511487960815e-01
2.763254046440124512e-01
7.657774537801742554e-02
1.903535276651382446e-01
1.957839131355285645e-01
1.150195300579071045e-01
1.542041003704071045e-01
3.301631510257720947e-01
1.199917793273925781e-01
9.370204061269760132e-02
8.888959884643554688e-02
3.456274569034576416e-01
1.894658803939819336e-01
1.149387285113334656e-01
7.981851696968078613e-02
1.636130213737487793e-01
1.880915164947509766e-01
1.448034495115280151e-01
1.057409122586250305e-01
1.224982291460037231e-01
8.610056340694427490e-02
1.117037236690521240e-01
9.441041946411132812e-02
2.464687451720237732e-02
4.597490280866622925e-02
1.002401709556579590e-01
5.048215016722679138e-02
1.473349183797836304e-01
1.585559546947479248e-01
1.048540323972702026e-01
2.239539325237274170e-01
1.265591233968734741e-01
1.865495145320892334e-01
1.179855614900588989e-01
2.918849587440490723e-01
1.678858697414398193e-01
2.340603023767471313e-01
3.903830051422119141e-01
1.938028484582901001e-01
2.227850705385208130e-01
4.917867183685302734e-01
2.432360798120498657e-01
2.247518599033355713e-01
5.069971680641174316e-01
2.509229779243469238e-01
3.344888389110565186e-01
4.004618525505065918e-01
3.975651413202285767e-02
4.458883032202720642e-02
1.690525263547897339e-01
2.203834503889083862e-01
2.299550622701644897e-01
1.812224090099334717e-01
1.146857589483261108e-01
3.223405480384826660e-01
7.972206175327301025e-02
2.249922156333923340e-01
1.176549866795539856e-01
8.590521663427352905e-02
1.032846421003341675e-01
1.428790986537933350e-01
1.165352836251258850e-01
1.797529160976409912e-01
4.266544058918952942e-02
1.176526546478271484e-01
1.910130679607391357e-01
2.041407525539398193e-01
1.788142919540405273e-01
2.185808122158050537e-01
1.776175796985626221e-01
1.287916749715805054e-01
3.411848247051239014e-01
2.493789345026016235e-01
2.452460825443267822e-01
5.212577432394027710e-02
4.375603795051574707e-01
1.574294269084930420e-01
1.978665739297866821e-01
2.060844600200653076e-01
1.669945120811462402e-01
1.291739046573638916e-01
1.026413887739181519e-01
1.894693672657012939e-01
1.328193843364715576e-01
1.098489984869956970e-01
8.410818129777908325e-02
1.690122783184051514e-01
3.680516481399536133e-01
2.861761152744293213e-01
2.825950086116790771e-01
9.104731678962707520e-02
1.996818482875823975e-01
1.116620898246765137e-01
4.384289979934692383e-01
3.828308880329132080e-01
1.364451050758361816e-01
1.143812686204910278e-01
2.566719651222229004e-01
1.344812810420989990e-01
3.196220099925994873e-01
2.056176662445068359e-01
2.183523029088973999e-01
1.964772045612335205e-01
1.049483194947242737e-01
1.971746683120727539e-01
4.416983127593994141e-01
1.907690465450286865e-01
1.693563014268875122e-01
1.782690584659576416e-01
2.158281207084655762e-01
1.439795196056365967e-01
1.662323921918869019e-01
2.077790498733520508e-01
2.340787798166275024e-01
1.346082389354705811e-01
3.333018124103546143e-01
6.163423880934715271e-02
3.011360764503479004e-01
1.918142437934875488e-01
1.025924086570739746e-01
3.276040852069854736e-01
2.207682467997074127e-02
6.526488065719604492e-02
4.157488942146301270e-01
1.813209652900695801e-01
2.238812744617462158e-01
9.838521480560302734e-02
7.475628703832626343e-02
1.459154933691024780e-01
2.494893521070480347e-01
9.007706493139266968e-02
6.878310441970825195e-02
2.909023761749267578e-01
1.259830147027969360e-01
5.051064118742942810e-02
2.014475762844085693e-01
7.617276906967163086e-02
2.871521115303039551e-01
1.081416606903076172e-01
1.202358603477478027e-01
3.206159770488739014e-01
3.477817773818969727e-01
2.235019207000732422e-01
2.424117177724838257e-01
1.945672929286956787e-01
1.648335158824920654e-01
1.654579788446426392e-01
1.818025410175323486e-01
1.711666584014892578e-01
1.709381341934204102e-01
3.392208516597747803e-01
4.818728938698768616e-02
5.608481764793395996e-01
1.443827599287033081e-01
2.074986100196838379e-01
1.437082290649414062e-01
1.972438693046569824e-01
1.233866363763809204e-01
1.315500885248184204e-01
5.258457660675048828e-01
7.603386044502258301e-02
5.986022949218750000e-02
5.612526461482048035e-02
2.188237756490707397e-01
1.171167492866516113e-01
6.151096522808074951e-02
2.937871813774108887e-01
8.871199935674667358e-02
2.328723967075347900e-01
1.095076426863670349e-01
3.075486719608306885e-01
1.334493756294250488e-01
1.718218326568603516e-01
2.283796668052673340e-01
1.656595915555953979e-01
1.620536744594573975e-01
1.227950975298881531e-01
1.485930681228637695e-01
2.054384946823120117e-01
2.313794195652008057e-01
2.664300799369812012e-01
6.915546208620071411e-02
1.829427778720855713e-01
2.456360161304473877e-01
8.148430287837982178e-02
2.048941999673843384e-01
3.114306330680847168e-01
3.316158354282379150e-01
8.857117593288421631e-02
2.658071219921112061e-01
3.492071926593780518e-01
3.009701669216156006e-01
7.786332815885543823e-02
2.139050066471099854e-01
2.300084382295608521e-01
3.606152534484863281e-01
1.195678561925888062e-01
3.106597363948822021e-01
3.279953002929687500e-01
2.241820991039276123e-01
1.530553102493286133e-01
1.898804754018783569e-01
2.362395524978637695e-01
2.195609211921691895e-01
1.497744917869567871e-01
1.055498942732810974e-01
3.761596232652664185e-02
1.227750182151794434e-01
1.192429363727569580e-01
1.569698005914688110e-01
3.176146745681762695e-02
1.010419055819511414e-01
3.239522278308868408e-01
2.233050465583801270e-01
3.682023584842681885e-01
1.249434053897857666e-01
2.252137511968612671e-01
1.954375505447387695e-01
1.066311150789260864e-01
1.170734614133834839e-01
8.840271830558776855e-02
2.230039387941360474e-01
1.458178162574768066e-01
1.813553124666213989e-01
7.382795959711074829e-02
4.605926275253295898e-01
1.108233928680419922e-01
1.853330135345458984e-01
1.002615615725517273e-01
2.024059444665908813e-01
1.769916266202926636e-01
4.415526092052459717e-01
2.510355710983276367e-01
1.353162527084350586e-01
2.334927767515182495e-01
2.097798585891723633e-01
2.299565672874450684e-01
2.691835761070251465e-01
2.176764160394668579e-01
2.308160066604614258e-01
2.137316614389419556e-01
3.189444541931152344e-01
2.955888807773590088e-01
2.939102351665496826e-01
2.209105491638183594e-01
1.702809929847717285e-01
4.623747766017913818e-01
2.817180752754211426e-01
1.552082002162933350e-01
1.587241590023040771e-01
1.972954571247100830e-01
2.053642719984054565e-01
9.814472496509552002e-02
1.060747206211090088e-01
2.859676480293273926e-01
3.432044386863708496e-01
1.783641427755355835e-01
2.001777589321136475e-01
2.641832828521728516e-01
2.774802148342132568e-01
1.277256309986114502e-01
1.146582365036010742e-01
1.648834794759750366e-01
5.628284811973571777e-02
1.113922223448753357e-01
1.872279942035675049e-01
3.493731915950775146e-01
1.950080692768096924e-01
1.554321944713592529e-01
1.294390261173248291e-01
9.066522121429443359e-02
2.004807293415069580e-01
1.676265001296997070e-01
1.850305944681167603e-01
7.875505834817886353e-02
1.909824758768081665e-01
1.337073594331741333e-01
1.284567117691040039e-01
3.214231729507446289e-01
1.040001958608627319e-01
8.309049904346466064e-02
1.463160663843154907e-01
2.343377172946929932e-01
4.419364333152770996e-01
1.814914047718048096e-01
2.846331000328063965e-01
2.642869353294372559e-01
1.064522415399551392e-01
1.959394365549087524e-01
1.250722110271453857e-01
5.970736593008041382e-02
2.292129695415496826e-01
4.695603847503662109e-01
7.736761122941970825e-02
1.470104753971099854e-01
2.971679568290710449e-01
1.484972089529037476e-01
3.743804693222045898e-01
1.873040497303009033e-01
2.125216871500015259e-01
7.916129380464553833e-02
1.310932636260986328e-01
4.996361434459686279e-01
1.256607025861740112e-01
9.907819330692291260e-02
3.165200948715209961e-01
2.262225151062011719e-01
3.709310591220855713e-01
2.371320128440856934e-01
1.732457876205444336e-01
3.475260734558105469e-01
1.310575902462005615e-01
1.760986745357513428e-01
9.410879015922546387e-02
2.162983417510986328e-01
3.744183778762817383e-01
2.712031006813049316e-01
2.965679466724395752e-01
1.568301320075988770e-01
2.739371061325073242e-01
1.786388754844665527e-01
1.307127177715301514e-01
2.862000763416290283e-01
1.891057491302490234e-01
1.543751060962677002e-01
1.596539169549942017e-01
1.969274282455444336e-01
1.119552701711654663e-01
7.836602926254272461e-01
2.322888821363449097e-01
1.937780082225799561e-01
1.011739969253540039e+00
3.340795040130615234e-01
1.249723061919212341e-01
3.461540341377258301e-01
3.142305910587310791e-01
3.937614262104034424e-01
1.216872632503509521e-01
2.279268801212310791e-01
2.238040566444396973e-01
1.325362026691436768e-01
1.754117608070373535e-01
1.782396733760833740e-01
2.239715903997421265e-01
1.238665878772735596e-01
2.790156602859497070e-01
3.045420646667480469e-01
1.290727257728576660e-01
4.067958593368530273e-01
1.506443172693252563e-01
6.558568030595779419e-02
1.678730100393295288e-01
3.016164600849151611e-01
3.240630626678466797e-01
2.010961920022964478e-01
1.706376224756240845e-01
2.529644966125488281e-01
3.211021721363067627e-01
1.009854674339294434e-01
2.675070762634277344e-01
2.331528067588806152e-01
1.203241348266601562e-01
3.291584253311157227e-01
2.729262039065361023e-02
1.569705456495285034e-01
3.409727513790130615e-01
2.679082155227661133e-01
6.248792260885238647e-02
1.196942403912544250e-01
2.437261343002319336e-01
2.395144253969192505e-01
2.615241706371307373e-01
1.940015703439712524e-01
2.755815088748931885e-01
1.357624381780624390e-01
1.142190992832183838e-01
1.089301779866218567e-01
1.939710676670074463e-01
1.333933621644973755e-01
1.951346546411514282e-01
2.390068769454956055e-01
8.824612945318222046e-02
1.458207964897155762e-01
2.248972654342651367e-01
2.389314621686935425e-01
1.918014734983444214e-01
4.111526608467102051e-01
2.006264030933380127e-01
3.379399180412292480e-01
7.459174096584320068e-02
2.946896851062774658e-01
1.548668891191482544e-01
1.419048309326171875e-01
7.981813699007034302e-02
1.472221463918685913e-01
1.871340274810791016e-01
1.607301384210586548e-01
3.130501806735992432e-01
1.210569366812705994e-01
4.608026891946792603e-02
2.210026383399963379e-01
2.929184734821319580e-01
1.303024291992187500e-01
2.094084322452545166e-01
1.706467419862747192e-01
4.191601276397705078e-01
2.325741052627563477e-01
3.282390832901000977e-01
2.309655994176864624e-01
2.201243191957473755e-01
1.876409649848937988e-01
7.774268090724945068e-02
3.888304531574249268e-02
2.976179122924804688e-01
4.123784899711608887e-01
1.998645067214965820e-01
1.831393837928771973e-01
2.061183750629425049e-01
1.061728000640869141e-01
1.106757894158363342e-01
3.044140040874481201e-01
1.213740259408950806e-01
2.195409536361694336e-01
8.354724198579788208e-02
7.080315798521041870e-02
2.081017196178436279e-01
2.004486322402954102e-01
3.928083777427673340e-01
2.501392066478729248e-01
1.211451441049575806e-01
4.540264606475830078e-02
1.868723630905151367e-01
2.769729495048522949e-01
2.397244274616241455e-01
2.752665281295776367e-01
1.521894931793212891e-01
1.409135758876800537e-01
1.582591384649276733e-01
7.179071009159088135e-02
1.806395053863525391e-01
3.696340620517730713e-01
3.238700330257415771e-01
2.805826663970947266e-01
1.496695131063461304e-01
3.469353020191192627e-01
3.468467593193054199e-01
2.015559375286102295e-01
2.811549305915832520e-01
2.412998378276824951e-01
2.072564661502838135e-01
1.889279335737228394e-01
3.456760048866271973e-01
2.528703510761260986e-01
3.220343887805938721e-01
1.442665606737136841e-01
6.721411645412445068e-02
1.984735131263732910e-01
3.055318295955657959e-01
2.779268026351928711e-01
1.030839234590530396e-01
3.201127052307128906e-01
9.663891792297363281e-02
2.480532824993133545e-01
8.349440991878509521e-02
1.039423719048500061e-01
8.232565224170684814e-02
2.052656412124633789e-01
1.489887088537216187e-01
2.731256484985351562e-01
1.292900443077087402e-01
5.419954657554626465e-02
2.954908609390258789e-01
2.016605883836746216e-01
1.730715632438659668e-01
7.847496122121810913e-02
7.197913527488708496e-02
9.520184248685836792e-02
1.723110824823379517e-01
2.035108059644699097e-01
1.113832294940948486e-01
1.445403695106506348e-01
3.300690054893493652e-01
3.865631818771362305e-01
2.928615808486938477e-01
1.480021476745605469e-01
1.668244451284408569e-01
1.643922179937362671e-01
1.593108773231506348e-01
2.921760976314544678e-01
1.667467355728149414e-01
4.448596835136413574e-01
7.923886179924011230e-02
1.189965009689331055e-01
1.400453001260757446e-01
3.941213488578796387e-01
1.724559962749481201e-01
1.118903160095214844e-01
3.707534074783325195e-01
1.601769626140594482e-01
1.488465666770935059e-01
1.213240399956703186e-01
2.632490992546081543e-01
1.048697382211685181e-01
1.392393410205841064e-01
1.526456773281097412e-01
9.116882830858230591e-02
2.314682304859161377e-01
3.739799857139587402e-01
6.090227365493774414e-01
2.747299671173095703e-01
1.344951391220092773e-01
7.261355221271514893e-02
3.239418864250183105e-01
2.124374210834503174e-01
1.607666760683059692e-01
1.523991078138351440e-01
9.744895994663238525e-02
1.056135967373847961e-01
1.223427206277847290e-01
1.797406375408172607e-01
1.586666703224182129e-01
3.412928879261016846e-01
2.591219544410705566e-01
6.782492250204086304e-02
4.186421260237693787e-02
7.497736811637878418e-02
1.145757287740707397e-01
1.968241482973098755e-01
6.316135078668594360e-02
1.588150560855865479e-01
3.003399670124053955e-01
1.538702100515365601e-01
9.622554481029510498e-02
2.483366280794143677e-01
1.480313539505004883e-01
2.216516882181167603e-01
2.892684340476989746e-01
1.323608458042144775e-01
2.536575794219970703e-01
3.008425235748291016e-01
2.435026317834854126e-01
8.222918212413787842e-02
5.294371768832206726e-02
8.320441842079162598e-02
1.204462870955467224e-01
7.824461907148361206e-02
1.560867130756378174e-01
3.048331141471862793e-01
1.656410843133926392e-01
1.294881552457809448e-01
1.842451691627502441e-01
2.678871154785156250e-01
1.899690330028533936e-01
8.580527454614639282e-02
1.501242071390151978e-01
1.745813488960266113e-01
2.397029101848602295e-01
2.616886496543884277e-01
3.334978520870208740e-01
1.220301389694213867e-01
1.620562672615051270e-01
2.668341100215911865e-01
1.527577191591262817e-01
2.186137437820434570e-01
1.691767275333404541e-01
1.295048892498016357e-01
8.502069115638732910e-02
1.876427531242370605e-01
2.469312548637390137e-01
2.735809087753295898e-01
1.341410577297210693e-01
3.418405055999755859e-01
1.111883670091629028e-01
9.516756236553192139e-02
2.586307227611541748e-01
8.848760277032852173e-02
6.564772129058837891e-02
2.004956901073455811e-01
1.100689247250556946e-01
3.409899771213531494e-01
2.736235558986663818e-01
4.264287054538726807e-01
2.704720497131347656e-01
3.975486457347869873e-01
2.526914477348327637e-01
1.393046975135803223e-01
1.964166015386581421e-01
3.457516133785247803e-01
1.090385019779205322e-01
9.954588860273361206e-02
1.309898197650909424e-01
2.928286194801330566e-01
2.003772705793380737e-01
1.030379906296730042e-01
1.839522570371627808e-01
3.716775476932525635e-01
1.175332143902778625e-01
5.069268345832824707e-01
1.979262828826904297e-01
1.159631162881851196e-01
1.475349962711334229e-01
1.773283779621124268e-01
3.001625537872314453e-01
1.220214068889617920e-01
1.335085779428482056e-01
2.419909387826919556e-01
3.419510126113891602e-01
2.633920609951019287e-01
3.257485032081604004e-01
2.976744771003723145e-01
2.164182215929031372e-01
1.768714338541030884e-01
1.505390703678131104e-01
2.401079237461090088e-01
1.004355251789093018e-01
2.131109833717346191e-01
1.033105850219726562e-01
1.520998328924179077e-01
1.223638653755187988e-01
1.932427883148193359e-01
1.018964052200317383e-01
3.038176596164703369e-01
4.829436540603637695e-02
1.131556630134582520e-01
4.543546438217163086e-01
1.904421746730804443e-01
1.918264329433441162e-01
1.496884673833847046e-01
1.809789836406707764e-01
1.164255961775779724e-01
1.895984411239624023e-01
3.176940381526947021e-01
1.825818121433258057e-01
2.032618075609207153e-01
8.862508088350296021e-02
1.465469449758529663e-01
3.417765796184539795e-01
2.367199957370758057e-01
1.962948441505432129e-01
3.508771359920501709e-01
2.188519537448883057e-01
1.365998983383178711e-01
4.602766409516334534e-02
1.009418815374374390e-01
1.597785055637359619e-01
3.515165150165557861e-01
1.948736608028411865e-01
6.646429747343063354e-02
1.049034893512725830e-01
1.059469431638717651e-01
5.700510740280151367e-02
2.016250789165496826e-01
2.807950973510742188e-01
1.994386613368988037e-01
2.557423412799835205e-01
4.038087725639343262e-01
2.223683148622512817e-01
4.731978103518486023e-02
8.448494970798492432e-02
1.013832613825798035e-01
7.190607488155364990e-02
1.851222664117813110e-01
2.403600066900253296e-01
2.966761589050292969e-01
2.255689799785614014e-01
1.990250051021575928e-01
1.708178073167800903e-01
2.266615331172943115e-01
1.017817929387092590e-01
2.255715131759643555e-01
1.332012116909027100e-01
1.295217722654342651e-01
3.524198234081268311e-01
9.997168928384780884e-02
2.072300761938095093e-01
7.011482864618301392e-02
1.712493449449539185e-01
8.762347698211669922e-02
5.766729637980461121e-02
1.691833138465881348e-01
1.541668921709060669e-01
1.681459546089172363e-01
4.524782896041870117e-01
9.161013364791870117e-02
1.868751496076583862e-01
1.902187466621398926e-01
1.442277878522872925e-01
4.121553003787994385e-01
2.183133065700531006e-01
1.521746814250946045e-01
9.958350658416748047e-02
1.050771921873092651e-01
2.673362195491790771e-01
2.895376980304718018e-01
1.363921463489532471e-01
1.842871010303497314e-01
1.986465007066726685e-01
4.693538695573806763e-02
2.339641600847244263e-01
1.750040054321289062e-01
1.740306466817855835e-01
5.416402220726013184e-02
2.085372358560562134e-01
1.439083516597747803e-01
2.828788161277770996e-01
6.524083018302917480e-02
5.773104727268218994e-02
1.695972532033920288e-01
1.308196932077407837e-01
1.843290328979492188e-01
1.693384945392608643e-01
1.148848608136177063e-01
1.629257053136825562e-01
2.856977283954620361e-01
1.205304488539695740e-01
3.254147768020629883e-01
1.338943243026733398e-01
1.338003277778625488e-01
1.035281717777252197e-01
1.490806192159652710e-01
2.717519700527191162e-01
1.387086808681488037e-01
1.798793524503707886e-01
2.417701482772827148e-01
1.673048436641693115e-01
8.327605575323104858e-02
1.949621140956878662e-01
1.616157889366149902e-01
2.080734819173812866e-01
1.434429734945297241e-01
2.024289965629577637e-01
6.621499359607696533e-02
3.560032546520233154e-01
3.111583292484283447e-01
2.331961691379547119e-01
3.053183853626251221e-01
1.137025654315948486e-01
4.186741113662719727e-01
2.187223285436630249e-01
4.503571093082427979e-01
2.958358526229858398e-01
1.923018246889114380e-01
1.338534355163574219e-01
3.328062891960144043e-01
7.186808586120605469e-01
2.429020106792449951e-01
1.528408080339431763e-01
8.377199620008468628e-02
1.888081133365631104e-01
4.924936294555664062e-01
5.205075144767761230e-01
3.800213932991027832e-01
3.119676709175109863e-01
1.663281023502349854e-01
1.952213048934936523e-01
2.027462124824523926e-01
2.371739447116851807e-01
1.132488027215003967e-01
2.456944286823272705e-01
1.565765291452407837e-01
2.068602591753005981e-01
2.972617447376251221e-01
2.511716187000274658e-01
1.188096776604652405e-01
2.945261001586914062e-01
1.873520016670227051e-01
2.973613142967224121e-01
1.915981173515319824e-01
3.191671073436737061e-01
3.483307659626007080e-01
1.886008083820343018e-01
1.138912737369537354e-01
7.611685246229171753e-02
2.340479195117950439e-01
1.097191423177719116e-01
1.591367572546005249e-01
2.609915733337402344e-01
3.066858649253845215e-01
1.302538812160491943e-01
1.810230463743209839e-01
5.948249995708465576e-02
4.252192080020904541e-01
1.211381405591964722e-01
1.470139771699905396e-01
9.883061051368713379e-02
4.785686433315277100e-01
2.207239270210266113e-01
7.657192647457122803e-02
2.073521614074707031e-01
3.786243796348571777e-01
5.666928365826606750e-02
1.054433211684226990e-01
2.999542951583862305e-01
1.871729195117950439e-01
1.503930389881134033e-01
1.045851111412048340e-01
2.845172584056854248e-01
1.857236921787261963e-01
2.283905893564224243e-01
2.419442683458328247e-01
1.472739577293395996e-01
2.387425899505615234e-01
1.039573475718498230e-01
3.274415731430053711e-01
5.008143559098243713e-02
1.446277797222137451e-01
1.636235266923904419e-01
9.754046052694320679e-02
7.623153924942016602e-02
9.192119538784027100e-02
2.585503160953521729e-01
3.040154576301574707e-01
4.096270799636840820e-01
1.771620810031890869e-01
4.303843080997467041e-01
1.362105309963226318e-01
1.878147125244140625e-01
1.469314247369766235e-01
3.512770235538482666e-01
1.877699196338653564e-01
3.031617999076843262e-01
1.308989226818084717e-01
1.342401206493377686e-01
2.810404300689697266e-01
2.293021529912948608e-01
2.631485164165496826e-01
1.108327656984329224e-01
3.595826625823974609e-01
1.096443384885787964e-01
1.203395873308181763e-01
1.898686736822128296e-01
3.118340373039245605e-01
6.775929033756256104e-02
3.616414666175842285e-01
1.006665900349617004e-01
1.857148110866546631e-01
2.224358022212982178e-01
1.181078031659126282e-01
9.827571362257003784e-02
1.461365222930908203e-01
2.450588643550872803e-01
1.682063341140747070e-01
5.750563144683837891e-01
1.494209170341491699e-01
3.498560786247253418e-01
9.553585946559906006e-02
4.626405835151672363e-01
1.132165640592575073e-01
4.544192180037498474e-02
1.391715556383132935e-01
5.062325298786163330e-02
5.481886863708496094e-02
1.931770890951156616e-01
5.307069420814514160e-01
2.971261143684387207e-01
1.166432797908782959e-01
3.324832022190093994e-01
2.377450764179229736e-01
3.198518753051757812e-01
1.988564729690551758e-01
3.721524178981781006e-01
1.589030027389526367e-01
3.328618705272674561e-01
1.731760352849960327e-01
2.323299497365951538e-01
1.154150664806365967e-01
2.390295118093490601e-01
1.309417486190795898e-01
1.372038573026657104e-01
1.440318673849105835e-01
1.700902879238128662e-01
1.338996738195419312e-01
2.410735934972763062e-01
1.671823561191558838e-01
1.906367540359497070e-01
1.719430983066558838e-01
2.876628637313842773e-01
2.505657970905303955e-01
1.082056015729904175e-01
9.452309459447860718e-02
1.166385114192962646e-01
3.827505707740783691e-01
7.168650627136230469e-02
1.401634365320205688e-01
3.388347327709197998e-01
1.057277992367744446e-01
1.117880791425704956e-01
2.056265175342559814e-01
2.127355635166168213e-01
6.991045176982879639e-02
2.105259895324707031e-01
4.482094943523406982e-01
1.699962317943572998e-01
1.890457570552825928e-01
2.298102974891662598e-01
1.509509384632110596e-01
1.211296617984771729e-01
1.771867573261260986e-01
1.117972061038017273e-01
1.349461227655410767e-01
1.333199590444564819e-01
2.596681118011474609e-01
1.925386488437652588e-01
2.901761233806610107e-01
1.001936718821525574e-01
1.997881531715393066e-01
1.041254550218582153e-01
1.390033066272735596e-01
2.055271118879318237e-01
1.223196238279342651e-01
7.657223194837570190e-02
1.055468171834945679e-01
1.423628032207489014e-01
3.308165073394775391e-01
7.106401026248931885e-02
2.027204036712646484e-01
1.390289366245269775e-01
6.050264090299606323e-02
1.328675448894500732e-01
6.654220074415206909e-02
6.072105839848518372e-02
5.234035253524780273e-01
1.000899821519851685e-01
2.156772613525390625e-01
8.212625235319137573e-02
1.764413118362426758e-01
1.756435036659240723e-01
1.416029930114746094e-01
2.741431891918182373e-01
1.872036457061767578e-01
5.314366817474365234e-01
1.769746840000152588e-01
4.441677331924438477e-01
2.227977812290191650e-01
1.520307958126068115e-01
5.461512804031372070e-01
4.750578105449676514e-02
1.452220082283020020e-01
6.019028276205062866e-02
8.972877264022827148e-02
2.224443107843399048e-01
7.831738591194152832e-01
7.543339729309082031e-01
2.428130358457565308e-01
1.211029216647148132e-01
2.766921818256378174e-01
1.524014770984649658e-01
2.834921479225158691e-01
7.048063874244689941e-01
