1.588681638240814209e-01
1.822621226310729980e-01
1.546639204025268555e-01
1.427625566720962524e-01
2.916932106018066406e-01
1.365434676408767700e-01
1.056796759366989136e-01
2.160837352275848389e-01
2.542450726032257080e-01
6.587804853916168213e-02
8.362048119306564331e-02
1.244815662503242493e-01
2.972376644611358643e-01
2.499505132436752319e-01
1.194214671850204468e-01
1.738423705101013184e-01
7.141935080289840698e-02
1.596551239490509033e-01
7.948682457208633423e-02
1.149732768535614014e-01
8.461785316467285156e-02
1.486430168151855469e-01
9.224806725978851318e-02
8.641644567251205444e-02
7.890906929969787598e-02
9.557704627513885498e-02
2.891909703612327576e-02
3.729856014251708984e-02
2.948516905307769775e-01
1.426050812005996704e-01
1.250797510147094727e-01
1.184511333703994751e-01
2.451485395431518555e-01
4.056491702795028687e-02
5.448257550597190857e-02
3.898123204708099365e-01
1.677822172641754150e-01
8.016990870237350464e-02
2.434937655925750732e-01
1.739211678504943848e-01
2.257712930440902710e-01
1.229413971304893494e-01
7.195056974887847900e-02
1.791328638792037964e-01
1.310009360313415527e-01
1.286738067865371704e-01
5.854148864746093750e-01
1.588273346424102783e-01
9.720426052808761597e-02
1.484347581863403320e-01
1.579783856868743896e-01
9.252458065748214722e-02
1.271199882030487061e-01
1.338629424571990967e-01
2.760519385337829590e-01
1.769993454217910767e-01
7.242228984832763672e-01
2.597771883010864258e-01
1.338420808315277100e-01
6.467977166175842285e-02
1.937202215194702148e-01
3.927761316299438477e-01
2.959242165088653564e-01
1.421291828155517578e-01
2.719951272010803223e-01
7.564371824264526367e-02
1.767217218875885010e-01
1.429156363010406494e-01
1.712215840816497803e-01
1.106796637177467346e-01
1.867317259311676025e-01
1.177377030253410339e-01
2.268318533897399902e-01
2.427973151206970215e-01
4.310670495033264160e-01
2.964068353176116943e-01
1.126556247472763062e-01
8.341024816036224365e-02
1.390387713909149170e-01
1.018778830766677856e-01
2.765063643455505371e-01
1.143700703978538513e-01
3.193733692169189453e-01
3.615448176860809326e-01
8.536888659000396729e-02
7.269279658794403076e-02
5.418021976947784424e-02
5.825369954109191895e-01
9.517066925764083862e-02
1.744072735309600830e-01
5.767549946904182434e-02
1.450006365776062012e-01
2.394974082708358765e-01
1.221139207482337952e-01
8.666767179965972900e-02
2.088974565267562866e-01
1.069218143820762634e-01
3.326021432876586914e-01
4.730241000652313232e-02
1.995304673910140991e-01
6.833805143833160400e-02
1.979793310165405273e-01
1.236735507845878601e-01
1.947310417890548706e-01
3.691163957118988037e-01
9.103769809007644653e-02
3.995362520217895508e-01
9.071462601423263550e-02
9.281316399574279785e-02
1.438885033130645752e-01
2.458581924438476562e-01
2.247742563486099243e-01
2.012113779783248901e-01
1.958145797252655029e-01
2.040518969297409058e-01
9.979882836341857910e-02
3.364061713218688965e-01
3.922240436077117920e-01
1.383576840162277222e-01
2.399669215083122253e-02
1.102458015084266663e-01
1.834971904754638672e-01
1.541340351104736328e-01
1.907296776771545410e-01
2.075071334838867188e-01
2.050854265689849854e-01
3.147009611129760742e-01
3.957379609346389771e-02
2.958933711051940918e-01
6.964184343814849854e-02
1.741430759429931641e-01
2.618599534034729004e-01
2.191620618104934692e-01
2.948862314224243164e-01
1.515054106712341309e-01
1.252419650554656982e-01
3.810100257396697998e-02
3.086265027523040771e-01
2.596411406993865967e-01
9.017511457204818726e-02
1.973308622837066650e-01
1.384884119033813477e-01
1.294613480567932129e-01
2.546203434467315674e-01
2.489051967859268188e-01
7.939109206199645996e-02
1.925092935562133789e-01
8.970056474208831787e-02
1.113629862666130066e-01
1.115090101957321167e-01
9.219775348901748657e-02
2.252792716026306152e-01
1.779005527496337891e-01
1.919287443161010742e-01
3.052708506584167480e-01
1.450171470642089844e-01
2.645008563995361328e-01
1.913152039051055908e-01
1.385063529014587402e-01
8.891142904758453369e-02
2.420817911624908447e-01
2.393857091665267944e-01
1.261666566133499146e-01
3.405209481716156006e-01
2.549880743026733398e-01
3.102841079235076904e-01
1.531206667423248291e-01
1.478003412485122681e-01
1.927360892295837402e-01
1.464253813028335571e-01
3.314016461372375488e-01
3.894779682159423828e-01
1.536060571670532227e-01
1.111181303858757019e-01
1.440806686878204346e-01
4.025012254714965820e-01
4.070140123367309570e-01
1.766341030597686768e-01
1.487955451011657715e-01
2.068662047386169434e-01
4.852814674377441406e-01
2.030865848064422607e-01
2.657610177993774414e-01
4.629326760768890381e-01
3.325476944446563721e-01
2.362614870071411133e-01
1.532110869884490967e-01
2.795121669769287109e-01
3.491976857185363770e-01
2.148790657520294189e-01
2.856256961822509766e-01
3.025898933410644531e-01
2.312611043453216553e-01
1.752006560564041138e-01
1.553110778331756592e-01
7.345990091562271118e-02
1.564130187034606934e-01
1.149075850844383240e-01
1.261602342128753662e-01
7.672551274299621582e-02
1.976836025714874268e-01
1.322194039821624756e-01
1.974358856678009033e-01
2.967116832733154297e-01
3.878063261508941650e-01
1.994000375270843506e-01
2.173977345228195190e-01
2.324494719505310059e-01
2.658711075782775879e-01
1.093903034925460815e-01
1.724359840154647827e-01
1.243350580334663391e-01
6.186973676085472107e-02
8.096732199192047119e-02
2.914361655712127686e-01
1.301298886537551880e-01
2.678205370903015137e-01
1.939883083105087280e-01
1.170742139220237732e-01
2.577633261680603027e-01
1.363313198089599609e-01
2.543113231658935547e-01
2.152137756347656250e-01
1.631854176521301270e-01
5.857376381754875183e-02
1.535131931304931641e-01
1.867868453264236450e-01
2.597112357616424561e-01
1.241783872246742249e-01
2.136134207248687744e-01
1.679386645555496216e-01
2.263409197330474854e-01
1.341988295316696167e-01
1.014456748962402344e-01
1.096239238977432251e-01
2.382696121931076050e-01
7.705539464950561523e-02
2.042042315006256104e-01
1.143829300999641418e-01
2.988279759883880615e-01
8.212859928607940674e-02
1.732972115278244019e-01
1.725381165742874146e-01
6.822042167186737061e-02
2.126727700233459473e-01
1.935013830661773682e-01
1.981895565986633301e-01
2.754483222961425781e-01
1.383910030126571655e-01
6.768874078989028931e-02
1.709732115268707275e-01
2.151282131671905518e-01
1.374554038047790527e-01
1.875038594007492065e-01
2.688334286212921143e-01
2.901820540428161621e-01
6.148612871766090393e-02
1.172956675291061401e-01
2.603971362113952637e-01
1.585136353969573975e-01
5.516376495361328125e-01
4.570952057838439941e-02
3.338751494884490967e-01
2.661586999893188477e-01
2.845749258995056152e-01
7.699258625507354736e-02
3.146473169326782227e-01
2.251514494419097900e-01
2.943217158317565918e-01
1.507458686828613281e-01
4.470755755901336670e-01
3.043136298656463623e-01
1.335489302873611450e-01
1.518937647342681885e-01
1.042980775237083435e-01
3.306740522384643555e-01
2.461744844913482666e-01
4.471922293305397034e-02
1.374628990888595581e-01
2.218958884477615356e-01
3.118333220481872559e-01
2.187844216823577881e-01
7.018481194972991943e-02
1.833990514278411865e-01
1.972609460353851318e-01
6.011760234832763672e-02
9.307487308979034424e-02
1.414942443370819092e-01
2.160649001598358154e-01
2.936853170394897461e-01
9.415457397699356079e-02
5.157260298728942871e-01
3.305186331272125244e-01
7.873074710369110107e-02
2.506089210510253906e-01
1.167963743209838867e-01
1.605741381645202637e-01
9.746471047401428223e-02
1.074674427509307861e-01
1.032568216323852539e-01
1.415243446826934814e-01
1.637153774499893188e-01
2.298429310321807861e-01
5.365523323416709900e-02
1.472877115011215210e-01
6.051553040742874146e-02
2.126134932041168213e-01
1.963706016540527344e-01
2.582004666328430176e-01
1.108686029911041260e-01
2.530238628387451172e-01
8.768259733915328979e-02
2.567551434040069580e-01
7.556953281164169312e-02
6.591504067182540894e-02
3.925976157188415527e-02
4.970762133598327637e-02
2.033534497022628784e-01
7.415933907032012939e-02
2.594686150550842285e-01
1.331358253955841064e-01
9.662191569805145264e-02
6.749539077281951904e-02
2.835606634616851807e-01
8.370430022478103638e-02
4.120320454239845276e-02
1.595799922943115234e-01
7.980161905288696289e-02
1.581947207450866699e-01
2.365105152130126953e-01
1.582396477460861206e-01
1.807346642017364502e-01
1.168528869748115540e-01
1.163497641682624817e-01
1.570315510034561157e-01
9.134562313556671143e-02
7.720212638378143311e-02
3.970910310745239258e-01
7.373560220003128052e-02
2.880490124225616455e-01
5.834705382585525513e-02
1.968757212162017822e-01
3.699077963829040527e-01
9.273073077201843262e-02
1.968380808830261230e-01
6.770531088113784790e-02
1.216759085655212402e-01
4.268186092376708984e-01
2.746018469333648682e-01
8.487234264612197876e-02
1.677482724189758301e-01
1.458815038204193115e-01
1.900615245103836060e-01
6.633182615041732788e-02
3.439137041568756104e-01
2.391022592782974243e-01
2.686975300312042236e-01
1.315313279628753662e-01
2.930952310562133789e-01
2.445335090160369873e-01
1.289642900228500366e-01
3.289022743701934814e-01
1.552046835422515869e-01
1.854772120714187622e-01
2.357827425003051758e-01
1.284092217683792114e-01
2.153824567794799805e-01
1.323525905609130859e-01
2.371281683444976807e-01
1.437145620584487915e-01
6.630838662385940552e-02
3.198905587196350098e-01
3.383042514324188232e-01
2.668635249137878418e-01
1.158804446458816528e-01
3.632354736328125000e-01
1.881967484951019287e-01
7.944265753030776978e-02
3.206795752048492432e-01
2.228846102952957153e-01
3.264330625534057617e-01
1.226853206753730774e-01
1.420207917690277100e-01
3.119872510433197021e-01
1.158902347087860107e-01
1.935097873210906982e-01
1.552185565233230591e-01
2.940905988216400146e-01
4.388261958956718445e-02
1.327676028013229370e-01
5.469727888703346252e-02
9.242414683103561401e-02
2.075811624526977539e-01
1.194067895412445068e-01
2.000535726547241211e-01
2.060982286930084229e-01
2.029399871826171875e-01
6.276202201843261719e-01
3.228686749935150146e-01
3.709570765495300293e-01
6.964273750782012939e-02
2.699916362762451172e-01
1.952968537807464600e-01
1.899127662181854248e-01
1.139414831995964050e-01
1.136861741542816162e-01
2.136594057083129883e-01
1.568780690431594849e-01
2.209550589323043823e-01
1.311923116445541382e-01
1.427754461765289307e-01
9.014450758695602417e-02
2.168235033750534058e-01
1.943729668855667114e-01
9.842648357152938843e-02
1.375836133956909180e-01
1.399689316749572754e-01
6.008694693446159363e-02
3.624518960714340210e-02
4.852507710456848145e-01
4.506197273731231689e-01
1.895241588354110718e-01
2.095929086208343506e-01
3.418794274330139160e-01
2.688899040222167969e-01
2.097767293453216553e-01
1.516160964965820312e-01
2.253408581018447876e-01
9.936289489269256592e-02
9.284776449203491211e-02
3.121245503425598145e-01
1.452067792415618896e-01
3.460715711116790771e-01
1.479326188564300537e-01
1.316797286272048950e-01
9.155864268541336060e-02
2.218500375747680664e-01
1.218154877424240112e-01
2.748991250991821289e-01
7.355858385562896729e-02
5.067471414804458618e-02
1.156196892261505127e-01
1.552213579416275024e-01
2.267480790615081787e-01
3.980083763599395752e-02
1.975714564323425293e-01
1.124185472726821899e-01
5.081683397293090820e-01
2.024492919445037842e-01
8.029075711965560913e-02
2.377386093139648438e-01
1.542957425117492676e-01
2.054576724767684937e-01
3.593759834766387939e-01
1.960424631834030151e-01
2.076334059238433838e-01
1.907239407300949097e-01
2.477765977382659912e-01
1.204150840640068054e-01
1.962927132844924927e-01
1.718186438083648682e-01
9.036072343587875366e-02
2.871238589286804199e-01
1.057864576578140259e-01
1.160350814461708069e-01
1.488027274608612061e-01
3.234428912401199341e-02
2.189162075519561768e-01
3.321971297264099121e-01
4.089439213275909424e-01
1.048367843031883240e-01
1.129168570041656494e-01
3.966494798660278320e-01
5.071806162595748901e-02
1.322290152311325073e-01
1.826501488685607910e-01
1.480484306812286377e-01
7.557857036590576172e-02
6.693799793720245361e-02
1.138994544744491577e-01
3.136011958122253418e-01
2.576979994773864746e-01
1.181146502494812012e-01
2.653283476829528809e-01
1.965853869915008545e-01
3.227580785751342773e-01
1.078125685453414917e-01
1.505992263555526733e-01
1.874550729990005493e-01
1.678619980812072754e-01
1.514084339141845703e-01
1.668626070022583008e-01
1.632863134145736694e-01
1.411440968513488770e-01
6.760668754577636719e-02
1.902871578931808472e-01
1.811747550964355469e-01
2.564496397972106934e-01
2.523042559623718262e-01
9.074845910072326660e-02
6.489162892103195190e-02
1.608318239450454712e-01
9.598764777183532715e-02
1.770877838134765625e-01
1.487249732017517090e-01
1.374493688344955444e-01
1.925387829542160034e-01
3.830353170633316040e-02
1.268062591552734375e-01
2.267162501811981201e-01
2.912675142288208008e-01
1.238085180521011353e-01
1.998841911554336548e-01
7.708764076232910156e-02
3.087519407272338867e-01
1.299271583557128906e-01
2.337207198143005371e-01
3.766112327575683594e-01
3.031826019287109375e-02
1.693290658295154572e-02
5.586839467287063599e-02
3.155909776687622070e-01
1.219088286161422729e-01
4.895926415920257568e-01
2.542715072631835938e-01
6.116142123937606812e-02
2.941196262836456299e-01
1.677703857421875000e-01
1.082436889410018921e-01
3.694906234741210938e-01
2.449487745761871338e-01
1.696478426456451416e-01
2.065879702568054199e-01
3.175052404403686523e-01
8.786325156688690186e-02
5.862489715218544006e-02
1.020107790827751160e-01
8.117973804473876953e-02
1.116935387253761292e-01
1.626172810792922974e-01
2.057104110717773438e-01
8.320251107215881348e-02
1.771784573793411255e-01
2.388574182987213135e-01
2.637644708156585693e-01
3.188891708850860596e-01
2.161144316196441650e-01
1.841115802526473999e-01
2.637886703014373779e-01
2.179824411869049072e-01
8.261106908321380615e-02
1.824421882629394531e-01
4.049276411533355713e-01
2.623605728149414062e-01
1.146475374698638916e-01
1.437849402427673340e-01
1.030117720365524292e-01
9.946428984403610229e-02
2.215771377086639404e-01
1.909955888986587524e-01
2.339448928833007812e-01
9.443844109773635864e-02
2.146895080804824829e-01
4.533454403281211853e-02
1.334838569164276123e-01
1.185258328914642334e-01
4.162151813507080078e-01
2.713954448699951172e-01
1.429395824670791626e-01
2.192667722702026367e-01
1.312831491231918335e-01
3.766996785998344421e-02
2.015041261911392212e-01
1.664584279060363770e-01
1.008603200316429138e-01
1.229022517800331116e-01
2.458131015300750732e-01
6.439939886331558228e-02
5.301663279533386230e-01
2.730753421783447266e-01
1.772807985544204712e-01
3.005165457725524902e-01
5.566275864839553833e-02
2.482445538043975830e-01
2.744860053062438965e-01
1.356431543827056885e-01
6.880032271146774292e-02
2.130833119153976440e-01
2.668511271476745605e-01
3.497664928436279297e-01
1.334876716136932373e-01
2.362581789493560791e-01
1.074721515178680420e-01
1.194858923554420471e-01
2.195733189582824707e-01
6.600359082221984863e-02
2.147452235221862793e-01
3.316917121410369873e-01
2.940868958830833435e-02
1.003110632300376892e-01
6.334908306598663330e-02
1.793740093708038330e-01
2.192708104848861694e-01
1.314300298690795898e-01
6.776848435401916504e-02
1.877496838569641113e-01
2.190946638584136963e-01
7.814852148294448853e-02
1.000401228666305542e-01
2.685141861438751221e-01
1.112692654132843018e-01
2.665222287178039551e-01
1.203461512923240662e-01
9.438508749008178711e-02
4.713707044720649719e-02
1.000946611166000366e-01
2.320901602506637573e-01
1.158467382192611694e-01
8.432585746049880981e-02
3.363066315650939941e-01
6.760584563016891479e-02
5.695108324289321899e-02
2.338963449001312256e-01
1.029207855463027954e-01
1.619101166725158691e-01
2.396634817123413086e-01
1.344927847385406494e-01
9.043981879949569702e-02
2.590326964855194092e-01
1.403105854988098145e-01
7.061538100242614746e-02
1.745291948318481445e-01
7.864078134298324585e-02
2.461369894444942474e-02
2.097729146480560303e-01
5.940553545951843262e-02
2.333728373050689697e-01
1.628722250461578369e-01
1.664502620697021484e-01
2.156704366207122803e-01
2.072547376155853271e-01
1.853529065847396851e-01
6.943646073341369629e-02
1.675222069025039673e-01
1.925028562545776367e-01
1.833915114402770996e-01
1.040658727288246155e-01
2.087263464927673340e-01
2.844476699829101562e-01
3.742299675941467285e-01
1.525673121213912964e-01
5.264084041118621826e-02
1.888052076101303101e-01
1.611284762620925903e-01
9.502643346786499023e-02
1.810016185045242310e-01
3.443661928176879883e-01
1.968390047550201416e-01
2.615122795104980469e-01
2.520632743835449219e-01
1.154896169900894165e-01
1.452646553516387939e-01
1.244425177574157715e-01
2.128471881151199341e-01
3.042186200618743896e-01
1.209627687931060791e-01
3.583185374736785889e-01
2.735708951950073242e-01
1.689536869525909424e-01
1.951194554567337036e-01
3.235071003437042236e-01
1.331502497196197510e-01
2.327824085950851440e-01
1.365376114845275879e-01
1.218009367585182190e-01
1.878130584955215454e-01
9.411169588565826416e-02
2.182341516017913818e-01
1.634563207626342773e-01
8.255865424871444702e-02
1.071545332670211792e-01
9.586585313081741333e-02
1.613116711378097534e-01
2.624353021383285522e-02
3.338480591773986816e-01
1.237541735172271729e-01
2.274770438671112061e-01
2.660178840160369873e-01
2.524100542068481445e-01
1.341218650341033936e-01
2.825570106506347656e-01
1.000073999166488647e-01
2.106437385082244873e-01
1.627217084169387817e-01
3.131537139415740967e-01
1.433809250593185425e-01
9.203964471817016602e-02
1.151024401187896729e-01
2.593684494495391846e-01
1.058553606271743774e-01
3.656911849975585938e-01
1.598619371652603149e-01
2.046840488910675049e-01
1.697548180818557739e-01
1.697636097669601440e-01
2.015880048274993896e-01
9.551836550235748291e-02
6.705603003501892090e-02
1.006815731525421143e-01
1.141185984015464783e-01
7.060573995113372803e-02
2.769206166267395020e-01
3.077974617481231689e-01
1.033062860369682312e-01
1.732664555311203003e-01
1.718950867652893066e-01
2.743930220603942871e-01
1.759985387325286865e-01
1.108368188142776489e-01
1.415980607271194458e-01
1.056101396679878235e-01
4.577992111444473267e-02
2.182146459817886353e-01
1.763681173324584961e-01
5.423266291618347168e-01
2.163566648960113525e-01
4.564232528209686279e-01
2.570373415946960449e-01
4.096792936325073242e-01
1.028527095913887024e-01
2.109949886798858643e-01
2.261185348033905029e-01
2.121193408966064453e-01
1.619026362895965576e-01
4.786151647567749023e-02
1.794562488794326782e-01
2.556591033935546875e-01
1.516241133213043213e-01
2.014174759387969971e-01
6.210054829716682434e-02
1.789943426847457886e-01
1.476922333240509033e-01
2.850631773471832275e-01
6.537971645593643188e-02
1.994029879570007324e-01
1.834920048713684082e-01
3.108875155448913574e-01
1.959994286298751831e-01
4.716355353593826294e-02
3.991535305976867676e-01
2.039422392845153809e-01
2.518298029899597168e-01
2.922627627849578857e-01
7.887076586484909058e-02
2.403312921524047852e-01
2.159760296344757080e-01
1.717061251401901245e-01
8.028799295425415039e-02
5.115299224853515625e-01
5.967351794242858887e-02
1.192955747246742249e-01
1.652472913265228271e-01
1.581815928220748901e-01
2.243562340736389160e-01
6.338095664978027344e-02
1.246010363101959229e-01
1.053531914949417114e-01
2.881632447242736816e-01
2.277415692806243896e-01
3.665977716445922852e-01
2.531919777393341064e-01
5.452211946249008179e-02
9.031141549348831177e-02
1.180724501609802246e-01
3.430922627449035645e-01
1.815908998250961304e-01
1.527737677097320557e-01
2.627834379673004150e-01
1.876362562179565430e-01
1.909544467926025391e-01
3.425325155258178711e-01
1.609969139099121094e-01
9.699052572250366211e-02
2.874914109706878662e-01
2.776706218719482422e-01
1.597577929496765137e-01
2.768050134181976318e-01
7.679894566535949707e-02
1.788732260465621948e-01
1.829100102186203003e-01
1.681937277317047119e-01
2.555082738399505615e-01
3.041632473468780518e-01
1.127128452062606812e-01
1.559876650571823120e-01
3.791347742080688477e-01
2.580755352973937988e-01
8.504807204008102417e-02
1.404045671224594116e-01
4.137411117553710938e-01
1.652987748384475708e-01
1.608373522758483887e-01
1.287036240100860596e-01
1.481783390045166016e-01
2.973897457122802734e-01
1.818856745958328247e-01
8.169513940811157227e-02
1.621466130018234253e-01
1.287410557270050049e-01
3.445422351360321045e-01
8.339414000511169434e-02
6.181528419256210327e-02
2.205623090267181396e-01
1.168359145522117615e-01
1.728567183017730713e-01
2.832195758819580078e-01
1.062803268432617188e-01
1.974989473819732666e-01
5.055413246154785156e-01
1.848005801439285278e-01
1.197298169136047363e-01
1.840528696775436401e-01
2.889691293239593506e-02
3.138002753257751465e-01
1.858703792095184326e-01
3.010187149047851562e-01
2.133814394474029541e-01
1.309249103069305420e-01
9.197261184453964233e-02
4.185778498649597168e-01
4.479088485240936279e-01
1.014331728219985962e-01
8.290746808052062988e-02
1.587943583726882935e-01
1.252324879169464111e-01
1.022983938455581665e-01
1.709624528884887695e-01
2.022602409124374390e-01
2.653412222862243652e-01
1.082678064703941345e-01
4.318191111087799072e-01
1.191455721855163574e-01
2.491353005170822144e-01
9.113020449876785278e-02
2.788031101226806641e-01
2.918215095996856689e-01
1.544020473957061768e-01
2.294407486915588379e-01
1.000267341732978821e-01
1.346226334571838379e-01
8.644080162048339844e-02
2.164321094751358032e-01
3.112157881259918213e-01
7.268731296062469482e-02
2.195285707712173462e-01
3.986162245273590088e-01
2.279968261718750000e-01
4.126562178134918213e-01
2.624006867408752441e-01
1.347999274730682373e-01
2.165103852748870850e-01
1.758485138416290283e-01
2.105990946292877197e-01
8.407302200794219971e-02
1.876519620418548584e-01
1.306123882532119751e-01
1.966121047735214233e-01
1.580805927515029907e-01
1.023322865366935730e-01
5.910580977797508240e-02
2.660382688045501709e-01
4.737975448369979858e-02
2.373016774654388428e-01
1.834123134613037109e-01
1.970541030168533325e-01
1.818205118179321289e-01
2.305233627557754517e-01
1.298983693122863770e-01
2.759110331535339355e-01
1.252516508102416992e-01
1.912053376436233521e-01
3.040700852870941162e-01
3.399088084697723389e-01
2.624621987342834473e-01
3.023079633712768555e-01
9.949757903814315796e-02
9.236678481101989746e-02
2.849502861499786377e-01
2.364199161529541016e-01
1.001130640506744385e-01
3.617162108421325684e-01
2.449101805686950684e-01
3.177610039710998535e-01
2.290185540914535522e-01
2.674838006496429443e-01
1.534854471683502197e-01
2.483148276805877686e-01
2.115121930837631226e-01
8.065178245306015015e-02
3.736828863620758057e-01
1.827931851148605347e-01
4.141985774040222168e-01
4.007371664047241211e-01
2.506068944931030273e-01
2.862974703311920166e-01
2.539015710353851318e-01
2.822924554347991943e-01
3.492507338523864746e-01
2.041593492031097412e-01
1.495846807956695557e-01
1.242118626832962036e-01
1.279450505971908569e-01
1.472211629152297974e-01
6.481117010116577148e-02
8.112001419067382812e-02
2.181814163923263550e-01
6.481555104255676270e-02
1.136608794331550598e-01
5.892498791217803955e-02
1.691347658634185791e-01
1.815802305936813354e-01
5.647458508610725403e-02
1.235663890838623047e-02
2.339398562908172607e-01
1.435056775808334351e-01
2.176392376422882080e-01
1.216718703508377075e-01
4.168238341808319092e-01
2.464808374643325806e-01
2.824460864067077637e-01
7.272218167781829834e-02
1.562549471855163574e-01
8.064667880535125732e-02
1.304455548524856567e-01
3.128672838211059570e-01
2.298037558794021606e-01
6.545160710811614990e-02
8.368918299674987793e-02
1.819827407598495483e-01
1.546211689710617065e-01
5.470190197229385376e-02
3.099210560321807861e-01
3.149922937154769897e-02
2.031787335872650146e-01
1.798966377973556519e-01
2.859526872634887695e-01
1.817739456892013550e-01
2.163914144039154053e-01
1.900247633457183838e-01
1.663095951080322266e-01
7.914053648710250854e-02
3.097574710845947266e-01
1.136724427342414856e-01
2.855054140090942383e-01
1.486152708530426025e-01
1.753901094198226929e-01
1.372027546167373657e-01
1.462145596742630005e-01
9.652502089738845825e-02
9.455613791942596436e-02
9.909169375896453857e-02
1.428478956222534180e-01
8.099935948848724365e-02
6.372106075286865234e-02
6.481812894344329834e-02
4.209206998348236084e-02
3.971011042594909668e-01
2.035284340381622314e-01
2.303776293992996216e-01
2.825549840927124023e-01
2.769048213958740234e-01
2.618714570999145508e-01
1.583678126335144043e-01
7.643052190542221069e-02
2.665242254734039307e-01
2.293654680252075195e-01
1.484238505363464355e-01
1.820724308490753174e-01
2.322521656751632690e-01
3.762437403202056885e-01
1.897272765636444092e-01
2.192828506231307983e-01
1.910066157579421997e-01
9.851130843162536621e-02
8.809290826320648193e-02
1.399720758199691772e-01
2.284823656082153320e-01
3.063827455043792725e-01
2.478058189153671265e-01
2.256573289632797241e-01
1.012076810002326965e-01
1.805488020181655884e-01
2.820733487606048584e-01
1.521851718425750732e-01
2.622156441211700439e-01
1.852682679891586304e-01
2.924858927726745605e-01
2.793010175228118896e-01
8.300020545721054077e-02
1.470149755477905273e-01
5.294799804687500000e-02
1.365628689527511597e-01
4.558437764644622803e-01
2.059694230556488037e-01
1.843641549348831177e-01
9.518176317214965820e-02
2.678396701812744141e-01
3.329160213470458984e-01
2.460140883922576904e-01
2.436160445213317871e-01
1.098347604274749756e-01
1.813829541206359863e-01
2.552241981029510498e-01
2.693886458873748779e-01
2.377006709575653076e-01
1.426869928836822510e-01
1.098934859037399292e-01
1.824062466621398926e-01
1.797174513339996338e-01
1.033631265163421631e-01
5.003655701875686646e-02
3.317997455596923828e-01
1.922812312841415405e-01
7.273578643798828125e-02
1.359581053256988525e-01
3.177745342254638672e-01
7.181689143180847168e-02
2.759502828121185303e-01
1.556976288557052612e-01
2.374846339225769043e-01
1.962813138961791992e-01
1.706806570291519165e-01
1.539542824029922485e-01
8.222402632236480713e-02
2.460082769393920898e-01
2.396638095378875732e-01
1.423934847116470337e-01
1.930882483720779419e-01
1.690279245376586914e-01
5.943265557289123535e-02
1.197896897792816162e-01
2.456812560558319092e-01
1.251656115055084229e-01
7.694280147552490234e-02
2.758290171623229980e-01
2.910632491111755371e-01
3.668757975101470947e-01
2.136598229408264160e-01
1.324015259742736816e-01
2.000745832920074463e-01
4.968937635421752930e-01
1.317889243364334106e-01
7.406407594680786133e-02
2.369606196880340576e-01
3.722234070301055908e-02
1.233852803707122803e-01
1.788251250982284546e-01
3.657244890928268433e-02
1.503453254699707031e-01
1.547052860260009766e-01
2.475646734237670898e-01
2.256194055080413818e-01
4.878603294491767883e-02
1.135688126087188721e-01
5.250926688313484192e-02
7.602314651012420654e-02
1.455780714750289917e-01
2.164396196603775024e-01
2.213728129863739014e-01
4.656723141670227051e-01
1.216846629977226257e-01
1.361582875251770020e-01
2.786139845848083496e-01
7.732155174016952515e-02
3.741454482078552246e-01
8.483943343162536621e-02
2.881881594657897949e-01
6.038919463753700256e-02
2.888095974922180176e-01
2.041699588298797607e-01
3.417700529098510742e-01
1.308607757091522217e-01
3.616017103195190430e-01
2.872724831104278564e-01
3.600858449935913086e-01
5.513850599527359009e-02
3.340231478214263916e-01
1.882704198360443115e-01
1.462028324604034424e-01
2.371979653835296631e-01
2.064290940761566162e-01
3.998514264822006226e-02
2.461730241775512695e-01
1.976872533559799194e-01
5.407767742872238159e-02
1.440596580505371094e-01
1.191080808639526367e-01
6.065233424305915833e-02
2.634342312812805176e-01
2.014919966459274292e-01
1.123055219650268555e-01
1.481764763593673706e-01
3.646888434886932373e-01
9.667501598596572876e-02
2.415485978126525879e-01
5.268937349319458008e-01
2.390079945325851440e-01
3.950774371623992920e-01
6.504892557859420776e-02
2.264959365129470825e-01
6.807364523410797119e-02
9.275496751070022583e-02
2.993625104427337646e-01
1.372948586940765381e-01
5.442499369382858276e-02
2.966883778572082520e-01
1.105877906084060669e-01
1.692704558372497559e-01
1.268924623727798462e-01
1.285608410835266113e-01
7.655289024114608765e-02
2.140732705593109131e-01
6.490659713745117188e-01
1.089398637413978577e-01
1.109447181224822998e-01
1.550518721342086792e-01
1.212183013558387756e-01
1.648523956537246704e-01
3.494557142257690430e-01
5.454815626144409180e-01
2.426353394985198975e-01
2.899867594242095947e-01
9.273515641689300537e-02
2.048236429691314697e-01
2.072317302227020264e-01
1.569722890853881836e-01
2.422022521495819092e-01
1.590192317962646484e-01
1.492745876312255859e-01
2.043247669935226440e-01
1.618270725011825562e-01
2.444751709699630737e-01
2.380833923816680908e-01
1.669317930936813354e-01
6.428398936986923218e-02
3.674018681049346924e-01
2.459531128406524658e-01
1.632453054189682007e-01
1.578190624713897705e-01
2.703792452812194824e-01
8.843661099672317505e-02
1.390362679958343506e-01
1.252970099449157715e-01
8.400457352399826050e-02
9.729783236980438232e-02
3.513283133506774902e-01
3.100507259368896484e-01
8.099208772182464600e-02
2.391857206821441650e-01
1.123739033937454224e-01
1.019833832979202271e-01
2.531289458274841309e-01
1.231516227126121521e-01
1.544332504272460938e-01
2.224155068397521973e-01
9.006921201944351196e-02
1.352746337652206421e-01
6.303188949823379517e-02
1.995740234851837158e-01
1.547932773828506470e-01
2.964888811111450195e-01
3.121620714664459229e-01
8.814211189746856689e-02
1.699533909559249878e-01
2.039263397455215454e-01
9.505112469196319580e-02
1.453798115253448486e-01
1.939437538385391235e-01
4.087145924568176270e-01
3.246119320392608643e-01
1.337624639272689819e-01
1.807238608598709106e-01
1.148256659507751465e-01
3.322081267833709717e-01
2.085025459527969360e-01
1.859881430864334106e-01
3.608504533767700195e-01
3.649231195449829102e-01
3.015313744544982910e-01
1.575019061565399170e-01
3.778651356697082520e-02
2.240636050701141357e-01
2.252664268016815186e-01
2.411185652017593384e-01
1.408406645059585571e-01
6.774072349071502686e-02
4.546532779932022095e-02
1.925485730171203613e-01
1.192688718438148499e-01
6.867842376232147217e-02
2.320062220096588135e-01
1.998117268085479736e-01
3.035521805286407471e-01
1.763186007738113403e-01
3.030219674110412598e-01
8.228469640016555786e-02
3.361787199974060059e-01
8.692096918821334839e-02
1.530327200889587402e-01
3.123845905065536499e-02
1.431524753570556641e-01
3.433720469474792480e-01
1.030361056327819824e-01
1.693129241466522217e-01
1.330038309097290039e-01
1.023456901311874390e-01
1.208324953913688660e-01
3.592994809150695801e-01
1.229911670088768005e-01
1.869443356990814209e-01
3.892629742622375488e-01
1.161835640668869019e-01
1.212769299745559692e-01
2.411707639694213867e-01
1.557322293519973755e-01
1.337050646543502808e-01
4.808733463287353516e-01
1.319181025028228760e-01
2.662141621112823486e-01
3.237159848213195801e-01
3.268723487854003906e-01
2.932736873626708984e-01
1.851015388965606689e-01
4.257653653621673584e-01
1.810813844203948975e-01
2.517238259315490723e-01
1.901722252368927002e-01
1.325308680534362793e-01
2.301003783941268921e-01
1.607908904552459717e-01
3.602246046066284180e-01
1.378276050090789795e-01
2.678497135639190674e-01
2.771311402320861816e-01
2.377354800701141357e-01
1.744644641876220703e-01
