3.698512911796569824e-01
1.388274878263473511e-01
2.411695122718811035e-01
3.545079231262207031e-01
3.328979611396789551e-01
2.592309117317199707e-01
1.550825387239456177e-01
3.090738952159881592e-01
2.358960509300231934e-01
1.336789429187774658e-01
3.344063758850097656e-01
5.059739947319030762e-01
2.307491004467010498e-01
2.009001076221466064e-01
1.905472576618194580e-01
3.414057493209838867e-01
2.388224452733993530e-01
1.827276945114135742e-01
3.886749148368835449e-01
2.556459903717041016e-01
1.960702240467071533e-01
4.377898275852203369e-01
1.841109097003936768e-01
3.504030704498291016e-01
1.094373911619186401e-01
1.851293146610260010e-01
3.115592002868652344e-01
2.149366438388824463e-01
4.961192905902862549e-01
1.661598384380340576e-01
2.528446912765502930e-01
2.929730415344238281e-01
2.225492745637893677e-01
5.271057486534118652e-01
2.755858600139617920e-01
3.780282139778137207e-01
1.842166483402252197e-01
9.569625556468963623e-02
4.934505224227905273e-01
1.964626908302307129e-01
4.159695804119110107e-01
2.591475248336791992e-01
4.798705577850341797e-01
1.747848093509674072e-01
1.958207488059997559e-01
3.218197524547576904e-01
3.417439460754394531e-01
2.051970660686492920e-01
4.948913455009460449e-01
2.848678529262542725e-01
2.252687215805053711e-01
2.921515703201293945e-01
3.993711471557617188e-01
3.283068835735321045e-01
2.527970969676971436e-01
1.382842361927032471e-01
2.149706482887268066e-01
2.442684173583984375e-01
2.320189327001571655e-01
4.014333486557006836e-01
2.453798204660415649e-01
1.870507150888442993e-01
2.999679148197174072e-01
2.223560214042663574e-01
2.316171824932098389e-01
3.087676465511322021e-01
4.740014076232910156e-01
4.398565292358398438e-01
2.413491606712341309e-01
3.549476563930511475e-01
2.716230750083923340e-01
1.567108929157257080e-01
1.691012978553771973e-01
2.329699099063873291e-01
2.583528757095336914e-01
1.626947820186614990e-01
3.074870407581329346e-01
2.538257241249084473e-01
2.911174297332763672e-01
3.751456737518310547e-01
2.283104360103607178e-01
2.459826320409774780e-01
2.211838960647583008e-01
5.684602260589599609e-01
3.982834815979003906e-01
3.742488622665405273e-01
1.894598603248596191e-01
2.922852337360382080e-01
4.345700442790985107e-01
3.183602988719940186e-01
2.976397275924682617e-01
1.916150450706481934e-01
3.821020722389221191e-01
1.747077703475952148e-01
2.414474189281463623e-01
2.946008145809173584e-01
4.967876076698303223e-01
2.034848034381866455e-01
6.277925968170166016e-01
3.773135542869567871e-01
3.057649433612823486e-01
2.184194624423980713e-01
2.961031198501586914e-01
2.883871793746948242e-01
1.640198230743408203e-01
1.764780580997467041e-01
2.862999141216278076e-01
3.063624203205108643e-01
3.259242773056030273e-01
3.484508693218231201e-01
2.650872468948364258e-01
3.835028409957885742e-01
2.750459909439086914e-01
2.259229421615600586e-01
3.472377061843872070e-01
2.785418331623077393e-01
1.299266815185546875e-01
2.464491724967956543e-01
2.083816528320312500e-01
2.395643293857574463e-01
1.811609864234924316e-01
2.166915535926818848e-01
1.606985926628112793e-01
2.109332084655761719e-01
9.812023490667343140e-02
5.459473133087158203e-01
2.627064585685729980e-01
2.394553422927856445e-01
2.718839943408966064e-01
2.754273414611816406e-01
8.443278819322586060e-02
1.987979263067245483e-01
1.108867973089218140e-01
1.734590977430343628e-01
1.820659637451171875e-01
1.339167952537536621e-01
4.385345280170440674e-01
1.971284747123718262e-01
2.820147275924682617e-01
1.410765647888183594e-01
3.291728496551513672e-01
2.317415177822113037e-01
2.852482199668884277e-01
2.532785534858703613e-01
1.297860741615295410e-01
4.121754169464111328e-01
3.802089989185333252e-01
4.900768995285034180e-01
3.429042696952819824e-01
1.685765683650970459e-01
2.832307219505310059e-01
3.515714108943939209e-01
5.448856353759765625e-01
2.098111808300018311e-01
1.809709370136260986e-01
2.458981424570083618e-01
3.570612072944641113e-01
1.812299638986587524e-01
1.643544137477874756e-01
2.608540058135986328e-01
3.055602014064788818e-01
1.337821781635284424e-01
2.889168858528137207e-01
2.401161491870880127e-01
1.571251451969146729e-01
1.907788366079330444e-01
3.153326511383056641e-01
2.771469056606292725e-01
3.078877925872802734e-01
1.298987865447998047e-01
2.740157842636108398e-01
3.361488580703735352e-01
2.137402594089508057e-01
1.934510469436645508e-01
1.622790992259979248e-01
4.861046373844146729e-02
1.396285593509674072e-01
2.448364943265914917e-01
2.354503422975540161e-01
3.359662294387817383e-01
4.202535152435302734e-01
3.518432676792144775e-01
2.407200038433074951e-01
6.869299411773681641e-01
2.305104881525039673e-01
4.685168862342834473e-01
2.550541162490844727e-01
1.254841387271881104e-01
4.045638442039489746e-01
4.994737505912780762e-01
6.739068031311035156e-02
1.147181317210197449e-01
3.143960833549499512e-01
2.229966223239898682e-01
3.299517631530761719e-01
2.505967020988464355e-01
1.789292842149734497e-01
2.011621594429016113e-01
1.719014048576354980e-01
2.378199100494384766e-01
3.632073402404785156e-01
3.064971864223480225e-01
3.338136970996856689e-01
2.091093063354492188e-01
2.979810833930969238e-01
3.858584165573120117e-01
4.362208545207977295e-01
3.125346302986145020e-01
2.638305425643920898e-01
2.154361605644226074e-01
1.964343935251235962e-01
2.224381566047668457e-01
4.047363102436065674e-01
1.413479894399642944e-01
2.004969716072082520e-01
4.871745109558105469e-01
2.654426097869873047e-01
3.655265271663665771e-01
2.383848726749420166e-01
2.839059531688690186e-01
1.516394317150115967e-01
2.486318349838256836e-01
9.216232597827911377e-02
3.110977411270141602e-01
1.570876091718673706e-01
1.918384283781051636e-01
2.182146906852722168e-01
1.574495434761047363e-01
4.409119486808776855e-01
4.166125059127807617e-01
9.187215566635131836e-02
2.368893921375274658e-01
4.866646528244018555e-01
2.415896356105804443e-01
4.344043135643005371e-01
3.135843873023986816e-01
1.232157424092292786e-01
1.839223206043243408e-01
1.754921972751617432e-01
2.382535785436630249e-01
4.577230811119079590e-01
2.348306030035018921e-01
3.858012557029724121e-01
2.077291011810302734e-01
3.185458183288574219e-01
1.775325238704681396e-01
2.983038425445556641e-01
2.917348444461822510e-01
2.692850828170776367e-01
2.638424038887023926e-01
3.294602632522583008e-01
1.379785835742950439e-01
3.391929566860198975e-01
2.501204311847686768e-01
1.878740191459655762e-01
9.758907556533813477e-02
1.431139260530471802e-01
4.323010444641113281e-01
2.945511341094970703e-01
7.554028928279876709e-02
3.079452514648437500e-01
3.609576225280761719e-01
2.171742320060729980e-01
1.617297232151031494e-01
1.967601180076599121e-01
2.731419801712036133e-01
3.912526369094848633e-01
3.171573877334594727e-01
3.582256436347961426e-01
2.541096508502960205e-01
3.488489985466003418e-01
1.592572778463363647e-01
2.688510417938232422e-01
3.341755867004394531e-01
1.854948401451110840e-01
1.653310358524322510e-01
4.143832027912139893e-01
2.628088891506195068e-01
4.215430021286010742e-01
3.307105302810668945e-01
2.694372534751892090e-01
1.967048346996307373e-01
4.290997385978698730e-01
3.106945455074310303e-01
1.340029239654541016e-01
9.073989093303680420e-02
3.729037940502166748e-01
1.899364888668060303e-01
1.771991401910781860e-01
3.183045685291290283e-01
3.450599312782287598e-01
3.908490836620330811e-01
3.863694667816162109e-01
2.945039570331573486e-01
2.390186488628387451e-01
1.389732360839843750e-01
2.899197041988372803e-01
1.588955223560333252e-01
2.676575779914855957e-01
2.135000228881835938e-01
2.426272332668304443e-01
3.857349157333374023e-01
2.884673476219177246e-01
1.143478155136108398e-01
3.810811638832092285e-01
3.983965218067169189e-01
2.525980174541473389e-01
1.900042444467544556e-01
2.050355821847915649e-01
2.539911866188049316e-01
1.566056311130523682e-01
1.315727531909942627e-01
3.122126460075378418e-01
1.612678915262222290e-01
2.535492181777954102e-01
2.179077267646789551e-01
3.508311212062835693e-01
3.075348734855651855e-01
1.246446892619132996e-01
2.052846252918243408e-01
1.078100651502609253e-01
1.778739690780639648e-01
3.541371822357177734e-01
2.853183746337890625e-01
1.565848737955093384e-01
2.258705198764801025e-01
3.233203589916229248e-01
2.766785025596618652e-01
4.709845185279846191e-01
4.916347861289978027e-01
2.481780946254730225e-01
2.087348401546478271e-01
2.375408113002777100e-01
4.092600941658020020e-01
3.434827327728271484e-01
1.495634317398071289e-01
3.399382531642913818e-01
1.406182050704956055e-01
2.609598636627197266e-01
2.639975547790527344e-01
3.571661114692687988e-01
2.311319708824157715e-01
2.820403873920440674e-01
3.922879397869110107e-01
2.472090423107147217e-01
2.654015421867370605e-01
2.376984804868698120e-01
3.423401713371276855e-01
1.662755012512207031e-01
2.361367046833038330e-01
1.914339512586593628e-01
4.079192876815795898e-01
1.841922104358673096e-01
3.639462888240814209e-01
3.149942159652709961e-01
1.631949543952941895e-01
2.724361419677734375e-01
3.386303782463073730e-01
2.007728815078735352e-01
2.467943280935287476e-01
2.087014913558959961e-01
4.031787514686584473e-01
2.973632812500000000e-01
3.282489478588104248e-01
2.360804975032806396e-01
1.032753363251686096e-01
8.187857270240783691e-02
1.431923806667327881e-01
1.295548528432846069e-01
1.106092259287834167e-01
1.128978431224822998e-01
2.720000147819519043e-01
1.683468222618103027e-01
2.410753071308135986e-01
1.599383205175399780e-01
2.527303099632263184e-01
3.233612179756164551e-01
2.120656967163085938e-01
1.293907463550567627e-01
1.392854452133178711e-01
2.388680279254913330e-01
2.304419577121734619e-01
3.977237939834594727e-01
2.172809243202209473e-01
3.788027167320251465e-01
4.888844490051269531e-01
2.394344210624694824e-01
1.391900628805160522e-01
5.330969095230102539e-01
1.779660284519195557e-01
4.199289381504058838e-01
4.292635321617126465e-01
3.029041886329650879e-01
1.488135606050491333e-01
4.733117818832397461e-01
4.188625514507293701e-01
7.421818375587463379e-02
2.218299359083175659e-01
2.579524517059326172e-01
2.299864590167999268e-01
2.635128498077392578e-01
2.874488532543182373e-01
1.895138621330261230e-01
8.620958030223846436e-02
2.098498940467834473e-01
1.885003596544265747e-01
1.879392862319946289e-01
2.785577178001403809e-01
1.776516884565353394e-01
2.607564628124237061e-01
6.155911833047866821e-02
6.178333759307861328e-01
2.433463633060455322e-01
2.613794207572937012e-01
1.991326808929443359e-01
3.004965782165527344e-01
5.177651047706604004e-01
2.948505878448486328e-01
3.041965961456298828e-01
2.456067800521850586e-01
4.690164923667907715e-01
1.825094223022460938e-01
3.142144978046417236e-01
4.028082489967346191e-01
1.824127733707427979e-01
3.344312906265258789e-01
2.411516010761260986e-01
3.779065907001495361e-01
3.572564125061035156e-01
4.125321805477142334e-01
2.411695420742034912e-01
3.109741806983947754e-01
3.277899324893951416e-01
4.180589318275451660e-01
1.600160598754882812e-01
2.592218816280364990e-01
2.511107027530670166e-01
2.266128659248352051e-01
1.633880436420440674e-01
1.811280846595764160e-01
1.863175928592681885e-01
2.484628260135650635e-01
1.927740424871444702e-01
3.095906674861907959e-01
3.741043806076049805e-01
1.159374192357063293e-01
2.347471863031387329e-01
9.092798084020614624e-02
3.195067942142486572e-01
1.831744909286499023e-01
2.876788377761840820e-01
2.901504039764404297e-01
1.874668151140213013e-01
1.145716458559036255e-01
1.663367599248886108e-01
2.555336952209472656e-01
2.844842672348022461e-01
1.589368879795074463e-01
3.332827389240264893e-01
3.244342505931854248e-01
2.738021910190582275e-01
2.437792718410491943e-01
2.879287302494049072e-01
4.577263593673706055e-01
2.836811542510986328e-01
1.864340305328369141e-01
1.014173924922943115e-01
2.611808478832244873e-01
2.313697636127471924e-01
2.152409255504608154e-01
3.328108787536621094e-01
4.347936064004898071e-02
1.255755424499511719e-01
1.740750223398208618e-01
2.031229436397552490e-01
5.345613360404968262e-01
3.047533035278320312e-01
3.526270985603332520e-01
3.128800392150878906e-01
1.013043224811553955e-01
1.731023043394088745e-01
1.317297965288162231e-01
3.639559447765350342e-01
4.588955044746398926e-01
3.230516314506530762e-01
2.185663282871246338e-01
1.503506302833557129e-01
1.936870217323303223e-01
2.848881483078002930e-01
3.850135505199432373e-01
1.849673390388488770e-01
3.012631833553314209e-01
7.762429118156433105e-02
7.524420320987701416e-02
3.716630041599273682e-01
3.318304419517517090e-01
5.081890821456909180e-01
1.556364595890045166e-01
6.002292633056640625e-01
1.978231072425842285e-01
1.374271214008331299e-01
5.124552249908447266e-01
2.337683588266372681e-01
3.083490729331970215e-01
2.758953571319580078e-01
3.607240319252014160e-01
1.212173104286193848e-01
4.282753765583038330e-01
2.116715461015701294e-01
2.498817592859268188e-01
3.429051041603088379e-01
4.157844781875610352e-01
2.118164598941802979e-01
2.453642785549163818e-01
3.480595946311950684e-01
4.822639524936676025e-01
3.701032102108001709e-01
2.363165318965911865e-01
2.033613920211791992e-01
1.827279329299926758e-01
2.909523546695709229e-01
3.175997734069824219e-01
3.436623513698577881e-01
2.027797996997833252e-01
3.614922761917114258e-01
2.836704254150390625e-01
4.165568947792053223e-01
1.414943039417266846e-01
1.848857700824737549e-01
2.545900642871856689e-01
3.621461391448974609e-01
1.167503371834754944e-01
4.185106158256530762e-01
3.349121212959289551e-01
3.824136853218078613e-01
3.473570942878723145e-01
4.130755364894866943e-01
3.393771052360534668e-01
2.499025017023086548e-01
2.975040078163146973e-01
2.223654389381408691e-01
2.811520695686340332e-01
1.101759821176528931e-01
1.483812034130096436e-01
2.427614033222198486e-01
1.201927065849304199e-01
2.381467819213867188e-01
4.374516606330871582e-01
3.480607867240905762e-01
2.052277028560638428e-01
2.475110888481140137e-01
1.404256075620651245e-01
2.217724919319152832e-01
1.137092113494873047e-01
1.774989962577819824e-01
3.174672126770019531e-01
1.366231739521026611e-01
6.929600238800048828e-02
1.542808115482330322e-01
1.753433197736740112e-01
2.082635462284088135e-01
1.753379255533218384e-01
3.380143046379089355e-01
1.546908020973205566e-01
1.874411404132843018e-01
3.352406024932861328e-01
6.340999007225036621e-01
2.665117084980010986e-01
3.335962593555450439e-01
2.943775951862335205e-01
2.267549484968185425e-01
3.867425322532653809e-01
3.153794109821319580e-01
2.178374081850051880e-01
2.414481490850448608e-01
2.341674864292144775e-01
3.627074062824249268e-01
1.722894012928009033e-01
2.131714820861816406e-01
2.893477976322174072e-01
2.929811477661132812e-01
1.904526650905609131e-01
3.383869528770446777e-01
2.896634042263031006e-01
2.019360363483428955e-01
1.582531929016113281e-01
3.008376061916351318e-01
1.580338031053543091e-01
3.712478280067443848e-01
3.388636112213134766e-01
1.790973246097564697e-01
2.583461105823516846e-01
1.243761777877807617e-01
3.263322114944458008e-01
1.376522183418273926e-01
2.859932780265808105e-01
3.428132236003875732e-01
3.469298481941223145e-01
3.825854361057281494e-01
1.505294144153594971e-01
2.820688486099243164e-01
1.264637112617492676e-01
3.334136605262756348e-01
1.053689494729042053e-01
8.362796902656555176e-02
3.343776464462280273e-01
2.761472761631011963e-01
2.476444095373153687e-01
2.624350786209106445e-01
1.504049003124237061e-01
3.546581566333770752e-01
1.847594678401947021e-01
2.671735286712646484e-01
1.885266900062561035e-01
6.515190601348876953e-01
3.123967349529266357e-01
3.062633275985717773e-01
3.110703527927398682e-01
1.645531952381134033e-01
2.113833129405975342e-01
8.528823852539062500e-01
7.599571347236633301e-02
2.433673441410064697e-01
2.306734323501586914e-01
1.636584997177124023e-01
2.281637638807296753e-01
1.565232872962951660e-01
5.445906519889831543e-01
3.564682304859161377e-01
5.556965470314025879e-01
2.404624968767166138e-01
4.376515448093414307e-01
2.326548844575881958e-01
2.704098820686340332e-01
4.766772687435150146e-01
2.245783805847167969e-01
3.938091993331909180e-01
1.670993566513061523e-01
4.029991328716278076e-01
3.461742103099822998e-01
4.147635698318481445e-01
3.270252645015716553e-01
4.443888366222381592e-01
2.164397537708282471e-01
2.480541914701461792e-01
1.735969483852386475e-01
9.406127035617828369e-02
2.350146770477294922e-01
3.732121586799621582e-01
2.269041240215301514e-01
2.788872420787811279e-01
3.936622142791748047e-01
2.127179205417633057e-01
4.518406689167022705e-01
1.230484843254089355e-01
1.882994025945663452e-01
3.495958447456359863e-01
2.382848858833312988e-01
2.850029170513153076e-01
1.526604294776916504e-01
8.591428399085998535e-02
1.557223200798034668e-01
2.687469124794006348e-01
4.331067204475402832e-01
2.735819518566131592e-01
2.742267251014709473e-01
1.667691022157669067e-01
1.992691159248352051e-01
1.937415301799774170e-01
1.102171838283538818e-01
2.523517310619354248e-01
2.305729389190673828e-01
1.469708234071731567e-01
2.623358666896820068e-01
2.769874632358551025e-01
2.457148879766464233e-01
1.801182925701141357e-01
2.337833344936370850e-01
2.006224095821380615e-01
4.631653428077697754e-01
1.753096580505371094e-01
1.596240699291229248e-01
4.284083247184753418e-01
2.578966617584228516e-01
1.738396286964416504e-01
2.564963996410369873e-01
1.095687150955200195e-01
2.727655768394470215e-01
2.097498476505279541e-01
3.952078223228454590e-01
4.178727567195892334e-01
3.224791884422302246e-01
1.871092915534973145e-01
1.611733734607696533e-01
4.727233350276947021e-01
6.256477832794189453e-01
1.796273142099380493e-01
4.653488397598266602e-01
2.210129797458648682e-01
1.759918034076690674e-01
4.303768575191497803e-01
2.368803620338439941e-01
1.936367005109786987e-01
3.774573206901550293e-01
2.874175310134887695e-01
2.954723536968231201e-01
3.535141646862030029e-01
2.405234426259994507e-01
3.852432966232299805e-01
2.254778742790222168e-01
3.717210292816162109e-01
1.663096249103546143e-01
3.462704420089721680e-01
2.989716529846191406e-01
2.497649937868118286e-01
1.790892481803894043e-01
3.642754554748535156e-01
9.803085029125213623e-02
2.281721681356430054e-01
1.439152061939239502e-01
1.800266206264495850e-01
1.674241274595260620e-01
1.775490343570709229e-01
1.217119544744491577e-01
1.685478091239929199e-01
6.252146959304809570e-01
3.168484568595886230e-01
3.819406032562255859e-01
2.915289998054504395e-01
3.534465432167053223e-01
2.273275852203369141e-01
4.790406525135040283e-01
1.823005974292755127e-01
1.744644343852996826e-01
5.375365018844604492e-01
2.909840047359466553e-01
2.787819206714630127e-01
2.366402447223663330e-01
1.279307007789611816e-01
3.485500216484069824e-01
3.139829337596893311e-01
3.052146732807159424e-01
2.887817919254302979e-01
2.613283693790435791e-01
3.521260619163513184e-01
2.538525164127349854e-01
2.663739919662475586e-01
1.247444227337837219e-01
1.951284408569335938e-01
3.834770321846008301e-01
4.391146004199981689e-01
3.486461639404296875e-01
5.238329768180847168e-01
1.993621885776519775e-01
2.148943841457366943e-01
4.105339646339416504e-01
2.361212223768234253e-01
2.525021433830261230e-01
1.306277513504028320e-01
2.853865027427673340e-01
2.222671955823898315e-01
1.822667568922042847e-01
5.390363335609436035e-01
1.862511187791824341e-01
5.289245247840881348e-01
2.689898610115051270e-01
2.060377299785614014e-01
1.485856622457504272e-01
2.741040289402008057e-01
3.679814934730529785e-01
1.136114895343780518e-01
1.136593073606491089e-01
1.528490781784057617e-01
2.848089635372161865e-01
3.529011607170104980e-01
1.794446855783462524e-01
2.584887146949768066e-01
3.811504244804382324e-01
2.272984385490417480e-01
3.560048937797546387e-01
2.760315537452697754e-01
1.614106893539428711e-01
4.103037118911743164e-01
2.237533330917358398e-01
2.189821302890777588e-01
1.768785119056701660e-01
2.110762447118759155e-01
3.341838717460632324e-01
3.425734043121337891e-01
2.492512315511703491e-01
8.779885619878768921e-02
2.462726533412933350e-01
4.788655936717987061e-01
2.621586024761199951e-01
1.321940124034881592e-01
2.302492558956146240e-01
1.518997997045516968e-01
1.627581715583801270e-01
2.172234952449798584e-01
2.330040484666824341e-01
1.286557912826538086e-01
1.585272252559661865e-01
1.862553954124450684e-01
3.194041848182678223e-01
2.697052061557769775e-01
2.481507062911987305e-01
2.133253216743469238e-01
2.602836489677429199e-01
2.178927659988403320e-01
2.458894252777099609e-01
2.923589348793029785e-01
1.309266388416290283e-01
1.585071831941604614e-01
3.876597583293914795e-01
2.549417018890380859e-01
1.879463940858840942e-01
4.738041758537292480e-01
3.437673449516296387e-01
4.597019851207733154e-01
3.408095836639404297e-01
4.516765475273132324e-01
3.420873582363128662e-01
2.323323488235473633e-01
2.861847877502441406e-01
2.770359516143798828e-01
2.349525690078735352e-01
2.958932816982269287e-01
1.370254456996917725e-01
1.543519496917724609e-01
2.767590582370758057e-01
2.677919864654541016e-01
1.350096315145492554e-01
2.767072618007659912e-01
1.074758321046829224e-01
1.192546635866165161e-01
1.813750863075256348e-01
3.857777714729309082e-01
1.512981057167053223e-01
1.876732110977172852e-01
2.801953852176666260e-01
6.154707446694374084e-02
1.794900596141815186e-01
4.594587087631225586e-01
2.677752971649169922e-01
3.398577272891998291e-01
2.501127123832702637e-01
3.620285391807556152e-01
4.526829123497009277e-01
3.107450604438781738e-01
3.391566276550292969e-01
1.555914580821990967e-01
1.571346074342727661e-01
3.429512977600097656e-01
3.013330698013305664e-01
3.318240344524383545e-01
3.995651006698608398e-01
2.803285717964172363e-01
1.933849453926086426e-01
3.955323696136474609e-01
3.441491127014160156e-01
5.233054161071777344e-01
1.245050951838493347e-01
2.020525485277175903e-01
1.997068226337432861e-01
3.166725933551788330e-01
2.582207322120666504e-01
1.360499262809753418e-01
2.835907936096191406e-01
2.505997121334075928e-01
2.442045807838439941e-01
2.546695768833160400e-01
4.874662458896636963e-01
1.600774824619293213e-01
1.765796691179275513e-01
1.164472922682762146e-01
1.781885623931884766e-01
2.107277512550354004e-01
7.627323269844055176e-02
3.309302031993865967e-01
3.056269884109497070e-01
3.248932957649230957e-01
5.225092172622680664e-01
1.267403215169906616e-01
2.467871606349945068e-01
4.464392662048339844e-01
4.382454454898834229e-01
5.002517700195312500e-01
1.578136980533599854e-01
1.631333678960800171e-01
1.180543452501296997e-01
2.029494941234588623e-01
1.977884471416473389e-01
2.612610757350921631e-01
1.875440180301666260e-01
3.443337678909301758e-01
3.348102271556854248e-01
2.146150916814804077e-01
1.443560123443603516e-01
3.060592114925384521e-01
2.002801299095153809e-01
1.728739440441131592e-01
1.408889591693878174e-01
3.611332178115844727e-01
1.814917027950286865e-01
2.906602621078491211e-01
3.060247302055358887e-01
1.643577218055725098e-01
3.384838700294494629e-01
3.035354614257812500e-01
1.253426373004913330e-01
1.397530734539031982e-01
2.436853498220443726e-01
2.380927205085754395e-01
2.353993058204650879e-01
1.290732026100158691e-01
3.764355182647705078e-01
2.005537152290344238e-01
1.463837176561355591e-01
1.711573302745819092e-01
2.642717659473419189e-01
1.577496826648712158e-01
1.406307965517044067e-01
1.312369704246520996e-01
1.580472737550735474e-01
3.573860228061676025e-01
4.157892465591430664e-01
3.263673186302185059e-01
3.230140805244445801e-01
3.215973973274230957e-01
2.272212356328964233e-01
2.054886817932128906e-01
2.324889749288558960e-01
1.121731922030448914e-01
2.352055907249450684e-01
2.135438919067382812e-01
1.035982742905616760e-01
1.746945530176162720e-01
1.575756967067718506e-01
1.394422650337219238e-01
2.673049569129943848e-01
5.907052159309387207e-01
1.250700056552886963e-01
1.808238625526428223e-01
1.906988620758056641e-01
3.408176600933074951e-01
3.618296384811401367e-01
2.610778808593750000e-01
2.726819515228271484e-01
3.772766292095184326e-01
2.346839308738708496e-01
3.689269423484802246e-01
4.231119453907012939e-01
2.057104557752609253e-01
4.671820700168609619e-01
2.428563237190246582e-01
1.569391787052154541e-01
2.124421149492263794e-01
1.344628632068634033e-01
1.911273002624511719e-01
3.031349480152130127e-01
1.567856818437576294e-01
2.143530994653701782e-01
3.000212907791137695e-01
1.090409681200981140e-01
7.082517445087432861e-02
2.112203389406204224e-01
2.409402281045913696e-01
1.872395426034927368e-01
1.226241886615753174e-01
1.642183959484100342e-01
1.586367040872573853e-01
1.047034338116645813e-01
1.347315907478332520e-01
2.181885093450546265e-01
1.491469293832778931e-01
6.631648540496826172e-01
3.257867693901062012e-01
4.435453712940216064e-01
3.644183874130249023e-01
4.989426434040069580e-01
4.756646156311035156e-01
4.227697849273681641e-01
2.479985356330871582e-01
5.067387223243713379e-01
1.578673273324966431e-01
7.494010031223297119e-02
2.334026396274566650e-01
1.137085705995559692e-01
5.082995295524597168e-01
4.133188724517822266e-01
2.875143289566040039e-01
3.826156854629516602e-01
3.342477083206176758e-01
1.870022863149642944e-01
2.705158293247222900e-01
2.587600350379943848e-01
2.771167159080505371e-01
7.566146850585937500e-01
3.257039189338684082e-01
2.270700484514236450e-01
6.704934835433959961e-01
2.339833378791809082e-01
1.383699476718902588e-01
2.031351625919342041e-01
2.877457439899444580e-01
1.460604965686798096e-01
3.539025187492370605e-01
3.116750717163085938e-01
2.007637917995452881e-01
3.026695847511291504e-01
5.222651958465576172e-01
2.506384253501892090e-01
2.278619259595870972e-01
2.115740776062011719e-01
3.083878159523010254e-01
3.220582902431488037e-01
3.853012323379516602e-01
3.023645877838134766e-01
3.038156032562255859e-01
2.555322051048278809e-01
1.262999624013900757e-01
4.916416108608245850e-01
2.053666412830352783e-01
2.077231705188751221e-01
5.373667478561401367e-01
1.012416407465934753e-01
1.840210556983947754e-01
2.136042714118957520e-01
3.622525930404663086e-01
3.365113437175750732e-01
2.836142480373382568e-01
1.610265225172042847e-01
3.365358114242553711e-01
2.608051598072052002e-01
4.171973764896392822e-01
3.306967020034790039e-01
4.297581911087036133e-01
2.890604138374328613e-01
1.507713347673416138e-01
5.058804750442504883e-01
2.047194689512252808e-01
3.364262282848358154e-01
2.824124097824096680e-01
2.891142964363098145e-01
1.912586241960525513e-01
1.921651214361190796e-01
1.853534877300262451e-01
2.040426731109619141e-01
2.650729119777679443e-01
2.849131226539611816e-01
4.439730644226074219e-01
2.622201144695281982e-01
1.295078098773956299e-01
1.893939524888992310e-01
3.078557252883911133e-01
1.634707897901535034e-01
3.767750859260559082e-01
2.512145042419433594e-01
1.965537965297698975e-01
1.986325681209564209e-01
4.405544698238372803e-01
2.118338644504547119e-01
2.483929693698883057e-01
3.256749510765075684e-01
3.861141204833984375e-01
2.588723599910736084e-01
1.772319078445434570e-01
1.098373755812644958e-01
3.235070407390594482e-01
2.673135399818420410e-01
2.034871429204940796e-01
1.936681866645812988e-01
3.891487121582031250e-01
2.589769959449768066e-01
2.150030732154846191e-01
2.167410701513290405e-01
2.543861567974090576e-01
1.123519241809844971e-01
2.146987617015838623e-01
3.149614930152893066e-01
3.362465500831604004e-01
4.058232903480529785e-01
1.059874147176742554e-01
2.119720429182052612e-01
2.512276172637939453e-01
3.635910451412200928e-01
3.652683794498443604e-01
2.560230791568756104e-01
1.671692878007888794e-01
1.125342324376106262e-01
8.386608958244323730e-02
4.496994316577911377e-01
1.713834702968597412e-01
4.585542380809783936e-01
3.257332146167755127e-01
1.913980394601821899e-01
2.558317184448242188e-01
4.808661341667175293e-01
4.691398143768310547e-01
1.893130838871002197e-01
4.240359067916870117e-01
6.933890283107757568e-02
2.652058601379394531e-01
1.470804214477539062e-01
1.134871542453765869e-01
3.934364914894104004e-01
3.526543378829956055e-01
2.152414172887802124e-01
2.071964740753173828e-01
4.907968044281005859e-01
3.621937036514282227e-01
3.450062274932861328e-01
4.009002447128295898e-01
3.751562833786010742e-01
2.265470474958419800e-01
2.443480938673019409e-01
2.445283383131027222e-01
3.259152770042419434e-01
1.376071721315383911e-01
1.620539873838424683e-01
1.978500038385391235e-01
3.331770598888397217e-01
1.505180895328521729e-01
2.953477501869201660e-01
1.731117367744445801e-01
2.551411986351013184e-01
1.051608696579933167e-01
2.369966208934783936e-01
3.952102959156036377e-01
1.991770565509796143e-01
2.288948297500610352e-01
2.592173218727111816e-01
2.097340524196624756e-01
1.937597244977951050e-01
2.571508288383483887e-01
4.930004775524139404e-01
2.624172568321228027e-01
2.024221867322921753e-01
1.712898313999176025e-01
3.230432271957397461e-01
2.197434604167938232e-01
1.549436002969741821e-01
1.362872123718261719e-01
1.615376174449920654e-01
2.244925945997238159e-01
3.539247214794158936e-01
4.169678092002868652e-01
1.899782121181488037e-01
2.263424247503280640e-01
2.821085751056671143e-01
2.113046050071716309e-01
3.622114956378936768e-01
1.447971761226654053e-01
2.223785519599914551e-01
3.040030896663665771e-01
1.624564826488494873e-01
4.134377837181091309e-01
4.208449125289916992e-01
1.311844438314437866e-01
2.609433829784393311e-01
3.384022712707519531e-01
1.284621059894561768e-01
1.444143354892730713e-01
3.130997419357299805e-01
1.891450583934783936e-01
2.255307137966156006e-01
3.917586505413055420e-01
7.433328032493591309e-02
4.201510921120643616e-02
1.416751146316528320e-01
1.354903131723403931e-01
1.003157496452331543e-01
1.494653970003128052e-01
1.648228019475936890e-01
3.016975820064544678e-01
3.163627088069915771e-01
3.688223958015441895e-01
1.351625621318817139e-01
1.973254382610321045e-01
1.894156336784362793e-01
3.898696899414062500e-01
4.514682292938232422e-01
1.337189525365829468e-01
3.082967996597290039e-01
4.110992848873138428e-01
2.866430878639221191e-01
2.415412068367004395e-01
2.520750761032104492e-01
1.401176750659942627e-01
2.589664459228515625e-01
1.800673454999923706e-01
4.811954200267791748e-01
2.227997183799743652e-01
8.901397883892059326e-02
1.407176852226257324e-01
2.895078361034393311e-01
1.213811337947845459e-01
1.690048873424530029e-01
2.280700206756591797e-01
2.019706815481185913e-01
2.307241857051849365e-01
2.041659951210021973e-01
1.156700700521469116e-01
4.103791713714599609e-01
6.273815631866455078e-01
1.122958362102508545e-01
2.605446875095367432e-01
4.193919301033020020e-01
9.694169461727142334e-02
1.692909747362136841e-01
3.133248090744018555e-01
2.840277850627899170e-01
2.253654897212982178e-01
3.970105946063995361e-01
2.733639180660247803e-01
4.946206510066986084e-01
8.623884618282318115e-02
3.511830866336822510e-01
4.164253473281860352e-01
2.892245650291442871e-01
3.292763233184814453e-01
1.625713407993316650e-01
2.705143094062805176e-01
1.555919349193572998e-01
1.189148277044296265e-01
5.648942589759826660e-01
3.644714653491973877e-01
3.861581683158874512e-01
2.864491641521453857e-01
6.146671772003173828e-01
1.200343891978263855e-01
2.294290959835052490e-01
2.111897319555282593e-01
3.273500502109527588e-01
7.169731855392456055e-01
1.920330673456192017e-01
5.163007974624633789e-01
4.213405251502990723e-01
2.018491029739379883e-01
1.402107775211334229e-01
1.980734914541244507e-01
8.684833347797393799e-02
2.638538479804992676e-01
3.438695669174194336e-01
3.312566280364990234e-01
7.235724478960037231e-02
