1.318663060665130615e-01
7.336528599262237549e-02
1.914152503013610840e-01
4.557622373104095459e-01
1.915517151355743408e-01
1.521393954753875732e-01
1.916602700948715210e-01
4.043360948562622070e-01
2.565386891365051270e-01
3.006953597068786621e-01
1.556029915809631348e-01
1.695064306259155273e-01
3.373904824256896973e-01
2.483785450458526611e-01
2.450734674930572510e-01
1.917474567890167236e-01
1.120413988828659058e-01
2.383756637573242188e-01
3.150247335433959961e-01
1.811119467020034790e-01
2.399052679538726807e-01
1.556472182273864746e-01
1.876697689294815063e-01
1.644791662693023682e-01
3.008867800235748291e-01
4.946964383125305176e-01
2.610529661178588867e-01
8.827532827854156494e-02
8.473711460828781128e-02
2.870832085609436035e-01
1.879256367683410645e-01
1.953864246606826782e-01
3.320143818855285645e-01
2.973406612873077393e-01
1.232509613037109375e-01
3.316988348960876465e-01
1.310656964778900146e-01
4.623304307460784912e-02
2.491137385368347168e-01
2.085993587970733643e-01
3.139500916004180908e-01
2.632288932800292969e-01
3.617827296257019043e-01
3.758950233459472656e-01
1.910636872053146362e-01
1.913668364286422729e-01
2.336799651384353638e-01
9.620004892349243164e-02
2.449132353067398071e-01
3.210798501968383789e-01
3.553380072116851807e-02
2.333309948444366455e-01
3.900909125804901123e-01
1.571438163518905640e-01
2.626211941242218018e-01
1.951396316289901733e-01
1.308342665433883667e-01
1.324016153812408447e-01
1.945320814847946167e-01
1.083293855190277100e-01
3.714031577110290527e-01
3.286272585391998291e-01
3.715022802352905273e-01
1.721605509519577026e-01
3.375782668590545654e-01
2.469772100448608398e-01
1.725039482116699219e-01
4.411736875772476196e-02
2.208746969699859619e-01
2.479558885097503662e-01
8.527256548404693604e-02
7.771877944469451904e-02
1.581633239984512329e-01
1.764206141233444214e-01
1.942025274038314819e-01
1.350856423377990723e-01
1.261623203754425049e-01
2.176728993654251099e-01
1.592420190572738647e-01
2.236455678939819336e-01
1.122902855277061462e-01
2.584857940673828125e-01
1.831721961498260498e-01
1.281848549842834473e-01
2.226167023181915283e-01
1.701225042343139648e-01
1.818263232707977295e-01
2.193828821182250977e-01
2.991748154163360596e-01
1.855697929859161377e-01
2.382680028676986694e-01
1.346237510442733765e-01
1.040996909141540527e-01
2.209327518939971924e-01
3.553442358970642090e-01
1.920218169689178467e-01
2.081864625215530396e-01
3.098657429218292236e-01
2.237462699413299561e-01
4.272150695323944092e-01
4.202198609709739685e-02
7.068808376789093018e-02
1.082033887505531311e-01
1.926403790712356567e-01
2.884866297245025635e-01
2.286999225616455078e-01
3.130409717559814453e-01
1.711505353450775146e-01
2.193378508090972900e-01
3.203017115592956543e-01
2.342600822448730469e-01
2.557754218578338623e-01
3.236197829246520996e-01
1.026298254728317261e-01
2.549931108951568604e-01
2.817043066024780273e-01
1.881241649389266968e-01
2.231373488903045654e-01
1.731482446193695068e-01
3.866878151893615723e-01
2.326491475105285645e-01
1.335617899894714355e-01
1.437381207942962646e-01
1.652714908123016357e-01
1.934568881988525391e-01
1.885319948196411133e-01
3.098554164171218872e-02
1.991375833749771118e-01
1.561734080314636230e-01
3.011834025382995605e-01
4.785654842853546143e-01
8.998607844114303589e-02
3.616356849670410156e-01
1.841859370470046997e-01
1.409765183925628662e-01
2.859549224376678467e-01
1.344785243272781372e-01
2.914516925811767578e-01
2.134067267179489136e-01
2.733411788940429688e-01
1.069432348012924194e-01
8.980579674243927002e-02
1.198445707559585571e-01
1.184024959802627563e-01
3.478302955627441406e-01
1.790765523910522461e-01
1.809301376342773438e-01
1.344258487224578857e-01
3.900141716003417969e-01
2.839162945747375488e-01
3.020437359809875488e-01
2.666105031967163086e-01
1.283630877733230591e-01
6.504594534635543823e-02
1.085904687643051147e-01
1.962605714797973633e-01
2.422150224447250366e-01
3.925371766090393066e-01
9.703862667083740234e-02
3.173280060291290283e-01
1.257924139499664307e-01
1.306186020374298096e-01
3.712067604064941406e-01
2.862114608287811279e-01
1.110461205244064331e-01
7.056912779808044434e-02
1.710903346538543701e-01
1.911043822765350342e-01
3.038825392723083496e-01
3.929466009140014648e-01
2.978749871253967285e-01
4.613284468650817871e-01
1.705753207206726074e-01
2.942164838314056396e-01
5.911913514137268066e-02
1.582490950822830200e-01
2.660322785377502441e-01
1.904361099004745483e-01
1.500512361526489258e-01
3.908249139785766602e-01
2.241345047950744629e-01
1.599961221218109131e-01
2.485718876123428345e-01
3.198093473911285400e-01
1.302260160446166992e-01
1.393227726221084595e-01
2.083787322044372559e-01
2.456406354904174805e-01
3.777357339859008789e-01
2.411059737205505371e-01
3.131863772869110107e-01
2.936190068721771240e-01
1.694558411836624146e-01
3.919671773910522461e-01
2.638872861862182617e-01
1.587504893541336060e-01
2.310203313827514648e-01
2.446197271347045898e-01
1.154227107763290405e-01
2.051212191581726074e-01
1.704950928688049316e-01
1.378388702869415283e-01
5.065467357635498047e-01
2.035599201917648315e-01
1.331720799207687378e-01
3.102352917194366455e-01
1.882803440093994141e-01
1.420057415962219238e-01
1.869112849235534668e-01
1.872807294130325317e-01
4.758645594120025635e-01
1.047710180282592773e-01
8.019534498453140259e-02
3.035348057746887207e-01
2.026862800121307373e-01
8.917213976383209229e-02
6.660203635692596436e-02
2.347294986248016357e-01
2.196774035692214966e-01
1.954133659601211548e-01
3.829047679901123047e-01
1.263698339462280273e-01
7.886675745248794556e-02
1.866749525070190430e-01
1.951267719268798828e-01
1.887871026992797852e-01
1.424298584461212158e-01
2.598802745342254639e-01
3.152188062667846680e-01
1.022462174296379089e-01
2.990168035030364990e-01
1.871385723352432251e-01
3.544874191284179688e-01
2.111217081546783447e-01
2.207537144422531128e-01
2.599725723266601562e-01
2.375184595584869385e-01
1.879378259181976318e-01
3.474003076553344727e-01
1.377360075712203979e-01
2.018681615591049194e-01
1.166621446609497070e-01
2.309670448303222656e-01
6.468836963176727295e-02
2.901357114315032959e-01
9.241261333227157593e-02
2.014431208372116089e-01
3.290653228759765625e-01
1.796120703220367432e-01
1.513089239597320557e-01
1.368441432714462280e-01
1.310119926929473877e-01
3.224192261695861816e-01
3.145310580730438232e-01
4.801566898822784424e-02
2.370235770940780640e-01
2.187516987323760986e-01
1.506435275077819824e-01
3.021170794963836670e-01
2.037878781557083130e-01
1.877546757459640503e-01
1.431570500135421753e-01
4.615662619471549988e-02
1.595208495855331421e-01
1.365612149238586426e-01
2.411801815032958984e-01
1.459212303161621094e-01
1.926205158233642578e-01
3.266874551773071289e-01
9.487229585647583008e-02
2.839246392250061035e-01
9.985908120870590210e-02
1.003565564751625061e-01
4.771451652050018311e-02
2.084510624408721924e-01
3.024365901947021484e-01
1.584266722202301025e-01
9.558503329753875732e-02
1.503468304872512817e-01
3.958490490913391113e-01
2.927267849445343018e-01
2.222171723842620850e-01
9.832908958196640015e-02
1.193778663873672485e-01
1.670547276735305786e-01
2.669748067855834961e-01
2.816066443920135498e-01
2.379293590784072876e-01
9.802003204822540283e-02
9.703213721513748169e-02
1.636820733547210693e-01
2.551879286766052246e-01
1.579944789409637451e-01
1.363806426525115967e-01
1.366171091794967651e-01
1.965104639530181885e-01
1.762743592262268066e-01
1.262199282646179199e-01
2.594444751739501953e-01
2.286977916955947876e-01
1.667407751083374023e-01
2.938032746315002441e-01
1.227283850312232971e-01
6.614767760038375854e-02
1.021005362272262573e-01
2.366160452365875244e-01
2.067723721265792847e-01
4.249951541423797607e-01
1.802050918340682983e-01
3.182101547718048096e-01
1.739756762981414795e-01
2.423101961612701416e-01
2.273003756999969482e-01
1.540546268224716187e-01
8.555329591035842896e-02
1.874500364065170288e-01
1.363066434860229492e-01
9.819129109382629395e-02
2.054243087768554688e-01
2.763825654983520508e-01
1.563185751438140869e-01
2.332057356834411621e-01
2.427658885717391968e-01
2.484670132398605347e-01
7.259639352560043335e-02
4.522891640663146973e-01
2.417806684970855713e-01
3.455969691276550293e-01
1.924192011356353760e-01
2.593145370483398438e-01
2.113930284976959229e-01
8.843933045864105225e-02
8.940009027719497681e-02
1.631938368082046509e-01
1.691238731145858765e-01
9.365803003311157227e-02
5.326487496495246887e-02
1.404004395008087158e-01
4.165240526199340820e-01
2.438325434923171997e-01
2.027679681777954102e-01
2.318102866411209106e-01
2.328449785709381104e-01
1.736901551485061646e-01
2.766117453575134277e-01
2.835094034671783447e-01
4.010368585586547852e-01
2.341970503330230713e-01
2.061906456947326660e-01
1.596993952989578247e-01
1.103576570749282837e-01
1.561647057533264160e-01
1.377506852149963379e-01
2.734230756759643555e-01
4.084149599075317383e-01
2.091282606124877930e-01
1.129881888628005981e-01
1.542518436908721924e-01
1.014043837785720825e-01
9.795767068862915039e-02
2.498332560062408447e-01
2.479659169912338257e-01
3.073736429214477539e-01
2.301411628723144531e-01
1.076355203986167908e-01
2.034233063459396362e-01
1.454115062952041626e-01
1.140366941690444946e-01
1.898548007011413574e-01
1.458814144134521484e-01
2.055381685495376587e-01
2.334809303283691406e-01
2.015292346477508545e-01
1.581886559724807739e-01
7.496462017297744751e-02
1.946042329072952271e-01
4.669363498687744141e-01
2.626035809516906738e-01
2.084357440471649170e-01
2.063824385404586792e-01
3.012383580207824707e-01
1.616231203079223633e-01
1.998977959156036377e-01
1.747231483459472656e-01
1.172594726085662842e-01
3.596272170543670654e-01
2.834359109401702881e-01
7.231021672487258911e-02
3.285796046257019043e-01
2.800998985767364502e-01
3.382428288459777832e-01
1.113373562693595886e-01
3.828110545873641968e-02
2.966508269309997559e-01
2.822892367839813232e-01
2.746730446815490723e-01
4.755756855010986328e-01
2.849982678890228271e-01
1.275961995124816895e-01
3.349354863166809082e-01
2.273307442665100098e-01
3.213430643081665039e-01
2.994602322578430176e-01
3.136615157127380371e-01
3.435081243515014648e-01
2.903481721878051758e-01
2.354955971240997314e-01
1.435253322124481201e-01
2.222847640514373779e-01
2.770898640155792236e-01
2.358095049858093262e-01
9.280985593795776367e-02
7.817181944847106934e-02
1.744391769170761108e-01
2.444792985916137695e-01
1.243589296936988831e-01
1.540753841400146484e-01
3.004607856273651123e-01
1.373128443956375122e-01
2.348278462886810303e-01
2.138871997594833374e-01
5.535055696964263916e-02
2.674264013767242432e-01
2.667326629161834717e-01
1.594997644424438477e-01
4.221346676349639893e-01
1.428789496421813965e-01
2.378756552934646606e-01
3.507091999053955078e-01
2.852296531200408936e-01
4.887103661894798279e-02
1.148786395788192749e-01
1.657001674175262451e-01
1.611526608467102051e-01
1.928148269653320312e-01
3.215428590774536133e-01
2.721991240978240967e-01
1.733727455139160156e-01
1.449941396713256836e-01
5.152728781104087830e-02
1.135914325714111328e-01
3.488896042108535767e-02
3.285626471042633057e-01
1.934537291526794434e-01
1.739661991596221924e-01
1.903630197048187256e-01
6.092239543795585632e-02
4.605334401130676270e-01
6.989493966102600098e-02
1.078213453292846680e-01
1.952493488788604736e-01
2.677012085914611816e-01
1.922327429056167603e-01
3.692497611045837402e-01
1.073993891477584839e-01
1.876181364059448242e-01
2.631795406341552734e-01
3.659929633140563965e-01
4.893803000450134277e-01
1.900431513786315918e-01
3.476543426513671875e-01
2.816467285156250000e-01
2.347310483455657959e-01
2.589581608772277832e-01
1.880057156085968018e-01
1.751997470855712891e-01
2.152801752090454102e-01
2.256058454513549805e-01
1.314758956432342529e-01
1.590064913034439087e-01
3.024565279483795166e-01
1.699450910091400146e-01
1.835458874702453613e-01
3.565849065780639648e-01
2.839735746383666992e-01
2.911053299903869629e-01
2.217766940593719482e-01
2.512245774269104004e-01
5.189131200313568115e-02
6.038377061486244202e-02
1.535703092813491821e-01
1.769675016403198242e-01
7.421913743019104004e-02
1.591272056102752686e-01
9.022394567728042603e-02
5.637839436531066895e-01
2.736867666244506836e-01
1.425991058349609375e-01
1.452692002058029175e-01
1.838943362236022949e-01
9.525942802429199219e-02
1.719872057437896729e-01
3.343141078948974609e-01
1.824153810739517212e-01
9.777662158012390137e-02
3.457240462303161621e-01
2.166400402784347534e-01
2.372347414493560791e-01
2.243198156356811523e-01
3.252722620964050293e-01
2.364329248666763306e-01
1.498676985502243042e-01
1.516498029232025146e-01
1.351970583200454712e-01
2.686087489128112793e-01
2.186178416013717651e-01
1.923162341117858887e-01
1.476904600858688354e-01
2.254291623830795288e-01
2.563350796699523926e-01
1.671148836612701416e-01
1.904378384351730347e-01
1.106231361627578735e-01
1.064243987202644348e-01
4.425701126456260681e-02
3.697746992111206055e-01
1.285745650529861450e-01
1.140085458755493164e-01
2.392978072166442871e-01
2.453626692295074463e-01
2.855812311172485352e-01
9.782527387142181396e-02
1.736802756786346436e-01
1.853734701871871948e-01
3.444381654262542725e-01
1.224030405282974243e-01
1.394093036651611328e-01
1.298432201147079468e-01
1.770929545164108276e-01
8.764865994453430176e-02
3.037014007568359375e-01
3.957811594009399414e-01
8.858719468116760254e-02
1.740116328001022339e-01
7.753343135118484497e-02
9.483788162469863892e-02
1.008651554584503174e-01
1.346790790557861328e-01
2.823642492294311523e-01
2.347207367420196533e-01
1.858007907867431641e-01
2.808974981307983398e-01
2.783736586570739746e-01
1.285658776760101318e-01
1.164073646068572998e-01
4.135322570800781250e-02
2.000393122434616089e-01
2.667850852012634277e-01
3.162893652915954590e-01
1.230592578649520874e-01
5.144798159599304199e-01
1.564303338527679443e-01
2.115102857351303101e-01
2.710382938385009766e-01
1.221746355295181274e-01
1.043901890516281128e-01
1.646936535835266113e-01
2.106742858886718750e-01
1.887879520654678345e-01
2.783896327018737793e-01
4.625455737113952637e-01
3.077165186405181885e-01
2.258833795785903931e-01
2.012438178062438965e-01
2.540954947471618652e-01
1.278051137924194336e-01
2.415633201599121094e-01
5.144905671477317810e-02
2.442488968372344971e-01
2.047831118106842041e-01
4.516549110412597656e-01
2.028186321258544922e-01
1.755722761154174805e-01
2.813493907451629639e-01
1.987794935703277588e-01
2.268751263618469238e-01
3.762974739074707031e-01
3.539128899574279785e-01
1.341101527214050293e-01
8.303245902061462402e-02
1.483187377452850342e-01
1.012192666530609131e-01
2.700357437133789062e-01
2.440842837095260620e-01
3.080273270606994629e-01
3.483580350875854492e-01
2.483518421649932861e-01
1.524228155612945557e-01
1.073032021522521973e-01
4.050242900848388672e-01
2.019991725683212280e-01
1.206845641136169434e-01
2.522551417350769043e-01
2.122347056865692139e-01
1.457316875457763672e-01
2.421419918537139893e-01
3.283331394195556641e-01
2.051892429590225220e-01
1.562260687351226807e-01
1.152694895863533020e-01
1.315071880817413330e-01
1.950009912252426147e-01
2.429525703191757202e-01
1.910950690507888794e-01
2.188275456428527832e-01
1.329569369554519653e-01
1.370718926191329956e-01
3.020414710044860840e-01
2.217105925083160400e-01
2.216176092624664307e-01
1.521747112274169922e-01
1.717233061790466309e-01
2.419120222330093384e-01
1.699764877557754517e-01
3.684735298156738281e-01
1.825072467327117920e-01
3.326896205544471741e-02
1.147938072681427002e-01
2.761435508728027344e-01
6.241145357489585876e-02
4.157327115535736084e-02
1.697750538587570190e-01
1.731100082397460938e-01
1.250669509172439575e-01
1.687650531530380249e-01
7.858245819807052612e-02
1.010734289884567261e-01
1.984234303236007690e-01
3.914729058742523193e-01
1.322504878044128418e-01
1.010506004095077515e-01
4.230703115463256836e-01
1.850599944591522217e-01
2.063861042261123657e-01
1.756840944290161133e-01
1.918081790208816528e-01
2.924953699111938477e-01
2.963989973068237305e-01
2.906984984874725342e-01
2.568089663982391357e-01
1.456011235713958740e-01
1.533870846033096313e-01
1.484831571578979492e-01
2.520968019962310791e-01
1.582332253456115723e-01
2.247208356857299805e-01
6.722132116556167603e-02
1.983118653297424316e-01
2.162161916494369507e-01
3.841390907764434814e-01
1.946025043725967407e-01
1.310885846614837646e-01
1.189365461468696594e-01
1.746201813220977783e-01
3.841202855110168457e-01
2.693184316158294678e-01
1.130548715591430664e-01
1.785379350185394287e-01
1.000074297189712524e-01
2.721138596534729004e-01
1.781710535287857056e-01
2.153952568769454956e-01
4.170230627059936523e-01
1.006540358066558838e-01
2.540063560009002686e-01
2.435731291770935059e-01
2.730969190597534180e-01
2.060222327709197998e-01
1.510652452707290649e-01
2.591928243637084961e-01
1.933146119117736816e-01
1.560383141040802002e-01
2.373971641063690186e-01
1.135006025433540344e-01
3.477273881435394287e-01
1.332072317600250244e-01
5.301712453365325928e-02
3.102563321590423584e-01
8.652533590793609619e-02
1.210617125034332275e-01
2.727338075637817383e-01
3.915306925773620605e-01
2.303913235664367676e-01
1.330955624580383301e-01
3.594430088996887207e-01
2.750981152057647705e-01
1.784651279449462891e-01
2.617300748825073242e-01
3.441174328327178955e-01
1.715791672468185425e-01
1.020875200629234314e-01
2.275912165641784668e-01
1.569736897945404053e-01
1.919177472591400146e-01
1.708733588457107544e-01
1.472293138504028320e-01
2.808107137680053711e-01
2.683249711990356445e-01
1.149649322032928467e-01
1.906818300485610962e-01
6.689237058162689209e-02
2.022992521524429321e-01
1.529357433319091797e-01
1.574951708316802979e-01
1.734045147895812988e-01
1.075621470808982849e-01
3.391984403133392334e-01
7.228450477123260498e-02
1.956903040409088135e-01
8.459968864917755127e-02
2.340315580368041992e-01
2.003565132617950439e-01
1.772497296333312988e-01
1.538515985012054443e-01
1.464156508445739746e-01
1.840790510177612305e-01
3.568904399871826172e-01
2.984253764152526855e-01
4.576247930526733398e-01
1.291308403015136719e-01
3.108455836772918701e-01
1.524465829133987427e-01
3.568972945213317871e-01
1.837298572063446045e-01
1.555126309394836426e-01
1.785282492637634277e-01
2.497836649417877197e-01
2.195094674825668335e-01
2.408045977354049683e-01
1.122754216194152832e-01
8.539167046546936035e-02
1.532424390316009521e-01
4.499140381813049316e-01
2.081840038299560547e-01
3.139348328113555908e-01
1.032109558582305908e-01
8.393107354640960693e-02
1.364049911499023438e-01
1.763269305229187012e-01
4.058125242590904236e-02
1.469834148883819580e-01
2.591316103935241699e-01
1.399823129177093506e-01
1.820199340581893921e-01
1.082530468702316284e-01
1.358306705951690674e-01
2.695396542549133301e-01
1.200862824916839600e-01
2.997183501720428467e-01
1.171794682741165161e-01
2.946552634239196777e-02
4.707539081573486328e-01
1.515135765075683594e-01
8.395474404096603394e-02
1.244051605463027954e-01
1.571604758501052856e-01
1.366972178220748901e-01
2.364003360271453857e-01
1.841002553701400757e-01
1.267768442630767822e-01
6.520138680934906006e-02
1.616839766502380371e-01
3.831740021705627441e-01
1.371752917766571045e-01
2.739877104759216309e-01
2.760117650032043457e-01
2.165347635746002197e-01
1.694736480712890625e-01
2.250193357467651367e-01
2.718114852905273438e-01
1.538298130035400391e-01
2.439939677715301514e-01
3.458520770072937012e-01
1.739107370376586914e-01
1.018697842955589294e-01
5.683900415897369385e-02
7.146481424570083618e-02
1.904703080654144287e-01
1.907184273004531860e-01
8.636757731437683105e-02
6.249322891235351562e-01
5.965414643287658691e-01
2.401724159717559814e-01
2.794811129570007324e-01
3.042169809341430664e-01
2.124098837375640869e-01
2.825207710266113281e-01
1.135336384177207947e-01
2.022475302219390869e-01
2.751747369766235352e-01
4.284693598747253418e-01
9.007928520441055298e-02
2.437456697225570679e-01
3.161013722419738770e-01
3.508698344230651855e-01
2.930414676666259766e-01
3.416031002998352051e-01
3.919291794300079346e-01
2.358373701572418213e-01
1.784890294075012207e-01
2.697792351245880127e-01
1.657942682504653931e-01
1.641149520874023438e-01
1.726061105728149414e-01
1.987881064414978027e-01
2.965245246887207031e-01
1.490368545055389404e-01
1.902711391448974609e-01
1.984820663928985596e-01
1.769689619541168213e-01
2.471999377012252808e-01
4.089466333389282227e-01
1.152402535080909729e-01
3.297782540321350098e-01
2.584201395511627197e-01
2.992305755615234375e-01
1.668137311935424805e-01
2.842381000518798828e-01
1.534305810928344727e-01
2.734749615192413330e-01
2.370398640632629395e-01
2.317911088466644287e-01
2.807807922363281250e-01
5.038129091262817383e-01
2.424228936433792114e-01
2.007131427526473999e-01
1.732652932405471802e-01
1.427073180675506592e-01
1.075670942664146423e-01
2.209559530019760132e-01
1.546543538570404053e-01
2.681975662708282471e-01
2.565185725688934326e-01
4.135857224464416504e-01
1.866488605737686157e-01
2.507735788822174072e-01
3.413510024547576904e-01
2.435940355062484741e-01
7.630050182342529297e-02
2.546410858631134033e-01
1.620825529098510742e-01
2.951753735542297363e-01
1.977623850107192993e-01
3.670846819877624512e-01
1.856344938278198242e-01
2.969852089881896973e-01
3.624432384967803955e-01
2.822873592376708984e-01
2.562910914421081543e-01
2.105443775653839111e-01
2.672017216682434082e-01
2.126837670803070068e-01
3.261310160160064697e-01
2.967168688774108887e-01
2.634007632732391357e-01
1.317599415779113770e-01
1.276321262121200562e-01
3.066909909248352051e-01
4.966582357883453369e-01
1.440133899450302124e-01
6.967283040285110474e-02
2.637150883674621582e-01
2.540485262870788574e-01
2.890871763229370117e-01
1.920193731784820557e-01
3.530577123165130615e-01
2.496116459369659424e-01
3.550209403038024902e-01
2.750396728515625000e-01
2.033510804176330566e-01
2.487601041793823242e-01
9.713125973939895630e-02
2.886096835136413574e-01
2.132611572742462158e-01
6.223975867033004761e-02
1.144697964191436768e-01
3.292134404182434082e-01
1.257066428661346436e-01
2.171397209167480469e-01
2.379508018493652344e-01
2.807223200798034668e-01
1.531648337841033936e-01
1.167455762624740601e-01
2.041448652744293213e-01
4.098804593086242676e-01
1.534434109926223755e-01
1.922905296087265015e-01
1.786739677190780640e-01
2.390425205230712891e-01
1.894436180591583252e-01
1.910741329193115234e-01
2.191457152366638184e-01
1.214525848627090454e-01
2.822691798210144043e-01
3.005387485027313232e-01
1.272823661565780640e-01
1.471278369426727295e-01
3.620234131813049316e-01
1.773093491792678833e-01
1.962476968765258789e-01
1.490901261568069458e-01
9.702843427658081055e-02
3.137715160846710205e-01
1.028359234333038330e-01
3.154324293136596680e-01
2.102698832750320435e-01
1.706864833831787109e-01
1.465359628200531006e-01
1.072602272033691406e-01
9.634450078010559082e-02
2.958644628524780273e-01
1.463709473609924316e-01
1.604798138141632080e-01
2.950361371040344238e-01
1.199099421501159668e-01
1.765143722295761108e-01
2.243939638137817383e-01
9.804464131593704224e-02
1.173128485679626465e-01
7.544401288032531738e-02
1.572787761688232422e-01
1.885691285133361816e-01
2.302154600620269775e-01
3.778075575828552246e-01
1.500411927700042725e-01
1.556531488895416260e-01
6.685775518417358398e-02
3.245041668415069580e-01
9.498402476310729980e-02
4.506772160530090332e-01
3.351644575595855713e-01
3.818132281303405762e-01
1.105601042509078979e-01
2.438240051269531250e-01
3.353504538536071777e-01
1.760491579771041870e-01
1.174077093601226807e-01
1.434462964534759521e-01
2.430424094200134277e-01
2.408046424388885498e-01
7.314240187406539917e-02
2.382509857416152954e-01
1.020200923085212708e-01
3.361966609954833984e-01
1.694498658180236816e-01
3.008877635002136230e-01
3.369768857955932617e-01
9.122038632631301880e-02
2.899996936321258545e-01
2.300001680850982666e-01
2.358622550964355469e-01
3.552637696266174316e-01
1.050108969211578369e-01
4.555089771747589111e-02
1.154158860445022583e-01
4.009044766426086426e-01
1.329366266727447510e-01
1.754633635282516479e-01
4.145412445068359375e-01
1.421602666378021240e-01
3.187690377235412598e-01
1.608505547046661377e-01
8.270739018917083740e-02
1.855762004852294922e-01
1.302491575479507446e-01
1.706345677375793457e-01
1.749911904335021973e-01
3.224713206291198730e-01
8.569803833961486816e-02
1.856093406677246094e-01
1.431420743465423584e-01
1.657118946313858032e-01
5.786186084151268005e-02
4.582123160362243652e-01
2.063137292861938477e-01
1.187077462673187256e-01
2.313688397407531738e-01
1.774170100688934326e-01
2.740815281867980957e-01
7.522327452898025513e-02
6.029371544718742371e-02
2.558162212371826172e-01
3.486860096454620361e-01
9.191362559795379639e-02
1.444760262966156006e-01
8.672051131725311279e-02
8.931189775466918945e-02
2.431483268737792969e-01
2.158421874046325684e-01
3.952081799507141113e-01
3.095797598361968994e-01
2.071115076541900635e-01
3.391853570938110352e-01
2.243188023567199707e-01
5.567745566368103027e-01
1.708613634109497070e-01
2.245306819677352905e-01
2.975937128067016602e-01
5.701184868812561035e-01
1.409222632646560669e-01
2.842125296592712402e-01
8.238133788108825684e-02
9.504698961973190308e-02
3.049740195274353027e-01
4.320703148841857910e-01
2.392152100801467896e-01
1.836088299751281738e-01
2.055731415748596191e-01
1.214151456952095032e-01
3.658747076988220215e-01
1.115585863590240479e-01
2.728501856327056885e-01
2.657490372657775879e-01
1.283276677131652832e-01
1.632485687732696533e-01
1.381421983242034912e-01
1.479950249195098877e-01
2.947922050952911377e-01
1.144359856843948364e-01
3.071049451828002930e-01
2.500793933868408203e-01
2.587072253227233887e-01
3.144628405570983887e-01
1.815102994441986084e-01
3.497529625892639160e-01
3.160842359066009521e-01
2.307870239019393921e-01
2.245627641677856445e-01
2.089821696281433105e-01
2.230646312236785889e-01
1.389909088611602783e-01
1.900718212127685547e-01
1.459147930145263672e-01
1.175466775894165039e-01
1.151140034198760986e-01
1.761003583669662476e-01
1.945464909076690674e-01
1.899525374174118042e-01
2.462858855724334717e-01
9.498379379510879517e-02
2.180653661489486694e-01
2.572588920593261719e-01
1.744793206453323364e-01
1.344653069972991943e-01
2.748677134513854980e-01
1.080765202641487122e-01
1.574494540691375732e-01
1.402615010738372803e-01
2.671771645545959473e-01
2.049978524446487427e-01
1.293884217739105225e-01
1.754688173532485962e-01
2.420400083065032959e-01
1.590452641248703003e-01
3.141192495822906494e-01
4.774307012557983398e-01
1.463655233383178711e-01
1.785147339105606079e-01
1.554972380399703979e-01
9.480099380016326904e-02
1.732519567012786865e-01
1.668481230735778809e-01
1.687910705804824829e-01
2.832596302032470703e-01
2.180708050727844238e-01
4.267849922180175781e-01
1.942756175994873047e-01
4.302713274955749512e-01
3.225566148757934570e-01
1.055080220103263855e-01
5.416786670684814453e-01
6.994676589965820312e-02
6.933373212814331055e-02
1.842121183872222900e-01
3.154112100601196289e-01
3.341817259788513184e-01
1.011180207133293152e-01
1.830987185239791870e-01
3.734993338584899902e-01
1.327823400497436523e-01
1.822774261236190796e-01
8.223922550678253174e-02
9.984729439020156860e-02
2.899738550186157227e-01
1.232451051473617554e-01
3.855084478855133057e-01
1.984155178070068359e-01
1.804983913898468018e-01
1.541929543018341064e-01
3.195337951183319092e-01
3.880732953548431396e-01
6.734429299831390381e-02
2.326191365718841553e-01
1.020339354872703552e-01
3.816657364368438721e-01
1.967353373765945435e-01
9.853917360305786133e-02
2.367565929889678955e-01
1.672912091016769409e-01
4.992464184761047363e-01
1.593922078609466553e-01
2.844430506229400635e-01
9.041585028171539307e-02
9.350965917110443115e-02
4.039554595947265625e-01
3.400516211986541748e-01
2.477579712867736816e-01
2.308586835861206055e-01
1.124141290783882141e-01
1.779972165822982788e-01
1.712762564420700073e-01
2.518305778503417969e-01
1.168427690863609314e-01
2.577400803565979004e-01
2.542709112167358398e-01
3.138716518878936768e-01
1.681715548038482666e-01
2.363509535789489746e-01
1.780112087726593018e-01
2.620874643325805664e-01
9.099034219980239868e-02
1.156876534223556519e-01
3.451903760433197021e-01
6.329991668462753296e-02
3.114523589611053467e-01
2.336922138929367065e-01
2.046862542629241943e-01
3.114489316940307617e-01
1.817385554313659668e-01
5.992407724261283875e-02
1.281566321849822998e-01
2.628483176231384277e-01
1.133525371551513672e-01
1.489680558443069458e-01
6.009518355131149292e-02
4.674250483512878418e-01
5.041003823280334473e-01
2.827088832855224609e-01
2.785660624504089355e-01
2.130431979894638062e-01
3.575582504272460938e-01
2.299484163522720337e-01
8.612355589866638184e-02
2.106284350156784058e-01
1.124561205506324768e-01
1.740823388099670410e-01
1.772038787603378296e-01
1.745520085096359253e-01
1.977492570877075195e-01
3.271805644035339355e-01
5.063667893409729004e-01
1.687882542610168457e-01
1.454489380121231079e-01
2.299271672964096069e-01
3.287302851676940918e-01
3.576829433441162109e-01
2.126132845878601074e-01
1.183834150433540344e-01
2.504554092884063721e-01
1.342584937810897827e-01
3.487938940525054932e-01
2.727577090263366699e-01
1.844611465930938721e-01
2.769439816474914551e-01
1.551787257194519043e-01
2.152212709188461304e-01
1.627509295940399170e-01
2.599511854350566864e-02
1.189754605293273926e-01
2.999550700187683105e-01
3.194650113582611084e-01
1.177272349596023560e-01
1.826371848583221436e-01
1.894337087869644165e-01
2.052652537822723389e-01
1.389104127883911133e-01
2.244885563850402832e-01
2.047189921140670776e-01
2.131317555904388428e-01
1.085316985845565796e-01
2.780158221721649170e-01
2.587731778621673584e-01
1.783818006515502930e-01
1.785750389099121094e-01
4.792534559965133667e-02
2.838382720947265625e-01
2.540500164031982422e-01
3.547579348087310791e-01
2.103608250617980957e-01
9.727875888347625732e-02
2.603067457675933838e-01
2.029553651809692383e-01
1.822374016046524048e-01
1.205579489469528198e-01
1.050828844308853149e-01
1.921488493680953979e-01
9.009350836277008057e-02
1.121320500969886780e-01
2.148107439279556274e-01
2.943870425224304199e-01
2.218623012304306030e-01
1.731029152870178223e-01
1.657564491033554077e-01
8.200906217098236084e-02
1.605843752622604370e-01
1.390697658061981201e-01
3.329523801803588867e-01
2.286868393421173096e-01
2.014773786067962646e-01
1.261079758405685425e-01
9.248115867376327515e-02
1.546066701412200928e-01
4.205465018749237061e-01
2.072100639343261719e-01
3.524387776851654053e-01
1.730673462152481079e-01
2.893940210342407227e-01
1.515766382217407227e-01
2.306901365518569946e-01
3.581528663635253906e-01
1.899132132530212402e-01
1.433591991662979126e-01
2.411826103925704956e-01
7.687178254127502441e-02
2.293899059295654297e-01
5.629144236445426941e-02
5.930144712328910828e-02
1.925677061080932617e-01
1.749178171157836914e-01
1.210246458649635315e-01
1.192715540528297424e-01
9.530304372310638428e-02
1.122543215751647949e-01
2.246765494346618652e-01
1.767068505287170410e-01
2.172364592552185059e-01
8.379472792148590088e-02
3.929420113563537598e-01
3.335877358913421631e-01
4.192118048667907715e-01
1.518886387348175049e-01
1.016943305730819702e-01
2.352348268032073975e-01
2.921483814716339111e-01
2.275731265544891357e-01
8.999427407979965210e-02
