1.671721935272216797e-01
4.742066562175750732e-02
2.940864115953445435e-02
2.245445847511291504e-01
7.007713615894317627e-02
4.705432429909706116e-02
1.935993432998657227e-01
5.093873292207717896e-02
3.248146772384643555e-01
1.668593287467956543e-01
8.128981292247772217e-02
7.669834792613983154e-02
1.627988517284393311e-01
1.890373080968856812e-01
1.008351892232894897e-01
4.395067691802978516e-02
1.162405014038085938e-01
6.914370507001876831e-02
3.837239742279052734e-02
6.210885941982269287e-02
1.381981819868087769e-01
1.821351945400238037e-01
1.658743321895599365e-01
1.524027884006500244e-01
8.939082920551300049e-02
1.422958523035049438e-01
7.187812030315399170e-02
1.086043938994407654e-01
3.148967623710632324e-01
1.488202363252639771e-01
2.796974182128906250e-01
1.780377924442291260e-01
1.544679254293441772e-01
6.407369673252105713e-02
2.547376155853271484e-01
1.485543251037597656e-01
1.979276537895202637e-01
4.276409000158309937e-02
1.206316873431205750e-01
1.153362244367599487e-01
6.034195050597190857e-02
1.741078197956085205e-01
3.411023914813995361e-01
1.281836777925491333e-01
4.047471582889556885e-01
1.116256192326545715e-01
1.091705858707427979e-01
1.365748941898345947e-01
1.909615099430084229e-02
8.638973534107208252e-02
2.119844406843185425e-01
1.594861894845962524e-01
1.775528490543365479e-01
1.357995569705963135e-01
2.311422973871231079e-01
3.415174186229705811e-01
7.631027698516845703e-02
1.341293156147003174e-01
8.628704398870468140e-02
1.835694909095764160e-01
1.200974211096763611e-01
1.768827438354492188e-01
2.576356232166290283e-01
1.079236939549446106e-01
1.640894860029220581e-01
7.555130124092102051e-02
1.700562238693237305e-01
3.185992836952209473e-01
3.318960666656494141e-01
2.761249542236328125e-01
6.855107843875885010e-02
2.162257432937622070e-01
2.685682773590087891e-01
2.443811297416687012e-01
1.467278450727462769e-01
1.598390042781829834e-01
3.176512718200683594e-01
8.890426158905029297e-02
1.484205871820449829e-01
2.874681651592254639e-01
2.677292823791503906e-01
8.178330957889556885e-02
1.566120684146881104e-01
2.137611508369445801e-01
6.653388589620590210e-02
8.113324642181396484e-02
1.759963035583496094e-01
2.195874005556106567e-01
2.193606346845626831e-01
1.283685714006423950e-01
1.847202181816101074e-01
1.713088750839233398e-01
1.635137647390365601e-01
1.428074240684509277e-01
2.581712603569030762e-01
1.112789213657379150e-01
2.610882222652435303e-01
2.988756299018859863e-01
2.825515866279602051e-01
6.221972405910491943e-02
2.376704066991806030e-01
1.836229860782623291e-01
9.706948697566986084e-02
1.350959837436676025e-01
1.008000820875167847e-01
1.890067458152770996e-01
2.660880088806152344e-01
5.574680119752883911e-02
6.483636796474456787e-02
1.238740161061286926e-01
1.692230403423309326e-01
2.416783422231674194e-01
1.498817801475524902e-01
5.598166584968566895e-02
2.289650887250900269e-01
1.705772429704666138e-01
3.464950919151306152e-01
3.483350276947021484e-01
9.101203829050064087e-02
1.274866163730621338e-01
6.482864916324615479e-02
2.426031380891799927e-01
2.738620936870574951e-01
4.204100370407104492e-01
1.075886711478233337e-01
1.896440684795379639e-01
7.937368005514144897e-02
2.679179608821868896e-01
1.359263509511947632e-01
1.219105124473571777e-01
1.293674409389495850e-01
1.008147820830345154e-01
1.135901659727096558e-01
1.952381432056427002e-01
8.342084288597106934e-02
1.100839972496032715e-01
1.224695891141891479e-01
2.579734921455383301e-01
6.941698491573333740e-02
8.390060812234878540e-02
7.477113604545593262e-02
9.892661869525909424e-02
1.132458746433258057e-01
2.627424597740173340e-01
3.350890427827835083e-02
3.889350593090057373e-01
4.623948037624359131e-02
2.398463785648345947e-01
2.412823736667633057e-01
2.243172824382781982e-01
3.602487146854400635e-01
1.489125341176986694e-01
1.815356761217117310e-01
8.960242569446563721e-02
3.809257149696350098e-01
1.953740715980529785e-01
1.130724847316741943e-01
1.741513907909393311e-01
5.935480073094367981e-02
1.293751895427703857e-01
2.505384981632232666e-01
1.729290634393692017e-01
1.188148856163024902e-01
4.069329202175140381e-01
2.052798867225646973e-01
2.722507119178771973e-01
1.137508451938629150e-01
2.723581790924072266e-01
1.844396144151687622e-01
1.905341446399688721e-01
1.080307215452194214e-01
1.509538590908050537e-01
1.451213061809539795e-01
1.858954578638076782e-01
2.844472527503967285e-01
9.533832222223281860e-02
2.605429291725158691e-01
5.585176125168800354e-02
3.014885187149047852e-01
3.615902662277221680e-01
7.040802389383316040e-02
3.502542674541473389e-01
2.428930699825286865e-01
1.049677282571792603e-01
1.429505795240402222e-01
4.025953412055969238e-01
2.654597461223602295e-01
1.577887386083602905e-01
2.570749819278717041e-01
1.674236357212066650e-01
1.555737853050231934e-01
1.099511831998825073e-01
4.930958896875381470e-02
6.479988247156143188e-02
3.710317611694335938e-01
9.899166226387023926e-02
1.031864359974861145e-01
4.763687029480934143e-02
1.237847357988357544e-01
1.550695449113845825e-01
7.498057186603546143e-02
2.198479920625686646e-01
8.809682726860046387e-02
2.596859931945800781e-01
9.236080944538116455e-02
2.938998639583587646e-01
4.575724005699157715e-01
5.801266431808471680e-01
1.379747241735458374e-01
1.710589230060577393e-01
3.593784272670745850e-01
1.482114046812057495e-01
3.252824544906616211e-01
5.697245150804519653e-02
3.336413204669952393e-02
2.992797791957855225e-01
7.632525265216827393e-02
1.778958439826965332e-01
2.129577994346618652e-01
2.192557603120803833e-01
1.648658812046051025e-01
1.903087794780731201e-01
1.483147442340850830e-01
2.794990837574005127e-01
1.335641145706176758e-01
9.325754642486572266e-02
1.488717794418334961e-01
1.243744418025016785e-01
2.153810262680053711e-01
1.742739379405975342e-01
2.735691964626312256e-01
1.445586681365966797e-01
2.014016956090927124e-01
1.073465496301651001e-01
1.728468835353851318e-01
2.025921195745468140e-01
3.393380045890808105e-01
1.431742161512374878e-01
1.744808256626129150e-01
1.976847946643829346e-01
2.771076560020446777e-01
2.341692745685577393e-01
8.881805837154388428e-02
7.240420579910278320e-02
8.725859224796295166e-02
3.694526478648185730e-02
4.078621044754981995e-02
2.771090865135192871e-01
1.582224369049072266e-01
3.427730798721313477e-01
3.219432011246681213e-02
3.167819678783416748e-01
1.812061518430709839e-01
2.963264882564544678e-01
5.413479357957839966e-02
2.548930048942565918e-01
1.372446119785308838e-01
1.556259542703628540e-01
5.346804857254028320e-02
2.646619081497192383e-01
6.742413341999053955e-02
1.561154574155807495e-01
5.102141574025154114e-02
1.093392074108123779e-01
2.677125930786132812e-01
1.732472479343414307e-01
6.936863809823989868e-02
2.217019796371459961e-01
3.087633550167083740e-01
1.224784553050994873e-01
1.591922640800476074e-01
1.511107981204986572e-01
4.152298867702484131e-01
3.927885293960571289e-01
2.216601371765136719e-01
1.942210197448730469e-01
1.588044464588165283e-01
3.069920241832733154e-01
2.435614466667175293e-01
1.572610288858413696e-01
2.147490084171295166e-01
4.184945225715637207e-01
9.708694368600845337e-02
1.405794620513916016e-01
3.997226059436798096e-01
1.773885786533355713e-01
4.281307458877563477e-01
2.931415438652038574e-01
1.625857055187225342e-01
1.966808736324310303e-01
1.177813485264778137e-01
1.072963252663612366e-01
1.283658891916275024e-01
1.586291790008544922e-01
1.846934407949447632e-01
1.495940983295440674e-01
1.394727826118469238e-01
1.179221421480178833e-01
1.185275614261627197e-01
1.624603122472763062e-01
4.718880355358123779e-02
1.010634005069732666e-01
2.780373096466064453e-01
6.567723304033279419e-02
2.519640624523162842e-01
3.232760354876518250e-02
1.294276565313339233e-01
7.747109979391098022e-02
1.394267529249191284e-01
1.759547740221023560e-01
2.423530668020248413e-01
1.210316494107246399e-01
7.607670128345489502e-02
3.354940414428710938e-01
4.223408922553062439e-02
1.753394901752471924e-01
1.447834074497222900e-01
3.283346593379974365e-01
1.747709512710571289e-01
1.212042048573493958e-01
1.799005866050720215e-01
3.431432545185089111e-01
2.804910540580749512e-01
6.704994291067123413e-02
2.481681704521179199e-01
2.930953800678253174e-01
2.043836563825607300e-01
1.264960169792175293e-01
1.395589411258697510e-01
6.774716079235076904e-02
1.131108701229095459e-01
1.078998446464538574e-01
1.365493386983871460e-01
2.859599888324737549e-01
3.105798959732055664e-01
2.773922383785247803e-01
7.391667366027832031e-02
8.213014155626296997e-02
5.209167301654815674e-02
1.090209037065505981e-01
4.971505329012870789e-02
2.796793282032012939e-01
1.689833998680114746e-01
3.477183729410171509e-02
1.704189181327819824e-01
1.365566998720169067e-01
2.429285943508148193e-01
2.497916221618652344e-01
1.971427500247955322e-01
2.048500925302505493e-01
1.205748990178108215e-01
6.339114159345626831e-02
2.820414304733276367e-01
1.840854883193969727e-01
4.592655599117279053e-01
8.943587541580200195e-02
2.044095098972320557e-01
1.576550453901290894e-01
8.937574923038482666e-02
1.865899562835693359e-01
4.032136872410774231e-02
1.924433112144470215e-01
1.394385844469070435e-01
1.485200524330139160e-01
2.327253669500350952e-01
1.130592525005340576e-01
3.196756169199943542e-02
9.973594546318054199e-02
1.317643187940120697e-02
1.341209709644317627e-01
1.680959463119506836e-01
9.666869789361953735e-02
1.990363299846649170e-01
2.337561920285224915e-02
1.399766206741333008e-01
2.174345850944519043e-01
2.517257928848266602e-01
3.459819033741950989e-02
9.129352122545242310e-02
2.552255392074584961e-01
2.215409129858016968e-01
2.192045152187347412e-01
6.785714626312255859e-02
1.492479890584945679e-01
1.745747327804565430e-01
1.694162487983703613e-01
2.520985305309295654e-01
5.195361971855163574e-01
7.936214655637741089e-02
1.742368489503860474e-01
4.645642340183258057e-01
3.293616324663162231e-02
1.618066281080245972e-01
1.811633408069610596e-01
1.383797228336334229e-01
7.418675720691680908e-02
9.951865673065185547e-02
3.750383108854293823e-02
3.288644850254058838e-01
1.223401725292205811e-01
2.287202477455139160e-01
2.032876610755920410e-01
1.013553291559219360e-01
1.790325045585632324e-01
1.074659600853919983e-01
2.690151929855346680e-01
3.882521688938140869e-01
1.801481395959854126e-01
2.578738331794738770e-01
3.136845231056213379e-01
2.455618381500244141e-01
5.920870974659919739e-02
1.359177678823471069e-01
5.085799843072891235e-02
2.902212738990783691e-01
1.889304667711257935e-01
9.586688131093978882e-02
2.092697322368621826e-01
1.070984974503517151e-01
1.149779558181762695e-01
3.533329963684082031e-01
2.468279749155044556e-01
1.662051379680633545e-01
2.168701589107513428e-01
2.057186663150787354e-01
1.196098774671554565e-01
2.235915213823318481e-01
2.274807393550872803e-01
1.115456521511077881e-01
4.695420861244201660e-01
1.736619174480438232e-01
2.491293400526046753e-01
1.240887790918350220e-01
9.288104623556137085e-02
2.316583096981048584e-01
2.113199234008789062e-01
1.735663712024688721e-01
2.024544775485992432e-01
2.275256514549255371e-01
1.142990961670875549e-01
1.579337716102600098e-01
1.350789964199066162e-01
1.208774521946907043e-01
2.039252221584320068e-01
2.894222438335418701e-01
1.325979828834533691e-01
9.646633267402648926e-02
3.258232474327087402e-01
1.250359117984771729e-01
6.404646486043930054e-02
1.486350595951080322e-01
1.973916888236999512e-01
4.816374778747558594e-01
2.724869251251220703e-01
1.348571628332138062e-01
9.301933646202087402e-02
2.019548565149307251e-01
3.156790137290954590e-01
9.286037087440490723e-02
1.543235331773757935e-01
7.545706629753112793e-02
6.027548760175704956e-02
1.579825133085250854e-01
4.330109804868698120e-02
2.315880954265594482e-01
4.413858801126480103e-02
9.498496353626251221e-02
3.543421030044555664e-01
1.023610085248947144e-01
1.532315760850906372e-01
3.333220481872558594e-01
2.201957702636718750e-01
7.467664778232574463e-02
1.729311347007751465e-01
2.265374511480331421e-01
1.277662068605422974e-01
1.989177018404006958e-01
2.212502956390380859e-01
2.461615204811096191e-01
1.278454065322875977e-01
2.075174301862716675e-01
1.394400298595428467e-01
4.675342440605163574e-01
4.382355809211730957e-01
2.157080918550491333e-01
2.413692623376846313e-01
1.161685213446617126e-01
1.320952326059341431e-01
2.861708700656890869e-01
1.799424588680267334e-01
3.624806106090545654e-01
1.698103249073028564e-01
8.936719596385955811e-02
2.245620340108871460e-01
1.409838199615478516e-01
1.739320456981658936e-01
2.110486775636672974e-01
2.617945969104766846e-01
1.339166015386581421e-01
3.561020493507385254e-01
7.496053725481033325e-02
1.096388846635818481e-01
3.637901321053504944e-02
7.138922065496444702e-02
1.054135560989379883e-01
1.640476882457733154e-01
1.415562629699707031e-01
2.641628086566925049e-01
1.781402230262756348e-01
2.099818289279937744e-01
4.442816972732543945e-02
2.406135052442550659e-01
5.326585099101066589e-02
2.025404870510101318e-01
1.364000290632247925e-01
1.256701797246932983e-01
5.545889139175415039e-01
1.725083887577056885e-01
3.555474057793617249e-02
2.313475757837295532e-01
1.264367699623107910e-01
1.427345573902130127e-01
3.279373049736022949e-01
1.429835408926010132e-01
5.283994227647781372e-02
1.005850881338119507e-01
2.589109241962432861e-01
1.466005742549896240e-01
1.377833485603332520e-01
5.182729661464691162e-02
8.954802155494689941e-02
1.569164693355560303e-01
2.019096016883850098e-01
1.148042455315589905e-01
2.419545650482177734e-01
4.551322758197784424e-02
1.353192031383514404e-01
1.990787833929061890e-01
2.523684799671173096e-01
1.440162658691406250e-01
1.542602181434631348e-01
3.183167427778244019e-02
7.563079148530960083e-02
9.821024537086486816e-02
1.119561493396759033e-01
1.981483697891235352e-01
1.676373183727264404e-01
7.086586356163024902e-01
1.216223314404487610e-01
2.756038308143615723e-01
2.263571619987487793e-01
1.206940114498138428e-01
1.598451882600784302e-01
1.289437711238861084e-01
7.372975349426269531e-02
2.098866105079650879e-01
2.965480685234069824e-01
3.732969760894775391e-01
1.495033949613571167e-01
1.098617091774940491e-01
1.153922304511070251e-01
3.489608168601989746e-01
2.011756449937820435e-01
2.839382588863372803e-01
2.095072120428085327e-01
1.684109866619110107e-01
1.565368175506591797e-01
3.806467354297637939e-01
2.327350527048110962e-01
4.678148031234741211e-02
1.191820576786994934e-01
1.189500093460083008e-01
1.952463835477828979e-01
2.057195752859115601e-01
1.434910744428634644e-01
3.248894512653350830e-01
1.122157201170921326e-01
2.486984580755233765e-01
1.388045847415924072e-01
1.911636888980865479e-01
9.229288995265960693e-02
2.654758095741271973e-01
2.003984004259109497e-01
1.692822873592376709e-01
1.876329779624938965e-01
4.955273866653442383e-02
1.467652469873428345e-01
1.996466666460037231e-01
1.289826184511184692e-01
1.586582958698272705e-01
3.408524394035339355e-01
1.362202614545822144e-01
9.208244085311889648e-02
1.947451233863830566e-01
2.257927060127258301e-01
1.527866721153259277e-01
2.923617959022521973e-01
2.341580390930175781e-01
1.016341447830200195e-01
4.300153255462646484e-01
1.928319782018661499e-01
2.013993114233016968e-01
4.290726035833358765e-02
8.277841657400131226e-02
3.213774263858795166e-01
2.497657984495162964e-01
2.065911442041397095e-01
1.237043440341949463e-01
2.611277401447296143e-01
1.968033164739608765e-01
1.273967623710632324e-01
9.610968083143234253e-02
6.430543214082717896e-02
7.105392962694168091e-02
1.242030560970306396e-01
1.173843890428543091e-01
4.318194836378097534e-02
4.465887695550918579e-02
2.118055671453475952e-01
4.019517302513122559e-01
1.402598023414611816e-01
2.777875363826751709e-01
6.018014550209045410e-01
5.721254348754882812e-01
7.329991459846496582e-02
2.466893196105957031e-01
1.533055305480957031e-01
1.656572818756103516e-01
2.703825533390045166e-01
5.648318678140640259e-02
3.538685664534568787e-02
7.597696781158447266e-02
2.146112471818923950e-01
2.026482820510864258e-01
3.352599442005157471e-01
1.997143626213073730e-01
3.788064122200012207e-01
4.011202752590179443e-01
2.075750231742858887e-01
1.230989918112754822e-01
1.907497495412826538e-01
2.840031683444976807e-01
8.373022079467773438e-02
1.308367848396301270e-01
2.812761366367340088e-01
1.984053850173950195e-01
5.543288215994834900e-02
1.616696119308471680e-01
1.040783971548080444e-01
3.790442943572998047e-01
2.757720351219177246e-01
1.151704639196395874e-01
1.204456016421318054e-01
1.131715774536132812e-01
3.006193041801452637e-01
5.255098640918731689e-02
1.747657060623168945e-01
3.777427375316619873e-01
2.659541368484497070e-01
2.335571348667144775e-01
2.674894332885742188e-01
2.133017182350158691e-01
2.287981957197189331e-01
2.050712704658508301e-01
2.205783724784851074e-01
1.786601245403289795e-01
2.735587954521179199e-01
2.103824019432067871e-01
1.213071495294570923e-01
4.463064670562744141e-02
3.651204109191894531e-01
2.043722271919250488e-01
9.488781541585922241e-02
1.842965781688690186e-01
9.223153442144393921e-02
1.055676788091659546e-01
4.645466208457946777e-01
1.140253096818923950e-01
5.408424511551856995e-02
8.545723557472229004e-02
9.977852553129196167e-02
1.288062930107116699e-01
1.302597075700759888e-01
1.969131529331207275e-01
1.968026757240295410e-01
1.414273977279663086e-01
1.931531876325607300e-01
1.710027158260345459e-01
2.450771629810333252e-01
1.212499290704727173e-01
8.018665015697479248e-02
3.133759200572967529e-01
9.899508953094482422e-02
1.343939900398254395e-01
1.611385345458984375e-01
6.652449071407318115e-02
1.493695676326751709e-01
9.396706521511077881e-02
1.154394745826721191e-01
9.651471674442291260e-02
2.177213430404663086e-01
6.224867701530456543e-02
5.432031303644180298e-02
1.982132792472839355e-01
3.304180502891540527e-01
9.809800982475280762e-02
3.890097141265869141e-02
1.941681951284408569e-01
5.735444277524948120e-02
1.923380792140960693e-01
2.231549620628356934e-01
1.234232857823371887e-01
2.093272358179092407e-01
1.365251839160919189e-01
1.119753569364547729e-01
3.024941086769104004e-01
4.224819839000701904e-01
1.564220190048217773e-01
1.601414829492568970e-01
1.247383207082748413e-01
1.771396994590759277e-01
3.417392969131469727e-01
3.552868068218231201e-01
2.647613286972045898e-01
1.076557338237762451e-01
2.451226115226745605e-01
2.609486579895019531e-01
1.576555520296096802e-01
2.295112013816833496e-01
6.379450857639312744e-02
9.280531853437423706e-02
2.862286567687988281e-01
2.606876194477081299e-01
2.353906780481338501e-01
2.643102407455444336e-01
4.043588042259216309e-01
1.098464801907539368e-01
1.024978831410408020e-01
1.605461835861206055e-01
2.712094783782958984e-01
2.312544286251068115e-01
5.520896613597869873e-02
2.182800918817520142e-01
1.792757511138916016e-01
2.697292566299438477e-01
1.082482337951660156e-01
7.648676633834838867e-02
9.406408667564392090e-02
5.711462721228599548e-02
5.074103921651840210e-02
2.301229387521743774e-01
2.154308706521987915e-01
3.243339061737060547e-01
1.826684325933456421e-01
1.644304245710372925e-01
1.573817133903503418e-01
7.632051408290863037e-02
1.245688050985336304e-01
2.145420908927917480e-01
1.972920656204223633e+00
4.150839149951934814e-01
6.442024707794189453e-01
2.189934402704238892e-01
3.733050525188446045e-01
5.726007223129272461e-01
3.580147922039031982e-01
2.653226852416992188e-01
4.499657750129699707e-01
3.246499001979827881e-01
2.572583556175231934e-01
3.523490130901336670e-01
2.789924144744873047e-01
4.958556294441223145e-01
4.227156639099121094e-01
1.871388554573059082e-01
3.136405348777770996e-01
1.942577660083770752e-01
2.311700582504272461e-01
1.738217175006866455e-01
1.829521805047988892e-01
3.172046542167663574e-01
1.558758616447448730e-01
1.893068253993988037e-01
2.720430493354797363e-01
1.045281440019607544e-01
3.431972861289978027e-01
2.312369644641876221e-01
2.777037024497985840e-01
2.016107439994812012e-01
4.972784519195556641e-01
2.315829992294311523e-01
4.176379740238189697e-01
3.199880123138427734e-01
3.452500998973846436e-01
4.095658659934997559e-01
4.074593484401702881e-01
5.200428366661071777e-01
3.582642078399658203e-01
5.791208744049072266e-01
3.100310862064361572e-01
3.608470559120178223e-01
2.903398871421813965e-01
2.217707633972167969e-01
1.334179192781448364e-01
3.930244743824005127e-01
4.110336601734161377e-01
2.750922143459320068e-01
4.060292840003967285e-01
1.224428266286849976e-01
3.457455039024353027e-01
8.510068804025650024e-02
3.614947199821472168e-01
2.585291862487792969e-01
5.582402944564819336e-01
6.420058012008666992e-02
2.108916640281677246e-02
3.868262171745300293e-01
3.815838694572448730e-01
1.848831027746200562e-01
1.157356053590774536e-01
7.771801948547363281e-02
1.990525573492050171e-01
2.455967217683792114e-01
1.165929436683654785e-01
7.832747697830200195e-02
3.177167773246765137e-01
3.162665367126464844e-01
1.809987574815750122e-01
1.599265933036804199e-01
1.792441606521606445e-01
3.374824523925781250e-01
3.015108406543731689e-01
3.260917365550994873e-01
1.063538193702697754e-01
9.696124494075775146e-02
2.832120954990386963e-01
1.389237046241760254e-01
2.057268023490905762e-01
2.541435360908508301e-01
1.970448195934295654e-01
4.909611940383911133e-01
1.932033896446228027e-01
3.866701126098632812e-01
1.817139536142349243e-01
1.071113646030426025e-01
7.575175166130065918e-02
3.009430468082427979e-01
4.117423892021179199e-01
1.887422949075698853e-01
2.341253161430358887e-01
1.317391097545623779e-01
2.772405147552490234e-01
1.359996348619461060e-01
1.207910776138305664e-01
1.488980352878570557e-01
2.807051539421081543e-01
2.003839015960693359e-01
2.726571559906005859e-01
1.814493387937545776e-01
2.818430066108703613e-01
2.888984978199005127e-01
1.784806698560714722e-01
2.514903843402862549e-01
3.496985435485839844e-01
1.500231623649597168e-01
2.054871022701263428e-01
1.643437147140502930e-01
1.339868754148483276e-01
4.238599538803100586e-01
1.427491754293441772e-01
1.229798346757888794e-01
7.130322605371475220e-02
1.915524154901504517e-01
3.606258034706115723e-01
2.456065416336059570e-01
3.949855566024780273e-01
3.939754366874694824e-01
9.423439204692840576e-02
1.848430335521697998e-01
1.837481856346130371e-01
1.283259093761444092e-01
1.509468555450439453e-01
1.420847773551940918e-01
1.116417199373245239e-01
2.117026746273040771e-01
2.098100781440734863e-01
1.523182243108749390e-01
1.504806429147720337e-01
3.178020194172859192e-02
6.190051883459091187e-02
1.411753594875335693e-01
9.740640223026275635e-02
3.006167411804199219e-01
7.538112998008728027e-02
6.374377012252807617e-02
1.677413880825042725e-01
1.108348593115806580e-01
2.504903674125671387e-01
5.850053578615188599e-02
3.775481879711151123e-02
2.586983740329742432e-01
4.823129177093505859e-01
1.626927554607391357e-01
1.487693488597869873e-01
8.105793595314025879e-02
1.080418825149536133e-01
2.291246205568313599e-01
2.113382518291473389e-01
3.200390338897705078e-01
7.774122059345245361e-02
7.402502000331878662e-02
1.831011772155761719e-01
1.244377940893173218e-01
3.438332676887512207e-01
3.263608813285827637e-01
3.181630074977874756e-01
8.853290230035781860e-02
1.556265652179718018e-01
3.500801324844360352e-01
1.268124282360076904e-01
2.479989826679229736e-01
1.418781578540802002e-01
6.657125055789947510e-02
2.578040361404418945e-01
1.516339629888534546e-01
2.639034390449523926e-01
1.583333611488342285e-01
2.878716886043548584e-01
1.835732609033584595e-01
2.607844173908233643e-01
2.359046339988708496e-01
1.825945526361465454e-01
6.986407935619354248e-02
1.935905814170837402e-01
7.857135683298110962e-02
1.854583621025085449e-01
2.471253126859664917e-01
2.958946228027343750e-01
1.178458705544471741e-01
1.932125389575958252e-01
3.800382614135742188e-01
1.777297556400299072e-01
1.466363072395324707e-01
3.723730444908142090e-01
2.814131081104278564e-01
1.973862051963806152e-01
8.992488682270050049e-02
6.634497642517089844e-02
4.013640284538269043e-01
6.782311946153640747e-02
1.068352609872817993e-01
4.365933537483215332e-01
1.212199926376342773e-01
2.257324755191802979e-01
2.373470813035964966e-01
8.308907598257064819e-02
2.596480250358581543e-01
1.602027565240859985e-01
7.179245352745056152e-02
1.702020317316055298e-01
3.989793732762336731e-02
3.333664238452911377e-01
1.940289437770843506e-01
9.608365595340728760e-02
1.484437882900238037e-01
2.714594900608062744e-01
2.966716587543487549e-01
3.574122190475463867e-01
5.419682338833808899e-02
1.073168069124221802e-01
1.625683456659317017e-01
3.274233639240264893e-01
3.636363744735717773e-01
1.255812644958496094e-01
3.331961333751678467e-01
9.637577831745147705e-02
3.212403357028961182e-01
1.903406381607055664e-01
1.713040620088577271e-01
1.032324880361557007e-01
3.179384171962738037e-01
2.665452361106872559e-01
1.734785586595535278e-01
2.413353621959686279e-01
2.839801013469696045e-01
9.157530963420867920e-02
1.251394152641296387e-01
1.765477955341339111e-01
1.328152418136596680e-01
7.386347651481628418e-02
2.585803866386413574e-01
2.480425536632537842e-01
4.080365598201751709e-02
2.022637426853179932e-01
4.719661176204681396e-01
1.576524078845977783e-01
1.408553421497344971e-01
1.639610379934310913e-01
1.503880172967910767e-01
1.515698581933975220e-01
2.680232226848602295e-01
1.123015135526657104e-01
1.786858588457107544e-01
1.307563036680221558e-01
1.544779092073440552e-01
1.696616113185882568e-01
1.587325930595397949e-01
1.115041524171829224e-01
1.228718906641006470e-01
8.096501976251602173e-02
1.173606067895889282e-01
1.615313291549682617e-01
1.211350411176681519e-01
2.435368001461029053e-01
2.275935411453247070e-01
9.015777707099914551e-02
3.772009909152984619e-02
4.942014813423156738e-01
2.221176326274871826e-01
3.798205554485321045e-01
1.587446630001068115e-01
2.237066179513931274e-01
2.550297677516937256e-01
2.286945879459381104e-01
1.831652820110321045e-01
2.659124732017517090e-01
3.142371773719787598e-01
2.402449995279312134e-01
1.080474406480789185e-01
1.542166471481323242e-01
1.223922669887542725e-01
3.187911510467529297e-01
1.578931063413619995e-01
4.036762118339538574e-01
1.790210753679275513e-01
3.359672427177429199e-01
5.996225401759147644e-02
1.725424081087112427e-01
1.254704296588897705e-01
4.495012760162353516e-02
3.139035105705261230e-01
6.192708760499954224e-02
1.511020958423614502e-01
1.632275730371475220e-01
1.747201383113861084e-01
3.581414371728897095e-02
2.418508529663085938e-01
1.231664270162582397e-01
2.136698663234710693e-01
6.758221983909606934e-02
5.424747616052627563e-02
5.015875399112701416e-02
1.311669796705245972e-01
3.630110621452331543e-02
2.784296870231628418e-02
6.820697337388992310e-02
3.401304185390472412e-01
1.123759150505065918e-01
7.542665302753448486e-02
1.216762140393257141e-01
1.939772516489028931e-01
2.933827042579650879e-01
2.212140858173370361e-01
1.045908257365226746e-01
3.963569551706314087e-02
6.743285804986953735e-02
8.627381175756454468e-02
2.697443366050720215e-01
1.754301935434341431e-01
6.394583731889724731e-02
3.899855017662048340e-01
1.221419870853424072e-01
1.033127978444099426e-01
2.901736795902252197e-01
1.794296652078628540e-01
9.482400119304656982e-02
2.849127650260925293e-01
1.257870942354202271e-01
8.419744670391082764e-02
1.024977564811706543e-01
3.457711040973663330e-01
2.699799835681915283e-01
2.729841470718383789e-01
2.285146862268447876e-01
1.195908188819885254e-01
6.166130676865577698e-02
2.954502105712890625e-01
3.367662429809570312e-01
8.124139904975891113e-02
3.376191854476928711e-01
1.781164705753326416e-01
3.776564449071884155e-02
1.466077864170074463e-01
1.099784448742866516e-01
1.982019394636154175e-01
2.384206056594848633e-01
2.066391259431838989e-01
3.552359044551849365e-01
1.261077523231506348e-01
2.697276771068572998e-01
1.009951233863830566e-01
6.518398225307464600e-02
1.618938446044921875e-01
2.505387961864471436e-01
1.180339753627777100e-01
1.153135746717453003e-01
6.412898749113082886e-02
1.647786200046539307e-01
2.353956997394561768e-01
1.869007050991058350e-01
5.264066904783248901e-02
1.273519992828369141e-01
2.751411795616149902e-01
7.812773585319519043e-01
1.235351413488388062e-01
3.882035911083221436e-01
5.494005084037780762e-01
2.038252651691436768e-01
1.883993148803710938e-01
1.278121769428253174e-01
3.093852996826171875e-01
1.517657190561294556e-01
1.480556279420852661e-01
9.771728515625000000e-02
5.325406044721603394e-02
9.364818781614303589e-02
1.431571692228317261e-01
1.745213866233825684e-01
1.658489406108856201e-01
1.164710819721221924e-01
1.701911985874176025e-01
8.118122071027755737e-02
2.775638699531555176e-01
1.956831812858581543e-01
2.195281088352203369e-01
1.273464858531951904e-01
1.058864295482635498e-01
2.083339542150497437e-01
1.574050188064575195e-01
1.848232448101043701e-01
1.218832284212112427e-01
3.056430816650390625e-01
9.056891500949859619e-02
1.623107492923736572e-01
1.913843452930450439e-01
2.078450620174407959e-01
1.099949553608894348e-01
1.997443288564682007e-01
1.983798593282699585e-01
1.777600347995758057e-01
3.476012051105499268e-01
2.666998505592346191e-01
8.579470217227935791e-02
1.012386307120323181e-01
1.241207718849182129e-01
2.542359828948974609e-01
6.592750549316406250e-02
1.817735731601715088e-01
7.870280742645263672e-02
2.096272110939025879e-01
1.381634175777435303e-01
2.234361171722412109e-01
2.500799596309661865e-01
1.746716648340225220e-01
1.513077765703201294e-01
2.988477647304534912e-01
1.642587482929229736e-01
2.115659713745117188e-01
4.689597338438034058e-02
7.549791783094406128e-02
1.790886223316192627e-01
1.750934720039367676e-01
1.224343329668045044e-01
2.189590334892272949e-01
2.409111857414245605e-01
1.666004955768585205e-01
1.290968060493469238e-01
7.356049120426177979e-02
3.747540712356567383e-01
3.661530017852783203e-01
1.544728279113769531e-01
1.628282517194747925e-01
2.221056818962097168e-01
2.316690087318420410e-01
2.684161663055419922e-01
1.509538292884826660e-01
3.133980333805084229e-01
1.280913949012756348e-01
1.532214581966400146e-01
2.296328395605087280e-01
5.023112297058105469e-01
3.065688014030456543e-01
1.193370521068572998e-01
1.614398062229156494e-01
4.113615751266479492e-01
1.770601868629455566e-01
5.932346358895301819e-02
1.945245563983917236e-01
1.841906011104583740e-01
1.392342001199722290e-01
8.034264296293258667e-02
7.963141798973083496e-02
3.559719920158386230e-01
2.971313595771789551e-01
1.204823926091194153e-01
1.395267695188522339e-01
2.157149612903594971e-01
2.145829051733016968e-01
1.559679508209228516e-01
1.250371932983398438e-01
1.119015067815780640e-01
1.157176792621612549e-01
9.410759806632995605e-02
2.172597944736480713e-01
2.404588460922241211e-01
2.414563149213790894e-01
1.726154685020446777e-01
7.427261024713516235e-02
1.358629167079925537e-01
1.520153731107711792e-01
9.188854694366455078e-02
2.584652304649353027e-01
1.543605178594589233e-01
1.730128228664398193e-01
1.829065531492233276e-01
2.894675135612487793e-01
9.062115848064422607e-02
3.282904028892517090e-01
2.049153596162796021e-01
1.967944055795669556e-01
4.027794003486633301e-01
2.107868045568466187e-01
1.933048963546752930e-01
9.662222862243652344e-02
8.605819195508956909e-02
2.180414199829101562e-01
9.234184026718139648e-02
7.752513885498046875e-02
1.732753813266754150e-01
2.166355550289154053e-01
2.764767408370971680e-01
6.277680397033691406e-02
7.619557529687881470e-02
1.295673102140426636e-01
2.870532870292663574e-01
3.130082413554191589e-02
