9.985962510108947754e-02
1.963837146759033203e-01
6.916894018650054932e-02
1.584561914205551147e-01
6.726216673851013184e-01
3.122078180313110352e-01
3.316554129123687744e-01
2.637388110160827637e-01
3.284960091114044189e-01
1.263018846511840820e-01
2.717814743518829346e-01
1.441371589899063110e-01
8.887727558612823486e-02
1.932813525199890137e-01
2.375382781028747559e-01
1.022582128643989563e-01
2.841813564300537109e-01
1.599431931972503662e-01
8.098472654819488525e-02
3.634911477565765381e-01
3.847886025905609131e-01
2.465804666280746460e-01
3.915679454803466797e-01
1.616543680429458618e-01
7.925510406494140625e-02
2.616234719753265381e-01
1.402595788240432739e-01
1.312526017427444458e-01
8.926317095756530762e-02
1.218212097883224487e-01
5.758617073297500610e-02
1.337962895631790161e-01
1.841493993997573853e-01
2.045585662126541138e-01
1.197505146265029907e-01
2.852889895439147949e-02
6.461012363433837891e-02
4.593938887119293213e-01
4.482627660036087036e-02
5.442423820495605469e-01
2.053037136793136597e-01
1.039253547787666321e-01
2.048531323671340942e-01
2.524038553237915039e-01
8.809471130371093750e-02
1.720643341541290283e-01
7.132779061794281006e-02
1.444300562143325806e-01
8.365806192159652710e-02
1.380525231361389160e-01
2.551065683364868164e-01
3.048840723931789398e-02
4.279041662812232971e-02
2.617603242397308350e-01
2.294977009296417236e-01
3.596307635307312012e-01
2.692385911941528320e-01
3.449200391769409180e-01
5.469765141606330872e-02
3.219600617885589600e-01
3.265706896781921387e-01
3.100298941135406494e-01
1.385459452867507935e-01
1.433953642845153809e-01
2.708734869956970215e-01
1.977923512458801270e-01
1.624417304992675781e-01
1.417733132839202881e-01
1.289292573928833008e-01
1.444636285305023193e-01
2.385680824518203735e-01
2.682614326477050781e-01
1.984350532293319702e-01
6.965237855911254883e-02
7.085672765970230103e-02
2.654066681861877441e-01
2.086045295000076294e-01
2.886701524257659912e-01
2.686061859130859375e-01
3.553290367126464844e-01
3.442261219024658203e-01
8.490833640098571777e-02
1.141228675842285156e-01
1.570360958576202393e-01
1.414147913455963135e-01
1.740980148315429688e-01
2.721239030361175537e-01
1.386553943157196045e-01
1.355283558368682861e-01
1.383430510759353638e-01
2.483560740947723389e-01
1.258187741041183472e-01
2.844059169292449951e-01
8.339390903711318970e-02
1.172855049371719360e-01
1.604634672403335571e-01
1.618613302707672119e-01
4.359515309333801270e-01
8.506388962268829346e-02
5.582354962825775146e-02
2.576100528240203857e-01
2.917346358299255371e-01
1.397979855537414551e-01
2.654025256633758545e-01
3.648444712162017822e-01
1.208891123533248901e-01
1.639058738946914673e-01
2.201006412506103516e-01
2.618042826652526855e-01
2.915858924388885498e-01
1.020117253065109253e-01
2.592042684555053711e-01
3.861985802650451660e-01
6.852433830499649048e-02
2.930763959884643555e-01
1.828476488590240479e-01
2.736359238624572754e-01
1.603180319070816040e-01
3.070540726184844971e-01
6.117559075355529785e-01
3.087171614170074463e-01
7.215194702148437500e-01
4.063758850097656250e-01
3.573413193225860596e-01
2.014877051115036011e-01
1.905571371316909790e-01
1.585710793733596802e-01
3.442301750183105469e-01
1.680015474557876587e-01
2.349199354648590088e-01
2.511264979839324951e-01
1.214816123247146606e-01
4.059038162231445312e-01
1.866587102413177490e-01
3.455923199653625488e-01
1.412481069564819336e-01
8.959528058767318726e-02
2.178297191858291626e-01
1.105382516980171204e-01
2.615427374839782715e-01
2.130465507507324219e-01
1.993423104286193848e-01
2.260337322950363159e-01
1.376777142286300659e-01
5.891722440719604492e-02
2.423382401466369629e-01
1.593230366706848145e-01
1.434475183486938477e-01
1.470279544591903687e-01
8.847679197788238525e-02
1.288852840662002563e-01
2.319792807102203369e-01
1.784417331218719482e-01
3.410687446594238281e-01
2.613224983215332031e-01
1.744787544012069702e-01
2.325638234615325928e-01
3.095137476921081543e-01
2.751529216766357422e-01
3.051327466964721680e-01
1.826019883155822754e-01
3.552590906620025635e-01
2.896468639373779297e-01
2.132320851087570190e-01
2.442577928304672241e-01
1.303081214427947998e-01
1.979363113641738892e-01
1.401383131742477417e-01
2.334138900041580200e-01
4.072093963623046875e-01
1.718139946460723877e-01
1.837195605039596558e-01
2.755899429321289062e-01
3.264948725700378418e-01
2.842404246330261230e-01
1.658618152141571045e-01
1.780390739440917969e-01
2.837746739387512207e-01
1.641084849834442139e-01
2.964058518409729004e-01
2.491033971309661865e-01
1.050840020179748535e-01
4.935485720634460449e-01
4.152826070785522461e-01
1.096310541033744812e-01
1.742228120565414429e-01
2.822716534137725830e-01
1.653985083103179932e-01
2.429266721010208130e-01
2.184238880872726440e-01
1.397805809974670410e-01
1.460537016391754150e-01
9.295342117547988892e-02
1.739298999309539795e-01
3.062076568603515625e-01
2.316424548625946045e-01
2.765987515449523926e-01
1.731639206409454346e-01
8.462672680616378784e-02
1.538354754447937012e-01
4.017480835318565369e-02
3.194825351238250732e-01
2.103000283241271973e-01
3.111150264739990234e-01
1.637797057628631592e-01
2.916195392608642578e-01
1.093202978372573853e-01
1.188440695405006409e-01
3.961420357227325439e-01
3.144546747207641602e-01
1.417228877544403076e-01
9.562765061855316162e-02
1.533917039632797241e-01
1.223209798336029053e-01
2.176266163587570190e-01
2.315030395984649658e-01
1.394169032573699951e-01
1.408060491085052490e-01
3.143523335456848145e-01
1.418031752109527588e-01
3.295364975929260254e-01
2.147049605846405029e-01
1.585649847984313965e-01
9.032294154167175293e-02
4.732209444046020508e-01
1.323429942131042480e-01
3.195124268531799316e-01
1.645531356334686279e-01
1.317429989576339722e-01
1.226214021444320679e-01
2.231604903936386108e-01
5.435403063893318176e-02
3.320389389991760254e-01
3.502209782600402832e-01
1.620542109012603760e-01
2.119251340627670288e-01
1.516846418380737305e-01
2.672111690044403076e-01
1.920356750488281250e-01
1.542705893516540527e-01
1.785551309585571289e-01
1.417384445667266846e-01
1.541257500648498535e-01
1.427338123321533203e-01
4.342147707939147949e-02
2.133834064006805420e-01
3.631927371025085449e-01
1.815896630287170410e-01
4.143554270267486572e-01
2.656314373016357422e-01
1.496110260486602783e-01
1.443351060152053833e-01
1.008841544389724731e-01
1.064996346831321716e-01
3.316591978073120117e-01
2.491502314805984497e-01
3.064615428447723389e-01
1.971074193716049194e-01
1.305507719516754150e-01
1.594727039337158203e-01
3.653034567832946777e-01
9.565645456314086914e-02
3.005958199501037598e-01
2.406195998191833496e-01
2.431562840938568115e-01
3.281190246343612671e-02
3.788569271564483643e-01
2.416307926177978516e-01
3.172127902507781982e-01
2.215277105569839478e-01
3.741536736488342285e-01
4.188258051872253418e-01
1.441967934370040894e-01
2.155844867229461670e-01
1.368936598300933838e-01
1.711897850036621094e-01
1.108255833387374878e-01
1.243797391653060913e-01
8.721252530813217163e-02
1.707614511251449585e-01
1.442160755395889282e-01
4.279122650623321533e-01
2.283001840114593506e-01
2.006443142890930176e-01
2.330750375986099243e-01
1.586080640554428101e-01
1.829976141452789307e-01
1.547704190015792847e-01
1.837657392024993896e-01
4.171755909919738770e-01
4.530306458473205566e-01
1.716178357601165771e-01
6.954697519540786743e-02
1.233735680580139160e-01
1.762966662645339966e-01
2.126669585704803467e-01
4.143152534961700439e-01
8.694394677877426147e-02
3.627590537071228027e-01
2.395480275154113770e-01
9.573373943567276001e-02
1.802666187286376953e-01
2.218141555786132812e-01
1.961450725793838501e-01
1.409649699926376343e-01
1.478977650403976440e-01
2.536413371562957764e-01
1.838728189468383789e-01
1.785828322172164917e-01
1.411784291267395020e-01
2.103557735681533813e-01
2.183805555105209351e-01
2.418919950723648071e-01
2.202380001544952393e-01
5.670762062072753906e-01
6.830161809921264648e-02
2.397190630435943604e-01
4.312992095947265625e-02
1.650111377239227295e-01
3.084631562232971191e-01
2.197945863008499146e-01
1.630235165357589722e-01
3.911281824111938477e-01
3.037042915821075439e-01
2.134751975536346436e-01
1.823936700820922852e-01
2.488713711500167847e-01
1.837208569049835205e-01
1.932793259620666504e-01
1.686376333236694336e-01
1.087225005030632019e-01
1.132206767797470093e-01
5.952021107077598572e-02
2.711993455886840820e-01
4.559959471225738525e-02
9.360678493976593018e-02
3.962764739990234375e-01
1.040218472480773926e-01
3.404102921485900879e-01
3.350278735160827637e-01
1.320923715829849243e-01
2.928602993488311768e-01
1.150387376546859741e-01
2.890726327896118164e-01
2.264655530452728271e-01
2.071688473224639893e-01
3.751653730869293213e-01
1.669485867023468018e-01
2.714242935180664062e-01
1.326354146003723145e-01
1.296767890453338623e-01
2.151688635349273682e-01
8.592193573713302612e-02
1.509759277105331421e-01
1.614274978637695312e-01
1.520183086395263672e-01
3.741006553173065186e-02
1.810146272182464600e-01
2.091287076473236084e-01
1.210227012634277344e-01
1.601607054471969604e-01
8.920724689960479736e-02
5.241833925247192383e-01
2.380000799894332886e-01
1.802591681480407715e-01
3.576306700706481934e-01
1.676245927810668945e-01
1.247974038124084473e-01
1.503322720527648926e-01
1.911309212446212769e-01
1.933882236480712891e-01
9.163323044776916504e-02
4.681496620178222656e-01
2.800361216068267822e-01
3.551797568798065186e-01
7.528427243232727051e-02
1.080927625298500061e-01
4.391315579414367676e-01
8.407953381538391113e-02
1.934419870376586914e-01
1.577343642711639404e-01
2.180430144071578979e-01
2.699340581893920898e-01
9.878310561180114746e-02
3.257827758789062500e-01
2.432980984449386597e-01
1.225104928016662598e-01
3.985190391540527344e-01
2.749577760696411133e-01
7.979458570480346680e-02
1.941392719745635986e-01
2.846791744232177734e-01
1.411442905664443970e-01
2.032022625207901001e-01
2.039165198802947998e-01
1.747887730598449707e-01
1.948064565658569336e-01
2.283128201961517334e-01
1.530711352825164795e-01
1.487288028001785278e-01
1.998872160911560059e-01
3.239731192588806152e-01
3.819597661495208740e-01
9.216651320457458496e-02
3.511559963226318359e-01
1.574185192584991455e-01
2.016432881355285645e-01
3.340508043766021729e-01
1.766092330217361450e-01
1.056075617671012878e-01
1.494429707527160645e-01
6.156140193343162537e-02
9.445026516914367676e-02
2.808097302913665771e-01
5.791841745376586914e-01
3.491180539131164551e-01
2.531670331954956055e-01
1.327187716960906982e-01
3.330343663692474365e-01
2.241975367069244385e-01
1.794127523899078369e-01
2.977873086929321289e-01
2.761726379394531250e-01
5.661500692367553711e-01
1.218194216489791870e-01
1.409166306257247925e-01
1.450182199478149414e-01
4.256831407546997070e-01
8.033608645200729370e-02
1.682018935680389404e-01
1.968826502561569214e-01
2.701954543590545654e-01
1.684327572584152222e-01
2.590753436088562012e-01
3.289504945278167725e-01
3.568788766860961914e-01
1.767441332340240479e-01
2.180201411247253418e-01
1.852441430091857910e-01
2.032283842563629150e-01
1.576827168464660645e-01
1.672320365905761719e-01
3.398743271827697754e-01
1.453036218881607056e-01
1.425709277391433716e-01
9.589193761348724365e-02
2.613366544246673584e-01
1.766441464424133301e-01
3.304149210453033447e-01
2.452828884124755859e-01
1.563036441802978516e-01
3.206801116466522217e-01
2.808019816875457764e-01
2.251786589622497559e-01
3.400232195854187012e-01
2.237229943275451660e-01
2.313536107540130615e-01
9.817878156900405884e-02
1.182510107755661011e-01
3.357381224632263184e-01
4.616369679570198059e-02
2.685389816761016846e-01
4.290170371532440186e-01
2.935293316841125488e-01
2.598820924758911133e-01
2.909864187240600586e-01
1.593359708786010742e-01
1.464006751775741577e-01
2.980624735355377197e-01
1.768142879009246826e-01
2.331313192844390869e-01
1.924428939819335938e-01
3.361485302448272705e-01
1.144084036350250244e-01
1.682304441928863525e-01
1.593736708164215088e-01
1.004087477922439575e-01
9.069254249334335327e-02
2.710877656936645508e-01
1.198663264513015747e-01
1.930625587701797485e-01
1.838041245937347412e-01
2.439234554767608643e-01
1.236459240317344666e-01
2.817736864089965820e-01
2.219998240470886230e-01
2.139621675014495850e-01
1.652458012104034424e-01
2.764739096164703369e-01
2.216641455888748169e-01
4.577347934246063232e-01
2.943711280822753906e-01
1.370685845613479614e-01
2.596510052680969238e-01
2.841846048831939697e-01
2.797174453735351562e-01
2.293176800012588501e-01
2.534362077713012695e-01
2.230932414531707764e-01
8.858280628919601440e-02
9.154219925403594971e-02
2.821970582008361816e-01
2.946029603481292725e-01
1.503885686397552490e-01
2.542530596256256104e-01
2.408736795186996460e-01
2.527578175067901611e-01
1.158465743064880371e-01
2.468670904636383057e-01
2.985225319862365723e-01
2.090857625007629395e-01
2.856540083885192871e-01
2.887390851974487305e-01
2.050990164279937744e-01
7.931464910507202148e-02
8.109732717275619507e-02
1.227744817733764648e-01
1.856967210769653320e-01
6.902654469013214111e-02
1.347843557596206665e-01
1.411184370517730713e-01
2.103600203990936279e-01
1.986568868160247803e-01
2.929551005363464355e-01
1.880802214145660400e-01
1.206418797373771667e-01
4.079373478889465332e-01
1.207412555813789368e-01
1.776401996612548828e-01
2.043185532093048096e-01
2.882181406021118164e-01
1.045362502336502075e-01
1.149055063724517822e-01
2.223824858665466309e-01
2.987201809883117676e-01
1.060032546520233154e-01
1.394197046756744385e-01
3.744875788688659668e-01
5.665070563554763794e-02
2.634375989437103271e-01
4.734979197382926941e-02
1.430644840002059937e-01
3.160801529884338379e-02
3.972986340522766113e-02
3.557827770709991455e-01
2.459419071674346924e-01
3.972127139568328857e-01
1.668633520603179932e-01
4.899325966835021973e-02
1.171324551105499268e-01
1.482627391815185547e-01
4.202980101108551025e-01
2.486139237880706787e-01
3.062988519668579102e-01
2.961959540843963623e-01
1.394276916980743408e-01
3.125600218772888184e-01
2.112605273723602295e-01
1.750135421752929688e-01
1.800346672534942627e-01
1.134947612881660461e-01
6.354532390832901001e-02
8.835902810096740723e-02
2.596973776817321777e-01
1.536496877670288086e-01
1.199741661548614502e-01
1.791667491197586060e-01
2.060798704624176025e-01
1.846126019954681396e-01
1.842247545719146729e-01
7.248236238956451416e-02
2.445786595344543457e-01
1.552340090274810791e-01
1.385222822427749634e-01
1.128199920058250427e-01
3.015655279159545898e-01
1.901023834943771362e-01
3.054679930210113525e-01
2.616789340972900391e-01
1.682651489973068237e-01
1.816235184669494629e-01
4.823605343699455261e-02
3.211520910263061523e-01
4.962806105613708496e-01
3.862145543098449707e-01
4.292976260185241699e-01
1.379450559616088867e-01
3.979426622390747070e-01
3.332753181457519531e-01
1.267653703689575195e-01
2.741586267948150635e-01
3.824270963668823242e-01
2.141330242156982422e-01
1.303162723779678345e-01
2.556945979595184326e-01
2.347183972597122192e-01
1.084486022591590881e-01
1.522932350635528564e-01
1.127801239490509033e-01
3.801344335079193115e-01
1.027471497654914856e-01
1.569644510746002197e-01
8.848916739225387573e-02
9.118226915597915649e-02
1.619158685207366943e-01
2.005737125873565674e-01
1.055750697851181030e-01
2.253285646438598633e-01
2.760693430900573730e-01
1.589101105928421021e-01
3.728582859039306641e-01
1.598810702562332153e-01
7.461595535278320312e-02
1.615808755159378052e-01
2.868237495422363281e-01
6.782640516757965088e-02
9.182472527027130127e-02
1.009279787540435791e-01
1.696218550205230713e-01
2.716418802738189697e-01
2.076856940984725952e-01
2.031486183404922485e-01
2.579304873943328857e-01
3.234048783779144287e-01
2.034903466701507568e-01
3.696366846561431885e-01
1.031342074275016785e-01
1.880872696638107300e-01
1.057484298944473267e-01
2.378795892000198364e-01
1.386113315820693970e-01
2.531798183917999268e-01
2.083580344915390015e-01
9.739789366722106934e-02
4.824927449226379395e-02
4.811574518680572510e-02
1.404963135719299316e-01
1.875773668289184570e-01
2.552033066749572754e-01
4.572781622409820557e-01
3.375995159149169922e-01
1.248812079429626465e-01
1.231747269630432129e-01
2.910430431365966797e-01
2.170385271310806274e-01
3.178755342960357666e-01
1.220894977450370789e-01
8.270361274480819702e-02
1.177981644868850708e-01
1.645832359790802002e-01
8.691342920064926147e-02
1.603033542633056641e-01
3.969859778881072998e-01
1.747965961694717407e-01
2.288064658641815186e-01
4.205551147460937500e-01
2.150128185749053955e-01
4.379695355892181396e-01
2.028125822544097900e-01
1.160478740930557251e-01
1.925825625658035278e-01
1.605264991521835327e-01
2.930808067321777344e-01
1.938552856445312500e-01
2.467399537563323975e-01
3.809630274772644043e-01
1.562990248203277588e-01
1.791972368955612183e-01
3.083297014236450195e-01
6.569604575634002686e-02
2.223353981971740723e-01
1.275319159030914307e-01
3.616887927055358887e-01
1.644163280725479126e-01
5.034523010253906250e-01
3.684842586517333984e-01
4.037817418575286865e-01
2.173195928335189819e-01
4.228522628545761108e-02
1.705538034439086914e-01
1.696075201034545898e-01
1.984219849109649658e-01
2.063077688217163086e-01
1.827224344015121460e-01
1.691982448101043701e-01
1.771367788314819336e-01
9.708913415670394897e-02
8.615894615650177002e-02
1.940626353025436401e-01
3.194397091865539551e-01
4.700851738452911377e-01
1.862763464450836182e-01
2.412874698638916016e-01
3.419002890586853027e-01
1.977570354938507080e-01
2.003610581159591675e-01
1.443125605583190918e-01
1.498720347881317139e-01
2.359623610973358154e-01
3.043021559715270996e-01
1.465706080198287964e-01
3.652629256248474121e-01
1.821189373731613159e-01
1.049405336380004883e-01
2.558223009109497070e-01
1.611135900020599365e-01
1.397322118282318115e-01
1.963322162628173828e-01
3.909090161323547363e-02
2.852187156677246094e-01
1.398098766803741455e-01
2.198009341955184937e-01
4.403696656227111816e-01
3.330569565296173096e-01
1.290546357631683350e-01
2.406564950942993164e-01
1.063167452812194824e-01
2.296211272478103638e-01
8.265437185764312744e-02
1.462853550910949707e-01
1.663586646318435669e-01
4.625962972640991211e-01
1.483119428157806396e-01
1.255831867456436157e-01
2.567020952701568604e-01
3.043268322944641113e-01
3.218694329261779785e-01
1.976620405912399292e-01
5.894844606518745422e-02
8.113069832324981689e-02
2.157886028289794922e-01
8.601152896881103516e-02
2.215399444103240967e-01
2.332223653793334961e-01
2.620171904563903809e-01
2.320807874202728271e-01
3.084699809551239014e-01
1.733697503805160522e-01
4.472285509109497070e-01
3.009778261184692383e-01
2.055976688861846924e-01
3.377143740653991699e-01
2.273325771093368530e-01
4.513182044029235840e-01
4.582954049110412598e-01
2.792431712150573730e-01
1.264123469591140747e-01
1.596585959196090698e-01
2.188133001327514648e-01
1.908277571201324463e-01
4.131592065095901489e-02
2.077422440052032471e-01
2.283837348222732544e-01
3.601210191845893860e-02
3.108713030815124512e-01
1.038038060069084167e-01
2.957727611064910889e-01
6.203190609812736511e-02
2.462381124496459961e-01
2.772971987724304199e-01
2.158135473728179932e-01
4.903045296669006348e-02
1.507508307695388794e-01
2.614018619060516357e-01
5.387089252471923828e-01
2.420159429311752319e-01
2.496929764747619629e-01
1.894887983798980713e-01
2.746501564979553223e-01
1.882491707801818848e-01
1.415374130010604858e-01
2.129355072975158691e-01
1.992119550704956055e-01
2.998095750808715820e-01
2.566613852977752686e-01
1.583515703678131104e-01
2.937546372413635254e-01
2.571851611137390137e-01
3.363776206970214844e-01
2.730234265327453613e-01
3.147765100002288818e-01
2.387560009956359863e-01
2.370355576276779175e-01
1.344181001186370850e-01
1.806104183197021484e-01
1.295182555913925171e-01
1.057268753647804260e-01
1.892143636941909790e-01
2.432055175304412842e-01
1.314292252063751221e-01
3.985443711280822754e-02
9.319668263196945190e-02
2.731599211692810059e-01
2.223614156246185303e-01
9.706087410449981689e-02
2.611410915851593018e-01
1.621709316968917847e-01
1.416014879941940308e-01
1.442115008831024170e-01
2.522222101688385010e-01
1.916446387767791748e-01
1.521301865577697754e-01
2.309119850397109985e-01
1.092649176716804504e-01
1.275169551372528076e-01
2.137797772884368896e-01
1.335458457469940186e-01
1.469607949256896973e-01
1.568848788738250732e-01
2.475618124008178711e-01
1.721027642488479614e-01
6.036691367626190186e-02
2.801803946495056152e-01
1.064691171050071716e-01
4.076101779937744141e-01
8.574084937572479248e-02
2.310574650764465332e-01
6.343678385019302368e-02
1.554007530212402344e-01
3.354070484638214111e-01
3.974263370037078857e-02
3.134689033031463623e-01
5.650091767311096191e-01
1.618536859750747681e-01
1.567642092704772949e-01
1.739510446786880493e-01
2.496898621320724487e-01
6.266883015632629395e-02
2.261732518672943115e-01
1.115348637104034424e-01
1.074777841567993164e-01
1.423614770174026489e-01
2.037214040756225586e-01
1.943031549453735352e-01
3.541724979877471924e-01
1.698040068149566650e-01
1.894263178110122681e-01
6.768005341291427612e-02
3.842165172100067139e-01
1.119617298245429993e-01
6.527316570281982422e-02
1.874762624502182007e-01
1.662885248661041260e-01
3.987480401992797852e-01
3.474074006080627441e-01
2.216702401638031006e-01
1.760423779487609863e-01
1.057283803820610046e-01
3.683074414730072021e-01
2.295548915863037109e-01
1.557781398296356201e-01
1.794120371341705322e-01
4.891343116760253906e-01
1.224030330777168274e-01
1.554704010486602783e-01
2.484216690063476562e-01
4.058046266436576843e-02
3.001836240291595459e-01
1.812272220849990845e-01
2.863430976867675781e-01
5.060480237007141113e-01
1.961985230445861816e-01
2.324846684932708740e-01
1.491478085517883301e-01
1.314484179019927979e-01
1.153264343738555908e-01
1.112377345561981201e-01
2.754710316658020020e-01
3.704639077186584473e-01
2.099956572055816650e-01
1.519168317317962646e-01
1.008308976888656616e-01
3.108091652393341064e-01
1.639525145292282104e-01
4.463191032409667969e-01
1.562023311853408813e-01
1.952980011701583862e-01
1.627591103315353394e-01
2.573634088039398193e-01
2.534243464469909668e-01
1.636819094419479370e-01
4.466299712657928467e-01
1.590237021446228027e-01
1.767708957195281982e-01
1.162299811840057373e-01
2.870398163795471191e-01
1.034625768661499023e-01
2.728868126869201660e-01
1.531466394662857056e-01
1.675653457641601562e-01
1.499413549900054932e-01
2.367057055234909058e-01
1.969888657331466675e-01
2.335413992404937744e-01
1.663661003112792969e-01
2.493547052145004272e-01
4.107996523380279541e-01
2.500358223915100098e-01
3.283828496932983398e-01
1.306126862764358521e-01
2.696468532085418701e-01
1.881438046693801880e-01
1.820438057184219360e-01
2.737258374691009521e-01
1.117193698883056641e-01
6.146610528230667114e-02
3.077723085880279541e-01
2.644942998886108398e-01
3.234771788120269775e-01
2.449502348899841309e-01
3.978994190692901611e-01
2.421019971370697021e-01
1.783212423324584961e-01
4.703188538551330566e-01
1.852966547012329102e-01
1.653424799442291260e-01
1.702647805213928223e-01
1.772691160440444946e-01
8.822993934154510498e-02
2.055354565382003784e-01
1.742458343505859375e-01
1.306886374950408936e-01
1.897718459367752075e-01
2.166226059198379517e-01
8.334695547819137573e-02
2.596029639244079590e-01
7.474540174007415771e-02
1.143708676099777222e-01
1.949886083602905273e-01
1.753060221672058105e-01
9.053850173950195312e-02
9.556508064270019531e-02
4.714900255203247070e-02
1.561053097248077393e-01
1.337392181158065796e-01
8.766701072454452515e-02
2.621690332889556885e-01
4.322961717844009399e-02
1.316211521625518799e-01
1.893980652093887329e-01
1.130040287971496582e-01
2.348960489034652710e-01
2.871769666671752930e-01
3.819437325000762939e-01
1.415143460035324097e-01
2.582693397998809814e-01
2.004316449165344238e-01
2.620826065540313721e-01
1.386504024267196655e-01
6.515945494174957275e-02
1.827529221773147583e-01
5.543375015258789062e-02
9.411776810884475708e-02
1.449952870607376099e-01
1.095753908157348633e-01
1.524725258350372314e-01
3.468967974185943604e-02
1.788678914308547974e-01
3.218028247356414795e-01
9.482618421316146851e-02
1.459107100963592529e-01
2.689784765243530273e-01
3.698911368846893311e-01
1.538400202989578247e-01
1.002669334411621094e-01
4.974249303340911865e-01
1.214192882180213928e-01
1.501494944095611572e-01
1.664428710937500000e-01
1.866528838872909546e-01
9.853247553110122681e-02
1.186092197895050049e-01
1.088927760720252991e-01
2.793110311031341553e-01
1.672604829072952271e-01
1.156350374221801758e-01
3.915497288107872009e-02
1.364454627037048340e-01
2.113705724477767944e-01
4.530982375144958496e-01
1.435952931642532349e-01
6.721305847167968750e-02
1.860148906707763672e-01
3.955839872360229492e-01
2.796876430511474609e-01
2.375959455966949463e-01
2.610389590263366699e-01
9.400817751884460449e-02
2.108960151672363281e-01
2.216365635395050049e-01
2.597983777523040771e-01
1.918762326240539551e-01
3.070514202117919922e-01
1.152585521340370178e-01
1.451171338558197021e-01
5.883409827947616577e-02
1.415180563926696777e-01
1.763392984867095947e-01
1.337594538927078247e-01
3.072964251041412354e-01
6.903839111328125000e-02
1.862094104290008545e-01
2.977595329284667969e-01
3.301655054092407227e-01
3.285036683082580566e-01
3.088346123695373535e-01
1.861561834812164307e-01
1.587231755256652832e-01
4.756385385990142822e-01
2.376345992088317871e-01
2.320804446935653687e-01
2.501183748245239258e-01
1.570553928613662720e-01
3.655271530151367188e-01
1.918340772390365601e-01
2.727824449539184570e-01
1.924685537815093994e-01
1.869452595710754395e-01
3.474653661251068115e-01
2.424207478761672974e-01
2.082774788141250610e-01
9.515621513128280640e-02
1.460306942462921143e-01
6.386311054229736328e-01
4.132264256477355957e-01
5.762422084808349609e-01
2.397836744785308838e-01
1.467976868152618408e-01
2.392902374267578125e-01
2.976891100406646729e-01
2.763894498348236084e-01
2.051038742065429688e-01
4.586173295974731445e-01
1.667950749397277832e-01
1.781536042690277100e-01
3.588678836822509766e-01
5.546464323997497559e-01
2.221733927726745605e-01
1.906446516513824463e-01
3.571076095104217529e-01
3.666725754737854004e-01
1.939120590686798096e-01
1.427532881498336792e-01
2.805141806602478027e-01
3.272846341133117676e-01
3.262403309345245361e-01
2.525587379932403564e-01
8.716590702533721924e-02
2.718569040298461914e-01
1.872546970844268799e-01
1.365124285221099854e-01
1.872667074203491211e-01
1.159511581063270569e-01
2.268685549497604370e-01
1.164061054587364197e-01
1.204117834568023682e-01
2.348908334970474243e-01
1.466051638126373291e-01
1.179440617561340332e-01
1.394252777099609375e-01
1.082358881831169128e-01
3.161965012550354004e-01
1.717777252197265625e-01
2.902742326259613037e-01
7.534099370241165161e-02
2.681319117546081543e-01
4.353305697441101074e-01
1.384539902210235596e-01
8.250782638788223267e-02
3.740534782409667969e-01
3.449873924255371094e-01
1.810321062803268433e-01
2.058110982179641724e-01
4.800979197025299072e-01
2.045429646968841553e-01
1.409333944320678711e-01
8.651602268218994141e-02
3.211916089057922363e-01
8.778102695941925049e-02
7.083284854888916016e-02
1.032533049583435059e-01
1.091667413711547852e-01
4.297233819961547852e-01
1.041994541883468628e-01
2.370220124721527100e-01
1.338779628276824951e-01
8.488950878381729126e-02
1.650389432907104492e-01
1.267964392900466919e-01
1.926312744617462158e-01
2.018825858831405640e-01
8.141606301069259644e-02
1.982487738132476807e-01
1.274359673261642456e-01
2.905424237251281738e-01
1.117495745420455933e-01
1.544848829507827759e-01
1.108633950352668762e-01
1.371476948261260986e-01
1.941131651401519775e-01
1.238083690404891968e-01
2.355454266071319580e-01
1.396867036819458008e-01
1.269692182540893555e-01
1.370107978582382202e-01
2.472479343414306641e-01
3.006887733936309814e-01
2.336181402206420898e-01
3.832224607467651367e-01
3.770296573638916016e-01
2.392013669013977051e-01
2.597031295299530029e-01
9.506579488515853882e-02
1.012329310178756714e-01
1.084788143634796143e-01
1.250895559787750244e-01
4.793458580970764160e-01
2.749387919902801514e-01
4.902625083923339844e-01
2.796024084091186523e-02
1.599923670291900635e-01
1.950418204069137573e-01
2.425893545150756836e-01
1.892552822828292847e-01
2.074784934520721436e-01
2.254497706890106201e-01
1.566418856382369995e-01
2.374708801507949829e-01
1.297378540039062500e-01
9.379501640796661377e-02
1.114262416958808899e-01
2.153514176607131958e-01
3.026101887226104736e-01
2.657994329929351807e-01
3.205772638320922852e-01
3.792710900306701660e-01
3.479665517807006836e-01
1.438819915056228638e-01
2.713178694248199463e-01
1.052801162004470825e-01
2.446683198213577271e-01
4.120085537433624268e-01
8.996189385652542114e-02
1.868093460798263550e-01
9.552964568138122559e-02
1.364543884992599487e-01
2.048892378807067871e-01
1.142136901617050171e-01
2.099996507167816162e-01
1.810657680034637451e-01
2.312666624784469604e-01
2.027582675218582153e-01
2.338493317365646362e-01
1.176519319415092468e-01
1.580724865198135376e-01
1.702427864074707031e-01
3.436867594718933105e-01
1.121018975973129272e-01
1.499027609825134277e-01
3.242827057838439941e-01
2.301686704158782959e-01
2.758292555809020996e-01
2.322994321584701538e-01
8.854475617408752441e-02
2.899494469165802002e-01
2.016837447881698608e-01
1.984867900609970093e-01
7.329532504081726074e-02
2.405583262443542480e-01
8.933522552251815796e-02
2.560942247509956360e-02
5.546374619007110596e-02
2.595528066158294678e-01
2.441854029893875122e-01
3.837506771087646484e-01
2.177006304264068604e-01
4.023747444152832031e-01
1.702065765857696533e-01
2.327162623405456543e-01
2.560338675975799561e-01
2.658358812332153320e-01
2.466514408588409424e-01
1.435673534870147705e-01
2.125944644212722778e-01
1.557643115520477295e-01
1.045474633574485779e-01
3.320779502391815186e-01
3.052076995372772217e-01
4.570042490959167480e-01
2.413395792245864868e-01
1.092888861894607544e-01
9.313759952783584595e-02
1.621246337890625000e-01
1.370837688446044922e-01
1.827827095985412598e-01
3.320776224136352539e-01
1.404475718736648560e-01
1.600268185138702393e-01
2.580200433731079102e-01
4.030102789402008057e-01
1.664360165596008301e-01
5.184490233659744263e-02
1.689844429492950439e-01
2.624481618404388428e-01
1.134617179632186890e-01
1.050849258899688721e-01
4.047942757606506348e-01
2.260093390941619873e-01
1.408291310071945190e-01
3.291791677474975586e-01
1.782018244266510010e-01
1.387563347816467285e-01
3.865326941013336182e-01
1.052611842751502991e-01
1.612798720598220825e-01
8.235313743352890015e-02
2.610755860805511475e-01
5.207766219973564148e-02
2.146713733673095703e-01
2.255682945251464844e-01
2.264176607131958008e-01
1.577785909175872803e-01
9.281489253044128418e-02
2.585479915142059326e-01
4.526459574699401855e-01
1.765613108873367310e-01
1.727516651153564453e-01
1.197251230478286743e-01
2.301943004131317139e-01
3.029766678810119629e-01
7.096025943756103516e-01
2.558556795120239258e-01
9.245062619447708130e-02
1.510311365127563477e-01
3.128244280815124512e-01
1.624067723751068115e-01
3.136748373508453369e-01
3.511879742145538330e-01
1.919886171817779541e-01
1.687468141317367554e-01
4.693169295787811279e-01
1.727973371744155884e-01
1.201767101883888245e-01
1.660309284925460815e-01
4.886687397956848145e-01
9.060662984848022461e-01
