4.511903226375579834e-01
3.601067066192626953e-01
3.323750793933868408e-01
1.218223199248313904e-01
2.604364454746246338e-01
2.564666867256164551e-01
5.614723563194274902e-01
1.210984438657760620e-01
2.740533947944641113e-01
2.677361071109771729e-01
2.882501184940338135e-01
4.026915431022644043e-01
1.846784800291061401e-01
2.997042536735534668e-01
1.823692470788955688e-01
1.291595697402954102e-01
1.705543845891952515e-01
2.105565816164016724e-01
4.791078269481658936e-01
1.572218537330627441e-01
9.702278673648834229e-02
2.298341244459152222e-01
1.908662617206573486e-01
1.843419671058654785e-01
1.076214313507080078e-01
1.450186073780059814e-01
1.096875667572021484e-01
1.844614893198013306e-01
2.031327337026596069e-01
2.076219916343688965e-01
3.452849388122558594e-01
4.381265938282012939e-01
1.728829890489578247e-01
1.261752843856811523e-01
1.675850003957748413e-01
4.099797010421752930e-01
3.172014653682708740e-01
1.625080108642578125e-01
5.997083708643913269e-02
1.901815086603164673e-01
2.443634867668151855e-01
1.159997582435607910e-01
1.527171730995178223e-01
2.346507012844085693e-01
2.983926832675933838e-01
2.601860463619232178e-01
5.063455104827880859e-01
1.498108506202697754e-01
2.955980300903320312e-01
3.810274600982666016e-01
1.161894202232360840e-01
8.622386306524276733e-02
8.667263388633728027e-02
4.217584729194641113e-01
8.279785513877868652e-02
1.918704807758331299e-01
3.272231221199035645e-01
1.668065786361694336e-01
2.046665549278259277e-01
3.837583363056182861e-01
9.782303124666213989e-02
1.645665168762207031e-01
1.251031905412673950e-01
1.175384968519210815e-01
8.771739900112152100e-02
1.139856427907943726e-01
1.546864211559295654e-01
2.208659201860427856e-01
1.234855204820632935e-01
2.751028835773468018e-01
3.155975043773651123e-01
2.435515522956848145e-01
1.811201870441436768e-01
1.884366869926452637e-01
1.282110512256622314e-01
2.148889899253845215e-01
3.222536146640777588e-01
3.631721735000610352e-01
3.802608251571655273e-01
2.153836488723754883e-01
2.169557809829711914e-01
3.001583814620971680e-01
2.408008277416229248e-01
1.962950676679611206e-01
2.125125080347061157e-01
2.863273918628692627e-01
2.492354661226272583e-01
2.719248235225677490e-01
8.007392287254333496e-02
2.332387864589691162e-01
3.201220929622650146e-01
2.580570578575134277e-01
8.763307332992553711e-02
6.309662014245986938e-02
2.085127532482147217e-01
3.249711096286773682e-01
2.518645226955413818e-01
2.266531586647033691e-01
2.161029726266860962e-01
1.821559965610504150e-01
2.423997223377227783e-01
3.309054076671600342e-01
3.785920739173889160e-01
3.281584382057189941e-01
1.741427183151245117e-01
3.638943135738372803e-01
2.284843921661376953e-01
2.235958129167556763e-01
2.348158210515975952e-01
3.909706473350524902e-01
2.372272312641143799e-01
1.517142951488494873e-01
1.758336424827575684e-01
2.738798260688781738e-01
4.524376392364501953e-01
1.298449933528900146e-01
1.504601240158081055e-01
1.122282817959785461e-01
2.144195288419723511e-01
8.435203135013580322e-02
2.384841740131378174e-01
2.368483841419219971e-01
9.091866016387939453e-02
2.721295654773712158e-01
2.652794122695922852e-01
2.257269918918609619e-01
2.666432857513427734e-01
3.448419570922851562e-01
1.771573573350906372e-01
7.359313964843750000e-02
3.344475328922271729e-01
3.611880838871002197e-01
3.029284477233886719e-01
2.760259509086608887e-01
3.371343016624450684e-01
3.304292559623718262e-01
2.391524612903594971e-01
2.454912215471267700e-01
2.184398770332336426e-01
8.383687585592269897e-02
1.451521217823028564e-01
1.486707627773284912e-01
9.164483845233917236e-02
2.525730431079864502e-01
2.804795801639556885e-01
1.422160118818283081e-01
1.244143098592758179e-01
5.303549170494079590e-01
1.274569183588027954e-01
9.034716337919235229e-02
4.237390756607055664e-01
4.625084996223449707e-01
2.943485975265502930e-01
1.677700281143188477e-01
1.650548428297042847e-01
4.241172373294830322e-01
1.122931018471717834e-01
3.572005033493041992e-01
3.466809391975402832e-01
3.882707953453063965e-01
2.107577323913574219e-01
8.642908185720443726e-02
1.864454150199890137e-01
2.268877178430557251e-01
1.229836866259574890e-01
2.028463035821914673e-01
2.641056180000305176e-01
4.200712144374847412e-01
2.656499147415161133e-01
1.143066883087158203e-01
1.122683063149452209e-01
2.477818429470062256e-01
2.193990498781204224e-01
1.614841371774673462e-01
2.324557602405548096e-01
2.210273146629333496e-01
2.789103984832763672e-01
1.169720888137817383e-01
3.172700107097625732e-01
4.420657157897949219e-01
2.646904587745666504e-01
2.387294769287109375e-01
1.238135099411010742e-01
2.295667976140975952e-01
3.732975721359252930e-01
2.454327791929244995e-01
1.753501147031784058e-01
2.016870230436325073e-01
2.287127673625946045e-01
1.150290146470069885e-01
9.967793524265289307e-02
4.877054691314697266e-01
6.904304772615432739e-02
1.857092082500457764e-01
7.255825400352478027e-02
5.571459531784057617e-01
3.517895042896270752e-01
3.648625612258911133e-01
2.760274112224578857e-01
2.033535540103912354e-01
1.472250819206237793e-01
8.911319077014923096e-02
3.341642022132873535e-01
2.218356728553771973e-01
1.591536700725555420e-01
1.179551184177398682e-01
5.296550318598747253e-02
1.164786368608474731e-01
1.924894750118255615e-01
2.246343642473220825e-01
2.778294086456298828e-01
3.812525570392608643e-01
3.053539097309112549e-01
1.533716619014739990e-01
1.976289898157119751e-01
1.176684945821762085e-01
2.302944213151931763e-01
9.495829790830612183e-02
2.691530287265777588e-01
4.583019018173217773e-02
1.480242609977722168e-01
1.591297984123229980e-01
1.937399208545684814e-01
1.846139281988143921e-01
6.998991966247558594e-02
1.496913880109786987e-01
2.568741142749786377e-01
3.338540494441986084e-01
1.913878619670867920e-01
3.725025057792663574e-01
1.839233934879302979e-01
4.392263665795326233e-02
1.992276608943939209e-01
2.097816467285156250e-01
1.867003738880157471e-01
5.824705362319946289e-01
9.858018904924392700e-02
2.213742285966873169e-01
2.099210768938064575e-01
1.698460876941680908e-01
2.542440593242645264e-01
2.192876338958740234e-01
1.972529143095016479e-01
2.234678268432617188e-01
1.760381162166595459e-01
3.525372743606567383e-01
2.292111068964004517e-01
1.135417222976684570e-01
2.724954187870025635e-01
2.435707896947860718e-01
3.020449876785278320e-01
2.824346125125885010e-01
1.209125965833663940e-01
3.292853832244873047e-01
5.450867116451263428e-02
9.771273285150527954e-02
2.484475970268249512e-01
1.765090674161911011e-01
4.849844574928283691e-01
1.780571341514587402e-01
2.932434976100921631e-01
9.981355071067810059e-02
1.389938294887542725e-01
1.845081746578216553e-01
1.739993989467620850e-01
2.186886072158813477e-01
3.023807406425476074e-01
2.405529618263244629e-01
1.203310042619705200e-01
3.037398755550384521e-01
1.676127314567565918e-01
2.000314891338348389e-01
9.060084074735641479e-02
4.232923388481140137e-01
1.692351400852203369e-01
3.431431949138641357e-01
1.072292551398277283e-01
3.076526522636413574e-01
3.413347601890563965e-01
2.569408714771270752e-01
2.396693527698516846e-01
2.485946416854858398e-01
2.881145477294921875e-01
2.130739390850067139e-01
2.443228065967559814e-01
2.753399014472961426e-01
1.301821619272232056e-01
1.356635689735412598e-01
1.721734851598739624e-01
2.408445626497268677e-01
3.228279054164886475e-01
1.654662191867828369e-01
3.826593458652496338e-01
3.020011484622955322e-01
1.696022450923919678e-01
8.781347423791885376e-02
1.812712550163269043e-01
1.052467152476310730e-01
6.238939240574836731e-02
2.737693190574645996e-01
3.983576297760009766e-01
4.810848236083984375e-01
2.402604669332504272e-01
2.101604640483856201e-01
1.920991837978363037e-01
1.829843074083328247e-01
1.768231987953186035e-01
3.876650333404541016e-01
2.231818735599517822e-01
1.911283135414123535e-01
1.253713965415954590e-01
2.835291326045989990e-01
2.549184262752532959e-01
2.306913286447525024e-01
2.380668520927429199e-01
3.657566308975219727e-01
3.228281438350677490e-01
2.333997339010238647e-01
1.628541946411132812e-01
1.079738587141036987e-01
2.551073133945465088e-01
2.551952004432678223e-01
2.896670401096343994e-01
2.484646439552307129e-01
3.547723591327667236e-01
2.564020454883575439e-01
2.203664779663085938e-01
1.916695237159729004e-01
3.011390566825866699e-01
1.233293041586875916e-01
3.182561397552490234e-01
2.733192741870880127e-01
3.600029647350311279e-01
1.349742859601974487e-01
3.105521798133850098e-01
4.249992966651916504e-01
1.538856625556945801e-01
6.582904607057571411e-02
2.920804321765899658e-01
5.229613780975341797e-01
2.149811387062072754e-01
2.877944707870483398e-01
2.113569229841232300e-01
1.063097715377807617e-01
1.922912746667861938e-01
1.944249123334884644e-01
1.958096772432327271e-01
4.188777208328247070e-01
7.390644401311874390e-02
2.789708375930786133e-01
4.415140748023986816e-01
1.360500454902648926e-01
2.790788412094116211e-01
3.299519121646881104e-01
2.055295407772064209e-01
1.907527148723602295e-01
1.982956081628799438e-01
1.824382543563842773e-01
4.770892262458801270e-01
1.404592245817184448e-01
1.624633371829986572e-01
2.560083270072937012e-01
3.643755316734313965e-01
2.633576691150665283e-01
1.330937147140502930e-01
1.676462888717651367e-01
3.365768790245056152e-01
2.012010961771011353e-01
1.543219834566116333e-01
1.591126322746276855e-01
2.285742610692977905e-01
2.870526611804962158e-01
3.654565215110778809e-01
1.253985762596130371e-01
2.324838340282440186e-01
2.250502109527587891e-01
8.466374874114990234e-02
1.247748658061027527e-01
1.586745530366897583e-01
2.698922753334045410e-01
2.308514714241027832e-01
1.521394997835159302e-01
3.364515304565429688e-01
1.880853027105331421e-01
1.863444894552230835e-01
2.278617918491363525e-01
3.475442528724670410e-01
1.962687373161315918e-01
2.614312469959259033e-01
1.175389289855957031e-01
1.934207677841186523e-01
3.425879776477813721e-01
6.927042454481124878e-02
7.308435440063476562e-02
1.167821362614631653e-01
2.128955125808715820e-01
2.844159603118896484e-01
1.059490516781806946e-01
1.681692153215408325e-01
2.089909315109252930e-01
2.610417902469635010e-01
1.708914488554000854e-01
1.922834813594818115e-01
1.638343334197998047e-01
5.436856746673583984e-01
1.413984894752502441e-01
1.338830590248107910e-01
2.466956228017807007e-01
4.647142291069030762e-01
8.998586237430572510e-02
2.046178728342056274e-01
6.552374362945556641e-02
1.384712159633636475e-01
2.562804818153381348e-01
4.577297568321228027e-01
2.302651405334472656e-01
1.568864881992340088e-01
4.171065986156463623e-01
1.331129968166351318e-01
1.640994548797607422e-01
1.868358999490737915e-01
2.259912788867950439e-01
1.303484886884689331e-01
1.003172248601913452e-01
2.202711403369903564e-01
2.742133140563964844e-01
3.526061773300170898e-01
2.886763215065002441e-01
8.062268793582916260e-02
2.789016366004943848e-01
4.423437416553497314e-01
1.424830853939056396e-01
7.854934036731719971e-02
9.358116239309310913e-02
1.749448180198669434e-01
1.293305307626724243e-01
8.006586879491806030e-02
5.975414812564849854e-02
2.086788117885589600e-01
3.148728907108306885e-01
2.326026707887649536e-01
1.377177238464355469e-01
1.254820078611373901e-01
1.607517898082733154e-01
2.060059309005737305e-01
1.802792698144912720e-01
9.202435612678527832e-02
1.512647867202758789e-01
2.183738797903060913e-01
1.568164676427841187e-01
8.047339320182800293e-02
8.978273719549179077e-02
1.068252548575401306e-01
1.977982819080352783e-01
1.369107067584991455e-01
1.893844306468963623e-01
9.478871524333953857e-02
2.482314258813858032e-01
2.310175001621246338e-01
1.865415573120117188e-01
1.629415452480316162e-01
9.317374974489212036e-02
1.154882013797760010e-01
1.302542835474014282e-01
2.663569152355194092e-01
3.459498584270477295e-01
1.171967834234237671e-01
1.153550297021865845e-01
3.148547410964965820e-01
4.535380750894546509e-02
4.841050505638122559e-01
6.206814944744110107e-02
1.270049810409545898e-01
1.151325404644012451e-01
2.985236644744873047e-01
4.616957902908325195e-01
8.679473400115966797e-02
1.687250137329101562e-01
1.335119307041168213e-01
1.087271571159362793e-01
1.964185833930969238e-01
5.299239754676818848e-01
1.187479645013809204e-01
7.539373636245727539e-02
3.963718935847282410e-02
1.041459590196609497e-01
1.355503350496292114e-01
6.735190749168395996e-02
3.422912210226058960e-02
2.235685288906097412e-01
2.263684123754501343e-01
1.283575892448425293e-01
2.215045839548110962e-01
5.770229920744895935e-02
2.280279994010925293e-01
2.400308251380920410e-01
2.323967218399047852e-01
5.374506115913391113e-01
2.305037975311279297e-01
7.844163477420806885e-02
1.466048061847686768e-01
6.890116631984710693e-02
6.420838832855224609e-01
1.764694601297378540e-01
1.268718391656875610e-01
5.035481452941894531e-01
1.598856449127197266e-01
2.154557108879089355e-01
1.028206646442413330e-01
3.402272760868072510e-01
3.452555537223815918e-01
1.638927161693572998e-01
3.425424993038177490e-01
7.305639982223510742e-02
2.431482672691345215e-01
4.214662909507751465e-01
1.644267588853836060e-01
2.567383050918579102e-01
2.204084098339080811e-01
4.167688786983489990e-01
1.085023060441017151e-01
9.122093021869659424e-02
2.431895583868026733e-01
2.169941067695617676e-01
3.704446256160736084e-01
6.988366693258285522e-02
6.783594191074371338e-02
1.723030060529708862e-01
1.109853312373161316e-01
1.699196696281433105e-01
1.480930149555206299e-01
1.190518289804458618e-01
1.859949827194213867e-01
2.598773539066314697e-01
2.548334598541259766e-01
1.977777779102325439e-01
8.542814850807189941e-02
2.197778522968292236e-01
1.233755797147750854e-01
1.090568602085113525e-01
6.490358710289001465e-02
2.017879635095596313e-01
1.831479370594024658e-01
1.738681197166442871e-01
2.191938459873199463e-01
2.156825810670852661e-01
1.143044084310531616e-01
3.819914534687995911e-02
2.574961185455322266e-01
2.664678096771240234e-01
1.262251287698745728e-01
1.451930105686187744e-01
1.987932324409484863e-01
2.840647101402282715e-01
1.696470677852630615e-01
3.429026007652282715e-01
1.471110433340072632e-01
5.556366592645645142e-02
1.165615171194076538e-01
2.508081793785095215e-01
2.188461720943450928e-01
3.110399544239044189e-01
3.014569878578186035e-01
2.221338152885437012e-01
1.894231438636779785e-01
3.132424056529998779e-01
2.959443032741546631e-01
2.947302460670471191e-01
4.695440530776977539e-01
1.353768408298492432e-01
3.130427896976470947e-01
1.867010891437530518e-01
3.345400989055633545e-01
2.443485707044601440e-01
3.502546995878219604e-02
2.379059791564941406e-01
3.307706117630004883e-01
1.055521816015243530e-01
5.197595804929733276e-02
6.591135263442993164e-02
6.385697424411773682e-02
1.667411476373672485e-01
2.280986607074737549e-01
1.355223208665847778e-01
4.215141385793685913e-02
2.703012526035308838e-01
1.024326980113983154e-01
2.072882056236267090e-01
3.576060533523559570e-01
1.567849218845367432e-01
1.818256676197052002e-01
3.362703323364257812e-01
3.233101665973663330e-01
1.626728475093841553e-01
2.670529186725616455e-01
4.536211490631103516e-01
3.604896664619445801e-01
2.924201190471649170e-01
1.739630699157714844e-01
1.910908520221710205e-01
1.815283596515655518e-01
1.235747337341308594e-01
2.272206544876098633e-01
8.496518433094024658e-02
2.064514905214309692e-01
3.428467512130737305e-01
2.544050812721252441e-01
5.744401365518569946e-02
1.424971818923950195e-01
2.014528512954711914e-01
2.309893965721130371e-01
2.186016589403152466e-01
2.192099541425704956e-01
1.469603478908538818e-01
5.888466238975524902e-01
3.526175618171691895e-01
1.393600553274154663e-01
1.707761436700820923e-01
1.849715858697891235e-01
1.512689292430877686e-01
3.405089974403381348e-01
1.376136839389801025e-01
1.058633401989936829e-01
2.145579755306243896e-01
1.859592348337173462e-01
2.147468030452728271e-01
1.001462638378143311e-01
1.398182511329650879e-01
4.866386204957962036e-02
9.034218639135360718e-02
2.111944854259490967e-01
1.255141496658325195e-01
1.064739078283309937e-01
1.337151229381561279e-01
7.066047936677932739e-02
1.905176043510437012e-01
2.414278388023376465e-01
1.222281381487846375e-01
9.657684713602066040e-02
1.422059088945388794e-01
2.014338076114654541e-01
2.236344963312149048e-01
1.075556874275207520e-01
1.638208627700805664e-01
7.178510725498199463e-02
2.722045183181762695e-01
3.797689080238342285e-01
4.668113961815834045e-02
2.042538821697235107e-01
1.642730534076690674e-01
2.136983871459960938e-01
7.637469470500946045e-02
2.585809230804443359e-01
8.263079077005386353e-02
1.381773352622985840e-01
1.131080240011215210e-01
1.847191751003265381e-01
1.325505971908569336e-01
7.088979333639144897e-02
1.305021792650222778e-01
8.065791428089141846e-02
1.761676967144012451e-01
2.964251488447189331e-02
4.194375872611999512e-02
3.484746441245079041e-02
1.902855783700942993e-01
2.657774686813354492e-01
2.530230283737182617e-01
3.904588818550109863e-01
3.129632472991943359e-01
2.939315736293792725e-01
1.045571640133857727e-01
2.797400057315826416e-01
2.573293149471282959e-01
3.964172303676605225e-01
2.143567800521850586e-01
2.348160445690155029e-01
1.433190256357192993e-01
9.671249985694885254e-02
2.979297041893005371e-01
4.840912669897079468e-02
2.912939786911010742e-01
3.681201338768005371e-01
3.971772789955139160e-01
5.506892204284667969e-01
1.988631784915924072e-01
7.994730770587921143e-02
2.654022276401519775e-01
2.160959988832473755e-01
1.553950607776641846e-01
3.004374504089355469e-01
1.405897438526153564e-01
1.680683344602584839e-01
1.011398658156394958e-01
3.320450782775878906e-01
1.101102828979492188e-01
9.183397889137268066e-02
2.158191800117492676e-01
1.868508905172348022e-01
1.307641863822937012e-01
6.696915626525878906e-01
1.821467727422714233e-01
1.216982752084732056e-01
7.211670279502868652e-02
3.101637661457061768e-01
8.419835567474365234e-02
1.158718764781951904e-01
1.618592143058776855e-01
1.437872201204299927e-01
1.359018087387084961e-01
1.262045800685882568e-01
1.315463185310363770e-01
8.777339756488800049e-02
2.388231754302978516e-01
9.067420661449432373e-02
2.407713532447814941e-01
1.995625197887420654e-01
1.973595917224884033e-01
3.345127701759338379e-01
1.050941795110702515e-01
1.002336740493774414e-01
9.151206910610198975e-02
1.707380861043930054e-01
3.100104331970214844e-01
6.017763912677764893e-02
2.139503508806228638e-01
1.182423681020736694e-01
1.399528682231903076e-01
1.810206472873687744e-01
1.943059563636779785e-01
2.944215834140777588e-01
1.537660062313079834e-01
3.826036304235458374e-02
1.950847059488296509e-01
2.573445439338684082e-01
1.706702113151550293e-01
1.896027326583862305e-01
1.126343607902526855e-01
3.609052300453186035e-01
1.880851387977600098e-01
3.584748804569244385e-01
1.714605540037155151e-01
2.493187636137008667e-01
3.714450001716613770e-01
6.973395496606826782e-02
2.032074481248855591e-01
1.429457068443298340e-01
8.009068667888641357e-02
2.332165837287902832e-01
3.787977993488311768e-01
6.216778755187988281e-01
2.019641101360321045e-01
1.177001148462295532e-01
4.378597736358642578e-01
2.945726215839385986e-01
1.512336730957031250e-01
3.132942020893096924e-01
1.687107682228088379e-01
2.336792796850204468e-01
7.036841511726379395e-01
3.919525444507598877e-01
3.551875650882720947e-01
2.338897138833999634e-01
7.675696164369583130e-02
1.296463459730148315e-01
2.157745063304901123e-01
9.033245593309402466e-02
1.916967928409576416e-01
1.145910993218421936e-01
3.222799301147460938e-01
8.929581940174102783e-02
2.594481706619262695e-01
5.390410497784614563e-02
2.525464296340942383e-01
1.916903853416442871e-01
8.459623157978057861e-02
2.294591963291168213e-01
1.518194526433944702e-01
1.127787381410598755e-01
2.540017664432525635e-01
1.555715650320053101e-01
1.061715409159660339e-01
2.133021950721740723e-01
1.350859999656677246e-01
2.563031017780303955e-01
1.066658124327659607e-01
2.875689864158630371e-01
9.015753865242004395e-02
1.014026179909706116e-01
3.235829174518585205e-01
2.232808619737625122e-01
1.247939169406890869e-01
1.188138425350189209e-01
1.110097244381904602e-01
2.365300059318542480e-01
2.539875507354736328e-01
2.033212780952453613e-01
7.880208641290664673e-02
2.184782922267913818e-01
4.878906309604644775e-01
1.195141226053237915e-01
1.797654181718826294e-01
1.179727017879486084e-01
3.762015998363494873e-01
2.500196397304534912e-01
1.461865156888961792e-01
3.504517078399658203e-01
1.925974637269973755e-01
1.055590659379959106e-01
2.102902829647064209e-01
3.291343152523040771e-01
1.012806668877601624e-01
1.588520109653472900e-01
1.093849241733551025e-01
8.517120033502578735e-02
1.209940463304519653e-01
1.155588254332542419e-01
1.317586898803710938e-01
1.985457986593246460e-01
2.185569405555725098e-01
1.945951879024505615e-01
1.188146993517875671e-01
1.929224133491516113e-01
1.222919002175331116e-01
7.191057503223419189e-02
4.501499980688095093e-02
2.066167294979095459e-01
1.768962889909744263e-01
8.238574117422103882e-02
2.596099078655242920e-01
5.404973030090332031e-02
7.994504272937774658e-02
8.352432399988174438e-02
1.220851689577102661e-01
2.781021296977996826e-01
2.015714943408966064e-01
2.600390911102294922e-01
8.438196778297424316e-02
5.076652020215988159e-02
3.882952630519866943e-01
2.002676427364349365e-01
1.964327096939086914e-01
2.391629070043563843e-01
1.390264332294464111e-01
1.964036673307418823e-01
7.296292483806610107e-02
3.367707133293151855e-01
1.066766232252120972e-01
7.152978330850601196e-02
1.746821403503417969e-01
1.225393712520599365e-01
9.962084144353866577e-02
1.564643979072570801e-01
1.395475864410400391e-01
1.393308937549591064e-01
6.427125334739685059e-01
2.668952345848083496e-01
8.107060194015502930e-02
3.255249857902526855e-01
2.799199819564819336e-01
3.541045188903808594e-01
2.829814851284027100e-01
3.246605694293975830e-01
1.633080840110778809e-01
3.040849566459655762e-01
3.221559822559356689e-01
1.543805897235870361e-01
2.504009604454040527e-01
2.835102677345275879e-01
2.078425586223602295e-01
3.612326979637145996e-01
2.958225905895233154e-01
3.967679142951965332e-01
3.069591522216796875e-01
1.423369795083999634e-01
1.244107261300086975e-01
2.712961435317993164e-01
3.159082829952239990e-01
3.917999565601348877e-01
3.477000296115875244e-01
3.194209933280944824e-01
1.773745119571685791e-01
2.733254432678222656e-01
1.560031473636627197e-01
2.029540687799453735e-01
2.823436856269836426e-01
1.589592397212982178e-01
4.595620036125183105e-01
2.246347814798355103e-01
2.855604290962219238e-01
2.552987337112426758e-01
1.821608096361160278e-01
2.669092416763305664e-01
3.298288583755493164e-01
1.163205653429031372e-01
2.575237751007080078e-01
2.324619442224502563e-01
2.250673323869705200e-01
2.159931361675262451e-01
2.981300354003906250e-01
2.340175062417984009e-01
2.608675956726074219e-01
2.480466365814208984e-01
1.947571337223052979e-01
3.137343823909759521e-01
1.892922371625900269e-01
2.699186205863952637e-01
2.420351207256317139e-01
1.998142749071121216e-01
3.409780263900756836e-01
3.717628419399261475e-01
1.294427812099456787e-01
1.584078073501586914e-01
6.939474344253540039e-01
1.151699572801589966e-01
2.660702168941497803e-01
1.047550290822982788e-01
1.182291731238365173e-01
6.844177842140197754e-02
1.175001114606857300e-01
1.806074231863021851e-01
3.156941533088684082e-01
2.230952978134155273e-01
1.670868992805480957e-01
3.255355358123779297e-01
2.098025977611541748e-01
3.169385194778442383e-01
2.096779197454452515e-01
1.764918565750122070e-01
1.391155570745468140e-01
2.626290023326873779e-01
2.578057646751403809e-01
2.117403298616409302e-01
1.194178014993667603e-01
5.115693435072898865e-02
1.335685253143310547e-01
1.098169237375259399e-01
1.716439723968505859e-01
3.011406064033508301e-01
3.290779590606689453e-01
6.942228972911834717e-02
3.114596009254455566e-01
2.135967612266540527e-01
4.979529082775115967e-01
2.906031012535095215e-01
4.979654252529144287e-01
1.546980440616607666e-01
1.516553610563278198e-01
3.825743198394775391e-01
3.934319615364074707e-01
1.966136991977691650e-01
3.991944193840026855e-01
2.019370049238204956e-01
1.629862934350967407e-01
2.249404788017272949e-01
2.056187540292739868e-01
3.178460896015167236e-01
3.353675603866577148e-01
2.041176706552505493e-01
1.074968725442886353e-01
2.440738081932067871e-01
1.593707799911499023e-01
2.253215163946151733e-01
4.090581536293029785e-01
1.203123331069946289e-01
1.133338958024978638e-01
1.906365454196929932e-01
1.455840170383453369e-01
8.733423799276351929e-02
4.985852837562561035e-01
1.300364583730697632e-01
1.396766602993011475e-01
2.281023263931274414e-01
2.848766446113586426e-01
1.265772581100463867e-01
2.897016406059265137e-01
7.902908325195312500e-02
3.693450689315795898e-01
1.174126639962196350e-01
2.026415467262268066e-01
3.081622719764709473e-01
1.134617403149604797e-01
1.398723125457763672e-01
3.453982770442962646e-01
2.730010747909545898e-01
2.130945324897766113e-01
3.070526719093322754e-01
2.896171808242797852e-01
2.029634267091751099e-01
1.570577919483184814e-01
1.562315225601196289e-01
2.436619699001312256e-01
1.181192547082901001e-01
8.227545768022537231e-02
2.850147783756256104e-01
3.309395909309387207e-01
2.160352766513824463e-01
2.502025365829467773e-01
4.786512255668640137e-02
2.278434038162231445e-01
2.713585495948791504e-01
2.497360706329345703e-01
4.510110020637512207e-01
1.427628695964813232e-01
3.900900185108184814e-01
2.351321429014205933e-01
1.896435767412185669e-01
4.502083361148834229e-01
3.168691992759704590e-01
1.449014097452163696e-01
1.985494792461395264e-01
1.728014945983886719e-01
1.353004574775695801e-01
3.450381755828857422e-01
1.670343577861785889e-01
7.653974741697311401e-02
1.673945188522338867e-01
1.301098465919494629e-01
1.489404588937759399e-01
2.625508904457092285e-01
1.715942472219467163e-01
1.150459647178649902e-01
3.366081714630126953e-01
7.330544292926788330e-02
6.672824919223785400e-02
2.670680284500122070e-01
3.593345880508422852e-01
7.989871501922607422e-02
2.626499533653259277e-01
3.833624720573425293e-01
2.191820293664932251e-01
1.980132758617401123e-01
3.265537917613983154e-01
2.439478933811187744e-01
1.183550283312797546e-01
2.820937037467956543e-01
2.592746019363403320e-01
1.818970441818237305e-01
2.871699333190917969e-01
1.442140489816665649e-01
9.973007440567016602e-02
1.042278856039047241e-01
2.466968894004821777e-01
9.115149080753326416e-02
1.706891208887100220e-01
8.373251557350158691e-02
3.108198940753936768e-01
1.351284980773925781e-01
3.866343498229980469e-01
3.981898128986358643e-01
3.748120665550231934e-01
3.973261713981628418e-01
1.523139327764511108e-01
3.316904604434967041e-01
4.371755123138427734e-01
3.074067831039428711e-01
2.228583395481109619e-01
5.731657743453979492e-01
1.716440916061401367e-01
9.670278429985046387e-02
4.947499334812164307e-01
2.827267646789550781e-01
5.066103488206863403e-02
2.626997828483581543e-01
3.503499627113342285e-01
2.922805547714233398e-01
3.394642472267150879e-01
2.058202177286148071e-01
3.596938252449035645e-01
2.516978979110717773e-01
1.266659349203109741e-01
2.179114669561386108e-01
8.957173675298690796e-02
1.468396782875061035e-01
3.671792745590209961e-01
2.526372671127319336e-01
1.420988440513610840e-01
3.033760190010070801e-01
3.400545120239257812e-01
3.972229361534118652e-01
1.526474356651306152e-01
3.326838314533233643e-01
2.018791437149047852e-01
2.983054518699645996e-01
4.246751666069030762e-01
3.527945578098297119e-01
2.247710973024368286e-01
4.386319220066070557e-01
2.067288309335708618e-01
1.932754516601562500e-01
1.081816703081130981e-01
2.453116327524185181e-01
4.799167215824127197e-01
2.035834193229675293e-01
3.060957193374633789e-01
7.409410178661346436e-02
2.434274554252624512e-01
2.734840512275695801e-01
4.485678374767303467e-01
2.878612875938415527e-01
1.886860132217407227e-01
1.576451957225799561e-01
1.709099709987640381e-01
1.577266454696655273e-01
2.833305299282073975e-01
2.823542654514312744e-01
3.110750019550323486e-01
1.842890381813049316e-01
1.910088956356048584e-01
2.374041974544525146e-01
2.105163484811782837e-01
1.168518960475921631e-01
1.385395228862762451e-01
4.430606365203857422e-01
2.240800261497497559e-01
1.049461439251899719e-01
2.940764725208282471e-01
1.709417104721069336e-01
1.400949358940124512e-01
1.560249328613281250e-01
3.340302109718322754e-01
2.562507092952728271e-01
2.199316322803497314e-01
5.045934915542602539e-01
4.055448770523071289e-01
2.473896443843841553e-01
2.924820780754089355e-01
2.309618294239044189e-01
1.739064455032348633e-01
4.792068004608154297e-01
1.870456933975219727e-01
2.662855982780456543e-01
7.389630079269409180e-01
6.075360625982284546e-02
3.102587461471557617e-01
3.259313702583312988e-01
2.302736937999725342e-01
1.502848863601684570e-01
1.485350877046585083e-01
3.016561567783355713e-01
2.437593340873718262e-01
3.102384209632873535e-01
2.021432816982269287e-01
1.994491517543792725e-01
3.538801372051239014e-01
2.694163322448730469e-01
2.597998976707458496e-01
5.860782042145729065e-02
1.486237198114395142e-01
1.408140659332275391e-01
1.169035509228706360e-01
1.689754277467727661e-01
1.929480731487274170e-01
6.187834218144416809e-02
2.195066511631011963e-01
3.066365718841552734e-01
1.627874374389648438e-01
1.386319547891616821e-01
2.731434404850006104e-01
2.885785996913909912e-01
1.789830327033996582e-01
8.730745315551757812e-02
1.388200521469116211e-01
1.655776798725128174e-01
3.563259243965148926e-01
1.107512861490249634e-01
1.034076362848281860e-01
1.376306861639022827e-01
7.786080986261367798e-02
1.994501948356628418e-01
4.055775701999664307e-01
5.308775976300239563e-02
2.772830724716186523e-01
2.406294047832489014e-01
2.398646026849746704e-01
1.702926605939865112e-01
3.235124349594116211e-01
2.148670256137847900e-01
2.997235953807830811e-01
4.421617388725280762e-01
3.762161731719970703e-01
3.191899955272674561e-01
2.214243412017822266e-01
1.703257560729980469e-01
4.231493473052978516e-01
2.805082201957702637e-01
3.461722731590270996e-01
1.073201298713684082e-01
2.013326585292816162e-01
9.025804698467254639e-02
1.957359910011291504e-01
1.870269775390625000e-01
2.259681522846221924e-01
9.083500504493713379e-02
1.099536865949630737e-01
4.180049523711204529e-02
4.193773120641708374e-02
5.731824040412902832e-02
9.189581871032714844e-02
2.619189620018005371e-01
2.416701316833496094e-01
3.263453841209411621e-01
6.182844564318656921e-02
1.150874197483062744e-01
9.755428880453109741e-02
2.037847638130187988e-01
1.719459593296051025e-01
1.328679621219635010e-01
9.408569335937500000e-02
2.122227400541305542e-01
2.383413612842559814e-01
1.157296970486640930e-01
4.231908544898033142e-02
2.675917744636535645e-01
6.875383108854293823e-02
2.326542139053344727e-01
3.191916644573211670e-01
4.453357309103012085e-02
1.815839409828186035e-01
3.412205278873443604e-01
2.301153987646102905e-01
1.793832927942276001e-01
3.266767859458923340e-01
1.486438512802124023e-01
9.864388406276702881e-02
1.723705530166625977e-01
1.900441646575927734e-01
2.764928340911865234e-01
1.575874239206314087e-01
5.747925490140914917e-02
6.067539006471633911e-02
3.700032830238342285e-01
1.621568351984024048e-01
1.656680256128311157e-01
3.315606117248535156e-01
4.665973782539367676e-01
8.826199918985366821e-02
1.725503355264663696e-01
1.837091445922851562e-01
2.454478591680526733e-01
1.648078262805938721e-01
2.242353558540344238e-01
1.502009034156799316e-01
2.256300300359725952e-01
1.428590863943099976e-01
2.669931650161743164e-01
