7.760512828826904297e-02
7.699461281299591064e-02
1.600301861763000488e-01
1.347372680902481079e-01
1.214885190129280090e-01
9.641307592391967773e-02
3.506642580032348633e-01
1.681976914405822754e-01
2.357402741909027100e-01
2.597248256206512451e-01
1.233698278665542603e-01
3.048325181007385254e-01
1.129813641309738159e-01
3.197092413902282715e-01
1.819033771753311157e-01
4.458376392722129822e-02
1.834439486265182495e-01
1.438268572092056274e-01
5.635843798518180847e-02
1.311857998371124268e-01
3.225197196006774902e-01
4.993390291929244995e-02
1.194873005151748657e-01
2.765504121780395508e-01
1.371725201606750488e-01
2.743070721626281738e-01
4.009273648262023926e-02
1.423742920160293579e-01
1.645473837852478027e-01
1.148277968168258667e-01
2.504343986511230469e-01
9.981207549571990967e-02
1.198159679770469666e-01
3.342339396476745605e-01
1.070135980844497681e-01
9.216114878654479980e-02
8.496977388858795166e-02
9.391035884618759155e-02
5.992210656404495239e-02
6.691616028547286987e-02
3.131791055202484131e-01
1.246199607849121094e-01
1.898234635591506958e-01
2.569189369678497314e-01
1.369610726833343506e-01
1.268025338649749756e-01
1.524571478366851807e-01
2.688185572624206543e-01
4.709262028336524963e-02
2.906824648380279541e-01
1.716204583644866943e-01
1.573918610811233521e-01
8.078862726688385010e-02
6.955435872077941895e-02
2.680441141128540039e-01
2.589508295059204102e-01
1.036264896392822266e-01
3.924987316131591797e-01
5.323840305209159851e-02
1.300856024026870728e-01
1.069716960191726685e-01
7.799772173166275024e-02
1.739134192466735840e-01
2.743929624557495117e-01
3.265671730041503906e-01
1.318004131317138672e-01
1.605909168720245361e-01
1.656176447868347168e-01
1.883504986763000488e-01
1.280876696109771729e-01
2.212049663066864014e-01
1.402011513710021973e-01
1.131803691387176514e-01
1.485417187213897705e-01
1.800100058317184448e-01
2.151764631271362305e-01
1.087286025285720825e-01
2.086407095193862915e-01
7.119174301624298096e-02
7.233356684446334839e-02
1.920859366655349731e-01
1.633877456188201904e-01
1.255033016204833984e-01
1.131783574819564819e-01
1.540775746107101440e-01
1.583883017301559448e-01
1.315959692001342773e-01
1.751148700714111328e-01
3.224367499351501465e-01
3.665679693222045898e-01
6.558701395988464355e-02
1.049603670835494995e-01
1.618008613586425781e-01
7.476252317428588867e-02
1.542541682720184326e-01
1.842467784881591797e-01
4.314880073070526123e-02
1.159767955541610718e-01
1.295462399721145630e-01
2.320949137210845947e-01
2.621734142303466797e-01
6.987254321575164795e-02
1.645287126302719116e-01
7.376134395599365234e-02
1.608592867851257324e-01
2.859427332878112793e-01
3.771965578198432922e-02
1.148778572678565979e-01
1.737367063760757446e-01
1.339707076549530029e-01
2.435175776481628418e-01
6.740587204694747925e-02
1.224825829267501831e-01
3.215947002172470093e-02
1.230410486459732056e-01
2.390274256467819214e-01
3.334479331970214844e-01
1.063586175441741943e-01
9.896353632211685181e-02
6.833411753177642822e-02
2.084327042102813721e-01
6.353738903999328613e-02
2.989584803581237793e-01
5.781007185578346252e-02
3.875756263732910156e-02
9.328909218311309814e-02
3.067076802253723145e-01
3.177591562271118164e-01
2.161698937416076660e-01
3.816811740398406982e-02
1.874976158142089844e-01
2.675365507602691650e-01
1.647194027900695801e-01
2.451840341091156006e-01
2.159489393234252930e-01
1.791956126689910889e-01
7.687247544527053833e-02
2.018261551856994629e-01
5.263587087392807007e-02
1.452781260013580322e-01
7.284252345561981201e-02
1.334280967712402344e-01
3.501946628093719482e-01
6.119179725646972656e-02
1.979094147682189941e-01
2.381501495838165283e-01
2.200558781623840332e-01
1.576356887817382812e-01
2.380576282739639282e-01
1.343469172716140747e-01
1.357103884220123291e-01
5.145516991615295410e-02
5.315399914979934692e-02
1.001063138246536255e-01
2.134569287300109863e-01
2.152013480663299561e-01
2.317919284105300903e-01
3.658496737480163574e-01
1.087720394134521484e-01
1.691543012857437134e-01
9.136447310447692871e-02
8.529877662658691406e-02
1.236803233623504639e-01
8.390159159898757935e-02
3.542166352272033691e-01
1.528170853853225708e-01
3.692922592163085938e-01
7.885688543319702148e-02
1.531562805175781250e-01
3.639194741845130920e-02
3.453495204448699951e-01
1.963958889245986938e-01
2.770639061927795410e-01
2.269083261489868164e-01
9.765706211328506470e-02
1.632382422685623169e-01
2.423311769962310791e-01
3.314076662063598633e-01
2.498374879360198975e-01
2.685174345970153809e-01
2.224081456661224365e-01
1.171977370977401733e-01
2.167332172393798828e-01
2.861386239528656006e-01
3.256700038909912109e-01
3.251960277557373047e-01
4.854679107666015625e-01
4.151399135589599609e-01
3.077450692653656006e-01
1.600079536437988281e-01
1.923110038042068481e-01
7.969081401824951172e-02
1.507028192281723022e-01
1.704669594764709473e-01
2.368001937866210938e-01
2.267331033945083618e-01
8.939407020807266235e-02
2.205134928226470947e-01
2.645969688892364502e-01
1.808308064937591553e-01
7.576695084571838379e-02
1.110854074358940125e-01
1.129396557807922363e-01
7.928356528282165527e-02
1.867689341306686401e-01
1.746022403240203857e-01
2.205278575420379639e-01
3.677547574043273926e-01
2.156170308589935303e-01
6.250220537185668945e-02
1.046577766537666321e-01
1.551564633846282959e-01
1.681198626756668091e-01
1.034985706210136414e-01
9.355489164590835571e-02
7.610548287630081177e-02
1.592518985271453857e-01
2.618803381919860840e-01
9.808843582868576050e-02
2.251509279012680054e-01
2.112587094306945801e-01
1.258374601602554321e-01
7.012226432561874390e-02
1.233596652746200562e-01
5.601683259010314941e-02
1.852065473794937134e-01
1.945399194955825806e-01
1.052862852811813354e-01
2.289259433746337891e-01
2.578428685665130615e-01
1.965204477310180664e-01
9.258437901735305786e-02
3.031523227691650391e-01
2.868959307670593262e-01
2.473573088645935059e-01
2.050684839487075806e-01
8.006525784730911255e-02
2.112098634243011475e-01
8.537583798170089722e-02
8.502105623483657837e-02
3.477150499820709229e-01
2.174446284770965576e-01
1.497126221656799316e-01
9.723115712404251099e-02
1.057457104325294495e-01
2.347372621297836304e-01
1.147406175732612610e-01
8.726416528224945068e-02
2.234188914299011230e-01
4.314120411872863770e-01
1.625397503376007080e-01
1.694652289152145386e-01
4.651279747486114502e-02
2.301720529794692993e-01
1.062676757574081421e-01
1.760357618331909180e-01
1.922141760587692261e-02
2.824894189834594727e-01
1.145469769835472107e-01
1.523540075868368149e-02
2.145791351795196533e-01
5.243444442749023438e-01
1.412963271141052246e-01
3.060399293899536133e-01
2.446423470973968506e-01
5.515518039464950562e-02
1.964267492294311523e-01
2.609465122222900391e-01
6.465628743171691895e-02
6.529841572046279907e-02
1.745234578847885132e-01
8.626239001750946045e-02
9.818164259195327759e-02
1.246701329946517944e-01
2.620792984962463379e-01
2.577993869781494141e-01
3.091523051261901855e-01
1.525428146123886108e-01
2.003991007804870605e-01
1.259374320507049561e-01
4.032980650663375854e-02
2.377761304378509521e-01
1.416488587856292725e-01
5.796682834625244141e-01
1.856926381587982178e-01
7.814479619264602661e-02
3.525536060333251953e-01
1.491190493106842041e-01
1.051756516098976135e-01
2.044058740139007568e-01
7.796102762222290039e-02
1.995160281658172607e-01
9.743455797433853149e-02
3.708584606647491455e-01
1.003214418888092041e-01
1.149672195315361023e-01
8.507996797561645508e-02
1.211735978722572327e-01
3.345467448234558105e-01
8.745009452104568481e-02
2.369654029607772827e-01
3.262646794319152832e-01
1.290268003940582275e-01
9.198532253503799438e-02
7.814981788396835327e-02
2.348661869764328003e-01
1.458412408828735352e-01
2.509446740150451660e-01
1.436872184276580811e-01
3.627707362174987793e-01
3.519769310951232910e-01
2.549595832824707031e-01
2.870851457118988037e-01
1.614783108234405518e-01
1.420451700687408447e-01
2.109582424163818359e-01
6.464704126119613647e-02
1.011690497398376465e-01
1.571416854858398438e-01
1.093884259462356567e-01
1.849806308746337891e-01
4.429208040237426758e-01
2.324306666851043701e-01
1.744714379310607910e-01
9.055831283330917358e-02
2.856893539428710938e-01
2.945694327354431152e-01
1.727761924266815186e-01
1.626882553100585938e-01
2.997415065765380859e-01
1.624231487512588501e-01
1.227951422333717346e-01
2.219074964523315430e-01
9.770327806472778320e-02
1.420141756534576416e-01
3.045233190059661865e-01
2.738503217697143555e-01
1.919425576925277710e-01
1.229885742068290710e-01
1.219552904367446899e-01
7.247538864612579346e-02
1.490497589111328125e-01
1.479334384202957153e-01
1.050524115562438965e-01
1.737824976444244385e-01
3.925629258155822754e-01
2.308590412139892578e-01
3.268643915653228760e-01
1.253768950700759888e-01
1.601250767707824707e-01
1.055648401379585266e-01
8.526309579610824585e-02
9.314745664596557617e-02
1.326387226581573486e-01
2.083539813756942749e-01
1.681167036294937134e-01
8.056186139583587646e-02
1.368357539176940918e-01
8.163286000490188599e-02
5.194737762212753296e-02
1.859472244977951050e-01
1.296467930078506470e-01
1.490020751953125000e-01
2.997611761093139648e-01
2.845834195613861084e-01
1.047887578606605530e-01
1.817486137151718140e-01
3.088992238044738770e-01
1.403257399797439575e-01
3.467208743095397949e-01
1.921571493148803711e-01
1.275478601455688477e-01
2.948433160781860352e-01
1.215621307492256165e-01
1.652781665325164795e-01
3.844457864761352539e-01
2.745789103209972382e-02
6.589125096797943115e-02
2.045338749885559082e-01
3.396775126457214355e-01
3.622124493122100830e-01
5.944985151290893555e-01
2.798963785171508789e-01
3.383395075798034668e-01
3.055839538574218750e-01
4.176880717277526855e-01
3.290466070175170898e-01
1.979875564575195312e-01
7.272323966026306152e-02
2.117456793785095215e-01
1.303468793630599976e-01
1.360844969749450684e-01
1.764826923608779907e-01
1.560527086257934570e-01
1.391817331314086914e-01
1.848624944686889648e-01
4.620016217231750488e-01
2.198595404624938965e-01
1.243029460310935974e-01
1.859411001205444336e-01
1.378642767667770386e-01
2.342381030321121216e-01
2.253718674182891846e-01
2.977515459060668945e-01
1.795806437730789185e-01
5.421224236488342285e-02
2.102181911468505859e-01
2.377026975154876709e-01
3.509918153285980225e-01
3.269738256931304932e-01
3.700725734233856201e-01
2.236417680978775024e-01
1.217199191451072693e-01
1.931017637252807617e-01
1.171437799930572510e-01
2.008245885372161865e-01
2.745343744754791260e-01
1.970922797918319702e-01
1.265296190977096558e-01
1.394068896770477295e-01
1.891759037971496582e-01
2.504563927650451660e-01
4.492805153131484985e-02
3.210754990577697754e-01
2.626982331275939941e-01
2.392758429050445557e-01
1.722991317510604858e-01
1.921497136354446411e-01
2.041750997304916382e-01
1.812619864940643311e-01
1.373693048954010010e-01
2.403311133384704590e-01
2.826549112796783447e-01
1.362753212451934814e-01
1.526548862457275391e-01
2.839964628219604492e-01
3.714388906955718994e-01
2.331456691026687622e-01
1.622505784034729004e-01
2.926209270954132080e-01
2.368358373641967773e-01
1.627719700336456299e-01
1.974835693836212158e-01
1.181797683238983154e-01
2.476436495780944824e-01
2.428469359874725342e-01
1.872119605541229248e-01
7.434237748384475708e-02
1.401246190071105957e-01
4.980712383985519409e-02
1.276961714029312134e-01
5.374713987112045288e-02
2.256002724170684814e-01
1.522948294878005981e-01
1.547976434230804443e-01
2.085357755422592163e-01
2.485633790493011475e-01
1.215176507830619812e-01
8.639759570360183716e-02
9.468217194080352783e-02
2.125735431909561157e-01
2.583394944667816162e-01
6.294868141412734985e-02
9.507568180561065674e-02
1.231750845909118652e-01
1.122081130743026733e-01
1.282500922679901123e-01
2.219290733337402344e-01
2.683185935020446777e-01
3.416652977466583252e-02
3.440160155296325684e-01
1.407076716423034668e-01
2.771829366683959961e-01
2.084342241287231445e-01
1.017571240663528442e-01
1.045413687825202942e-01
1.370838284492492676e-01
3.474911749362945557e-01
9.305663406848907471e-02
2.774329483509063721e-01
2.919646799564361572e-01
4.136875271797180176e-01
2.492051422595977783e-01
3.827973604202270508e-01
7.960812747478485107e-02
1.725921332836151123e-01
4.693385213613510132e-02
9.634763002395629883e-02
1.526557207107543945e-01
7.548557221889495850e-02
8.206254243850708008e-02
1.535037010908126831e-01
6.994999945163726807e-02
2.377038598060607910e-01
3.148339390754699707e-01
1.155576631426811218e-01
1.955914348363876343e-01
3.184541761875152588e-01
2.472879886627197266e-01
3.346389532089233398e-01
9.374000132083892822e-02
2.890281677246093750e-01
1.728919148445129395e-01
1.497770994901657104e-01
1.175752580165863037e-01
2.260855734348297119e-01
1.423636078834533691e-01
3.092400431632995605e-01
2.213568985462188721e-01
1.970914006233215332e-01
1.105375885963439941e-01
8.679286390542984009e-02
9.120537340641021729e-02
3.151034712791442871e-01
1.628363728523254395e-01
2.392371594905853271e-01
1.508981883525848389e-01
1.760730892419815063e-01
1.732107102870941162e-01
5.736323818564414978e-02
1.118694022297859192e-01
2.090502828359603882e-01
1.014132201671600342e-01
2.618234455585479736e-01
1.990129649639129639e-01
2.172457277774810791e-01
1.562813967466354370e-01
1.956262588500976562e-01
1.671051681041717529e-01
1.255936026573181152e-01
2.121090590953826904e-01
5.738317966461181641e-02
3.020337224006652832e-01
2.606105804443359375e-01
1.290207654237747192e-01
3.198005259037017822e-01
1.771819889545440674e-01
2.099499255418777466e-01
2.137236595153808594e-01
9.745377302169799805e-02
1.820755600929260254e-01
4.831274151802062988e-01
2.073585838079452515e-01
3.418006896972656250e-01
1.059073880314826965e-01
3.914987146854400635e-01
3.409339785575866699e-01
3.002378940582275391e-01
9.897946566343307495e-02
1.805561035871505737e-01
3.592023253440856934e-01
4.092400670051574707e-01
5.684975385665893555e-01
2.329846620559692383e-01
2.939780056476593018e-01
1.086349487304687500e-01
2.762826085090637207e-01
1.555850505828857422e-01
1.931405067443847656e-01
2.132456004619598389e-01
1.839254200458526611e-01
4.615658149123191833e-02
1.757192015647888184e-01
1.593930572271347046e-01
1.733019798994064331e-01
1.112894862890243530e-01
1.526575535535812378e-01
2.659796476364135742e-01
2.737981975078582764e-01
1.929080188274383545e-01
8.842422068119049072e-02
9.062719345092773438e-02
2.140900045633316040e-01
1.674056798219680786e-01
2.114216983318328857e-01
3.034793734550476074e-01
7.742993533611297607e-02
2.524001598358154297e-01
6.028428301215171814e-02
3.336475193500518799e-01
1.022319048643112183e-01
2.244923710823059082e-01
1.461182534694671631e-01
1.011952459812164307e-01
1.608012020587921143e-01
8.561853319406509399e-02
2.431616783142089844e-01
9.182889759540557861e-02
9.761710464954376221e-02
4.219249188899993896e-01
1.654913723468780518e-01
1.932737976312637329e-01
3.476601541042327881e-01
6.382788717746734619e-02
1.284232437610626221e-01
6.923457980155944824e-01
9.499184042215347290e-02
2.374591380357742310e-01
1.958500146865844727e-01
2.729362547397613525e-01
1.577923595905303955e-01
8.353787660598754883e-02
1.338352113962173462e-01
1.926991194486618042e-01
7.612583041191101074e-02
3.510501086711883545e-01
6.425750255584716797e-02
4.391363635659217834e-02
1.621065735816955566e-01
3.373726904392242432e-01
3.888099193572998047e-01
2.393099814653396606e-01
7.931829690933227539e-01
2.315400540828704834e-01
4.604821205139160156e-01
1.586187034845352173e-01
2.217741906642913818e-01
2.117091119289398193e-01
2.174476683139801025e-01
2.494600117206573486e-01
1.884835064411163330e-01
2.753344774246215820e-01
1.102731227874755859e-01
4.583346247673034668e-01
1.985873132944107056e-01
1.414842158555984497e-01
3.604607582092285156e-01
3.277093768119812012e-01
1.821571588516235352e-01
4.017301201820373535e-01
1.013494729995727539e-01
2.129016816616058350e-01
9.591297805309295654e-02
3.481339812278747559e-01
2.058350443840026855e-01
2.358154505491256714e-01
1.638020128011703491e-01
1.680137962102890015e-01
3.993850052356719971e-01
1.583314090967178345e-01
2.343447655439376831e-01
1.618492156267166138e-01
1.063824221491813660e-01
1.555575132369995117e-01
2.788672447204589844e-01
1.430714428424835205e-01
1.360892951488494873e-01
3.508279919624328613e-01
2.417639195919036865e-01
3.719342350959777832e-01
5.593726783990859985e-02
4.394918978214263916e-01
2.824309468269348145e-01
1.062601432204246521e-01
1.885439157485961914e-01
1.074856817722320557e-01
3.242795169353485107e-01
2.671757936477661133e-01
9.595349431037902832e-02
1.270706504583358765e-01
1.758154332637786865e-01
4.530555382370948792e-02
1.297597587108612061e-01
1.837649941444396973e-01
1.667000651359558105e-01
1.941839754581451416e-01
4.482290148735046387e-01
1.309183537960052490e-01
2.185234129428863525e-01
2.482458353042602539e-01
1.826192885637283325e-01
2.082300335168838501e-01
1.219224780797958374e-01
1.050402820110321045e-01
1.933036446571350098e-01
1.646544039249420166e-01
1.392659395933151245e-01
2.795245647430419922e-01
1.258839219808578491e-01
2.402175664901733398e-01
1.560052186250686646e-01
1.571433991193771362e-01
2.325915098190307617e-01
2.645078301429748535e-01
4.197701066732406616e-02
2.340194731950759888e-01
2.128278762102127075e-01
7.907193154096603394e-02
2.527804076671600342e-01
7.165993750095367432e-02
1.601224839687347412e-01
9.573604911565780640e-02
2.066256999969482422e-01
1.289204061031341553e-01
2.950454354286193848e-01
9.094429761171340942e-02
4.304443597793579102e-01
1.103114560246467590e-01
4.560675323009490967e-01
1.053005903959274292e-01
1.263994276523590088e-01
1.378830671310424805e-01
4.466907083988189697e-01
1.148186922073364258e-01
2.025758922100067139e-01
2.196790426969528198e-01
2.454655915498733521e-01
3.253938257694244385e-01
1.458903551101684570e-01
3.578690886497497559e-01
1.006430238485336304e-01
2.201838195323944092e-01
1.120112836360931396e-01
3.879324495792388916e-01
4.283210635185241699e-01
2.487043142318725586e-01
2.725403904914855957e-01
2.115156054496765137e-01
2.222790122032165527e-01
3.506609201431274414e-01
1.479996591806411743e-01
4.543494805693626404e-02
1.333692073822021484e-01
2.621322274208068848e-01
3.884682357311248779e-01
3.488985896110534668e-01
2.409749627113342285e-01
4.181506633758544922e-01
2.325366735458374023e-01
2.181445360183715820e-01
2.591636180877685547e-01
2.623887360095977783e-01
2.224250137805938721e-01
2.639682888984680176e-01
7.282940298318862915e-02
1.931406557559967041e-01
2.752472758293151855e-01
2.664884626865386963e-01
2.163695693016052246e-01
1.037619933485984802e-01
1.881097406148910522e-01
1.496771275997161865e-01
2.909485101699829102e-01
1.206096410751342773e-01
2.280231118202209473e-01
1.350286602973937988e-01
2.217906713485717773e-01
1.855638474225997925e-01
2.025140076875686646e-01
2.319356203079223633e-01
3.066747784614562988e-01
3.260523080825805664e-01
2.064512670040130615e-01
9.897576272487640381e-02
2.233739495277404785e-01
2.005901485681533813e-01
1.143499091267585754e-01
1.763105392456054688e-01
1.620478630065917969e-01
1.505629718303680420e-01
2.471934109926223755e-01
2.049967944622039795e-01
5.466207265853881836e-01
2.267713546752929688e-01
1.500384509563446045e-01
1.458609551191329956e-01
1.033409759402275085e-01
1.240505725145339966e-01
2.198934853076934814e-01
1.801361143589019775e-01
7.028813660144805908e-02
1.096858382225036621e-01
2.272883057594299316e-01
9.662129729986190796e-02
1.761018633842468262e-01
1.145978048443794250e-01
1.940018981695175171e-01
1.415210217237472534e-01
2.710976600646972656e-01
1.834331899881362915e-01
2.542581558227539062e-01
4.370155930519104004e-01
1.931746304035186768e-01
3.218274116516113281e-01
1.900594383478164673e-01
4.404608011245727539e-01
8.955271542072296143e-02
4.865497648715972900e-01
2.018242776393890381e-01
2.059108018875122070e-01
3.859733343124389648e-01
3.057545125484466553e-01
3.893011212348937988e-01
2.983131408691406250e-01
1.643716394901275635e-01
1.493440866470336914e-01
3.689191490411758423e-02
8.728945255279541016e-02
1.779665499925613403e-01
1.234632730484008789e-01
1.456838697195053101e-01
2.810620889067649841e-02
1.949191093444824219e-01
1.427815705537796021e-01
2.434128969907760620e-01
2.503380775451660156e-01
1.652227491140365601e-01
9.597876667976379395e-02
1.190570741891860962e-01
9.410622715950012207e-02
3.173848390579223633e-01
1.292452663183212280e-01
1.930834650993347168e-01
2.701759636402130127e-01
1.561949104070663452e-01
2.316069006919860840e-01
4.231821894645690918e-01
1.814131885766983032e-01
1.535731554031372070e-01
2.944805026054382324e-01
1.728490591049194336e-01
1.723407655954360962e-01
2.514376640319824219e-01
2.056455761194229126e-01
1.964171975851058960e-01
3.772506117820739746e-01
4.495527446269989014e-01
2.257080227136611938e-01
2.410580217838287354e-01
2.873033285140991211e-01
2.121628969907760620e-01
2.656442821025848389e-01
2.095155864953994751e-01
2.555722296237945557e-01
2.532592415809631348e-01
2.199164927005767822e-01
1.523505300283432007e-01
1.083194687962532043e-01
2.059920132160186768e-01
1.612691581249237061e-01
9.587890654802322388e-02
2.532753348350524902e-01
1.737969815731048584e-01
2.611284255981445312e-01
1.753697842359542847e-01
3.760583996772766113e-01
1.959310770034790039e-01
1.308376491069793701e-01
6.107452139258384705e-02
2.537435293197631836e-01
1.919010579586029053e-01
3.869289159774780273e-01
2.425324916839599609e-01
1.524669975042343140e-01
1.799764782190322876e-01
1.946512013673782349e-01
2.944965362548828125e-01
2.077036798000335693e-01
1.950057446956634521e-01
1.715902388095855713e-01
2.143995463848114014e-01
4.459085166454315186e-01
2.024429440498352051e-01
1.219790354371070862e-01
6.666537374258041382e-02
3.560886979103088379e-01
1.281865835189819336e-01
8.232708275318145752e-02
9.201146662235260010e-02
9.644767642021179199e-02
3.171129524707794189e-01
1.258593052625656128e-01
3.391342759132385254e-01
4.305054545402526855e-01
5.855000764131546021e-02
1.031617969274520874e-01
3.329728245735168457e-01
1.999065279960632324e-01
8.788394927978515625e-02
1.920832097530364990e-01
8.012954890727996826e-02
1.543664336204528809e-01
1.081143245100975037e-01
8.989621698856353760e-02
2.058575302362442017e-01
2.098669111728668213e-01
2.334400564432144165e-01
1.576350927352905273e-01
1.676686704158782959e-01
5.721294879913330078e-01
1.544623076915740967e-01
1.000129804015159607e-01
2.683935165405273438e-01
3.995321989059448242e-01
1.764581203460693359e-01
1.250152140855789185e-01
2.220686823129653931e-01
1.419039219617843628e-01
2.455007880926132202e-01
1.562543213367462158e-01
2.376168072223663330e-01
2.130120694637298584e-01
2.826660871505737305e-01
2.463945448398590088e-01
1.701790541410446167e-01
2.236578315496444702e-01
1.820337325334548950e-01
2.594778537750244141e-01
4.117284417152404785e-01
2.257472425699234009e-01
1.009756773710250854e-01
9.065751731395721436e-02
2.360585033893585205e-01
1.141366362571716309e-01
3.884982764720916748e-01
1.716621816158294678e-01
1.103964298963546753e-01
1.165946722030639648e-01
1.921437084674835205e-01
2.185562103986740112e-01
2.795310318470001221e-01
1.168336048722267151e-01
1.627122312784194946e-01
9.242661297321319580e-02
1.954557001590728760e-01
7.541806697845458984e-01
5.068320780992507935e-02
1.669630259275436401e-01
2.555581331253051758e-01
2.018789052963256836e-01
3.328017592430114746e-01
2.350513935089111328e-01
2.307028174400329590e-01
1.878376901149749756e-01
1.125777512788772583e-01
1.024853438138961792e-01
7.699368894100189209e-02
6.618595868349075317e-02
2.028945833444595337e-01
1.268714666366577148e-01
7.752168923616409302e-02
4.615203738212585449e-01
1.861825287342071533e-01
1.774530410766601562e-01
1.279331147670745850e-01
2.710542678833007812e-01
2.027512490749359131e-01
2.640504539012908936e-01
1.769080907106399536e-01
2.821221947669982910e-01
2.377896904945373535e-01
5.575926974415779114e-02
2.919094562530517578e-01
2.406288534402847290e-01
1.771857291460037231e-01
2.677345275878906250e-01
1.621942073106765747e-01
1.942834556102752686e-01
2.435046732425689697e-01
1.150738894939422607e-01
2.509085834026336670e-01
9.350904822349548340e-02
3.145880103111267090e-01
2.789836525917053223e-01
2.981129884719848633e-01
1.441143751144409180e-01
1.044826507568359375e-01
2.142039984464645386e-01
1.654165983200073242e-01
4.934717416763305664e-01
2.051678299903869629e-01
3.342664837837219238e-01
9.726586937904357910e-02
2.226277738809585571e-01
1.333106011152267456e-01
1.928517967462539673e-01
3.931315541267395020e-01
4.775433242321014404e-02
1.591382622718811035e-01
2.349133193492889404e-01
2.903015613555908203e-01
1.307789683341979980e-01
1.814431548118591309e-01
3.655074536800384521e-01
3.029436171054840088e-01
1.412748694419860840e-01
2.430492639541625977e-01
1.216380149126052856e-01
6.407246738672256470e-02
9.919986873865127563e-02
1.519933491945266724e-01
2.129576951265335083e-01
2.047364115715026855e-01
9.735146164894104004e-02
2.114022225141525269e-01
1.335143595933914185e-01
4.053867980837821960e-02
3.336444199085235596e-01
1.181725636124610901e-01
3.159485161304473877e-01
2.256311178207397461e-01
1.505773812532424927e-01
1.768799126148223877e-01
2.005008161067962646e-01
9.685793519020080566e-02
9.246333688497543335e-02
4.855753108859062195e-02
1.123661994934082031e-01
2.333060503005981445e-01
1.320688724517822266e-01
1.446157991886138916e-01
7.742352783679962158e-02
1.848259270191192627e-01
2.969608604907989502e-01
9.539852291345596313e-02
4.218004345893859863e-01
1.771282553672790527e-01
3.482274413108825684e-01
2.661288678646087646e-01
1.408221125602722168e-01
1.856942772865295410e-01
1.354954242706298828e-01
2.022309452295303345e-01
2.299483567476272583e-01
2.785615324974060059e-01
1.758084446191787720e-01
1.418666690587997437e-01
9.349053353071212769e-02
1.790071725845336914e-01
1.879600733518600464e-01
2.169561982154846191e-01
1.860578954219818115e-01
1.719563603401184082e-01
1.366399675607681274e-01
5.355096235871315002e-02
1.477257609367370605e-01
9.562561661005020142e-02
8.772367238998413086e-02
1.533116847276687622e-01
8.108133822679519653e-02
1.125263646245002747e-01
2.802457213401794434e-01
2.638198733329772949e-01
5.159306526184082031e-02
9.778586775064468384e-02
1.178697049617767334e-01
1.379213333129882812e-01
1.959306746721267700e-01
3.403260111808776855e-01
7.227695733308792114e-02
1.996521800756454468e-01
8.032410591840744019e-02
4.229844510555267334e-01
2.064212560653686523e-01
1.122363954782485962e-01
2.548555731773376465e-01
2.099882811307907104e-01
1.426823735237121582e-01
1.488868594169616699e-01
2.466259300708770752e-01
1.553336232900619507e-01
2.943806946277618408e-01
1.396122425794601440e-01
2.615561485290527344e-01
6.968290358781814575e-02
1.659589707851409912e-01
1.543314158916473389e-01
3.274357616901397705e-01
3.565349578857421875e-01
1.447045356035232544e-01
1.274478733539581299e-01
4.152584820985794067e-02
2.915720343589782715e-01
1.970030367374420166e-01
7.497029006481170654e-02
2.577826678752899170e-01
9.400376677513122559e-02
9.061458706855773926e-02
2.533135414123535156e-01
1.283439546823501587e-01
1.467331200838088989e-01
8.822567760944366455e-02
1.723162084817886353e-01
6.895509362220764160e-02
3.600785732269287109e-01
1.295868158340454102e-01
1.287366151809692383e-01
1.497255265712738037e-01
1.609423756599426270e-01
2.282297313213348389e-01
9.370276331901550293e-02
1.765663027763366699e-01
7.589223980903625488e-02
2.301105856895446777e-01
1.398364156484603882e-01
5.691506341099739075e-02
2.106030881404876709e-01
7.106643915176391602e-02
5.179073661565780640e-02
1.059348434209823608e-01
2.056083530187606812e-01
4.419957846403121948e-02
2.077158987522125244e-01
1.029198616743087769e-01
2.422752380371093750e-01
2.133423984050750732e-01
6.205551326274871826e-02
1.740571856498718262e-01
1.753399670124053955e-01
2.693392038345336914e-01
2.246999144554138184e-01
3.207612335681915283e-01
7.085810601711273193e-02
1.250555962324142456e-01
1.796021759510040283e-01
3.115655183792114258e-01
2.063970118761062622e-01
2.168924361467361450e-01
1.200482994318008423e-01
1.061594337224960327e-01
3.135662972927093506e-01
8.429737389087677002e-02
1.190082728862762451e-01
7.294058054685592651e-02
1.171919479966163635e-01
3.098610341548919678e-01
3.113889321684837341e-02
3.610858321189880371e-01
2.796179056167602539e-01
3.531887531280517578e-01
1.079201400279998779e-01
1.570134609937667847e-01
4.056176543235778809e-01
1.673793196678161621e-01
2.663611173629760742e-01
1.851029843091964722e-01
2.454959750175476074e-01
8.587658405303955078e-02
1.369336545467376709e-01
2.571182548999786377e-01
1.622505784034729004e-01
7.130855321884155273e-02
2.597655653953552246e-01
2.344196140766143799e-01
7.681926339864730835e-02
1.005150973796844482e-01
3.881715536117553711e-01
1.284769177436828613e-01
6.257934868335723877e-02
1.763599961996078491e-01
3.416214287281036377e-01
3.412390351295471191e-01
2.558654248714447021e-01
1.757810413837432861e-01
2.911582589149475098e-01
4.103345274925231934e-01
3.775786757469177246e-01
1.430898904800415039e-01
1.754908263683319092e-01
3.174196779727935791e-01
3.026687502861022949e-01
3.389596045017242432e-01
2.611684799194335938e-01
2.696851491928100586e-01
3.149572387337684631e-02
3.092887401580810547e-01
1.129796802997589111e-01
2.257290184497833252e-01
3.698765337467193604e-01
2.973994910717010498e-01
4.530901312828063965e-01
5.028032064437866211e-01
1.973168402910232544e-01
3.405269384384155273e-01
9.660509228706359863e-02
2.821378111839294434e-01
2.012801170349121094e-01
2.916195988655090332e-01
3.227977156639099121e-01
1.141520887613296509e-01
1.911092996597290039e-01
3.071171343326568604e-01
2.216367870569229126e-01
3.790450096130371094e-02
2.014984488487243652e-01
4.349039196968078613e-01
1.181732788681983948e-01
2.475165575742721558e-01
2.851634621620178223e-01
1.315948367118835449e-01
3.587900996208190918e-01
3.165908455848693848e-01
1.274402439594268799e-01
2.589499354362487793e-01
4.316352307796478271e-01
1.013287529349327087e-01
2.810722589492797852e-01
2.565671503543853760e-01
1.217421814799308777e-01
2.597444653511047363e-01
1.232551634311676025e-01
2.095334231853485107e-01
1.870613545179367065e-01
2.317623794078826904e-01
1.831676363945007324e-01
1.365149021148681641e-01
2.351297289133071899e-01
1.034466698765754700e-01
1.889530420303344727e-01
1.928252875804901123e-01
8.663029968738555908e-02
1.093834862112998962e-01
2.256076037883758545e-01
2.305474579334259033e-01
2.522189617156982422e-01
3.364802598953247070e-01
1.938677728176116943e-01
1.452721059322357178e-01
3.058589696884155273e-01
1.701124161481857300e-01
4.828285798430442810e-02
1.395201385021209717e-01
1.230966374278068542e-01
1.001139432191848755e-01
2.314270734786987305e-01
2.081181108951568604e-01
1.481475830078125000e-01
6.568655371665954590e-02
4.057410061359405518e-01
3.553620576858520508e-01
1.437729895114898682e-01
9.001880884170532227e-02
1.715260893106460571e-01
1.314219534397125244e-01
5.425525456666946411e-02
6.437891721725463867e-02
1.060273572802543640e-01
1.060488075017929077e-01
2.979158163070678711e-01
3.028532266616821289e-01
2.829058766365051270e-01
5.705066397786140442e-02
2.428722679615020752e-01
3.096939623355865479e-01
1.323013901710510254e-01
6.020386815071105957e-01
