2.305533140897750854e-01
3.294061720371246338e-01
1.006539016962051392e-01
2.235305607318878174e-01
1.266384422779083252e-01
3.835983574390411377e-02
5.574882030487060547e-01
1.507857143878936768e-01
1.027937456965446472e-01
1.632607579231262207e-01
1.222737282514572144e-01
7.388839125633239746e-02
2.106893956661224365e-01
1.937112212181091309e-01
6.597259640693664551e-02
1.116260960698127747e-01
1.527797579765319824e-01
1.869270801544189453e-01
1.382789760828018188e-01
2.163650840520858765e-01
1.435435414314270020e-01
2.257356345653533936e-01
2.011235356330871582e-01
2.604594528675079346e-01
1.544578373432159424e-01
8.791544288396835327e-02
1.410294622182846069e-01
3.431436419486999512e-01
1.085219085216522217e-01
1.141694188117980957e-01
8.565776050090789795e-02
8.256877958774566650e-02
1.167527586221694946e-01
2.254051864147186279e-01
9.659601747989654541e-02
4.131484627723693848e-01
3.274491429328918457e-01
8.691097050905227661e-02
1.508865356445312500e-01
1.597622483968734741e-01
1.110206842422485352e-01
2.112995982170104980e-01
1.352770924568176270e-01
1.287306547164916992e-01
1.151289790868759155e-01
2.793568074703216553e-01
1.855608075857162476e-01
6.441348046064376831e-02
6.546512246131896973e-02
2.766517698764801025e-01
1.266983449459075928e-01
2.473790496587753296e-01
1.728958785533905029e-01
3.021342158317565918e-01
2.891960740089416504e-01
1.457836329936981201e-01
3.882304430007934570e-01
1.339028775691986084e-01
2.730964422225952148e-01
1.778934597969055176e-01
1.268737912178039551e-01
1.725848019123077393e-01
1.690713763236999512e-01
3.147129416465759277e-01
6.736017763614654541e-02
1.440623849630355835e-01
1.491069197654724121e-01
1.005585789680480957e-01
5.797963216900825500e-02
3.236418962478637695e-02
6.298545002937316895e-02
2.412075698375701904e-01
3.617872595787048340e-01
3.871294260025024414e-01
9.931911528110504150e-02
8.210735023021697998e-02
1.889313608407974243e-01
2.818368077278137207e-01
6.206867843866348267e-02
1.549925804138183594e-01
1.856947243213653564e-01
1.598130911588668823e-01
3.713493794202804565e-02
2.503468394279479980e-01
1.658131927251815796e-01
4.671891033649444580e-02
2.837476730346679688e-01
1.588173806667327881e-01
8.171797543764114380e-02
2.416384965181350708e-01
1.541310846805572510e-01
1.039142161607742310e-01
4.164397716522216797e-02
1.067441776394844055e-01
7.265398502349853516e-01
5.754592269659042358e-02
6.717567145824432373e-02
2.497969865798950195e-01
1.504003703594207764e-01
1.589112579822540283e-01
2.099437564611434937e-01
6.023759394884109497e-02
3.422855138778686523e-01
1.197785884141921997e-01
2.554346323013305664e-01
3.010697960853576660e-01
2.947509884834289551e-01
9.831583499908447266e-02
6.149063631892204285e-02
8.997324109077453613e-02
8.885869383811950684e-02
1.639280617237091064e-01
3.496811687946319580e-01
2.176940441131591797e-01
5.553191155195236206e-02
1.786890625953674316e-01
1.597240269184112549e-01
1.509711444377899170e-01
1.530351340770721436e-01
2.025558948516845703e-01
1.144925504922866821e-01
2.062299549579620361e-01
2.177015841007232666e-01
2.101086378097534180e-01
2.036369442939758301e-01
1.863889247179031372e-01
1.913280040025711060e-01
1.320204138755798340e-01
7.719253003597259521e-02
1.302684843540191650e-01
1.065041273832321167e-01
1.941892355680465698e-01
1.423889696598052979e-01
1.780876517295837402e-01
2.280042618513107300e-01
2.874440550804138184e-01
3.441622108221054077e-02
1.415551304817199707e-01
5.214073508977890015e-02
9.929893165826797485e-02
4.745379835367202759e-02
9.905861318111419678e-02
2.383542209863662720e-01
3.347513079643249512e-01
3.819880485534667969e-01
7.383798062801361084e-02
2.604392766952514648e-01
1.309236586093902588e-01
3.721418976783752441e-01
4.722867161035537720e-02
1.102682724595069885e-01
1.919624507427215576e-01
1.959332525730133057e-01
1.693125367164611816e-01
1.017978042364120483e-01
1.677249819040298462e-01
4.633520916104316711e-02
2.277969419956207275e-01
1.608700752258300781e-01
2.313330173492431641e-01
1.895692348480224609e-01
1.749040633440017700e-01
2.817690372467041016e-01
1.322121322154998779e-01
5.737815052270889282e-02
2.000136077404022217e-01
8.334665000438690186e-02
8.714102208614349365e-02
2.270980775356292725e-01
1.841127574443817139e-01
1.079523116350173950e-01
3.011358976364135742e-01
1.274774819612503052e-01
2.615868672728538513e-02
2.821170091629028320e-01
2.121295332908630371e-01
2.382397949695587158e-01
3.046712279319763184e-01
3.210574686527252197e-01
2.870843410491943359e-01
3.451318442821502686e-01
1.431877166032791138e-01
2.632899880409240723e-01
2.661256790161132812e-01
9.592224657535552979e-02
1.270740926265716553e-01
4.088019728660583496e-01
2.585989236831665039e-01
9.633995592594146729e-02
1.316392272710800171e-01
1.132677048444747925e-01
2.758013010025024414e-01
2.516170740127563477e-01
1.191868111491203308e-01
1.620053313672542572e-02
2.409650981426239014e-01
1.174668371677398682e-01
7.221270352602005005e-02
9.974518418312072754e-02
1.183760538697242737e-01
1.705917268991470337e-01
7.372890412807464600e-02
2.212576568126678467e-01
1.384354233741760254e-01
1.887353509664535522e-01
1.326438784599304199e-01
3.481065630912780762e-01
9.957568347454071045e-02
3.406637310981750488e-01
1.700566858053207397e-01
2.436047941446304321e-01
1.362738907337188721e-01
1.161020845174789429e-01
6.754836440086364746e-02
1.894498467445373535e-01
3.968785405158996582e-01
1.689021587371826172e-01
1.385435163974761963e-01
1.411119103431701660e-01
8.519632369279861450e-02
2.494898438453674316e-01
3.643448352813720703e-01
8.819777518510818481e-02
1.851947158575057983e-01
1.735942810773849487e-01
1.482121497392654419e-01
5.808126181364059448e-02
1.931296885013580322e-01
1.356147825717926025e-01
2.222481667995452881e-01
1.709852665662765503e-01
2.854856848716735840e-01
2.278116792440414429e-01
2.227555513381958008e-01
1.253514289855957031e-01
2.006401419639587402e-01
2.018180936574935913e-01
2.036205232143402100e-01
2.477370202541351318e-01
1.068290770053863525e-01
2.322291731834411621e-01
6.925249099731445312e-02
8.786834776401519775e-02
1.534784883260726929e-01
3.652429580688476562e-01
1.284747421741485596e-01
1.165745630860328674e-01
4.968181625008583069e-02
8.870215713977813721e-02
3.434807062149047852e-02
1.585943549871444702e-01
3.180662691593170166e-01
3.468462228775024414e-01
2.555781006813049316e-01
3.463802337646484375e-01
1.744410991668701172e-01
3.005588054656982422e-01
2.272971719503402710e-01
7.705308496952056885e-02
1.308418214321136475e-01
5.432111024856567383e-02
1.307820975780487061e-01
1.593241393566131592e-01
3.538731113076210022e-02
3.428741395473480225e-01
1.748524457216262817e-01
1.520051062107086182e-01
1.957501471042633057e-01
1.197307407855987549e-01
1.972698122262954712e-01
1.664185374975204468e-01
1.945047974586486816e-01
1.083496287465095520e-01
4.730416461825370789e-02
1.609966903924942017e-01
2.854976654052734375e-01
4.086362421512603760e-01
4.959867149591445923e-02
1.808710694313049316e-01
1.402745693922042847e-01
3.829022496938705444e-02
3.184972405433654785e-01
4.920008778572082520e-02
1.725137829780578613e-01
1.505047529935836792e-01
1.188227012753486633e-01
1.203094869852066040e-01
1.199686825275421143e-01
9.351967275142669678e-02
8.747316896915435791e-02
1.700652986764907837e-01
1.785204261541366577e-01
3.139217495918273926e-01
1.224015951156616211e-01
2.268581688404083252e-01
1.787841320037841797e-01
6.757563352584838867e-02
1.108231991529464722e-01
3.486151993274688721e-01
2.227332592010498047e-01
3.246744573116302490e-01
1.071564555168151855e-01
1.570021510124206543e-01
2.588540911674499512e-01
1.363320946693420410e-01
1.791155934333801270e-01
2.382145524024963379e-01
8.567815274000167847e-02
1.747980117797851562e-01
1.458252221345901489e-01
1.130056977272033691e-01
4.273875355720520020e-01
9.243782609701156616e-02
2.831828594207763672e-01
5.391643568873405457e-02
5.102802813053131104e-02
1.183932796120643616e-01
2.867000997066497803e-01
1.241481304168701172e-01
1.258290410041809082e-01
2.279834449291229248e-01
2.660508751869201660e-01
1.578521132469177246e-01
1.666202023625373840e-02
1.683281213045120239e-01
8.524726331233978271e-02
4.191654324531555176e-01
7.193119823932647705e-02
3.051902651786804199e-01
1.227488815784454346e-01
1.654597818851470947e-01
1.736584305763244629e-01
1.428733915090560913e-01
3.643555343151092529e-01
9.544390439987182617e-02
4.622754454612731934e-02
2.384641766548156738e-01
2.434064596891403198e-01
2.409341931343078613e-01
1.786542087793350220e-01
1.041007488965988159e-01
3.272747397422790527e-01
2.044382989406585693e-01
1.098576933145523071e-01
2.480931133031845093e-01
4.071850180625915527e-01
1.391732394695281982e-01
1.571180522441864014e-01
2.290302813053131104e-01
1.943008899688720703e-01
2.060669064521789551e-01
1.268327385187149048e-01
1.615108847618103027e-01
2.519211471080780029e-01
1.906543970108032227e-01
1.401990950107574463e-01
1.651939004659652710e-01
1.596488654613494873e-01
1.671563684940338135e-01
9.843008965253829956e-02
4.541462287306785583e-02
1.362137347459793091e-01
1.038464456796646118e-01
2.293910086154937744e-01
1.742535233497619629e-01
2.655312716960906982e-01
2.559340000152587891e-02
1.498291492462158203e-01
2.977360226213932037e-02
3.061772584915161133e-01
3.021881356835365295e-02
9.164045751094818115e-02
1.859437674283981323e-01
6.975541263818740845e-02
7.499033212661743164e-02
3.481401875615119934e-02
1.228297874331474304e-01
1.643930003046989441e-02
9.004515409469604492e-02
1.601778864860534668e-01
1.130138635635375977e-01
1.248173415660858154e-01
2.701491117477416992e-01
2.625365853309631348e-01
1.814343035221099854e-01
3.014845848083496094e-01
9.638507664203643799e-02
1.662358343601226807e-01
7.129586488008499146e-02
4.304672777652740479e-02
1.497256457805633545e-01
1.533499956130981445e-01
2.240498214960098267e-01
1.359865665435791016e-01
1.333956569433212280e-01
2.812194824218750000e-02
8.883237838745117188e-02
1.620777100324630737e-01
2.395683676004409790e-01
1.978466212749481201e-01
2.891656756401062012e-01
2.075031995773315430e-01
1.797417998313903809e-01
5.504844337701797485e-02
1.320915520191192627e-01
1.154950708150863647e-01
2.152781188488006592e-01
6.922437250614166260e-02
1.306530237197875977e-01
6.159833073616027832e-02
1.489165574312210083e-01
4.469642043113708496e-02
1.630243360996246338e-01
3.844993710517883301e-01
2.300786823034286499e-01
1.523731946945190430e-01
1.919006854295730591e-01
5.657871812582015991e-02
2.350381463766098022e-01
2.233836799860000610e-01
1.215551346540451050e-01
4.625640809535980225e-02
2.963218688964843750e-01
6.229985132813453674e-02
1.533362865447998047e-01
2.839736342430114746e-01
1.769295632839202881e-01
1.449475735425949097e-01
7.995779067277908325e-02
6.075301021337509155e-02
3.031900897622108459e-02
4.775284603238105774e-02
1.220141574740409851e-01
1.265913844108581543e-01
4.756558537483215332e-01
2.227829694747924805e-01
8.835084736347198486e-02
4.272335469722747803e-01
2.449628412723541260e-01
1.988210827112197876e-01
1.125919148325920105e-01
2.858614623546600342e-01
2.882291972637176514e-01
1.663888543844223022e-01
1.661525666713714600e-01
1.304506510496139526e-01
9.319813549518585205e-02
1.397383362054824829e-01
1.979817003011703491e-01
1.376809775829315186e-01
9.468356519937515259e-02
1.439597606658935547e-01
2.755226194858551025e-01
3.313695788383483887e-01
1.342899799346923828e-01
1.984459459781646729e-01
2.340588122606277466e-01
3.354737162590026855e-01
8.872155100107192993e-02
1.358303427696228027e-01
6.452713906764984131e-02
8.220189809799194336e-02
2.546059489250183105e-01
2.175806760787963867e-01
1.520202457904815674e-01
8.305118978023529053e-02
3.576302155852317810e-02
1.045193597674369812e-01
6.979925185441970825e-02
3.026032745838165283e-01
9.154146909713745117e-02
2.826729416847229004e-01
1.950713843107223511e-01
1.415075361728668213e-01
1.510364413261413574e-01
1.948626637458801270e-01
1.811757087707519531e-01
1.487116068601608276e-01
2.523368895053863525e-01
3.419017195701599121e-01
2.177326381206512451e-01
3.622810542583465576e-01
1.560326367616653442e-01
1.484649330377578735e-01
1.120924130082130432e-01
2.107013016939163208e-01
4.182673096656799316e-01
2.376597076654434204e-01
2.957941293716430664e-01
1.149865984916687012e-01
6.845174729824066162e-02
2.129754722118377686e-01
8.038813620805740356e-02
1.749586910009384155e-01
5.258985608816146851e-02
3.597170710563659668e-01
4.996013343334197998e-01
4.952244460582733154e-02
1.199806034564971924e-01
2.744950652122497559e-01
1.349486112594604492e-01
6.676193326711654663e-02
3.043459951877593994e-01
1.242374628782272339e-01
1.490968614816665649e-01
3.824565112590789795e-01
1.191645711660385132e-01
4.888522624969482422e-02
1.855571568012237549e-01
2.989370822906494141e-01
1.863722205162048340e-01
3.753212392330169678e-01
5.689738690853118896e-02
7.359421253204345703e-02
1.496201753616333008e-01
4.238399267196655273e-01
1.383579671382904053e-01
1.211314573884010315e-01
5.352953672409057617e-01
1.902343928813934326e-01
1.016860753297805786e-01
1.583823263645172119e-01
2.678094804286956787e-01
2.002694755792617798e-01
1.474948823451995850e-01
3.286001980304718018e-01
1.236422657966613770e-01
4.886028170585632324e-02
2.845839560031890869e-01
2.316685914993286133e-01
1.371252387762069702e-01
5.716954171657562256e-02
6.553819775581359863e-02
2.542983889579772949e-01
7.896808534860610962e-02
3.851899206638336182e-01
1.047191247344017029e-01
1.065393686294555664e-01
1.178792342543601990e-01
1.565533578395843506e-01
1.547541916370391846e-01
2.540239691734313965e-01
2.158848643302917480e-01
1.040511280298233032e-01
2.072311639785766602e-01
1.810446381568908691e-01
2.140292972326278687e-01
1.836468577384948730e-01
4.464609026908874512e-01
3.008172810077667236e-01
2.031658291816711426e-01
7.858217358589172363e-01
1.029901742935180664e+00
7.786293029785156250e-01
9.011773467063903809e-01
1.917568445205688477e-01
1.875536441802978516e-01
2.193037867546081543e-01
2.035488188266754150e-01
3.614593744277954102e-01
1.720315515995025635e-01
3.050803542137145996e-01
3.294895291328430176e-01
3.542636036872863770e-01
1.462197899818420410e-01
6.792690604925155640e-02
2.218475937843322754e-01
2.766194045543670654e-01
2.539952099323272705e-01
3.361173272132873535e-01
2.052338421344757080e-01
1.357274949550628662e-01
2.468347400426864624e-01
4.012625217437744141e-01
3.164083361625671387e-01
1.870276927947998047e-01
2.049475908279418945e-01
6.122687086462974548e-02
2.124861478805541992e-01
1.323030292987823486e-01
5.745790153741836548e-02
3.014813661575317383e-01
1.859156191349029541e-01
1.951320767402648926e-01
2.580861449241638184e-01
1.352665722370147705e-01
6.438979506492614746e-02
1.748581230640411377e-01
1.216743737459182739e-01
6.770676374435424805e-02
1.031548157334327698e-01
8.665968477725982666e-02
8.302097022533416748e-02
2.428422272205352783e-01
7.795063406229019165e-02
1.900560855865478516e-01
3.809565305709838867e-02
8.760416507720947266e-02
2.265137434005737305e-01
2.026226520538330078e-01
1.614969223737716675e-01
1.200214177370071411e-01
2.338907718658447266e-01
1.635815203189849854e-01
1.023041456937789917e-01
3.263653442263603210e-02
1.446015238761901855e-01
8.292445540428161621e-02
5.804849416017532349e-02
1.672360301017761230e-01
5.017872452735900879e-01
2.859231531620025635e-01
1.373728811740875244e-01
2.059897184371948242e-01
1.125367581844329834e-01
1.765452325344085693e-01
2.390224337577819824e-01
3.161671757698059082e-01
1.907067745923995972e-01
1.589284092187881470e-01
9.030115604400634766e-02
1.409552842378616333e-01
1.875614523887634277e-01
3.446612879633903503e-02
1.535789966583251953e-01
6.566680967807769775e-02
1.240840554237365723e-01
7.670811563730239868e-02
1.164771765470504761e-01
2.625946998596191406e-01
1.573357433080673218e-01
1.093067154288291931e-01
2.494586110115051270e-01
5.108670890331268311e-02
1.105958521366119385e-01
8.422271907329559326e-02
1.223510652780532837e-01
1.185288056731224060e-01
4.308551549911499023e-01
4.358833730220794678e-01
3.366098999977111816e-01
1.710139811038970947e-01
1.925732642412185669e-01
1.543846130371093750e-01
4.816907271742820740e-02
1.971470862627029419e-01
1.585641801357269287e-01
1.152814626693725586e-01
9.096349775791168213e-02
5.175463110208511353e-02
8.090320229530334473e-02
8.614561706781387329e-02
1.073155999183654785e-01
1.423258185386657715e-01
3.406065404415130615e-01
1.547183990478515625e-01
1.857509911060333252e-01
1.345087140798568726e-01
1.154017597436904907e-01
1.013607159256935120e-01
7.999704778194427490e-02
2.837734483182430267e-02
1.623454540967941284e-01
2.566530406475067139e-01
1.831908226013183594e-01
2.483344525098800659e-01
1.120865345001220703e-01
6.191503256559371948e-02
1.189498156309127808e-01
3.618106842041015625e-01
9.429225325584411621e-02
1.492710858583450317e-01
3.302136063575744629e-02
1.065549775958061218e-01
7.982738316059112549e-02
1.251011788845062256e-01
2.117623686790466309e-01
9.454056620597839355e-02
1.335715949535369873e-01
2.956702709197998047e-01
1.802026331424713135e-01
1.423273682594299316e-01
1.573290824890136719e-01
9.610157459974288940e-02
2.296797782182693481e-01
1.874270886182785034e-01
2.693614959716796875e-01
4.682707786560058594e-02
2.444405257701873779e-01
2.030741572380065918e-01
5.489786714315414429e-02
2.284779250621795654e-01
1.216402798891067505e-01
1.108651086688041687e-01
3.468654751777648926e-01
1.327527463436126709e-01
2.527595162391662598e-01
3.246878087520599365e-01
1.812199652194976807e-01
1.839861422777175903e-01
7.322634011507034302e-02
1.676058769226074219e-01
9.160563349723815918e-02
1.884079575538635254e-01
1.770435422658920288e-01
2.681211233139038086e-01
1.048563495278358459e-01
1.442215442657470703e-01
6.019257009029388428e-02
8.021195977926254272e-02
3.313835561275482178e-01
4.299069344997406006e-01
6.344603002071380615e-02
1.461128592491149902e-01
1.077857762575149536e-01
2.659820914268493652e-01
4.710010439157485962e-02
6.624928116798400879e-02
6.122230738401412964e-02
2.418460547924041748e-01
1.975674033164978027e-01
1.152033135294914246e-01
2.153324931859970093e-01
1.734072268009185791e-01
5.448879301548004150e-02
5.760564282536506653e-02
1.526045054197311401e-01
1.006376668810844421e-01
3.312132358551025391e-01
5.427396297454833984e-02
2.004848271608352661e-01
8.504245430231094360e-02
1.508858501911163330e-01
1.488321423530578613e-01
5.119328945875167847e-02
3.955341875553131104e-02
3.287893831729888916e-01
7.680808007717132568e-02
1.067017167806625366e-01
1.012932509183883667e-01
1.219959855079650879e-01
3.337948769330978394e-02
2.664582431316375732e-01
7.282628864049911499e-02
2.970719635486602783e-01
5.715920031070709229e-02
6.666625291109085083e-02
6.385724991559982300e-02
1.249487102031707764e-01
1.365938186645507812e-01
3.275913298130035400e-01
4.420525208115577698e-02
9.930665791034698486e-02
2.371571660041809082e-01
8.333507180213928223e-02
1.784412562847137451e-01
1.760813742876052856e-01
3.719677031040191650e-02
1.887040436267852783e-01
1.038447543978691101e-01
1.409277021884918213e-01
9.993429481983184814e-02
1.075254678726196289e-01
1.067275479435920715e-01
1.878356635570526123e-01
9.095044434070587158e-02
1.267483085393905640e-01
3.604441583156585693e-01
1.706646084785461426e-01
2.617580890655517578e-01
9.792938828468322754e-02
2.706214785575866699e-01
2.400598526000976562e-01
2.081021070480346680e-01
1.219553127884864807e-01
9.273566305637359619e-02
6.201716884970664978e-02
2.552302181720733643e-02
1.353163868188858032e-01
1.789914965629577637e-01
6.647980213165283203e-02
6.816684454679489136e-02
2.791979908943176270e-01
2.616363167762756348e-01
2.505766153335571289e-01
8.905042707920074463e-02
7.761115580797195435e-02
2.037207037210464478e-01
2.714870572090148926e-01
1.297177523374557495e-01
1.357180625200271606e-01
2.443244159221649170e-01
1.453341245651245117e-01
5.057055875658988953e-02
1.387263685464859009e-01
1.578210443258285522e-01
4.272471666336059570e-01
4.785647988319396973e-01
6.171918660402297974e-02
6.708813458681106567e-02
1.447533071041107178e-01
1.003044843673706055e-01
2.705077826976776123e-01
1.679728478193283081e-01
8.437705785036087036e-02
2.355093061923980713e-01
2.884149551391601562e-01
9.466272592544555664e-02
2.060873061418533325e-01
7.050433754920959473e-02
1.754487603902816772e-01
2.310791760683059692e-01
3.413244783878326416e-01
2.952076494693756104e-01
1.087430343031883240e-01
1.815482676029205322e-01
1.031845435500144958e-01
1.061578541994094849e-01
2.147252112627029419e-01
1.411877572536468506e-01
1.726465523242950439e-01
9.999430924654006958e-02
2.954970896244049072e-01
2.386429309844970703e-01
3.122409582138061523e-01
1.871084570884704590e-01
3.842415809631347656e-01
2.061727792024612427e-01
2.617178857326507568e-01
1.017286032438278198e-01
9.136153012514114380e-02
1.185651421546936035e-01
2.847642302513122559e-01
1.434875577688217163e-01
8.606836199760437012e-02
1.247635632753372192e-01
2.227779477834701538e-01
2.137210369110107422e-01
1.030369699001312256e-01
1.025265827775001526e-01
1.909325420856475830e-01
1.027885228395462036e-01
1.292528063058853149e-01
1.423301994800567627e-01
1.109429523348808289e-01
1.559309512376785278e-01
1.539531201124191284e-01
1.021693050861358643e-01
4.549842327833175659e-02
1.135632693767547607e-01
2.426703274250030518e-01
2.205564677715301514e-01
3.708688318729400635e-01
3.168495297431945801e-01
1.921019405126571655e-01
4.380697757005691528e-02
1.081019341945648193e-01
7.074035704135894775e-02
2.347734272480010986e-01
1.232916861772537231e-01
2.844814360141754150e-01
1.138441041111946106e-01
1.071380153298377991e-01
8.868589997291564941e-02
2.310147434473037720e-01
1.280372440814971924e-01
2.982020974159240723e-01
1.408620327711105347e-01
2.866682410240173340e-01
1.173284947872161865e-01
1.956221312284469604e-01
2.683947086334228516e-01
2.320745885372161865e-01
2.103508263826370239e-01
2.268601953983306885e-01
5.105938389897346497e-02
1.681345254182815552e-01
1.447468847036361694e-01
1.098353490233421326e-01
1.386608928442001343e-01
2.497828304767608643e-01
5.519937351346015930e-02
3.101088106632232666e-01
2.132391780614852905e-01
7.847918570041656494e-02
1.266706883907318115e-01
1.551881879568099976e-01
1.606494337320327759e-01
3.452716171741485596e-01
1.212929636240005493e-01
1.381046473979949951e-01
2.032279819250106812e-01
1.332800984382629395e-01
1.152308285236358643e-01
4.466746374964714050e-02
4.657401889562606812e-02
2.657810747623443604e-01
7.254672795534133911e-02
4.118839800357818604e-01
6.838111579418182373e-02
9.772442281246185303e-02
1.225247830152511597e-01
3.423000276088714600e-01
1.362811326980590820e-01
3.239576816558837891e-01
1.736807972192764282e-01
1.913083791732788086e-01
2.029582858085632324e-01
6.928680092096328735e-02
2.235679477453231812e-01
2.729528248310089111e-01
7.508482038974761963e-02
1.877870708703994751e-01
1.861603558063507080e-01
5.057603120803833008e-02
1.607987135648727417e-01
8.568975329399108887e-02
1.035073548555374146e-01
4.391575753688812256e-01
1.268026977777481079e-01
3.396953642368316650e-02
2.552459016442298889e-02
1.577460616827011108e-01
3.434843942523002625e-02
1.341546177864074707e-01
1.863575577735900879e-01
2.278133332729339600e-01
4.438044130802154541e-02
1.035685017704963684e-01
2.577344179153442383e-01
8.833853900432586670e-02
2.133550792932510376e-01
2.169860154390335083e-01
6.305681914091110229e-02
3.734674453735351562e-01
1.788530349731445312e-01
1.633294373750686646e-01
1.571130752563476562e-01
2.787695527076721191e-01
3.960240185260772705e-01
1.757266968488693237e-01
1.668279170989990234e-01
2.243544757366180420e-01
3.830945864319801331e-02
5.804537236690521240e-02
1.378373801708221436e-01
2.664482295513153076e-01
1.419685333967208862e-01
1.111184209585189819e-01
1.995327770709991455e-01
2.763443589210510254e-01
1.153518781065940857e-01
1.970480084419250488e-01
4.925118982791900635e-01
5.469838157296180725e-02
1.646226495504379272e-01
1.110046654939651489e-01
3.983012139797210693e-01
2.016841769218444824e-01
1.822699904441833496e-01
1.167950257658958435e-01
1.820014864206314087e-01
3.912771344184875488e-01
1.565627604722976685e-01
1.388267576694488525e-01
2.305451184511184692e-01
1.649641394615173340e-01
2.791152000427246094e-01
5.320050120353698730e-01
1.141761243343353271e-01
1.981149911880493164e-01
1.123981326818466187e-01
1.410805583000183105e-01
1.448366343975067139e-01
7.659605145454406738e-02
2.125029563903808594e-01
1.996197849512100220e-01
1.315327137708663940e-01
3.078769445419311523e-01
1.741646826267242432e-01
1.843063831329345703e-01
3.811799883842468262e-01
1.781443357467651367e-01
4.399790465831756592e-01
2.177729755640029907e-01
1.875617802143096924e-01
8.119087666273117065e-02
8.621136844158172607e-02
1.242643445730209351e-01
9.111286699771881104e-02
4.116677641868591309e-01
1.816786527633666992e-01
1.893752217292785645e-01
1.381725072860717773e-01
1.398043781518936157e-01
1.362295746803283691e-01
1.273972392082214355e-01
6.755587458610534668e-02
2.805197834968566895e-01
1.299198865890502930e-01
1.616580784320831299e-01
2.881675660610198975e-01
1.549972891807556152e-01
2.373318970203399658e-01
1.848734170198440552e-01
1.603395640850067139e-01
1.208932399749755859e-01
8.170561492443084717e-02
1.917071044445037842e-01
2.693895697593688965e-01
1.815082579851150513e-01
1.867784261703491211e-01
9.500401467084884644e-02
1.833601295948028564e-02
1.974597722291946411e-01
4.470279440283775330e-02
2.648235261440277100e-01
2.081512361764907837e-01
8.643631637096405029e-02
1.673829555511474609e-01
3.056719005107879639e-01
3.901181370019912720e-02
5.357044339179992676e-01
1.237808093428611755e-01
2.058214694261550903e-01
1.571440696716308594e-01
2.084745168685913086e-01
2.232427895069122314e-01
1.063459515571594238e-01
5.341973155736923218e-02
1.663346439599990845e-01
1.835751384496688843e-01
9.366236627101898193e-02
5.822914093732833862e-02
1.353302299976348877e-01
1.617906987667083740e-01
3.475706875324249268e-01
1.672421246767044067e-01
1.892635524272918701e-01
1.021532267332077026e-01
3.308798372745513916e-01
1.222879961133003235e-01
1.650038510560989380e-01
5.903317779302597046e-02
3.334541916847229004e-01
8.190383762121200562e-02
1.275672614574432373e-01
2.270480692386627197e-01
5.584197118878364563e-02
2.604511976242065430e-01
1.423882842063903809e-01
7.453526556491851807e-02
1.096597909927368164e-01
3.377302587032318115e-01
2.399055957794189453e-01
1.432636529207229614e-01
6.820401549339294434e-02
1.972268223762512207e-01
2.555827796459197998e-01
1.741587519645690918e-01
1.206245869398117065e-01
1.753454208374023438e-01
3.402117490768432617e-01
1.152981817722320557e-01
2.314291745424270630e-01
1.460777968168258667e-01
2.927255034446716309e-01
8.401091396808624268e-02
3.866331577301025391e-01
1.466881334781646729e-01
9.993241727352142334e-02
3.763223290443420410e-01
1.407768726348876953e-01
2.543550729751586914e-01
2.238399684429168701e-01
5.405242741107940674e-02
1.433504372835159302e-01
4.460179060697555542e-02
2.988422103226184845e-02
2.483338266611099243e-01
7.040636241436004639e-02
1.453450918197631836e-01
2.763191759586334229e-01
2.152207195758819580e-01
7.138551771640777588e-02
2.616963684558868408e-01
1.532654762268066406e-01
1.722985059022903442e-01
1.869847774505615234e-01
1.298422813415527344e-01
2.105176150798797607e-01
2.203801274299621582e-01
2.789410352706909180e-01
2.993080019950866699e-01
1.606768667697906494e-01
7.713682949542999268e-02
1.283992379903793335e-01
1.529935598373413086e-01
7.854752987623214722e-02
2.013063430786132812e-01
2.327747046947479248e-01
3.156090676784515381e-01
1.080800965428352356e-01
2.000240683555603027e-01
1.631698310375213623e-01
1.313736140727996826e-01
6.298881769180297852e-02
2.904121279716491699e-01
9.841252863407135010e-02
2.212783396244049072e-01
1.231206580996513367e-01
2.021057307720184326e-01
2.234860956668853760e-01
2.162573859095573425e-02
9.714210778474807739e-02
3.940699622035026550e-02
1.478397399187088013e-01
3.696801960468292236e-01
6.297442317008972168e-02
2.934510111808776855e-01
1.527971774339675903e-01
1.515832990407943726e-01
3.631909191608428955e-02
4.915823340415954590e-01
7.302425801753997803e-02
2.332016378641128540e-01
2.032185792922973633e-01
8.028548955917358398e-02
1.587589979171752930e-01
9.540107846260070801e-02
1.486955583095550537e-01
2.525638788938522339e-02
2.098744362592697144e-01
1.285742968320846558e-01
1.153374761343002319e-01
1.687689721584320068e-01
1.617372632026672363e-01
8.711095154285430908e-02
2.484045922756195068e-01
2.119564116001129150e-01
2.843920290470123291e-01
1.164098680019378662e-01
1.321182250976562500e-01
5.672197416424751282e-02
2.892956137657165527e-01
2.734040617942810059e-01
2.527348995208740234e-01
4.148871451616287231e-02
7.590696960687637329e-02
1.688209474086761475e-01
9.699337184429168701e-02
2.607533633708953857e-01
2.909676134586334229e-01
2.600321471691131592e-01
1.175620704889297485e-01
4.688515663146972656e-01
1.951348185539245605e-01
2.060098946094512939e-01
1.661098450422286987e-01
1.160103753209114075e-01
1.281720697879791260e-01
1.952080726623535156e-01
1.044956594705581665e-01
7.872708141803741455e-02
2.021256387233734131e-01
4.721844196319580078e-02
1.411198973655700684e-01
3.205550312995910645e-01
1.966466307640075684e-01
1.516152024269104004e-01
2.698289975523948669e-02
1.069994196295738220e-01
2.170302420854568481e-01
2.490598335862159729e-02
4.187062382698059082e-02
2.369592636823654175e-01
2.487557381391525269e-01
2.154005169868469238e-01
8.811776340007781982e-02
1.315613836050033569e-01
1.808517128229141235e-01
1.995291113853454590e-01
5.132059007883071899e-02
2.598988115787506104e-01
1.264435946941375732e-01
3.430855274200439453e-01
4.813469946384429932e-02
2.154708802700042725e-01
1.385184824466705322e-01
1.303553879261016846e-01
1.649817824363708496e-01
1.419012546539306641e-01
1.043746918439865112e-01
1.576855778694152832e-01
2.031896859407424927e-01
4.603831470012664795e-02
8.035218715667724609e-02
2.043608278036117554e-01
6.735450774431228638e-02
2.630789875984191895e-01
1.187533438205718994e-01
3.897395730018615723e-01
7.971888780593872070e-02
1.379991471767425537e-01
9.980476647615432739e-02
5.280899405479431152e-01
1.076075807213783264e-01
5.356439203023910522e-02
1.614266932010650635e-01
2.234923243522644043e-01
3.308073580265045166e-01
3.327148556709289551e-01
2.327786982059478760e-01
1.865428388118743896e-01
2.693991363048553467e-01
1.570394337177276611e-01
5.936335772275924683e-02
1.964909732341766357e-01
7.813078165054321289e-02
2.944767177104949951e-01
7.514429092407226562e-02
2.368607074022293091e-01
2.763591110706329346e-01
1.189825087785720825e-01
1.718729138374328613e-01
1.463467180728912354e-01
1.663768589496612549e-01
1.387556493282318115e-01
1.719338297843933105e-01
1.411344707012176514e-01
8.598995208740234375e-02
3.077526390552520752e-02
1.242856308817863464e-01
3.150731027126312256e-01
1.776753664016723633e-01
2.211654782295227051e-01
3.172287940979003906e-01
1.729296594858169556e-01
1.009113043546676636e-01
2.287440299987792969e-01
1.917734444141387939e-01
6.069344282150268555e-02
2.207244634628295898e-01
9.077699482440948486e-02
2.014304101467132568e-01
2.483402565121650696e-02
