4.316215217113494873e-01
4.457542896270751953e-01
5.403487086296081543e-01
5.973190069198608398e-01
3.875597119331359863e-01
4.565002322196960449e-01
9.517031908035278320e-01
4.878324270248413086e-01
5.286744236946105957e-01
3.800879716873168945e-01
3.388816714286804199e-01
6.710312962532043457e-01
4.116650819778442383e-01
5.842883586883544922e-01
2.551984488964080811e-01
5.388094186782836914e-01
2.965393662452697754e-01
3.094101846218109131e-01
3.174072504043579102e-01
6.234205961227416992e-01
3.793056905269622803e-01
6.090445518493652344e-01
5.584200620651245117e-01
6.229480504989624023e-01
3.095752596855163574e-01
2.880249917507171631e-01
4.801555275917053223e-01
2.634540796279907227e-01
6.851609945297241211e-01
5.741990804672241211e-01
5.485844612121582031e-01
4.371398091316223145e-01
5.666195154190063477e-01
5.034141540527343750e-01
3.806130886077880859e-01
6.232193112373352051e-01
3.157501816749572754e-01
5.760267972946166992e-01
4.551979303359985352e-01
5.441033840179443359e-01
6.354587674140930176e-01
4.786583185195922852e-01
7.868753671646118164e-01
7.338384389877319336e-01
3.978294134140014648e-01
7.445281744003295898e-01
4.223321378231048584e-01
4.589613676071166992e-01
3.205718994140625000e-01
2.830091714859008789e-01
6.540033817291259766e-01
6.206088066101074219e-01
1.103961467742919922e+00
5.449630022048950195e-01
2.678034901618957520e-01
2.809666991233825684e-01
3.092194199562072754e-01
4.568304121494293213e-01
8.349112868309020996e-01
6.400121450424194336e-01
6.581468582153320312e-01
5.013719201087951660e-01
5.916253328323364258e-01
6.831738352775573730e-01
5.744144916534423828e-01
3.719473183155059814e-01
2.951418459415435791e-01
5.890740156173706055e-01
6.238152980804443359e-01
5.411437749862670898e-01
4.284138083457946777e-01
3.891924023628234863e-01
3.007158637046813965e-01
5.108245015144348145e-01
3.323419094085693359e-01
3.201547861099243164e-01
2.468566000461578369e-01
8.887688517570495605e-01
5.840393304824829102e-01
5.695496797561645508e-01
4.758736491203308105e-01
4.344727993011474609e-01
6.069250106811523438e-01
3.882786631584167480e-01
8.121810555458068848e-01
8.519883751869201660e-01
4.820133447647094727e-01
5.353261232376098633e-01
3.888355791568756104e-01
4.198859930038452148e-01
6.355321407318115234e-01
2.926658987998962402e-01
5.297709703445434570e-01
7.186471819877624512e-01
4.157643914222717285e-01
3.272066116333007812e-01
5.032233595848083496e-01
4.301433265209197998e-01
4.266537129878997803e-01
3.091167807579040527e-01
6.761330366134643555e-01
9.464308023452758789e-01
6.726450920104980469e-01
4.801822304725646973e-01
5.032436847686767578e-01
5.776638388633728027e-01
4.527427256107330322e-01
6.143465042114257812e-01
3.484561443328857422e-01
5.874483585357666016e-01
4.399988651275634766e-01
3.961338102817535400e-01
5.598448514938354492e-01
4.004608988761901855e-01
6.800994277000427246e-01
4.385681450366973877e-01
5.467733144760131836e-01
2.994796633720397949e-01
6.255043745040893555e-01
2.804275751113891602e-01
3.810631632804870605e-01
4.572724103927612305e-01
1.720232665538787842e-01
5.161593556404113770e-01
2.532030642032623291e-01
2.130672633647918701e-01
5.435923933982849121e-01
5.432850122451782227e-01
3.844346106052398682e-01
3.484541773796081543e-01
3.357107043266296387e-01
5.195139050483703613e-01
2.268194854259490967e-01
5.272981524467468262e-01
2.620898187160491943e-01
4.199975430965423584e-01
5.573861598968505859e-01
3.392797112464904785e-01
4.864426255226135254e-01
3.972082734107971191e-01
6.948544979095458984e-01
5.002230405807495117e-01
5.602245926856994629e-01
3.362491726875305176e-01
7.058379650115966797e-01
2.350848019123077393e-01
3.841720819473266602e-01
7.927099466323852539e-01
4.322381019592285156e-01
3.017002940177917480e-01
5.763290524482727051e-01
2.788691818714141846e-01
2.594670057296752930e-01
2.550906240940093994e-01
3.787953257560729980e-01
4.294451773166656494e-01
5.365138649940490723e-01
3.154416680335998535e-01
6.534044742584228516e-01
4.492737352848052979e-01
7.379935979843139648e-01
5.765721797943115234e-01
7.648703455924987793e-01
